# time = 3.938051e+15 [s] 
# r                  dr                 dV                 Density            Pressure           Velocity           Z
  2.1304517832e+18   2.1304517832e+18   4.0504543150e+55   3.8172993704e-31   2.8175330224e-14   0.0000000000e+00   9.9248591688e-02 
  2.6196191016e+18   4.8916731839e+17   3.4796857586e+55   3.8172993704e-31   2.8175330224e-14  -7.4084781705e+02   9.9248591688e-02 
  3.5227534258e+18   9.0313432419e+17   1.0781841685e+56   3.8175677128e-31   2.8175400895e-14  -1.6945722984e+03   9.9248591688e-02 
  4.5034214036e+18   9.8066797785e+17   1.9945499313e+56   3.8184162318e-31   2.8175652190e-14  -3.1885948624e+03   9.9248591688e-02 
  4.9684607956e+18   4.6503939196e+17   1.3117800037e+56   3.8194444192e-31   2.8175940104e-14  -4.7440688823e+03   9.9248591688e-02 
  5.3789886163e+18   4.1052782070e+17   1.3816145477e+56   3.8206596903e-31   2.8176127713e-14  -5.2041292417e+03   9.9248591688e-02 
  6.0925300677e+18   7.1354145144e+17   2.9537289883e+56   3.8230800863e-31   2.8176390655e-14  -5.5452074284e+03   9.9248591688e-02 
  6.7471356004e+18   6.5460553262e+17   3.3932284159e+56   3.8267632414e-31   2.8176820527e-14  -6.4714850939e+03   9.9248591688e-02 
  7.6227138182e+18   8.7557821785e+17   5.6870413583e+56   3.8318495826e-31   2.8177421047e-14  -6.8435269144e+03   9.9248591688e-02 
  8.4767763722e+18   8.5406255401e+17   6.9609899618e+56   3.8386821641e-31   2.8178038893e-14  -6.3451402618e+03   9.9248591688e-02 
  9.5430335918e+18   1.0662572196e+18   1.0889773167e+57   3.8474464892e-31   2.8179111072e-14  -6.5657701833e+03   9.9248591688e-02 
  1.0650934886e+19   1.1079012939e+18   1.4207897202e+57   3.8588743555e-31   2.8180273580e-14  -6.2797614501e+03   9.9248591688e-02 
  1.1958647834e+19   1.3077129484e+18   2.1024777482e+57   3.8730772814e-31   2.8181972133e-14  -6.2356923969e+03   9.9248591688e-02 
  1.3364281473e+19   1.4056336388e+18   2.8346256762e+57   3.8910236670e-31   2.8183740741e-14  -5.6078076221e+03   9.9248591688e-02 
  1.4971803522e+19   1.6075220495e+18   4.0593094473e+57   3.9129755101e-31   2.8186349509e-14  -8.3805745777e+03   9.9248591688e-02 
  1.6784260184e+19   1.8124566620e+18   5.7483360004e+57   3.9401221407e-31   2.8189330491e-14  -1.0920026702e+04   9.9248591688e-02 
  1.8808034378e+19   2.0237741940e+18   8.0629075471e+57   3.9732490532e-31   2.8192577226e-14  -1.4335505831e+04   9.9248591688e-02 
  2.1091927017e+19   2.2838926389e+18   1.1435221136e+58   4.0134866379e-31   2.8196055258e-14  -1.8335557483e+04   9.9248591688e-02 
  2.3569677323e+19   2.4777503052e+18   1.5542518235e+58   4.0613486543e-31   2.8199451331e-14  -2.2399059204e+04   9.9248591688e-02 
  2.6384359208e+19   2.8146818858e+18   2.2089186531e+58   4.1185213839e-31   2.8202347012e-14  -2.6848223240e+04   9.9248591688e-02 
  2.9412144784e+19   3.0277855756e+18   2.9642514466e+58   4.1859247583e-31   2.8204201424e-14  -3.3001974577e+04   9.9248591688e-02 
  3.2926324904e+19   3.5141801203e+18   4.2948298598e+58   4.2656478897e-31   2.8204612519e-14  -4.8192222305e+04   9.9248591688e-02 
  3.6664751306e+19   3.7384264013e+18   5.6932909570e+58   4.3595527152e-31   2.8203206825e-14  -6.2034148582e+04   9.9248591688e-02 
  4.0903756297e+19   4.2390049914e+18   8.0207834632e+58   4.4692124483e-31   2.8200279775e-14  -7.3818343663e+04   9.9248591688e-02 
  4.5417552972e+19   4.5137966753e+18   1.0576051441e+59   4.5965752224e-31   2.8196596866e-14  -8.4237260157e+04   9.9248591688e-02 
  5.0568980641e+19   5.1514276683e+18   1.4925017821e+59   4.7455687572e-31   2.8193517388e-14  -8.5522858121e+04   9.9248591688e-02 
  5.5643560511e+19   5.0745798702e+18   1.7998316845e+59   4.9123338193e-31   2.8190222140e-14  -8.5829146459e+04   9.9248591688e-02 
  6.3351453261e+19   7.7078927498e+18   3.4336026980e+59   5.1337908085e-31   2.8187353937e-14  -8.2420342859e+04   9.9248591688e-02 
  7.4791034773e+19   1.1439581512e+19   6.8739465197e+59   5.4821641816e-31   2.8183996919e-14  -6.7055885795e+04   9.9248591688e-02 
  7.9115394571e+19   4.3243597981e+18   3.2188407449e+59   5.7796270845e-31   2.8179303753e-14  -4.1748678141e+04   9.9248591688e-02 
  8.2999554739e+19   3.8841601683e+18   3.2075706185e+59   5.9492720550e-31   2.8177314224e-14  -3.0366360669e+04   9.9248591688e-02 
  8.7079405462e+19   4.0798507227e+18   3.7083321207e+59   6.1315275016e-31   2.8175790321e-14  -3.1887849971e+04   9.9248591688e-02 
  9.1443334195e+19   4.3639287332e+18   4.3701978869e+59   6.3470826931e-31   2.8175958452e-14  -3.6653938670e+04   9.9248591688e-02 
  9.5496587025e+19   4.0532528298e+18   4.4506734268e+59   6.5843333021e-31   2.8177238285e-14  -4.7267261314e+04   9.9248591688e-02 
  1.0066294679e+20   5.1663597654e+18   6.2467448358e+59   6.8714473008e-31   2.8179435727e-14  -6.2262511547e+04   9.9248591688e-02 
  1.0574499214e+20   5.0820453540e+18   6.8034461714e+59   7.2166681398e-31   2.8182293907e-14  -6.2012241864e+04   9.9248591688e-02 
  1.1064402434e+20   4.8990321937e+18   7.2078341869e+59   7.5805736568e-31   2.8181961641e-14  -5.2888381676e+04   9.9248591688e-02 
  1.1534752676e+20   4.7035024173e+18   7.5477647127e+59   7.9608491381e-31   2.8181976320e-14  -4.1715066342e+04   9.9248591688e-02 
  1.2112980757e+20   5.7822808130e+18   1.0160489669e+60   8.4176880783e-31   2.8182653776e-14  -3.1065485089e+04   9.9248591688e-02 
  1.2698204802e+20   5.8522404525e+18   1.1320030596e+60   8.9669581802e-31   2.8182712782e-14  -2.8158178666e+04   9.9248591688e-02 
  1.3261795878e+20   5.6359107586e+18   1.1934153102e+60   9.5518006144e-31   2.8186869641e-14  -4.2266832954e+04   9.9248591688e-02 
  1.3825366575e+20   5.6357069692e+18   1.2992357518e+60   1.0173847150e-30   2.8192390487e-14  -6.3865652301e+04   9.9248591688e-02 
  1.4490945145e+20   6.6557856988e+18   1.6768821664e+60   1.0915888777e-30   2.8197234926e-14  -8.3759257747e+04   9.9248591688e-02 
  1.5161737156e+20   6.7079201139e+18   1.8532747088e+60   1.1788532301e-30   2.8200866028e-14  -9.7756759749e+04   9.9248591688e-02 
  1.5806084103e+20   6.4434694698e+18   1.9415725339e+60   1.2713368238e-30   2.8203316577e-14  -9.9055417029e+04   9.9248591688e-02 
  1.6499380673e+20   6.9329657012e+18   2.2734613704e+60   1.3736473703e-30   2.8201980646e-14  -9.4230852858e+04   9.9248591688e-02 
  1.7288639985e+20   7.8925931213e+18   2.8312229701e+60   1.4973908937e-30   2.8201457591e-14  -9.0566182886e+04   9.9248591688e-02 
  1.8061416836e+20   7.7277685011e+18   3.0342641424e+60   1.6383360229e-30   2.8203577104e-14  -9.4128095018e+04   9.9248591688e-02 
  1.8745473100e+20   6.8405626416e+18   2.9117222235e+60   1.7799376177e-30   2.8208205368e-14  -9.9395969700e+04   9.9248591688e-02 
  1.9640678388e+20   8.9520528823e+18   4.1447695029e+60   1.9501771069e-30   2.8209706333e-14  -9.5812711795e+04   9.9248591688e-02 
  2.0728584509e+20   1.0879061208e+19   5.5711910764e+60   2.1805620317e-30   2.8214519739e-14  -9.9043636229e+04   9.9248591688e-02 
  2.1838030450e+20   1.1094459417e+19   6.3167338543e+60   2.4559260617e-30   2.8228255308e-14  -1.1999612051e+05   9.9248591688e-02 
  2.2864860027e+20   1.0268295770e+19   6.4475664692e+60   2.7431974130e-30   2.8242864084e-14  -1.3328996239e+05   9.9248591688e-02 
  2.4127004184e+20   1.2621441565e+19   8.7580738318e+60   3.0790464508e-30   2.8261813644e-14  -1.3494978751e+05   9.9248591688e-02 
  2.5236783990e+20   1.1097798065e+19   8.4972190192e+60   3.4546168707e-30   2.8276788988e-14  -1.2589590702e+05   9.9248591688e-02 
  2.6849657663e+20   1.6128736721e+19   1.3751130051e+61   3.9207110376e-30   2.8298795172e-14  -1.1913585967e+05   9.9248591688e-02 
  2.8021708065e+20   1.1720504029e+19   1.1088013457e+61   4.4358727874e-30   2.8327593601e-14  -1.2279539133e+05   9.9248591688e-02 
  2.9065542847e+20   1.0438347816e+19   1.0688291594e+61   4.8776303298e-30   2.8356836272e-14  -1.3512387334e+05   9.9248591688e-02 
  3.0163290460e+20   1.0977476132e+19   1.2099528737e+61   5.3193632808e-30   2.8387387752e-14  -1.3285324195e+05   9.9248591688e-02 
  3.1178289868e+20   1.0149994080e+19   1.1999557088e+61   5.7121660762e-30   2.8415272870e-14  -1.2820723937e+05   9.9248591688e-02 
  3.2686077617e+20   1.5077877490e+19   1.9323598142e+61   6.1391366908e-30   2.8460048817e-14  -1.3489014215e+05   9.9248591688e-02 
  3.4240001987e+20   1.5539243700e+19   2.1869988635e+61   6.6051003217e-30   2.8520023757e-14  -1.3626279414e+05   9.9248591688e-02 
  3.5265236562e+20   1.0252345744e+19   1.5561078337e+61   6.9541085776e-30   2.8568402378e-14  -1.3382621515e+05   9.9248591688e-02 
  3.6230560649e+20   9.6532408711e+18   1.5502810257e+61   7.1864724977e-30   2.8614841816e-14  -1.4073061889e+05   9.9248591688e-02 
  3.7795807203e+20   1.5652465544e+19   2.6950711114e+61   7.4164249049e-30   2.8674636351e-14  -1.4080369550e+05   9.9248591688e-02 
  3.9541436963e+20   1.7456297601e+19   3.2805989626e+61   7.6897758341e-30   2.8755616434e-14  -1.3995698071e+05   9.9248591688e-02 
  4.1379684886e+20   1.8382479227e+19   3.7822692744e+61   7.9287997962e-30   2.8854685086e-14  -1.4817488859e+05   9.9248591688e-02 
  4.2414630029e+20   1.0349451428e+19   2.2830656271e+61   8.1010961608e-30   2.8937112038e-14  -1.5388626990e+05   9.9248591688e-02 
  4.3408533610e+20   9.9390358165e+18   2.2999721767e+61   8.1969503541e-30   2.8998298365e-14  -1.5731387780e+05   9.9248591688e-02 
  4.5127079834e+20   1.7185462232e+19   4.2325454741e+61   8.2831060595e-30   2.9080356193e-14  -1.5689778721e+05   9.9248591688e-02 
  4.7057657394e+20   1.9305775602e+19   5.1548811675e+61   8.3791400854e-30   2.9197585203e-14  -1.6260055438e+05   9.9248591688e-02 
  4.8737335279e+20   1.6796778857e+19   4.8429055483e+61   8.4572812140e-30   2.9314645529e-14  -1.6541978198e+05   9.9248591688e-02 
  4.9635344546e+20   8.9800926690e+18   2.7301830072e+61   8.5019901796e-30   2.9398903362e-14  -1.6544246392e+05   9.9248591688e-02 
  5.0529687297e+20   8.9434275108e+18   2.8190168484e+61   8.5251096743e-30   2.9457204430e-14  -1.6544101540e+05   9.9248591688e-02 
  5.2318166001e+20   1.7884787031e+19   5.9438505679e+61   8.5506897983e-30   2.9547519688e-14  -1.6795157449e+05   9.9248591688e-02 
  5.3822142599e+20   1.5039765982e+19   5.3232971367e+61   8.5739928193e-30   2.9660169730e-14  -1.7168374985e+05   9.9248591688e-02 
  5.4797971318e+20   9.7582871967e+18   3.6170595597e+61   8.5847510210e-30   2.9746089614e-14  -1.7516040100e+05   9.9248591688e-02 
  5.5603027734e+20   8.0505641562e+18   3.0826902778e+61   8.5869055355e-30   2.9808065769e-14  -1.7636232593e+05   9.9248591687e-02 
  5.6295959646e+20   6.9293191146e+18   2.7258270631e+61   8.5841736029e-30   2.9860353487e-14  -1.7728132345e+05   9.9248591685e-02 
  5.8014347841e+20   1.7183881951e+19   7.0546366785e+61   8.5694678273e-30   2.9945215634e-14  -1.7922681097e+05   9.9248591674e-02 
  5.9118054869e+20   1.1037070283e+19   4.7574106217e+61   8.5479279760e-30   3.0046137393e-14  -1.8232000857e+05   9.9248591641e-02 
  5.9396501807e+20   2.7844693850e+18   1.2286735569e+61   8.5336452236e-30   3.0095735213e-14  -1.8413902980e+05   9.9248591567e-02 
  5.9626944505e+20   2.3044269761e+18   1.0256009348e+61   8.5231479008e-30   3.0114021810e-14  -1.8426075421e+05   9.9248590823e-02 
  6.0448671078e+20   8.2172657277e+18   3.7221479110e+61   8.4877596826e-30   3.0151520380e-14  -1.8350568890e+05   9.9248588449e-02 
  6.1213434176e+20   7.6476309836e+18   3.5562572684e+61   8.4283222911e-30   3.0207282569e-14  -1.8150698295e+05   9.9248578183e-02 
  6.2038024498e+20   8.2459032196e+18   3.9353079353e+61   8.3630963500e-30   3.0262022046e-14  -1.7789255469e+05   9.9248538173e-02 
  6.3751545861e+20   1.7135213631e+19   8.5183508889e+61   8.2489879679e-30   3.0348646156e-14  -1.6948438914e+05   9.9248426761e-02 
  6.5177351493e+20   1.4258056314e+19   7.4460927122e+61   8.1010754064e-30   3.0452551714e-14  -1.6286842839e+05   9.9248193454e-02 
  6.6530139445e+20   1.3527879526e+19   7.3725177086e+61   7.9622583842e-30   3.0541845904e-14  -1.6032306279e+05   9.9247880995e-02 
  6.8279719786e+20   1.7495803405e+19   9.9896772119e+61   7.7973018238e-30   3.0639772987e-14  -1.5910783446e+05   9.9247031548e-02 
  6.9890861155e+20   1.6111413688e+19   9.6634982389e+61   7.6083006670e-30   3.0742032542e-14  -1.5941248720e+05   9.9244761026e-02 
  7.1446388265e+20   1.5555271107e+19   9.7624374072e+61   7.4165656061e-30   3.0833960880e-14  -1.5809190329e+05   9.9238668319e-02 
  7.2951135859e+20   1.5047475943e+19   9.8570905086e+61   7.2156501653e-30   3.0917591596e-14  -1.5443869263e+05   9.9219413222e-02 
  7.4634259147e+20   1.6831232874e+19   1.1517849338e+62   6.9866594863e-30   3.1001616156e-14  -1.5083562128e+05   9.9142414868e-02 
  7.6034868206e+20   1.4006090589e+19   9.9891344606e+61   6.7477804578e-30   3.1082790218e-14  -1.4955162432e+05   9.8874649752e-02 
  7.6830395117e+20   7.9552691098e+18   5.8401807208e+61   6.5607379844e-30   3.1139949996e-14  -1.5289276384e+05   9.8444410066e-02 
  7.7510559913e+20   6.8016479601e+18   5.0901338252e+61   6.4173007642e-30   3.1177877554e-14  -1.5515455960e+05   9.7601391305e-02 
  7.8417854125e+20   9.0729421175e+18   6.9303223831e+61   6.2381465717e-30   3.1215272000e-14  -1.5541916319e+05   9.6989909397e-02 
  7.8778332002e+20   3.6047787739e+18   2.7984223529e+61   6.0826825445e-30   3.1242682295e-14  -1.5579062417e+05   9.6711294149e-02 
  7.8943218292e+20   1.6488629011e+18   1.2885956235e+61   6.0095521186e-30   3.1254266631e-14  -1.5453815555e+05   9.6621083251e-02 
  7.9201901982e+20   2.5868369019e+18   2.0325016153e+61   5.9568736179e-30   3.1263953553e-14  -1.5199169662e+05   9.6590138547e-02 
  7.9852635543e+20   6.5073356122e+18   5.1718703351e+61   5.8723230827e-30   3.1280550910e-14  -1.5116702694e+05   9.6584365756e-02 
  8.0369580033e+20   5.1694448936e+18   4.1690850570e+61   5.7774630726e-30   3.1302331966e-14  -1.4535559881e+05   9.6582018542e-02 
  8.0738986638e+20   3.6940660519e+18   3.0122607168e+61   5.7182174429e-30   3.1319718016e-14  -1.3851417244e+05   9.6581719591e-02 
  8.1080786217e+20   3.4179957892e+18   2.8118051133e+61   5.6813485569e-30   3.1333393895e-14  -1.3370174731e+05   9.6581674444e-02 
  8.1450524084e+20   3.6973786740e+18   3.0684470047e+61   5.6556166206e-30   3.1346271071e-14  -1.3080578147e+05   9.6581671581e-02 
  8.1784056039e+20   3.3353195477e+18   2.7919797161e+61   5.6395874591e-30   3.1359023288e-14  -1.2854101493e+05   9.6581671428e-02 
  8.3057655055e+20   1.2735990162e+19   1.0872400880e+62   5.6251536731e-30   3.1389210444e-14  -1.2494570633e+05   9.6581671422e-02 
  8.4279447666e+20   1.2217926104e+19   1.0748294930e+62   5.6100425839e-30   3.1437730924e-14  -1.2157468156e+05   9.6581671417e-02 
  8.4723567690e+20   4.4412002407e+18   3.9851083503e+61   5.6034480291e-30   3.1471847669e-14  -1.2472287361e+05   9.6581671415e-02 
  8.5024879519e+20   3.0131182886e+18   2.7275839781e+61   5.6024800378e-30   3.1488821327e-14  -1.2931900502e+05   9.6581671414e-02 
  8.5313879753e+20   2.8900023459e+18   2.6343619433e+61   5.6025394143e-30   3.1501667667e-14  -1.3167905565e+05   9.6581671408e-02 
  8.5614394761e+20   3.0051500789e+18   2.7583178064e+61   5.6033039466e-30   3.1514230387e-14  -1.3311408030e+05   9.6581671359e-02 
  8.6713945712e+20   1.0995509512e+19   1.0258515911e+62   5.6076006898e-30   3.1542118988e-14  -1.3511234895e+05   9.6581671184e-02 
  8.7433121791e+20   7.1917607870e+18   6.8520402650e+61   5.6147984659e-30   3.1576875743e-14  -1.3682675628e+05   9.6581670406e-02 
  8.7734220867e+20   3.0109907647e+18   2.9024584221e+61   5.6204128738e-30   3.1594675565e-14  -1.3516278698e+05   9.6581668451e-02 
  8.8121524765e+20   3.8730389763e+18   3.7628383975e+61   5.6269847832e-30   3.1606067271e-14  -1.3255874766e+05   9.6581648435e-02 
  8.8809882415e+20   6.8835764996e+18   6.7698036126e+61   5.6370466723e-30   3.1623411186e-14  -1.2765426752e+05   9.6581584997e-02 
  8.9508235884e+20   6.9835346879e+18   6.9761905239e+61   5.6472343195e-30   3.1645225074e-14  -1.2086653224e+05   9.6581077015e-02 
  9.0451499832e+20   9.4326394798e+18   9.5970504781e+61   5.6561223144e-30   3.1670967063e-14  -1.1307849927e+05   9.6579720504e-02 
  9.1472049469e+20   1.0205496372e+19   1.0611246464e+62   5.6642638955e-30   3.1702428296e-14  -1.0568893876e+05   9.6577279798e-02 
  9.2474878046e+20   1.0028285766e+19   1.0660214727e+62   5.6705002368e-30   3.1736179838e-14  -1.0184561011e+05   9.6575989386e-02 
  9.4057772528e+20   1.5828944828e+19   1.7303023014e+62   5.6754749538e-30   3.1780228830e-14  -1.0205964868e+05   9.6570926721e-02 
  9.5481711613e+20   1.4239390849e+19   1.6071219865e+62   5.6790844095e-30   3.1835633644e-14  -1.1217754329e+05   9.6557156308e-02 
  9.6769337538e+20   1.2876259250e+19   1.4951456985e+62   5.6794691223e-30   3.1882610277e-14  -1.1832108484e+05   9.6527456725e-02 
  9.8030993049e+20   1.2616555107e+19   1.5040979288e+62   5.6758461233e-30   3.1920032951e-14  -1.1165399400e+05   9.6445733342e-02 
  9.9663458792e+20   1.6324657434e+19   2.0044387168e+62   5.6652369248e-30   3.1952942844e-14  -9.3384789512e+04   9.6133453059e-02 
  1.0088057134e+21   1.2171125445e+19   1.5378196998e+62   5.6494006941e-30   3.1983205713e-14  -7.5039024093e+04   9.5101670038e-02 
  1.0182990188e+21   9.4933054285e+18   1.2255269790e+62   5.6315802407e-30   3.2009983902e-14  -6.9006506881e+04   9.1882033919e-02 
  1.0233943141e+21   5.0952952767e+18   6.6726931260e+61   5.6137196211e-30   3.2029344525e-14  -6.9773544622e+04   8.8128523912e-02 
  1.0303787321e+21   6.9844180584e+18   9.2552184370e+61   5.5900254312e-30   3.2047634529e-14  -7.4250829100e+04   8.1728361322e-02 
  1.0331774639e+21   2.7987318001e+18   3.7440705371e+61   5.5651755794e-30   3.2066321709e-14  -8.5591761681e+04   7.6479656889e-02 
  1.0361346981e+21   2.9572341438e+18   3.9782117950e+61   5.5424813491e-30   3.2077321943e-14  -9.2345125100e+04   7.3844876753e-02 
  1.0417197310e+21   5.5850329130e+18   7.5754230679e+61   5.4961594823e-30   3.2091630989e-14  -9.9890744944e+04   7.3525780965e-02 
  1.0457127516e+21   3.9930206333e+18   5.4660906687e+61   5.4426031419e-30   3.2106909312e-14  -1.0538145330e+05   7.3369398125e-02 
  1.0492846060e+21   3.5718543643e+18   4.9250539885e+61   5.4054062379e-30   3.2117266238e-14  -1.0740369871e+05   7.3320168653e-02 
  1.0540829955e+21   4.7983895484e+18   6.6692421890e+61   5.3735530197e-30   3.2127364244e-14  -1.0854225881e+05   7.3314286003e-02 
  1.0593097285e+21   5.2267329625e+18   7.3340098044e+61   5.3430360203e-30   3.2138905981e-14  -1.0796447172e+05   7.3313118843e-02 
  1.0642282162e+21   4.9184876930e+18   6.9679061026e+61   5.3193264175e-30   3.2148513500e-14  -1.0271770912e+05   7.3313017999e-02 
  1.0748671329e+21   1.0638916746e+19   1.5293650139e+62   5.2933741343e-30   3.2158520325e-14  -8.7036417274e+04   7.3313013032e-02 
  1.0833458177e+21   8.4786847999e+18   1.2407068668e+62   5.2673501597e-30   3.2167481671e-14  -6.4540238171e+04   7.3313011896e-02 
  1.0889537985e+21   5.6079807987e+18   8.3137470440e+61   5.2527233007e-30   3.2173276126e-14  -4.7550220551e+04   7.3313011761e-02 
  1.1022786613e+21   1.3324862782e+19   2.0099945354e+62   5.2420036613e-30   3.2185205253e-14  -3.3770984155e+04   7.3313011672e-02 
  1.1131857351e+21   1.0907073736e+19   1.6818651853e+62   5.2331481031e-30   3.2205080330e-14  -2.4271799554e+04   7.3313011348e-02 
  1.1270845085e+21   1.3898773454e+19   2.1914559307e+62   5.2287006255e-30   3.2231508632e-14  -3.1586460718e+04   7.3313009568e-02 
  1.1369013462e+21   9.8168376461e+18   1.5807806864e+62   5.2280622222e-30   3.2270346636e-14  -6.4528040211e+04   7.3313001172e-02 
  1.1462438463e+21   9.3425001090e+18   1.5299684292e+62   5.2284550171e-30   3.2296688022e-14  -8.2954058147e+04   7.3312945571e-02 
  1.1636921732e+21   1.7448326895e+19   2.9249053950e+62   5.2296532859e-30   3.2318890752e-14  -8.3161218536e+04   7.3312814049e-02 
  1.1754830928e+21   1.1790919656e+19   2.0268740255e+62   5.2312230789e-30   3.2328201634e-14  -5.6773607394e+04   7.3312549363e-02 
  1.1868580041e+21   1.1374911323e+19   1.9942814947e+62   5.2325098886e-30   3.2315310873e-14  -6.4107682156e+03   7.3311500577e-02 
  1.1965665341e+21   9.7085299332e+18   1.7326408966e+62   5.2364278546e-30   3.2308311821e-14   3.0625294686e+04   7.3306085056e-02 
  1.2045403859e+21   7.9738517804e+18   1.4442508327e+62   5.2435560555e-30   3.2313707907e-14   4.3691252627e+04   7.3287040179e-02 
  1.2219685444e+21   1.7428158574e+19   3.2238337041e+62   5.2605201309e-30   3.2332571266e-14   3.2054458871e+04   7.3235238251e-02 
  1.2335759029e+21   1.1607358476e+19   2.1987816497e+62   5.2886197045e-30   3.2390741954e-14  -5.1465856702e+04   7.3128831186e-02 
  1.2389637272e+21   5.3878243302e+18   1.0347859174e+62   5.3119401131e-30   3.2434999591e-14  -1.2090241169e+05   7.2976030088e-02 
  1.2451587345e+21   6.1950072988e+18   1.2009878090e+62   5.3342518804e-30   3.2446834870e-14  -1.3328668815e+05   7.2236880669e-02 
  1.2494227783e+21   4.2640437751e+18   8.3361850980e+61   5.3613169796e-30   3.2452333898e-14  -1.3111894748e+05   7.1104405485e-02 
  1.2541369853e+21   4.7142069486e+18   9.2827136958e+61   5.3945535818e-30   3.2449249454e-14  -1.2071757642e+05   6.9629159839e-02 
  1.2575726038e+21   3.4356185753e+18   6.8091661729e+61   5.4345983291e-30   3.2439450893e-14  -9.7279668084e+04   6.8893561468e-02 
  1.2649752850e+21   7.4026812071e+18   1.4798544611e+62   5.5096236461e-30   3.2418622159e-14  -5.1542304099e+04   6.8641296182e-02 
  1.2702413103e+21   5.2660252276e+18   1.0633189915e+62   5.6158307028e-30   3.2394851702e-14   6.8300109714e+02   6.8514377853e-02 
  1.2787725210e+21   8.5312107296e+18   1.7414321093e+62   5.7712046396e-30   3.2374842496e-14   4.3288581362e+04   6.8468215030e-02 
  1.2832333234e+21   4.4608023702e+18   9.1986379681e+61   5.9528431492e-30   3.2356498880e-14   8.4412282934e+04   6.8452371291e-02 
  1.2865245982e+21   3.2912748733e+18   6.8280814243e+61   6.1133966450e-30   3.2347155078e-14   1.0235070282e+05   6.8446963510e-02 
  1.2901320343e+21   3.6074360968e+18   7.5242271660e+61   6.3348943779e-30   3.2344492718e-14   1.0119845426e+05   6.8445320189e-02 
  1.2922453690e+21   2.1133346915e+18   4.4274909036e+61   6.5915204188e-30   3.2354057797e-14   8.6585060385e+04   6.8445139736e-02 
  1.2974865208e+21   5.2411517469e+18   1.1042993309e+62   7.1132721674e-30   3.2366097117e-14   6.8442450569e+04   6.8445136704e-02 
  1.3008581960e+21   3.3716752136e+18   7.1513722457e+61   7.8637220293e-30   3.2379443923e-14   4.8573276472e+04   6.8445288509e-02 
  1.3039268974e+21   3.0687014499e+18   6.5410656478e+61   8.6424235756e-30   3.2389733395e-14   3.3006198764e+04   6.8446246953e-02 
  1.3049358821e+21   1.0089847028e+18   2.1574311741e+61   9.3419142774e-30   3.2399480640e-14   1.9534597695e+04   6.8448075609e-02 
  1.3146571717e+21   9.7212895675e+18   2.0957689719e+62   1.2980335028e-29   3.2425635786e-14  -1.8281123850e+04   6.8465586720e-02 
  1.3196248269e+21   4.9676551929e+18   1.0829947702e+62   1.9029334174e-29   3.2500520398e-14  -9.8461129208e+04   6.8555345159e-02 
  1.3205298073e+21   9.0498038859e+17   1.9817450688e+61   2.2844036663e-29   3.2518273232e-14  -8.8560110486e+04   6.8795935997e-02 
  1.3259533239e+21   5.4235165776e+18   1.1933551533e+62   3.7768648666e-29   3.2503830290e-14  -9.0273858146e+04   6.9263987018e-02 
  1.3265025253e+21   5.4920140388e+17   1.2138858388e+61   5.7145265051e-29   3.2594536283e-14  -9.2174542518e+04   6.7926967570e-02 
  1.3274950392e+21   9.9251397146e+17   2.1962792673e+61   8.8850738222e-29   3.2507324607e-14  -6.2637766873e+04   6.1111151115e-02 
  1.3299289449e+21   2.4339056237e+18   5.3997720796e+61   2.2642321751e-28   3.2448407683e-14  -3.7184393578e+04   4.2696871679e-02 
  1.3327860044e+21   2.8570595118e+18   6.3638316052e+61   8.1863374563e-28   3.2249818276e-14  -9.3498930618e+03   2.7596087575e-02 
  1.3332281191e+21   4.4211476075e+17   9.8721053914e+60   2.8386442277e-27   3.2443576678e-14  -2.7678262091e+04   2.3264269651e-02 
  1.3338215928e+21   5.9347365287e+17   1.3262138058e+61   1.5513987770e-26   3.2699051283e-14  -4.2712771353e+04   2.2182262890e-02 
  1.3342663238e+21   4.4473099211e+17   9.9459791391e+60   3.8217561790e-26   3.2350678151e-14  -4.1940180096e+04   2.1111544964e-02 
  1.3352322367e+21   9.6591290300e+17   2.1624558092e+61   5.7909377329e-26   3.2418515807e-14  -4.4604199199e+04   2.0404127132e-02 
  1.3363576023e+21   1.1253656219e+18   2.5233826256e+61   6.3732102256e-26   3.2215550970e-14  -4.6863167002e+04   2.0083489501e-02 
  1.3493635198e+21   1.3005917501e+19   2.9472439976e+62   6.5207279063e-26   3.1743568311e-14  -5.4873511714e+04   2.0050075948e-02 
  1.3596398686e+21   1.0276348808e+19   2.3692445450e+62   7.7346472394e-25   3.1736462038e-14  -5.2535166594e+04   2.0035439432e-02 
  1.3709955360e+21   1.1355667392e+19   2.6600663755e+62   7.8810601484e-25   3.1951142969e-14  -5.2285325736e+04   2.0032066674e-02 
  1.3834379234e+21   1.2442387391e+19   2.9656583377e+62   8.0704966084e-25   3.2218637336e-14  -5.0612769693e+04   2.0028741022e-02 
  1.3961824054e+21   1.2744482046e+19   3.0934711082e+62   8.3007494223e-25   3.2532726974e-14  -4.6885421790e+04   2.0028475130e-02 
  1.4141528247e+21   1.7970419212e+19   4.4589259053e+62   8.8349753613e-25   3.3265055899e-14  -4.1261840668e+04   2.0022767583e-02 
  1.4324819325e+21   1.8329107818e+19   4.6661714902e+62   9.4926263201e-25   3.4161312283e-14  -3.3271261114e+04   2.0022435950e-02 
  1.4437420129e+21   1.1260080375e+19   2.9264356388e+62   1.0300732403e-24   3.5350867576e-14  -2.5587592104e+04   2.0014609792e-02 
  1.4547860797e+21   1.1044066872e+19   2.9149830235e+62   1.0415510418e-24   3.5522520955e-14  -2.2731525346e+04   2.0014547673e-02 
  1.4706404542e+21   1.5854374526e+19   4.2626691922e+62   1.1021131204e-24   3.6386324412e-14  -1.8363103546e+04   2.0005312308e-02 
  1.4830751312e+21   1.2434677001e+19   3.4081939107e+62   1.1664831449e-24   3.7289076995e-14  -1.2226295107e+04   2.0001230736e-02 
  1.4951781352e+21   1.2103003978e+19   3.3726299547e+62   1.2228640218e-24   3.8136696808e-14  -7.2800419297e+03   2.0000447921e-02 
  1.5075681276e+21   1.2389992374e+19   3.5096244482e+62   1.2859926448e-24   3.9063162317e-14  -2.2824749251e+03   2.0000173305e-02 
  1.5197988284e+21   1.2230700750e+19   3.5215487786e+62   1.3575566527e-24   4.0087578228e-14   3.1343393985e+03   2.0000059510e-02 
  1.5314446235e+21   1.1645795155e+19   3.4062368981e+62   1.4357368919e-24   4.1179538697e-14   8.5510247497e+03   2.0000019199e-02 
  1.5423071669e+21   1.0862543440e+19   3.2241912597e+62   1.5110121742e-24   4.2240107647e-14   1.3558383908e+04   2.0000006013e-02 
  1.5523703274e+21   1.0063160432e+19   3.0277261590e+62   1.5853930267e-24   4.3314982681e-14   1.8141947621e+04   2.0000001767e-02 
  1.5618244060e+21   9.4540785788e+18   2.8804606475e+62   1.6602793873e-24   4.4376474003e-14   2.2552288425e+04   2.0000000504e-02 
  1.5706710233e+21   8.8466173014e+18   2.7271508400e+62   1.7372759004e-24   4.5448018936e-14   2.6776670843e+04   2.0000000135e-02 
  1.5789946666e+21   8.3236433464e+18   2.5941391385e+62   1.8144376012e-24   4.6502814221e-14   3.0870538356e+04   2.0000000035e-02 
  1.5866358944e+21   7.6412277920e+18   2.4056604189e+62   1.8913887305e-24   4.7537731204e-14   3.4713560019e+04   2.0000000008e-02 
  1.5935971325e+21   6.9612381040e+18   2.2118462854e+62   1.9652555878e-24   4.8543068127e-14   3.8263934214e+04   2.0000000002e-02 
  1.6001386365e+21   6.5415040356e+18   2.0961678625e+62   2.0408686068e-24   4.9601579286e-14   4.2063199355e+04   2.0000000000e-02 
  1.6063428469e+21   6.2042103205e+18   2.0039846892e+62   2.1284288749e-24   5.0565456851e-14   4.5542862411e+04   2.0000000000e-02 
  1.6121037400e+21   5.7608931748e+18   1.8747042789e+62   2.1938964088e-24   5.1453140522e-14   4.8273339950e+04   2.0000000000e-02 
  1.6175637073e+21   5.4599672834e+18   1.7891878452e+62   2.2571175965e-24   5.2288093610e-14   5.0863278226e+04   2.0000000000e-02 
  1.6227965840e+21   5.2328766428e+18   1.7261453007e+62   2.3219025877e-24   5.3132916560e-14   5.3398850193e+04   2.0000000000e-02 
  1.6278580732e+21   5.0614892152e+18   1.6802356936e+62   2.3891443254e-24   5.4000379867e-14   5.5966142068e+04   2.0000000000e-02 
  1.6332295620e+21   5.3714888185e+18   1.7946091635e+62   2.4617433804e-24   5.4927887232e-14   5.8627135760e+04   2.0000000000e-02 
  1.6387722874e+21   5.5427254351e+18   1.8642353330e+62   2.5334462367e-24   5.5834640920e-14   6.1158156446e+04   2.0000000000e-02 
  1.6440797158e+21   5.3074283738e+18   1.7969541736e+62   2.6006653441e-24   5.6677646505e-14   6.3430082667e+04   2.0000000000e-02 
  1.6492363278e+21   5.1566120471e+18   1.7570394241e+62   2.6651308348e-24   5.7526800387e-14   6.5530597024e+04   2.0000000000e-02 
  1.6543451815e+21   5.1088536306e+18   1.7516354761e+62   2.7308865463e-24   5.8385450306e-14   6.7636763188e+04   2.0000000000e-02 
  1.6593991585e+21   5.0539770421e+18   1.7434980746e+62   2.7991938447e-24   5.9269758100e-14   6.9768340553e+04   2.0000000000e-02 
  1.6642907170e+21   4.8915584500e+18   1.6976119431e+62   2.8691063430e-24   6.0167138938e-14   7.1905331795e+04   2.0000000000e-02 
  1.6688170216e+21   4.5263045939e+18   1.5797654796e+62   2.9383099058e-24   6.1048109907e-14   7.3964829461e+04   2.0000000000e-02 
  1.6731305908e+21   4.3135692074e+18   1.5135130139e+62   3.0058859646e-24   6.1901387338e-14   7.5926896832e+04   2.0000000000e-02 
  1.6772309203e+21   4.1003295266e+18   1.4459463916e+62   3.0724621068e-24   6.2735553727e-14   7.7815762904e+04   2.0000000000e-02 
  1.6809483836e+21   3.7174633309e+18   1.3170568002e+62   3.1364404986e-24   6.3531283486e-14   7.9581535104e+04   2.0000000000e-02 
  1.6844874277e+21   3.5390440227e+18   1.2592693156e+62   3.1975446407e-24   6.4286012858e-14   8.1233424398e+04   2.0000000000e-02 
  1.6879590369e+21   3.4716092911e+18   1.2404263882e+62   3.2583426017e-24   6.5032199572e-14   8.2841222635e+04   2.0000000000e-02 
  1.6913666469e+21   3.4076099137e+18   1.2225313116e+62   3.3200666772e-24   6.5784958815e-14   8.4432118281e+04   2.0000000000e-02 
  1.6946164383e+21   3.2497914417e+18   1.1705098297e+62   3.3810672319e-24   6.6524582187e-14   8.5973455203e+04   2.0000000000e-02 
  1.6974983993e+21   2.8819610445e+18   1.0417875822e+62   3.4362420270e-24   6.7189969521e-14   8.7328653565e+04   2.0000000000e-02 
  1.7002300963e+21   2.7316969211e+18   9.9074028951e+61   3.4851074683e-24   6.7776975494e-14   8.8486914042e+04   2.0000000000e-02 
  1.7029230853e+21   2.6929890308e+18   9.7982280543e+61   3.5299756576e-24   6.8313532115e-14   8.9516480365e+04   2.0000000000e-02 
  1.7056037962e+21   2.6807108820e+18   9.7843816936e+61   3.5725053916e-24   6.8820796699e-14   9.0463568587e+04   2.0000000000e-02 
  1.7082763525e+21   2.6725563293e+18   9.7852825285e+61   3.6143164025e-24   6.9339625288e-14   9.1378713766e+04   2.0000000000e-02 
  1.7109411965e+21   2.6648439668e+18   9.7875774875e+61   3.6568384738e-24   6.9869213908e-14   9.2320965113e+04   2.0000000000e-02 
  1.7135970530e+21   2.6558565215e+18   9.7849500187e+61   3.7012056989e-24   7.0419775240e-14   9.3283594320e+04   2.0000000000e-02 
  1.7162414211e+21   2.6443681258e+18   9.7728044299e+61   3.7465925092e-24   7.0980934093e-14   9.4282378106e+04   2.0000000000e-02 
  1.7188544306e+21   2.6130094668e+18   9.6865396285e+61   3.7937502608e-24   7.1561825583e-14   9.5293049290e+04   2.0000000000e-02 
  1.7213398120e+21   2.4853813756e+18   9.2407860923e+61   3.8404818692e-24   7.2135331496e-14   9.6307220869e+04   2.0000000000e-02 
  1.7234585200e+21   2.1187080462e+18   7.8985732075e+61   3.8843608660e-24   7.2671922599e-14   9.7233237429e+04   2.0000000000e-02 
  1.7254400088e+21   1.9814887574e+18   7.4046130331e+61   3.9240556511e-24   7.3155755993e-14   9.8079803075e+04   2.0000000000e-02 
  1.7273905178e+21   1.9505090419e+18   7.3054742120e+61   3.9633833408e-24   7.3634806795e-14   9.8898394415e+04   2.0000000000e-02 
  1.7293147984e+21   1.9242805719e+18   7.2234226693e+61   4.0028075723e-24   7.4112337108e-14   9.9725125032e+04   2.0000000000e-02 
  1.7311343013e+21   1.8195029438e+18   6.8449078585e+61   4.0420530072e-24   7.4586347529e-14   1.0053043428e+05   2.0000000000e-02 
  1.7326842144e+21   1.5499130737e+18   5.8420800308e+61   4.0778601017e-24   7.5017652377e-14   1.0126796353e+05   2.0000000000e-02 
  1.7343646302e+21   1.6804157823e+18   6.3458028982e+61   4.1130834151e-24   7.5440816043e-14   1.0198093130e+05   2.0000000000e-02 
  1.7358798449e+21   1.5152147076e+18   5.7325020724e+61   4.1483922946e-24   7.5863905028e-14   1.0269689807e+05   2.0000000000e-02 
  1.7375503648e+21   1.6705199493e+18   6.3316766349e+61   4.1844162928e-24   7.6294452174e-14   1.0341662454e+05   2.0000000000e-02 
  1.7390529548e+21   1.5025900000e+18   5.7055915065e+61   4.2208007687e-24   7.6728173502e-14   1.0414282215e+05   2.0000000000e-02 
  1.7407068906e+21   1.6539357538e+18   6.2916866589e+61   4.2577961618e-24   7.7168032109e-14   1.0487094468e+05   2.0000000000e-02 
  1.7421944848e+21   1.4875942323e+18   5.6691342105e+61   4.2951661010e-24   7.7611171994e-14   1.0560361596e+05   2.0000000000e-02 
  1.7438245602e+21   1.6300753893e+18   6.2232479649e+61   4.3329971597e-24   7.8058603716e-14   1.0633683101e+05   2.0000000000e-02 
  1.7451880092e+21   1.3634489609e+18   5.2142739924e+61   4.3698412376e-24   7.8493232899e-14   1.0704752213e+05   2.0000000000e-02 
  1.7464376193e+21   1.2496100964e+18   4.7860778861e+61   4.4025401152e-24   7.8878044744e-14   1.0767208924e+05   2.0000000000e-02 
  1.7476814910e+21   1.2438717733e+18   4.7709066020e+61   4.4341546018e-24   7.9249278727e-14   1.0827314991e+05   2.0000000000e-02 
  1.7488969913e+21   1.2155003017e+18   4.6686522095e+61   4.4658001733e-24   7.9620083935e-14   1.0886952225e+05   2.0000000000e-02 
  1.7500118174e+21   1.1148260699e+18   4.2876788686e+61   4.4961471198e-24   7.9974929601e-14   1.0943864283e+05   2.0000000000e-02 
  1.7507547519e+21   7.4293449131e+17   2.8603995862e+61   4.5206106177e-24   8.0260458567e-14   1.0989421846e+05   2.0000000000e-02 
  1.7513796190e+21   6.2486705188e+17   2.4077041061e+61   4.5387840239e-24   8.0472267157e-14   1.1023142942e+05   2.0000000000e-02 
  1.7519832157e+21   6.0359671857e+17   2.3273783174e+61   4.5552457407e-24   8.0663830603e-14   1.1053558142e+05   2.0000000000e-02 
  1.7525899630e+21   6.0674737369e+17   2.3411435725e+61   4.5715811368e-24   8.0853685806e-14   1.1083632648e+05   2.0000000000e-02 
  1.7531988978e+21   6.0893477331e+17   2.3512140370e+61   4.5880969735e-24   8.1045432287e-14   1.1113935969e+05   2.0000000000e-02 
  1.7538076706e+21   6.0877275929e+17   2.3522216693e+61   4.6047536580e-24   8.1238602506e-14   1.1144374745e+05   2.0000000000e-02 
  1.7544151713e+21   6.0750073587e+17   2.3489351627e+61   4.6214956179e-24   8.1432549608e-14   1.1174874121e+05   2.0000000000e-02 
  1.7550215076e+21   6.0633626064e+17   2.3460552720e+61   4.6383186227e-24   8.1627222476e-14   1.1205395130e+05   2.0000000000e-02 
  1.7556267591e+21   6.0525154238e+17   2.3434755179e+61   4.6552181904e-24   8.1822565787e-14   1.1235956094e+05   2.0000000000e-02 
  1.7562310346e+21   6.0427547803e+17   2.3413087643e+61   4.6722023590e-24   8.2018673501e-14   1.1266553551e+05   2.0000000000e-02 
  1.7568343538e+21   6.0331921562e+17   2.3392115596e+61   4.6892770950e-24   8.2215606342e-14   1.1297193195e+05   2.0000000000e-02 
  1.7574366964e+21   6.0234254860e+17   2.3370280711e+61   4.7064296347e-24   8.2413222514e-14   1.1327892878e+05   2.0000000000e-02 
  1.7580380416e+21   6.0134520279e+17   2.3347570238e+61   4.7236887088e-24   8.2611842910e-14   1.1358618985e+05   2.0000000000e-02 
  1.7586383878e+21   6.0034623387e+17   2.3324722663e+61   4.7410180051e-24   8.2811051881e-14   1.1389427628e+05   2.0000000000e-02 
  1.7592377374e+21   5.9934961350e+17   2.3301892357e+61   4.7584621954e-24   8.3011359744e-14   1.1420261908e+05   2.0000000000e-02 
  1.7598360935e+21   5.9835610243e+17   2.3279109253e+61   4.7759847807e-24   8.3212341184e-14   1.1451186259e+05   2.0000000000e-02 
  1.7604334498e+21   5.9735624889e+17   2.3256005660e+61   4.7936206777e-24   8.3414399135e-14   1.1482159348e+05   2.0000000000e-02 
  1.7610298069e+21   5.9635716911e+17   2.3232858315e+61   4.8113521823e-24   8.3617321477e-14   1.1513223662e+05   2.0000000000e-02 
  1.7616251598e+21   5.9535282800e+17   2.3209432025e+61   4.8291984144e-24   8.3821327591e-14   1.1544370125e+05   2.0000000000e-02 
  1.7622194973e+21   5.9433751523e+17   2.3185503475e+61   4.8471605180e-24   8.4026421976e-14   1.1575626860e+05   2.0000000000e-02 
  1.7628128178e+21   5.9332049339e+17   2.3161433298e+61   4.8652545989e-24   8.4232783052e-14   1.1607015424e+05   2.0000000000e-02 
  1.7634051071e+21   5.9228929720e+17   2.3136734299e+61   4.8834996487e-24   8.4440618423e-14   1.1638579313e+05   2.0000000000e-02 
  1.7639963589e+21   5.9125179632e+17   2.3111712801e+61   4.9019268623e-24   8.4650055874e-14   1.1670335695e+05   2.0000000000e-02 
  1.7645865837e+21   5.9022479492e+17   2.3087025756e+61   4.9204263852e-24   8.4860232031e-14   1.1702111961e+05   2.0000000000e-02 
  1.7651758114e+21   5.8922772258e+17   2.3063435112e+61   4.9386682854e-24   8.5067360453e-14   1.1733240914e+05   2.0000000000e-02 
  1.7657640869e+21   5.8827549632e+17   2.3041528545e+61   4.9566168074e-24   8.5270904620e-14   1.1763611320e+05   2.0000000000e-02 
  1.7663514426e+21   5.8735571228e+17   2.3020824491e+61   4.9743514220e-24   8.5471739353e-14   1.1793385967e+05   2.0000000000e-02 
  1.7669378994e+21   5.8645677032e+17   2.3000871293e+61   4.9919889697e-24   8.5671194661e-14   1.1822804547e+05   2.0000000000e-02 
  1.7675234682e+21   5.8556883061e+17   2.2981284878e+61   5.0096068779e-24   8.5870197539e-14   1.1852031193e+05   2.0000000000e-02 
  1.7681081666e+21   5.8469836002e+17   2.2962320505e+61   5.0271771002e-24   8.6068516335e-14   1.1881017055e+05   2.0000000000e-02 
  1.7686920222e+21   5.8385562902e+17   2.2944383787e+61   5.0445329319e-24   8.6264361117e-14   1.1909431975e+05   2.0000000000e-02 
  1.7692751028e+21   5.8308063648e+17   2.2929051091e+61   5.0613874088e-24   8.6454562279e-14   1.1936713983e+05   2.0000000000e-02 
  1.7698575061e+21   5.8240328165e+17   2.2917506403e+61   5.0774315341e-24   8.6635255303e-14   1.1962214403e+05   2.0000000000e-02 
  1.7704393532e+21   5.8184710886e+17   2.2910687252e+61   5.0924502705e-24   8.6804247600e-14   1.1985556284e+05   2.0000000000e-02 
  1.7710207685e+21   5.8141525327e+17   2.2908729774e+61   5.1064332697e-24   8.6961454631e-14   1.2006686726e+05   2.0000000000e-02 
  1.7716018452e+21   5.8107670017e+17   2.2910423607e+61   5.1195938418e-24   8.7109062385e-14   1.2025990785e+05   2.0000000000e-02 
  1.7721826359e+21   5.8079070452e+17   2.2914170348e+61   5.1322868302e-24   8.7252198975e-14   1.2044509046e+05   2.0000000000e-02 
  1.7727631426e+21   5.8050672602e+17   2.2917979483e+61   5.1449667929e-24   8.7399948703e-14   1.2063001415e+05   2.0000000000e-02 
  1.7733433341e+21   5.8019149149e+17   2.2920536327e+61   5.1579793895e-24   8.7551323441e-14   1.2082222846e+05   2.0000000000e-02 
  1.7739231635e+21   5.7982936747e+17   2.2921219435e+61   5.1714636868e-24   8.7708050070e-14   1.2102323797e+05   2.0000000000e-02 
  1.7745025845e+21   5.7942106407e+17   2.2920052058e+61   5.1854456893e-24   8.7870450337e-14   1.2123381132e+05   2.0000000000e-02 
  1.7750815436e+21   5.7895908209e+17   2.2916732488e+61   5.1999267284e-24   8.8038547246e-14   1.2145347933e+05   2.0000000000e-02 
  1.7756599951e+21   5.7845150268e+17   2.2911575371e+61   5.2148564175e-24   8.8211756591e-14   1.2168140025e+05   2.0000000000e-02 
  1.7762378986e+21   5.7790353403e+17   2.2904782498e+61   5.2301843905e-24   8.8389490131e-14   1.2191606681e+05   2.0000000000e-02 
  1.7768152071e+21   5.7730851184e+17   2.2896085319e+61   5.2458331640e-24   8.8570839639e-14   1.2215605958e+05   2.0000000000e-02 
  1.7773918955e+21   5.7668832196e+17   2.2886347840e+61   5.2617448891e-24   8.8755121991e-14   1.2239977759e+05   2.0000000000e-02 
  1.7779679476e+21   5.7605216761e+17   2.2875933078e+61   5.2778542088e-24   8.8941565100e-14   1.2264607060e+05   2.0000000000e-02 
  1.7785433562e+21   5.7540852200e+17   2.2865176224e+61   5.2941265178e-24   8.9129753182e-14   1.2289389486e+05   2.0000000000e-02 
  1.7791181100e+21   5.7475380333e+17   2.2853934061e+61   5.3105263095e-24   8.9319261454e-14   1.2314277454e+05   2.0000000000e-02 
  1.7796922021e+21   5.7409217690e+17   2.2842371261e+61   5.3270487619e-24   8.9510022454e-14   1.2339233990e+05   2.0000000000e-02 
  1.7802656542e+21   5.7345204517e+17   2.2831618329e+61   5.3436830648e-24   8.9701903289e-14   1.2364268096e+05   2.0000000000e-02 
  1.7808384981e+21   5.7284395779e+17   2.2822097929e+61   5.3604429189e-24   8.9895056637e-14   1.2389379613e+05   2.0000000000e-02 
  1.7814107315e+21   5.7223331309e+17   2.2812433506e+61   5.3773236460e-24   9.0089426466e-14   1.2414594995e+05   2.0000000000e-02 
  1.7819823211e+21   5.7158961282e+17   2.2801407816e+61   5.3943375011e-24   9.0285152948e-14   1.2439908664e+05   2.0000000000e-02 
  1.7825532278e+21   5.7090670371e+17   2.2788771800e+61   5.4114708673e-24   9.0482079159e-14   1.2465332660e+05   2.0000000000e-02 
  1.7831234170e+21   5.7018922157e+17   2.2774706699e+61   5.4287265497e-24   9.0680237161e-14   1.2490843368e+05   2.0000000000e-02 
  1.7836928720e+21   5.6945500420e+17   2.2759922179e+61   5.4460851325e-24   9.0879402054e-14   1.2516437025e+05   2.0000000000e-02 
  1.7842615859e+21   5.6871391688e+17   2.2744811238e+61   5.4635440063e-24   9.1079542392e-14   1.2542085091e+05   2.0000000000e-02 
  1.7848295531e+21   5.6796720995e+17   2.2729423267e+61   5.4810868298e-24   9.1280467074e-14   1.2567779860e+05   2.0000000000e-02 
  1.7853967743e+21   5.6722115893e+17   2.2714009111e+61   5.4987107342e-24   9.1482140989e-14   1.2593501832e+05   2.0000000000e-02 
  1.7859632481e+21   5.6647386457e+17   2.2698492749e+61   5.5164067910e-24   9.1684458428e-14   1.2619246925e+05   2.0000000000e-02 
  1.7865289714e+21   5.6572327447e+17   2.2682791775e+61   5.5341736310e-24   9.1887402035e-14   1.2645006483e+05   2.0000000000e-02 
  1.7870939442e+21   5.6497273498e+17   2.2667040194e+61   5.5520073649e-24   9.2090925339e-14   1.2670778639e+05   2.0000000000e-02 
  1.7876581639e+21   5.6421973054e+17   2.2651137029e+61   5.5699063641e-24   9.2295008990e-14   1.2696558804e+05   2.0000000000e-02 
  1.7882216274e+21   5.6346350623e+17   2.2635051735e+61   5.5878672048e-24   9.2499613507e-14   1.2722342495e+05   2.0000000000e-02 
  1.7887843363e+21   5.6270894273e+17   2.2618980275e+61   5.6058872144e-24   9.2704758167e-14   1.2748125948e+05   2.0000000000e-02 
  1.7893462873e+21   5.6195092147e+17   2.2602716915e+61   5.6239713317e-24   9.2910474789e-14   1.2773919607e+05   2.0000000000e-02 
  1.7899074780e+21   5.6119073486e+17   2.2586313378e+61   5.6421245270e-24   9.3116788954e-14   1.2799729387e+05   2.0000000000e-02 
  1.7904679088e+21   5.6043078404e+17   2.2569866218e+61   5.6603485537e-24   9.3323719871e-14   1.2825558414e+05   2.0000000000e-02 
  1.7910275765e+21   5.5966773359e+17   2.2553241047e+61   5.6786448356e-24   9.3531282286e-14   1.2851407723e+05   2.0000000000e-02 
  1.7915864807e+21   5.5890423828e+17   2.2536544679e+61   5.6970120956e-24   9.3739421913e-14   1.2877273930e+05   2.0000000000e-02 
  1.7921446229e+21   5.5814211936e+17   2.2519850617e+61   5.7154448270e-24   9.3948115334e-14   1.2903146025e+05   2.0000000000e-02 
  1.7927020001e+21   5.5737723106e+17   2.2502991613e+61   5.7339385322e-24   9.4157311165e-14   1.2929016038e+05   2.0000000000e-02 
  1.7932586145e+21   5.5661441263e+17   2.2486162989e+61   5.7524893296e-24   9.4366964391e-14   1.2954875943e+05   2.0000000000e-02 
  1.7938144670e+21   5.5585249302e+17   2.2469317643e+61   5.7710937121e-24   9.4577034234e-14   1.2980718539e+05   2.0000000000e-02 
  1.7943695570e+21   5.5508999185e+17   2.2452395812e+61   5.7897485953e-24   9.4787484573e-14   1.3006537694e+05   2.0000000000e-02 
  1.7949238874e+21   5.5433043755e+17   2.2435540331e+61   5.8084516619e-24   9.4998289536e-14   1.3032325824e+05   2.0000000000e-02 
  1.7954774598e+21   5.5357235175e+17   2.2418691648e+61   5.8271962978e-24   9.5209375636e-14   1.3058074099e+05   2.0000000000e-02 
  1.7960302749e+21   5.5281513309e+17   2.2401825576e+61   5.8459770862e-24   9.5420679557e-14   1.3083772564e+05   2.0000000000e-02 
  1.7965823374e+21   5.5206252542e+17   2.2385094097e+61   5.8647907710e-24   9.5632163886e-14   1.3109414776e+05   2.0000000000e-02 
  1.7971336488e+21   5.5131133779e+17   2.2368368208e+61   5.8836345484e-24   9.5843796945e-14   1.3134995647e+05   2.0000000000e-02 
  1.7976842119e+21   5.5056313062e+17   2.2351711460e+61   5.9025056270e-24   9.6055547317e-14   1.3160510318e+05   2.0000000000e-02 
  1.7982340316e+21   5.4981971652e+17   2.2335197847e+61   5.9214014541e-24   9.6267386224e-14   1.3185954363e+05   2.0000000000e-02 
  1.7987831094e+21   5.4907781187e+17   2.2318694376e+61   5.9403198188e-24   9.6479288731e-14   1.3211323987e+05   2.0000000000e-02 
  1.7993314491e+21   5.4833966626e+17   2.2302292760e+61   5.9592589038e-24   9.6691234407e-14   1.3236616162e+05   2.0000000000e-02 
  1.7998790558e+21   5.4760664575e+17   2.2286049026e+61   5.9782173139e-24   9.6903207650e-14   1.3261828655e+05   2.0000000000e-02 
  1.8004259310e+21   5.4687523893e+17   2.2269820686e+61   5.9971939048e-24   9.7115195751e-14   1.3286959767e+05   2.0000000000e-02 
  1.8009720802e+21   5.4614924890e+17   2.2253762949e+61   6.0161877760e-24   9.7327188788e-14   1.3312008287e+05   2.0000000000e-02 
  1.8015175074e+21   5.4542720896e+17   2.2237816574e+61   6.0351982720e-24   9.7539179609e-14   1.3336973491e+05   2.0000000000e-02 
  1.8020622154e+21   5.4470793014e+17   2.2221933469e+61   6.0542248718e-24   9.7751162592e-14   1.3361854996e+05   2.0000000000e-02 
  1.8026062092e+21   5.4399383404e+17   2.2206212825e+61   6.0732672390e-24   9.7963134215e-14   1.3386652798e+05   2.0000000000e-02 
  1.8031494929e+21   5.4328369165e+17   2.2190604977e+61   6.0923252074e-24   9.8175092880e-14   1.3411367180e+05   2.0000000000e-02 
  1.8036920687e+21   5.4257576749e+17   2.2175039401e+61   6.1113986906e-24   9.8387037901e-14   1.3435998551e+05   2.0000000000e-02 
  1.8042339423e+21   5.4187358276e+17   2.2159660394e+61   6.1304877363e-24   9.8598970078e-14   1.3460547520e+05   2.0000000000e-02 
  1.8047751158e+21   5.4117353006e+17   2.2144320898e+61   6.1495924687e-24   9.8810891074e-14   1.3485014830e+05   2.0000000000e-02 
  1.8053155931e+21   5.4047736479e+17   2.2129093054e+61   6.1687130529e-24   9.9022803011e-14   1.3509401284e+05   2.0000000000e-02 
  1.8058553796e+21   5.3978646061e+17   2.2114033571e+61   6.1878497875e-24   9.9234709485e-14   1.3533707807e+05   2.0000000000e-02 
  1.8063944770e+21   5.3909741684e+17   2.2099003556e+61   6.2070029979e-24   9.9446614364e-14   1.3557935333e+05   2.0000000000e-02 
  1.8069328893e+21   5.3841228958e+17   2.2084087584e+61   6.2261730207e-24   9.9658521608e-14   1.3582084868e+05   2.0000000000e-02 
  1.8074706212e+21   5.3773187629e+17   2.2069318813e+61   6.2453602684e-24   9.9870436017e-14   1.3606157605e+05   2.0000000000e-02 
  1.8080076739e+21   5.3705268005e+17   2.2054554088e+61   6.2645651579e-24   1.0008236245e-13   1.3630154731e+05   2.0000000000e-02 
  1.8085440519e+21   5.3637806774e+17   2.2039931951e+61   6.2837881810e-24   1.0029430656e-13   1.3654077422e+05   2.0000000000e-02 
  1.8090797590e+21   5.3570704179e+17   2.2025411853e+61   6.3030299238e-24   1.0050627500e-13   1.3677926968e+05   2.0000000000e-02 
  1.8096147968e+21   5.3503781147e+17   2.2010920485e+61   6.3222909475e-24   1.0071827407e-13   1.3701704776e+05   2.0000000000e-02 
  1.8101491696e+21   5.3437285642e+17   2.1996560156e+61   6.3415719022e-24   1.0093031108e-13   1.3725412456e+05   2.0000000000e-02 
  1.8106828800e+21   5.3371030057e+17   2.1982254018e+61   6.3608736461e-24   1.0114239562e-13   1.3749051721e+05   2.0000000000e-02 
  1.8112159294e+21   5.3304946444e+17   2.1967974327e+61   6.3801972427e-24   1.0135453937e-13   1.3772624383e+05   2.0000000000e-02 
  1.8117483225e+21   5.3239310520e+17   2.1953835007e+61   6.3995439925e-24   1.0156675648e-13   1.3796132774e+05   2.0000000000e-02 
  1.8122800602e+21   5.3173769859e+17   2.1939691070e+61   6.4189153600e-24   1.0177906290e-13   1.3819579869e+05   2.0000000000e-02 
  1.8128111455e+21   5.3108531495e+17   2.1925628137e+61   6.4383130637e-24   1.0199147746e-13   1.3842968966e+05   2.0000000000e-02 
  1.8133415822e+21   5.3043668183e+17   2.1911676593e+61   6.4577391843e-24   1.0220402302e-13   1.3866303201e+05   2.0000000000e-02 
  1.8138713717e+21   5.2978950554e+17   2.1897742000e+61   6.4771957365e-24   1.0241672163e-13   1.3889585207e+05   2.0000000000e-02 
  1.8144005167e+21   5.2914493732e+17   2.1883872152e+61   6.4966840310e-24   1.0262958766e-13   1.3912817148e+05   2.0000000000e-02 
  1.8149290202e+21   5.2850358947e+17   2.1870092677e+61   6.5162042709e-24   1.0284262378e-13   1.3936000269e+05   2.0000000000e-02 
  1.8154568826e+21   5.2786236218e+17   2.1856275529e+61   6.5357554465e-24   1.0305581986e-13   1.3959133545e+05   2.0000000000e-02 
  1.8159841077e+21   5.2722509005e+17   2.1842579659e+61   6.5553354469e-24   1.0326915369e-13   1.3982212989e+05   2.0000000000e-02 
  1.8165106971e+21   5.2658942207e+17   2.1828907992e+61   6.5749408169e-24   1.0348258769e-13   1.4005232927e+05   2.0000000000e-02 
  1.8170366537e+21   5.2595653651e+17   2.1815309597e+61   6.5945669859e-24   1.0369607192e-13   1.4028188381e+05   2.0000000000e-02 
  1.8175619810e+21   5.2532734072e+17   2.1801822436e+61   6.6142102875e-24   1.0390956619e-13   1.4051076167e+05   2.0000000000e-02 
  1.8180866818e+21   5.2470079220e+17   2.1788403589e+61   6.6338706841e-24   1.0412306766e-13   1.4073896503e+05   2.0000000000e-02 
  1.8186107579e+21   5.2407610348e+17   2.1775020610e+61   6.6535524567e-24   1.0433662070e-13   1.4096658141e+05   2.0000000000e-02 
  1.8191342125e+21   5.2345460805e+17   2.1761729158e+61   6.6732767926e-24   1.0455061494e-13   1.4119378812e+05   2.0000000000e-02 
  1.8196570423e+21   5.2282981357e+17   2.1748259425e+61   6.6930599847e-24   1.0476509464e-13   1.4142113891e+05   2.0000000000e-02 
  1.8201792475e+21   5.2220518532e+17   2.1734755393e+61   6.7129360864e-24   1.0498039564e-13   1.4164877528e+05   2.0000000000e-02 
  1.8207008226e+21   5.2157512045e+17   2.1720983709e+61   6.7329110676e-24   1.0519657895e-13   1.4187714106e+05   2.0000000000e-02 
  1.8212217626e+21   5.2094002188e+17   2.1706960676e+61   6.7530217687e-24   1.0541403939e-13   1.4210644489e+05   2.0000000000e-02 
  1.8217420589e+21   5.2029628825e+17   2.1692535651e+61   6.7732858050e-24   1.0563295968e-13   1.4233723978e+05   2.0000000000e-02 
  1.8222617016e+21   5.1964265608e+17   2.1677655117e+61   6.7937519858e-24   1.0585385838e-13   1.4256998869e+05   2.0000000000e-02 
  1.8227806740e+21   5.1897236330e+17   2.1662035833e+61   6.8144650603e-24   1.0607720411e-13   1.4280553786e+05   2.0000000000e-02 
  1.8232989585e+21   5.1828451563e+17   2.1645638889e+61   6.8355029785e-24   1.0630382012e-13   1.4304486815e+05   2.0000000000e-02 
  1.8238165238e+21   5.1756529845e+17   2.1627885209e+61   6.8569599904e-24   1.0653469651e-13   1.4328944878e+05   2.0000000000e-02 
  1.8243333345e+21   5.1681069208e+17   2.1608603740e+61   6.8789735220e-24   1.0677128007e-13   1.4354118406e+05   2.0000000000e-02 
  1.8248493374e+21   5.1600298935e+17   2.1587050183e+61   6.9017238177e-24   1.0701546446e-13   1.4380271192e+05   2.0000000000e-02 
  1.8253644647e+21   5.1512722947e+17   2.1562593150e+61   6.9254574218e-24   1.0726984275e-13   1.4407751084e+05   2.0000000000e-02 
  1.8258786253e+21   5.1416058821e+17   2.1534270072e+61   6.9505114883e-24   1.0753793375e-13   1.4437005314e+05   2.0000000000e-02 
  1.8263917326e+21   5.1310737662e+17   2.1502253166e+61   6.9771605866e-24   1.0781710339e-13   1.4468266497e+05   2.0000000000e-02 
  1.8269037510e+21   5.1201838088e+17   2.1468664415e+61   7.0046141704e-24   1.0810260030e-13   1.4500276960e+05   2.0000000000e-02 
  1.8274147298e+21   5.1097878909e+17   2.1437075467e+61   7.0311824388e-24   1.0837906721e-13   1.4530974539e+05   2.0000000000e-02 
  1.8279247427e+21   5.1001286240e+17   2.1408509748e+61   7.0567514724e-24   1.0864468752e-13   1.4560038192e+05   2.0000000000e-02 
  1.8284338527e+21   5.0911005079e+17   2.1382531038e+61   7.0815753020e-24   1.0890218722e-13   1.4587865849e+05   2.0000000000e-02 
  1.8289421080e+21   5.0825522920e+17   2.1358509543e+61   7.1058232343e-24   1.0915337923e-13   1.4614721204e+05   2.0000000000e-02 
  1.8294495474e+21   5.0743947545e+17   2.1336074566e+61   7.1296144012e-24   1.0939953528e-13   1.4640789260e+05   2.0000000000e-02 
  1.8299562029e+21   5.0665546925e+17   2.1314921767e+61   7.1530404434e-24   1.0964162653e-13   1.4666210661e+05   2.0000000000e-02 
  1.8304621008e+21   5.0589794971e+17   2.1294832653e+61   7.1761816851e-24   1.0988049478e-13   1.4691108973e+05   2.0000000000e-02 
  1.8309672600e+21   5.0515918870e+17   2.1275484169e+61   7.1991189130e-24   1.1011698210e-13   1.4715607001e+05   2.0000000000e-02 
  1.8314716943e+21   5.0443431054e+17   2.1256672591e+61   7.2219449858e-24   1.1035205287e-13   1.4739829894e+05   2.0000000000e-02 
  1.8319754096e+21   5.0371528065e+17   2.1238060401e+61   7.2447301691e-24   1.1058678962e-13   1.4763912181e+05   2.0000000000e-02 
  1.8324784094e+21   5.0299980906e+17   2.1219551553e+61   7.2675564571e-24   1.1082184958e-13   1.4787931866e+05   2.0000000000e-02 
  1.8329806957e+21   5.0228625816e+17   2.1201077281e+61   7.2904418409e-24   1.1105728678e-13   1.4811926605e+05   2.0000000000e-02 
  1.8334822673e+21   5.0157156946e+17   2.1182508602e+61   7.3133963669e-24   1.1129320199e-13   1.4835907015e+05   2.0000000000e-02 
  1.8339831230e+21   5.0085577478e+17   2.1163846800e+61   7.3364335332e-24   1.1152972862e-13   1.4859893011e+05   2.0000000000e-02 
  1.8344832596e+21   5.0013660625e+17   2.1144995908e+61   7.3595757830e-24   1.1176709093e-13   1.4883913639e+05   2.0000000000e-02 
  1.8349826729e+21   4.9941324350e+17   2.1125920946e+61   7.3828567210e-24   1.1200562662e-13   1.4908012417e+05   2.0000000000e-02 
  1.8354813581e+21   4.9868523897e+17   2.1106602626e+61   7.4063321882e-24   1.1224588081e-13   1.4932237926e+05   2.0000000000e-02 
  1.8359793145e+21   4.9795635202e+17   2.1087199809e+61   7.4299408155e-24   1.1248744542e-13   1.4956520760e+05   2.0000000000e-02 
  1.8364765708e+21   4.9725627426e+17   2.1068970847e+61   7.4531680497e-24   1.1272510515e-13   1.4980218857e+05   2.0000000000e-02 
  1.8369731770e+21   4.9660621222e+17   2.1052817688e+61   7.4757221766e-24   1.1295577563e-13   1.5002909217e+05   2.0000000000e-02 
  1.8374691879e+21   4.9601091819e+17   2.1038946584e+61   7.4973858468e-24   1.1317724145e-13   1.5024317917e+05   2.0000000000e-02 
  1.8379646831e+21   4.9549524179e+17   2.1028417463e+61   7.5180030013e-24   1.1338798036e-13   1.5044250022e+05   2.0000000000e-02 
  1.8384597473e+21   4.9506414558e+17   2.1021448413e+61   7.5374333245e-24   1.1358728833e-13   1.5062564545e+05   2.0000000000e-02 
  1.8389544560e+21   4.9470874621e+17   2.1017669672e+61   7.5555644439e-24   1.1377321795e-13   1.5079088168e+05   2.0000000000e-02 
  1.8394489018e+21   4.9444582783e+17   2.1017801820e+61   7.5723438388e-24   1.1394520036e-13   1.5093765774e+05   2.0000000000e-02 
  1.8399431744e+21   4.9427258248e+17   2.1021733855e+61   7.5878442213e-24   1.1410395444e-13   1.5106709887e+05   2.0000000000e-02 
  1.8404373395e+21   4.9416507378e+17   2.1028455123e+61   7.6022599850e-24   1.1425143810e-13   1.5118165465e+05   2.0000000000e-02 
  1.8409314544e+21   4.9411485825e+17   2.1037612043e+61   7.6159058014e-24   1.1439076912e-13   1.5128535043e+05   2.0000000000e-02 
  1.8414255372e+21   4.9408282941e+17   2.1047543497e+61   7.6291475410e-24   1.1452631177e-13   1.5138456520e+05   2.0000000000e-02 
  1.8419195868e+21   4.9404956810e+17   2.1057423242e+61   7.6423918547e-24   1.1466640240e-13   1.5148393695e+05   2.0000000000e-02 
  1.8424135955e+21   4.9400872706e+17   2.1066980411e+61   7.6560086753e-24   1.1481022534e-13   1.5158919128e+05   2.0000000000e-02 
  1.8429075216e+21   4.9392611529e+17   2.1074755064e+61   7.6702225782e-24   1.1496024161e-13   1.5170164025e+05   2.0000000000e-02 
  1.8434013287e+21   4.9380707874e+17   2.1080971660e+61   7.6850557488e-24   1.1511670574e-13   1.5182270121e+05   2.0000000000e-02 
  1.8438949640e+21   4.9363529871e+17   2.1084929648e+61   7.7005839978e-24   1.1528042668e-13   1.5195210024e+05   2.0000000000e-02 
  1.8443883874e+21   4.9342337447e+17   2.1087162791e+61   7.7167329496e-24   1.1545062038e-13   1.5209002242e+05   2.0000000000e-02 
  1.8448815710e+21   4.9318365981e+17   2.1088195797e+61   7.7335140460e-24   1.1562740563e-13   1.5223533835e+05   2.0000000000e-02 
  1.8453744960e+21   4.9292498351e+17   2.1088403938e+61   7.7508186680e-24   1.1580962765e-13   1.5238766038e+05   2.0000000000e-02 
  1.8458671508e+21   4.9265476047e+17   2.1088102960e+61   7.7686280962e-24   1.1599708212e-13   1.5254567251e+05   2.0000000000e-02 
  1.8463595224e+21   4.9237167746e+17   2.1087235549e+61   7.7868380993e-24   1.1618865818e-13   1.5270881623e+05   2.0000000000e-02 
  1.8468515935e+21   4.9207104879e+17   2.1085599693e+61   7.8054207443e-24   1.1638405363e-13   1.5287593534e+05   2.0000000000e-02 
  1.8473433389e+21   4.9174540321e+17   2.1082873384e+61   7.8242907373e-24   1.1658235935e-13   1.5304650704e+05   2.0000000000e-02 
  1.8478347310e+21   4.9139211240e+17   2.1078941568e+61   7.8434228179e-24   1.1678330229e-13   1.5321963146e+05   2.0000000000e-02 
  1.8483257473e+21   4.9101629219e+17   2.1074021349e+61   7.8627525968e-24   1.1698619669e-13   1.5339491476e+05   2.0000000000e-02 
  1.8488163705e+21   4.9062321755e+17   2.1068337255e+61   7.8822631260e-24   1.1719085873e-13   1.5357171082e+05   2.0000000000e-02 
  1.8493065887e+21   4.9021821940e+17   2.1062116824e+61   7.9019090586e-24   1.1739680577e-13   1.5374977145e+05   2.0000000000e-02 
  1.8497963952e+21   4.8980644327e+17   2.1055580229e+61   7.9216817385e-24   1.1760394285e-13   1.5392866472e+05   2.0000000000e-02 
  1.8502857845e+21   4.8938934371e+17   2.1048789437e+61   7.9415502945e-24   1.1781194211e-13   1.5410825858e+05   2.0000000000e-02 
  1.8507747544e+21   4.8896990623e+17   2.1041872483e+61   7.9615133265e-24   1.1802078560e-13   1.5428826360e+05   2.0000000000e-02 
  1.8512633031e+21   4.8854868031e+17   2.1034852829e+61   7.9815466537e-24   1.1823021833e-13   1.5446864203e+05   2.0000000000e-02 
  1.8517514289e+21   4.8812584035e+17   2.1027737836e+61   8.0016567745e-24   1.1844030535e-13   1.5464915868e+05   2.0000000000e-02 
  1.8522391322e+21   4.8770329061e+17   2.1020609465e+61   8.0218192272e-24   1.1865079033e-13   1.5482986606e+05   2.0000000000e-02 
  1.8527264119e+21   4.8727970879e+17   2.1013410714e+61   8.0420480164e-24   1.1886181740e-13   1.5501053589e+05   2.0000000000e-02 
  1.8532132683e+21   4.8685631827e+17   2.1006194297e+61   8.0623187261e-24   1.1907313095e-13   1.5519128518e+05   2.0000000000e-02 
  1.8536997009e+21   4.8643267626e+17   2.0998941123e+61   8.0826509285e-24   1.1928493344e-13   1.5537190429e+05   2.0000000000e-02 
  1.8541857090e+21   4.8600806552e+17   2.0991620192e+61   8.1030230848e-24   1.1949699868e-13   1.5555256315e+05   2.0000000000e-02 
  1.8546712923e+21   4.8558327681e+17   2.0984265606e+61   8.1234569985e-24   1.1970955242e-13   1.5573311430e+05   2.0000000000e-02 
  1.8551564497e+21   4.8515744384e+17   2.0976839894e+61   8.1439362733e-24   1.1992242236e-13   1.5591376334e+05   2.0000000000e-02 
  1.8556411804e+21   4.8473066377e+17   2.0969347176e+61   8.1644845229e-24   1.2013585321e-13   1.5609441363e+05   2.0000000000e-02 
  1.8561254833e+21   4.8430291587e+17   2.0961786480e+61   8.1850906327e-24   1.2034972782e-13   1.5627527387e+05   2.0000000000e-02 
  1.8566093565e+21   4.8387321797e+17   2.0954115183e+61   8.2057765748e-24   1.2056427365e-13   1.5645628423e+05   2.0000000000e-02 
  1.8570927987e+21   4.8344214492e+17   2.0946358035e+61   8.2265328384e-24   1.2077939058e-13   1.5663763423e+05   2.0000000000e-02 
  1.8575758075e+21   4.8300883016e+17   2.0938477347e+61   8.2473759529e-24   1.2099522467e-13   1.5681925177e+05   2.0000000000e-02 
  1.8580583809e+21   4.8257344571e+17   2.0930480390e+61   8.2682926130e-24   1.2121165514e-13   1.5700119691e+05   2.0000000000e-02 
  1.8585405179e+21   4.8213694662e+17   2.0922408444e+61   8.2892899547e-24   1.2142876484e-13   1.5718335314e+05   2.0000000000e-02 
  1.8590222162e+21   4.8169827953e+17   2.0914215674e+61   8.3103563719e-24   1.2164643221e-13   1.5736575135e+05   2.0000000000e-02 
  1.8595034752e+21   4.8125898520e+17   2.0905968844e+61   8.3314947923e-24   1.2186468728e-13   1.5754829035e+05   2.0000000000e-02 
  1.8599842933e+21   4.8081814962e+17   2.0897628174e+61   8.3526962772e-24   1.2208343640e-13   1.5773096362e+05   2.0000000000e-02 
  1.8604646700e+21   4.8037669762e+17   2.0889233765e+61   8.3739621588e-24   1.2230269258e-13   1.5791368435e+05   2.0000000000e-02 
  1.8609446046e+21   4.7993458548e+17   2.0880783670e+61   8.3952860138e-24   1.2252238787e-13   1.5809644356e+05   2.0000000000e-02 
  1.8614240964e+21   4.7949181438e+17   2.0872277892e+61   8.4166677126e-24   1.2274252006e-13   1.5827919627e+05   2.0000000000e-02 
  1.8619031449e+21   4.7904852841e+17   2.0863722663e+61   8.4381037641e-24   1.2296305205e-13   1.5846194194e+05   2.0000000000e-02 
  1.8623817501e+21   4.7860516572e+17   2.0855137046e+61   8.4595955077e-24   1.2318399693e-13   1.5864465537e+05   2.0000000000e-02 
  1.8628599110e+21   4.7816085986e+17   2.0846483261e+61   8.4811426411e-24   1.2340535026e-13   1.5882734027e+05   2.0000000000e-02 
  1.8633376280e+21   4.7771704212e+17   2.0837823685e+61   8.5027459498e-24   1.2362711927e-13   1.5901000116e+05   2.0000000000e-02 
  1.8638148999e+21   4.7727189613e+17   2.0829079083e+61   8.5244059162e-24   1.2384930801e-13   1.5919265069e+05   2.0000000000e-02 
  1.8642917270e+21   4.7682712902e+17   2.0820323909e+61   8.5461227660e-24   1.2407191841e-13   1.5937530037e+05   2.0000000000e-02 
  1.8647681083e+21   4.7638125256e+17   2.0811493178e+61   8.5678981530e-24   1.2429496678e-13   1.5955794621e+05   2.0000000000e-02 
  1.8652440435e+21   4.7593519146e+17   2.0802627229e+61   8.5897314767e-24   1.2451844627e-13   1.5974059561e+05   2.0000000000e-02 
  1.8657195322e+21   4.7548871166e+17   2.0793715823e+61   8.6116230886e-24   1.2474236007e-13   1.5992323942e+05   2.0000000000e-02 
  1.8661945738e+21   4.7504160090e+17   2.0784749645e+61   8.6335725368e-24   1.2496670272e-13   1.6010586985e+05   2.0000000000e-02 
  1.8666691682e+21   4.7459444351e+17   2.0775754237e+61   8.6555784235e-24   1.2519145956e-13   1.6028847840e+05   2.0000000000e-02 
  1.8671433151e+21   4.7414690404e+17   2.0766714913e+61   8.6776414334e-24   1.2541663628e-13   1.6047104503e+05   2.0000000000e-02 
  1.8676170141e+21   4.7369896752e+17   2.0757630994e+61   8.6997570373e-24   1.2564218661e-13   1.6065358391e+05   2.0000000000e-02 
  1.8680902653e+21   4.7325117164e+17   2.0748526040e+61   8.7219297302e-24   1.2586815517e-13   1.6083604986e+05   2.0000000000e-02 
  1.8685630679e+21   4.7280261547e+17   2.0739360545e+61   8.7441531632e-24   1.2609447726e-13   1.6101847640e+05   2.0000000000e-02 
  1.8690354218e+21   4.7235396665e+17   2.0730163765e+61   8.7664367604e-24   1.2632124666e-13   1.6120079771e+05   2.0000000000e-02 
  1.8695073269e+21   4.7190505548e+17   2.0720928251e+61   8.7887681561e-24   1.2654833754e-13   1.6138311164e+05   2.0000000000e-02 
  1.8699787825e+21   4.7145560155e+17   2.0711641670e+61   8.8111617136e-24   1.2677589456e-13   1.6156532974e+05   2.0000000000e-02 
  1.8704497890e+21   4.7100652924e+17   2.0702344629e+61   8.8336024143e-24   1.2700376590e-13   1.6174757260e+05   2.0000000000e-02 
  1.8709203453e+21   4.7055622470e+17   2.0692966186e+61   8.8561129430e-24   1.2723217964e-13   1.6192969551e+05   2.0000000000e-02 
  1.8713904518e+21   4.7010659263e+17   2.0683590069e+61   8.8786710908e-24   1.2746091000e-13   1.6211188428e+05   2.0000000000e-02 
  1.8718601074e+21   4.6965556278e+17   2.0674125197e+61   8.9013015981e-24   1.2769020614e-13   1.6229398930e+05   2.0000000000e-02 
  1.8723293126e+21   4.6920520163e+17   2.0664662494e+61   8.9239771657e-24   1.2791979283e-13   1.6247622488e+05   2.0000000000e-02 
  1.8727980659e+21   4.6875331815e+17   2.0655105463e+61   8.9467329940e-24   1.2815002483e-13   1.6265835094e+05   2.0000000000e-02 
  1.8732663676e+21   4.6830170487e+17   2.0645533030e+61   8.9695370707e-24   1.2838057748e-13   1.6284061425e+05   2.0000000000e-02 
  1.8737342163e+21   4.6784867214e+17   2.0635870685e+61   8.9924251407e-24   1.2861180935e-13   1.6302278569e+05   2.0000000000e-02 
  1.8742016124e+21   4.6739610507e+17   2.0626201528e+61   9.0153551378e-24   1.2884329690e-13   1.6320518406e+05   2.0000000000e-02 
  1.8746685540e+21   4.6694163614e+17   2.0616421059e+61   9.0383741912e-24   1.2907551486e-13   1.6338748116e+05   2.0000000000e-02 
  1.8751350420e+21   4.6648793942e+17   2.0606647277e+61   9.0614391935e-24   1.2930802802e-13   1.6356999835e+05   2.0000000000e-02 
  1.8756010735e+21   4.6603149478e+17   2.0596724650e+61   9.0846005171e-24   1.2954134334e-13   1.6375237704e+05   2.0000000000e-02 
  1.8760666493e+21   4.6557583719e+17   2.0586809299e+61   9.1078202762e-24   1.2977506638e-13   1.6393497969e+05   2.0000000000e-02 
  1.8765317681e+21   4.6511876512e+17   2.0576803888e+61   9.1310965836e-24   1.3000917444e-13   1.6411806435e+05   2.0000000000e-02 
  1.8769964253e+21   4.6465721381e+17   2.0566572622e+61   9.1544792062e-24   1.3024428507e-13   1.6430110598e+05   2.0000000000e-02 
  1.8774605639e+21   4.6413863737e+17   2.0553787621e+61   9.1784220390e-24   1.3048462834e-13   1.6448271574e+05   2.0000000000e-02 
  1.8779239182e+21   4.6335425143e+17   2.0529191306e+61   9.2049909070e-24   1.3074874346e-13   1.6469272282e+05   2.0000000000e-02 
  1.8783865510e+21   4.6263279395e+17   2.0507336181e+61   9.2376444565e-24   1.3107899253e-13   1.6499188944e+05   2.0000000000e-02 
  1.8788506949e+21   4.6414394196e+17   2.0584475196e+61   9.2415329432e-24   1.3112953466e-13   1.6502007355e+05   2.0000000000e-02 
  1.8793304102e+21   4.7971523470e+17   2.1285742077e+61   9.1634917913e-24   1.3040934997e-13   1.6398784115e+05   2.0000000000e-02 
  1.8799458668e+21   6.1545659813e+17   2.7324724804e+61   8.2848100317e-24   1.2174678579e-13   1.5587951654e+05   2.0000000000e-02 
  1.8809992632e+21   1.0533964487e+18   4.6809686082e+61   4.9827093444e-24   8.7182354464e-14   1.0365738431e+05   2.0000000000e-02 
  1.8825843416e+21   1.5850784327e+18   7.0534857146e+61   2.7196229722e-24   5.8986036245e-14   3.0069644203e+04   2.0000000000e-02 
  1.8844397321e+21   1.8553904597e+18   8.2714570357e+61   2.3059202928e-24   5.3085813989e-14   5.5209680175e+03   2.0000000000e-02 
  1.8863592671e+21   1.9195350112e+18   8.5745771898e+61   2.2373918699e-24   5.2063757467e-14   8.7805646264e+02   2.0000000000e-02 
  1.8882897713e+21   1.9305041530e+18   8.6411950123e+61   2.2265685731e-24   5.1901187818e-14   1.3607099344e+02   2.0000000000e-02 
  1.8902219968e+21   1.9322255694e+18   8.6666108010e+61   2.2248925663e-24   5.1875983132e-14   2.0977379499e+01   2.0000000000e-02 
  1.8921544884e+21   1.9324915374e+18   8.6855439263e+61   2.2246342133e-24   5.1872096611e-14   3.2271878314e+00   2.0000000000e-02 
  1.8940870208e+21   1.9325324728e+18   8.7034880118e+61   2.2245944693e-24   5.1871498591e-14   4.9565126647e-01   2.0000000000e-02 
  1.8960195596e+21   1.9325387615e+18   8.7212948500e+61   2.2245883650e-24   5.1871406723e-14   7.5998909930e-02   2.0000000000e-02 
  1.8979520993e+21   1.9325397255e+18   8.7390958982e+61   2.2245874293e-24   5.1871392637e-14   1.1641624030e-02   2.0000000000e-02 
  1.8998846392e+21   1.9325398737e+18   8.7569114120e+61   2.2245872854e-24   5.1871390472e-14   1.7845010927e-03   2.0000000000e-02 
  1.9018171791e+21   1.9325398970e+18   8.7747445021e+61   2.2245872628e-24   5.1871390134e-14   2.3842577989e-04   2.0000000000e-02 
  1.9037497190e+21   1.9325399000e+18   8.7925956394e+61   2.2245872598e-24   5.1871390087e-14   2.0770575656e-05   2.0000000000e-02 
  1.9056822589e+21   1.9325399000e+18   8.8104649028e+61   2.2245872600e-24   5.1871390085e-14  -2.9628832454e-07   2.0000000000e-02 
  1.9076147988e+21   1.9325399000e+18   8.8283523057e+61   2.2245872600e-24   5.1871390085e-14  -1.8000548116e-06   2.0000000000e-02 
  1.9095473387e+21   1.9325399000e+18   8.8462578481e+61   2.2245872600e-24   5.1871390085e-14  -1.6722946418e-06   2.0000000000e-02 
  1.9114798786e+21   1.9325399000e+18   8.8641815300e+61   2.2245872600e-24   5.1871390085e-14  -1.3377968107e-06   2.0000000000e-02 
  1.9134124185e+21   1.9325399000e+18   8.8821233514e+61   2.2245872600e-24   5.1871390085e-14  -1.2117615565e-06   2.0000000000e-02 
  1.9153449584e+21   1.9325399000e+18   8.9000833123e+61   2.2245872600e-24   5.1871390085e-14  -1.0236386490e-06   2.0000000000e-02 
  1.9172774983e+21   1.9325399000e+18   8.9180614127e+61   2.2245872600e-24   5.1871390085e-14  -4.6013378030e-07   2.0000000000e-02 
  1.9192100382e+21   1.9325399000e+18   8.9360576526e+61   2.2245872600e-24   5.1871390084e-14  -4.7152859645e-07   2.0000000000e-02 
  1.9211425782e+21   1.9325400000e+18   8.9540724957e+61   2.2245872600e-24   5.1871390085e-14  -1.0764921391e-06   2.0000000000e-02 
  1.9230751181e+21   1.9325399000e+18   8.9721045518e+61   2.2245872600e-24   5.1871390085e-14  -8.0634573441e-07   2.0000000000e-02 
  1.9250076580e+21   1.9325399000e+18   8.9901552101e+61   2.2245872600e-24   5.1871390085e-14  -8.7055652219e-07   2.0000000000e-02 
  1.9269401979e+21   1.9325399000e+18   9.0082240080e+61   2.2245872600e-24   5.1871390085e-14  -1.1170207774e-06   2.0000000000e-02 
  1.9288727378e+21   1.9325399000e+18   9.0263109454e+61   2.2245872600e-24   5.1871390085e-14  -1.1822150660e-06   2.0000000000e-02 
  1.9308052777e+21   1.9325399000e+18   9.0444160223e+61   2.2245872600e-24   5.1871390085e-14  -1.1757110798e-06   2.0000000000e-02 
  1.9327378176e+21   1.9325399000e+18   9.0625392386e+61   2.2245872600e-24   5.1871390085e-14  -1.1689447944e-06   2.0000000000e-02 
  1.9346703575e+21   1.9325399000e+18   9.0806805945e+61   2.2245872600e-24   5.1871390085e-14  -1.1652737842e-06   2.0000000000e-02 
  1.9366028974e+21   1.9325399000e+18   9.0988400899e+61   2.2245872600e-24   5.1871390085e-14  -1.1631219638e-06   2.0000000000e-02 
  1.9385354373e+21   1.9325399000e+18   9.1170177248e+61   2.2245872600e-24   5.1871390085e-14  -1.1691922964e-06   2.0000000000e-02 
  1.9404679772e+21   1.9325399000e+18   9.1352134991e+61   2.2245872600e-24   5.1871390085e-14  -1.1761164954e-06   2.0000000000e-02 
  1.9424005171e+21   1.9325399000e+18   9.1534274130e+61   2.2245872600e-24   5.1871390085e-14  -1.2008024454e-06   2.0000000000e-02 
  1.9443330570e+21   1.9325399000e+18   9.1716594664e+61   2.2245872600e-24   5.1871390085e-14  -1.2330844177e-06   2.0000000000e-02 
  1.9462655969e+21   1.9325399000e+18   9.1899096592e+61   2.2245872600e-24   5.1871390085e-14  -1.2464406883e-06   2.0000000000e-02 
  1.9481981368e+21   1.9325399000e+18   9.2081779916e+61   2.2245872600e-24   5.1871390085e-14  -1.2294291410e-06   2.0000000000e-02 
  1.9501306767e+21   1.9325399000e+18   9.2264644634e+61   2.2245872600e-24   5.1871390085e-14  -1.2229469440e-06   2.0000000000e-02 
  1.9520632166e+21   1.9325399000e+18   9.2447690748e+61   2.2245872600e-24   5.1871390085e-14  -1.1952675573e-06   2.0000000000e-02 
  1.9539957565e+21   1.9325399000e+18   9.2630918256e+61   2.2245872600e-24   5.1871390085e-14  -1.0488351507e-06   2.0000000000e-02 
  1.9559282965e+21   1.9325400000e+18   9.2814331967e+61   2.2245872600e-24   5.1871390085e-14  -3.6199065683e-07   2.0000000000e-02 
  1.9578608364e+21   1.9325399000e+18   9.2997917468e+61   2.2245872600e-24   5.1871390085e-14  -1.9404793222e-07   2.0000000000e-02 
  1.9597933763e+21   1.9325399000e+18   9.3181689161e+61   2.2245872600e-24   5.1871390085e-14  -3.7704922750e-07   2.0000000000e-02 
  1.9617259162e+21   1.9325399000e+18   9.3365642250e+61   2.2245872600e-24   5.1871390085e-14   3.6500889799e-07   2.0000000000e-02 
  1.9636584561e+21   1.9325399000e+18   9.3549776733e+61   2.2245872600e-24   5.1871390085e-14   9.7908863038e-07   2.0000000000e-02 
  1.9655909960e+21   1.9325399000e+18   9.3734092612e+61   2.2245872600e-24   5.1871390085e-14   1.1727909703e-06   2.0000000000e-02 
  1.9675235359e+21   1.9325399000e+18   9.3918589885e+61   2.2245872600e-24   5.1871390085e-14   1.2394862601e-06   2.0000000000e-02 
  1.9694560758e+21   1.9325399000e+18   9.4103268554e+61   2.2245872600e-24   5.1871390085e-14   1.2288797043e-06   2.0000000000e-02 
  1.9713886157e+21   1.9325399000e+18   9.4288128617e+61   2.2245872600e-24   5.1871390085e-14   1.2343168392e-06   2.0000000000e-02 
  1.9733211556e+21   1.9325399000e+18   9.4473170075e+61   2.2245872600e-24   5.1871390085e-14   1.2742375492e-06   2.0000000000e-02 
  1.9752536955e+21   1.9325399000e+18   9.4658392929e+61   2.2245872600e-24   5.1871390085e-14   1.2769529829e-06   2.0000000000e-02 
  1.9771862354e+21   1.9325399000e+18   9.4843797177e+61   2.2245872600e-24   5.1871390085e-14   1.2422781669e-06   2.0000000000e-02 
  1.9791187753e+21   1.9325399000e+18   9.5029382820e+61   2.2245872600e-24   5.1871390085e-14   1.3656745464e-06   2.0000000000e-02 
  1.9810513152e+21   1.9325399000e+18   9.5215149859e+61   2.2245872600e-24   5.1871390085e-14   1.7244382531e-06   2.0000000000e-02 
  1.9829838551e+21   1.9325399000e+18   9.5401098292e+61   2.2245872600e-24   5.1871390085e-14   2.0348884019e-06   2.0000000000e-02 
  1.9849163950e+21   1.9325399000e+18   9.5587228120e+61   2.2245872600e-24   5.1871390085e-14   2.1531605580e-06   2.0000000000e-02 
  1.9868489349e+21   1.9325399000e+18   9.5773539343e+61   2.2245872600e-24   5.1871390085e-14   2.0735850378e-06   2.0000000000e-02 
  1.9887814748e+21   1.9325399000e+18   9.5960031962e+61   2.2245872600e-24   5.1871390085e-14   1.6522857209e-06   2.0000000000e-02 
  1.9907140147e+21   1.9325399000e+18   9.6146705975e+61   2.2245872600e-24   5.1871390085e-14   1.2405577388e-06   2.0000000000e-02 
  1.9926465546e+21   1.9325399000e+18   9.6333561383e+61   2.2245872600e-24   5.1871390085e-14   1.1935985147e-06   2.0000000000e-02 
  1.9945790945e+21   1.9325399000e+18   9.6520598186e+61   2.2245872600e-24   5.1871390085e-14   1.1660185140e-06   2.0000000000e-02 
  1.9965116344e+21   1.9325399000e+18   9.6707816384e+61   2.2245872600e-24   5.1871390085e-14   1.1264643702e-06   2.0000000000e-02 
  1.9984441743e+21   1.9325399000e+18   9.6895215977e+61   2.2245872600e-24   5.1871390085e-14   1.0605442220e-06   2.0000000000e-02 
  2.0003767142e+21   1.9325399000e+18   9.7082796965e+61   2.2245872600e-24   5.1871390085e-14   8.6958867983e-07   2.0000000000e-02 
  2.0023092541e+21   1.9325399000e+18   9.7270559349e+61   2.2245872600e-24   5.1871390085e-14  -1.7614228819e-08   2.0000000000e-02 
  2.0042417940e+21   1.9325399000e+18   9.7458503127e+61   2.2245872600e-24   5.1871390085e-14  -9.0397954227e-07   2.0000000000e-02 
  2.0061743339e+21   1.9325399000e+18   9.7646628300e+61   2.2245872600e-24   5.1871390085e-14  -1.1037574829e-06   2.0000000000e-02 
  2.0081068738e+21   1.9325399000e+18   9.7834934868e+61   2.2245872600e-24   5.1871390085e-14  -1.1862264820e-06   2.0000000000e-02 
  2.0100394137e+21   1.9325399000e+18   9.8023422831e+61   2.2245872600e-24   5.1871390085e-14  -1.4026965786e-06   2.0000000000e-02 
  2.0119719536e+21   1.9325399000e+18   9.8212092189e+61   2.2245872600e-24   5.1871390085e-14  -1.8114376644e-06   2.0000000000e-02 
  2.0139044935e+21   1.9325399000e+18   9.8400942942e+61   2.2245872600e-24   5.1871390085e-14  -2.0860929681e-06   2.0000000000e-02 
  2.0158370334e+21   1.9325399000e+18   9.8589975090e+61   2.2245872600e-24   5.1871390085e-14  -2.0927375753e-06   2.0000000000e-02 
  2.0177695733e+21   1.9325399000e+18   9.8779188633e+61   2.2245872600e-24   5.1871390085e-14  -2.0735307844e-06   2.0000000000e-02 
  2.0197021132e+21   1.9325399000e+18   9.8968583570e+61   2.2245872600e-24   5.1871390085e-14  -2.0734388765e-06   2.0000000000e-02 
  2.0216346531e+21   1.9325399000e+18   9.9158159903e+61   2.2245872600e-24   5.1871390085e-14  -2.0784102999e-06   2.0000000000e-02 
  2.0235671930e+21   1.9325399000e+18   9.9347917631e+61   2.2245872600e-24   5.1871390085e-14  -2.0331710821e-06   2.0000000000e-02 
  2.0254997329e+21   1.9325399000e+18   9.9537856754e+61   2.2245872600e-24   5.1871390085e-14  -2.0401785386e-06   2.0000000000e-02 
  2.0274322728e+21   1.9325399000e+18   9.9727977272e+61   2.2245872600e-24   5.1871390085e-14  -2.1151700896e-06   2.0000000000e-02 
  2.0293648127e+21   1.9325399000e+18   9.9918279185e+61   2.2245872600e-24   5.1871390085e-14  -2.1335020639e-06   2.0000000000e-02 
  2.0312973526e+21   1.9325399000e+18   1.0010876249e+62   2.2245872600e-24   5.1871390085e-14  -2.1488833616e-06   2.0000000000e-02 
  2.0332298925e+21   1.9325399000e+18   1.0029942720e+62   2.2245872600e-24   5.1871390085e-14  -2.1630036045e-06   2.0000000000e-02 
  2.0351624324e+21   1.9325399000e+18   1.0049027329e+62   2.2245872600e-24   5.1871390085e-14  -2.1518423212e-06   2.0000000000e-02 
  2.0370949723e+21   1.9325399000e+18   1.0068130079e+62   2.2245872600e-24   5.1871390085e-14  -2.1845632695e-06   2.0000000000e-02 
  2.0390275122e+21   1.9325399000e+18   1.0087250967e+62   2.2245872600e-24   5.1871390085e-14  -2.2012308499e-06   2.0000000000e-02 
  2.0409600521e+21   1.9325399000e+18   1.0106389996e+62   2.2245872600e-24   5.1871390085e-14  -2.2083789838e-06   2.0000000000e-02 
  2.0428925920e+21   1.9325399000e+18   1.0125547163e+62   2.2245872600e-24   5.1871390085e-14  -2.1967090363e-06   2.0000000000e-02 
  2.0448251319e+21   1.9325399000e+18   1.0144722471e+62   2.2245872600e-24   5.1871390085e-14  -2.2149025309e-06   2.0000000000e-02 
  2.0467576718e+21   1.9325399000e+18   1.0163915917e+62   2.2245872600e-24   5.1871390085e-14  -2.2488618363e-06   2.0000000000e-02 
  2.0486902117e+21   1.9325399000e+18   1.0183127504e+62   2.2245872600e-24   5.1871390085e-14  -2.2558723124e-06   2.0000000000e-02 
  2.0506227516e+21   1.9325399000e+18   1.0202357229e+62   2.2245872600e-24   5.1871390085e-14  -2.2597792823e-06   2.0000000000e-02 
  2.0525552915e+21   1.9325399000e+18   1.0221605095e+62   2.2245872600e-24   5.1871390085e-14  -2.2472136256e-06   2.0000000000e-02 
  2.0544878314e+21   1.9325399000e+18   1.0240871099e+62   2.2245872600e-24   5.1871390085e-14  -2.1983039087e-06   2.0000000000e-02 
  2.0564203713e+21   1.9325399000e+18   1.0260155244e+62   2.2245872600e-24   5.1871390085e-14  -2.1828019576e-06   2.0000000000e-02 
  2.0583529112e+21   1.9325399000e+18   1.0279457527e+62   2.2245872600e-24   5.1871390085e-14  -2.1836857637e-06   2.0000000000e-02 
  2.0602854511e+21   1.9325399000e+18   1.0298777951e+62   2.2245872600e-24   5.1871390085e-14  -2.2502621513e-06   2.0000000000e-02 
  2.0622179910e+21   1.9325399000e+18   1.0318116513e+62   2.2245872600e-24   5.1871390085e-14  -2.1574840181e-06   2.0000000000e-02 
  2.0641505309e+21   1.9325399000e+18   1.0337473216e+62   2.2245872600e-24   5.1871390085e-14  -1.8313036366e-06   2.0000000000e-02 
  2.0660830708e+21   1.9325399000e+18   1.0356848057e+62   2.2245872600e-24   5.1871390085e-14  -1.4587023871e-06   2.0000000000e-02 
  2.0680156107e+21   1.9325399000e+18   1.0376241039e+62   2.2245872600e-24   5.1871390085e-14  -1.1920078914e-06   2.0000000000e-02 
  2.0699481506e+21   1.9325399000e+18   1.0395652159e+62   2.2245872600e-24   5.1871390085e-14  -1.1635299030e-06   2.0000000000e-02 
  2.0718806905e+21   1.9325399000e+18   1.0415081420e+62   2.2245872600e-24   5.1871390085e-14  -1.3866385227e-06   2.0000000000e-02 
  2.0738132304e+21   1.9325399000e+18   1.0434528819e+62   2.2245872600e-24   5.1871390085e-14  -1.5904770751e-06   2.0000000000e-02 
  2.0757457703e+21   1.9325399000e+18   1.0453994359e+62   2.2245872600e-24   5.1871390085e-14  -1.6177584763e-06   2.0000000000e-02 
  2.0776783102e+21   1.9325399000e+18   1.0473478037e+62   2.2245872600e-24   5.1871390085e-14  -1.7568860369e-06   2.0000000000e-02 
  2.0796108501e+21   1.9325399000e+18   1.0492979856e+62   2.2245872600e-24   5.1871390085e-14  -1.9011229797e-06   2.0000000000e-02 
  2.0815433900e+21   1.9325399000e+18   1.0512499813e+62   2.2245872600e-24   5.1871390085e-14  -2.0424810068e-06   2.0000000000e-02 
  2.0834759299e+21   1.9325399000e+18   1.0532037911e+62   2.2245872600e-24   5.1871390086e-14  -2.1226142236e-06   2.0000000000e-02 
  2.0854084698e+21   1.9325399000e+18   1.0551594147e+62   2.2245872600e-24   5.1871390086e-14  -2.3043347372e-06   2.0000000000e-02 
  2.0873410097e+21   1.9325399000e+18   1.0571168524e+62   2.2245872600e-24   5.1871390086e-14  -2.3020414855e-06   2.0000000000e-02 
  2.0892735496e+21   1.9325399000e+18   1.0590761039e+62   2.2245872600e-24   5.1871390086e-14  -2.2344201582e-06   2.0000000000e-02 
  2.0912060895e+21   1.9325399000e+18   1.0610371695e+62   2.2245872600e-24   5.1871390086e-14  -2.1617679474e-06   2.0000000000e-02 
  2.0931386294e+21   1.9325399000e+18   1.0630000489e+62   2.2245872600e-24   5.1871390086e-14  -2.1297097292e-06   2.0000000000e-02 
  2.0950711693e+21   1.9325399000e+18   1.0649647423e+62   2.2245872600e-24   5.1871390086e-14  -2.1133380366e-06   2.0000000000e-02 
  2.0970037092e+21   1.9325399000e+18   1.0669312497e+62   2.2245872600e-24   5.1871390086e-14  -2.1198499299e-06   2.0000000000e-02 
  2.0989362491e+21   1.9325399000e+18   1.0688995710e+62   2.2245872600e-24   5.1871390086e-14  -2.1466094520e-06   2.0000000000e-02 
  2.1008687890e+21   1.9325399000e+18   1.0708697063e+62   2.2245872600e-24   5.1871390086e-14  -2.2294197817e-06   2.0000000000e-02 
  2.1028013289e+21   1.9325399000e+18   1.0728416555e+62   2.2245872600e-24   5.1871390086e-14  -2.2460521547e-06   2.0000000000e-02 
  2.1047338688e+21   1.9325399000e+18   1.0748154187e+62   2.2245872600e-24   5.1871390086e-14  -2.1936975617e-06   2.0000000000e-02 
  2.1066664087e+21   1.9325399000e+18   1.0767909958e+62   2.2245872600e-24   5.1871390086e-14  -2.1267910811e-06   2.0000000000e-02 
  2.1085989486e+21   1.9325399000e+18   1.0787683869e+62   2.2245872600e-24   5.1871390086e-14  -2.0758420200e-06   2.0000000000e-02 
  2.1105314885e+21   1.9325399000e+18   1.0807475919e+62   2.2245872600e-24   5.1871390086e-14  -2.0527675110e-06   2.0000000000e-02 
  2.1124640284e+21   1.9325399000e+18   1.0827286109e+62   2.2245872600e-24   5.1871390086e-14  -1.9915055591e-06   2.0000000000e-02 
  2.1143965683e+21   1.9325399000e+18   1.0847114438e+62   2.2245872600e-24   5.1871390086e-14  -1.9340922273e-06   2.0000000000e-02 
  2.1163291082e+21   1.9325399000e+18   1.0866960907e+62   2.2245872600e-24   5.1871390086e-14  -1.7977547412e-06   2.0000000000e-02 
  2.1182616481e+21   1.9325399000e+18   1.0886825515e+62   2.2245872600e-24   5.1871390086e-14  -1.7115217959e-06   2.0000000000e-02 
  2.1201941880e+21   1.9325399000e+18   1.0906708263e+62   2.2245872600e-24   5.1871390086e-14  -1.8317260966e-06   2.0000000000e-02 
  2.1221267279e+21   1.9325399000e+18   1.0926609150e+62   2.2245872600e-24   5.1871390086e-14  -1.9266662248e-06   2.0000000000e-02 
  2.1240592678e+21   1.9325399000e+18   1.0946528177e+62   2.2245872600e-24   5.1871390086e-14  -1.9396300846e-06   2.0000000000e-02 
  2.1259918077e+21   1.9325399000e+18   1.0966465343e+62   2.2245872600e-24   5.1871390086e-14  -1.9145707841e-06   2.0000000000e-02 
  2.1279243476e+21   1.9325399000e+18   1.0986420648e+62   2.2245872600e-24   5.1871390086e-14  -1.8805594517e-06   2.0000000000e-02 
  2.1298568875e+21   1.9325399000e+18   1.1006394094e+62   2.2245872600e-24   5.1871390086e-14  -1.7842699955e-06   2.0000000000e-02 
  2.1317894274e+21   1.9325399000e+18   1.1026385678e+62   2.2245872600e-24   5.1871390086e-14  -1.4888640399e-06   2.0000000000e-02 
  2.1337219673e+21   1.9325399000e+18   1.1046395402e+62   2.2245872600e-24   5.1871390086e-14  -1.0788077924e-06   2.0000000000e-02 
  2.1356545072e+21   1.9325399000e+18   1.1066423266e+62   2.2245872600e-24   5.1871390085e-14  -9.6748392001e-07   2.0000000000e-02 
  2.1375870471e+21   1.9325399000e+18   1.1086469269e+62   2.2245872600e-24   5.1871390085e-14  -6.9429969008e-07   2.0000000000e-02 
  2.1395195870e+21   1.9325399000e+18   1.1106533412e+62   2.2245872600e-24   5.1871390085e-14   1.0978763966e-07   2.0000000000e-02 
  2.1414521269e+21   1.9325399000e+18   1.1126615694e+62   2.2245872600e-24   5.1871390085e-14   9.3152795179e-07   2.0000000000e-02 
  2.1433846668e+21   1.9325399000e+18   1.1146716116e+62   2.2245872600e-24   5.1871390085e-14   1.0895268511e-06   2.0000000000e-02 
  2.1453172067e+21   1.9325399000e+18   1.1166834677e+62   2.2245872600e-24   5.1871390085e-14   1.3377966302e-06   2.0000000000e-02 
  2.1472497466e+21   1.9325399000e+18   1.1186971378e+62   2.2245872600e-24   5.1871390085e-14   1.6671573972e-06   2.0000000000e-02 
  2.1491822865e+21   1.9325399000e+18   1.1207126218e+62   2.2245872600e-24   5.1871390085e-14   1.8618672336e-06   2.0000000000e-02 
  2.1511148264e+21   1.9325399000e+18   1.1227299198e+62   2.2245872600e-24   5.1871390085e-14   1.9354599930e-06   2.0000000000e-02 
  2.1530473663e+21   1.9325399000e+18   1.1247490317e+62   2.2245872600e-24   5.1871390085e-14   1.9930835871e-06   2.0000000000e-02 
  2.1549799062e+21   1.9325399000e+18   1.1267699575e+62   2.2245872600e-24   5.1871390085e-14   2.0746371534e-06   2.0000000000e-02 
  2.1569124461e+21   1.9325399000e+18   1.1287926974e+62   2.2245872600e-24   5.1871390085e-14   2.3360406082e-06   2.0000000000e-02 
  2.1588449860e+21   1.9325399000e+18   1.1308172511e+62   2.2245872600e-24   5.1871390085e-14   2.7136972810e-06   2.0000000000e-02 
  2.1607775259e+21   1.9325399000e+18   1.1328436188e+62   2.2245872600e-24   5.1871390085e-14   3.1122857399e-06   2.0000000000e-02 
  2.1627100658e+21   1.9325399000e+18   1.1348718005e+62   2.2245872600e-24   5.1871390085e-14   3.8947809430e-06   2.0000000000e-02 
  2.1646426057e+21   1.9325399000e+18   1.1369017961e+62   2.2245872600e-24   5.1871390085e-14   4.6815341482e-06   2.0000000000e-02 
  2.1665751456e+21   1.9325399000e+18   1.1389336057e+62   2.2245872600e-24   5.1871390085e-14   5.1025657092e-06   2.0000000000e-02 
  2.1685076855e+21   1.9325399000e+18   1.1409672292e+62   2.2245872600e-24   5.1871390085e-14   5.4052739146e-06   2.0000000000e-02 
  2.1704402254e+21   1.9325399000e+18   1.1430026667e+62   2.2245872600e-24   5.1871390085e-14   5.6367644647e-06   2.0000000000e-02 
  2.1723727653e+21   1.9325399000e+18   1.1450399181e+62   2.2245872600e-24   5.1871390085e-14   5.8950863552e-06   2.0000000000e-02 
  2.1743053052e+21   1.9325399000e+18   1.1470789834e+62   2.2245872600e-24   5.1871390085e-14   6.1492030970e-06   2.0000000000e-02 
  2.1762378451e+21   1.9325399000e+18   1.1491198628e+62   2.2245872600e-24   5.1871390085e-14   6.1284897874e-06   2.0000000000e-02 
  2.1781703850e+21   1.9325399000e+18   1.1511625560e+62   2.2245872600e-24   5.1871390085e-14   5.9050385915e-06   2.0000000000e-02 
  2.1801029249e+21   1.9325399000e+18   1.1532070632e+62   2.2245872600e-24   5.1871390085e-14   5.6973016231e-06   2.0000000000e-02 
  2.1820354648e+21   1.9325399000e+18   1.1552533844e+62   2.2245872600e-24   5.1871390085e-14   5.4643063638e-06   2.0000000000e-02 
  2.1839680047e+21   1.9325399000e+18   1.1573015195e+62   2.2245872600e-24   5.1871390085e-14   5.1451679573e-06   2.0000000000e-02 
  2.1859005446e+21   1.9325399000e+18   1.1593514686e+62   2.2245872600e-24   5.1871390085e-14   4.7667124489e-06   2.0000000000e-02 
  2.1878330845e+21   1.9325399000e+18   1.1614032316e+62   2.2245872600e-24   5.1871390085e-14   4.3526275083e-06   2.0000000000e-02 
  2.1897656244e+21   1.9325399000e+18   1.1634568085e+62   2.2245872600e-24   5.1871390085e-14   3.5967388683e-06   2.0000000000e-02 
  2.1916981643e+21   1.9325399000e+18   1.1655121995e+62   2.2245872600e-24   5.1871390085e-14   3.0568222412e-06   2.0000000000e-02 
  2.1936307042e+21   1.9325399000e+18   1.1675694043e+62   2.2245872600e-24   5.1871390085e-14   2.8846315844e-06   2.0000000000e-02 
  2.1955632441e+21   1.9325399000e+18   1.1696284231e+62   2.2245872600e-24   5.1871390085e-14   2.7315789258e-06   2.0000000000e-02 
  2.1974957840e+21   1.9325399000e+18   1.1716892559e+62   2.2245872600e-24   5.1871390085e-14   2.3857236274e-06   2.0000000000e-02 
  2.1994283239e+21   1.9325399000e+18   1.1737519026e+62   2.2245872600e-24   5.1871390085e-14   2.0769970642e-06   2.0000000000e-02 
  2.2013608638e+21   1.9325399000e+18   1.1758163633e+62   2.2245872600e-24   5.1871390085e-14   1.9857288313e-06   2.0000000000e-02 
  2.2032934037e+21   1.9325399000e+18   1.1778826379e+62   2.2245872600e-24   5.1871390085e-14   1.9621394045e-06   2.0000000000e-02 
  2.2052259436e+21   1.9325399000e+18   1.1799507264e+62   2.2245872600e-24   5.1871390085e-14   1.9339699674e-06   2.0000000000e-02 
  2.2071584835e+21   1.9325399000e+18   1.1820206290e+62   2.2245872600e-24   5.1871390085e-14   1.9399593049e-06   2.0000000000e-02 
  2.2090910234e+21   1.9325399000e+18   1.1840923454e+62   2.2245872600e-24   5.1871390085e-14   1.9891514420e-06   2.0000000000e-02 
  2.2110235633e+21   1.9325399000e+18   1.1861658758e+62   2.2245872600e-24   5.1871390084e-14   1.9055068974e-06   2.0000000000e-02 
  2.2129561032e+21   1.9325399000e+18   1.1882412202e+62   2.2245872600e-24   5.1871390085e-14   1.5583534074e-06   2.0000000000e-02 
  2.2148886431e+21   1.9325399000e+18   1.1903183785e+62   2.2245872600e-24   5.1871390084e-14   9.9779600931e-07   2.0000000000e-02 
  2.2168211830e+21   1.9325399000e+18   1.1923973508e+62   2.2245872600e-24   5.1871390084e-14  -2.0948036030e-07   2.0000000000e-02 
  2.2187537229e+21   1.9325399000e+18   1.1944781370e+62   2.2245872600e-24   5.1871390084e-14  -7.8546685766e-07   2.0000000000e-02 
  2.2206862628e+21   1.9325399000e+18   1.1965607371e+62   2.2245872600e-24   5.1871390084e-14  -8.6008822672e-07   2.0000000000e-02 
  2.2226188027e+21   1.9325399000e+18   1.1986451512e+62   2.2245872600e-24   5.1871390084e-14  -8.7828488459e-07   2.0000000000e-02 
  2.2245513426e+21   1.9325399000e+18   1.2007313793e+62   2.2245872600e-24   5.1871390084e-14  -9.0785701518e-07   2.0000000000e-02 
  2.2264838825e+21   1.9325399000e+18   1.2028194213e+62   2.2245872600e-24   5.1871390084e-14  -9.1262883976e-07   2.0000000000e-02 
  2.2284164224e+21   1.9325399000e+18   1.2049092773e+62   2.2245872600e-24   5.1871390084e-14  -8.9670798495e-07   2.0000000000e-02 
  2.2303489623e+21   1.9325399000e+18   1.2070009472e+62   2.2245872600e-24   5.1871390084e-14  -9.0723893293e-07   2.0000000000e-02 
  2.2322815022e+21   1.9325399000e+18   1.2090944310e+62   2.2245872600e-24   5.1871390084e-14  -9.1749554354e-07   2.0000000000e-02 
  2.2342140421e+21   1.9325399000e+18   1.2111897288e+62   2.2245872600e-24   5.1871390084e-14  -9.0040129059e-07   2.0000000000e-02 
  2.2361465820e+21   1.9325399000e+18   1.2132868406e+62   2.2245872600e-24   5.1871390084e-14  -8.7975339992e-07   2.0000000000e-02 
  2.2380791219e+21   1.9325399000e+18   1.2153857663e+62   2.2245872600e-24   5.1871390084e-14  -8.6646669125e-07   2.0000000000e-02 
  2.2400116618e+21   1.9325399000e+18   1.2174865060e+62   2.2245872600e-24   5.1871390084e-14  -8.5199257202e-07   2.0000000000e-02 
  2.2419442017e+21   1.9325399000e+18   1.2195890596e+62   2.2245872600e-24   5.1871390084e-14  -7.8285910266e-07   2.0000000000e-02 
  2.2438767416e+21   1.9325399000e+18   1.2216934271e+62   2.2245872600e-24   5.1871390084e-14  -3.9698064059e-07   2.0000000000e-02 
  2.2458092815e+21   1.9325399000e+18   1.2237996086e+62   2.2245872600e-24   5.1871390084e-14   0.0000000000e+00   2.0000000000e-02 
