# time = 4.189524e+15 [s] 
# r                  dr                 dV                 Density            Pressure           Velocity           Z
  2.1304517832e+18   2.1304517832e+18   4.0504543150e+55   4.0837054817e-31   2.8594177542e-14   0.0000000000e+00   9.9248591688e-02 
  2.5804020144e+18   4.4995023120e+17   3.1465328152e+55   4.0837054817e-31   2.8594177542e-14  -3.6275429314e+01   9.9248591688e-02 
  3.4588043508e+18   8.7840233644e+17   1.0135727993e+56   4.0839685402e-31   2.8594136385e-14   6.8957320555e+02   9.9248591688e-02 
  4.4209988399e+18   9.6219448908e+17   1.8862387485e+56   4.0848504839e-31   2.8594005395e-14   3.1290183569e+03   9.9248591688e-02 
  4.8690969590e+18   4.4809811907e+17   1.2159061231e+56   4.0858955941e-31   2.8593839031e-14   6.0264036264e+03   9.9248591688e-02 
  5.2654966306e+18   3.9639967161e+17   1.2797267514e+56   4.0870197001e-31   2.8593676116e-14   8.6182272137e+03   9.9248591688e-02 
  5.9640008118e+18   6.9850418116e+17   2.7707623788e+56   4.0893719444e-31   2.8593479275e-14   1.2322976036e+04   9.9248591688e-02 
  6.6017600351e+18   6.3775922333e+17   3.1663356178e+56   4.0929502141e-31   2.8593290947e-14   1.6652747354e+04   9.9248591688e-02 
  7.4586265784e+18   8.5686654335e+17   5.3283763898e+56   4.0980663934e-31   2.8593243281e-14   2.0390412534e+04   9.9248591688e-02 
  8.2920109317e+18   8.3338435323e+17   6.5012457287e+56   4.1048612988e-31   2.8593229415e-14   2.2725993454e+04   9.9248591688e-02 
  9.3350642169e+18   1.0430532853e+18   1.0193503504e+57   4.1137363917e-31   2.8593273362e-14   2.3766133235e+04   9.9248591688e-02 
  1.0417333914e+19   1.0822696969e+18   1.3278818046e+57   4.1251113783e-31   2.8593452007e-14   2.4390059284e+04   9.9248591688e-02 
  1.1696494744e+19   1.2791608299e+18   1.9673743940e+57   4.1396599658e-31   2.8593265745e-14   2.5941029698e+04   9.9248591688e-02 
  1.3070807719e+19   1.3743129750e+18   2.6511752807e+57   4.1576386543e-31   2.8592783822e-14   2.9013485364e+04   9.9248591688e-02 
  1.4643691162e+19   1.5728834434e+18   3.7995004397e+57   4.1797592011e-31   2.8592131492e-14   3.2167444760e+04   9.9248591688e-02 
  1.6418241217e+19   1.7745500545e+18   5.3847716216e+57   4.2073824126e-31   2.8591356146e-14   3.3993301878e+04   9.9248591688e-02 
  1.8400460281e+19   1.9822190647e+18   7.5578034223e+57   4.2410020994e-31   2.8590874747e-14   3.6160931873e+04   9.9248591688e-02 
  2.0639037472e+19   2.2385771911e+18   1.0730158102e+58   4.2818392035e-31   2.8590567588e-14   3.8520963601e+04   9.9248591688e-02 
  2.3066395604e+19   2.4273581318e+18   1.4581456131e+58   4.3303266936e-31   2.8590585549e-14   4.0188481669e+04   9.9248591688e-02 
  2.5825773170e+19   2.7593775658e+18   2.0744380700e+58   4.3889800184e-31   2.8590682522e-14   4.0053676179e+04   9.9248591688e-02 
  2.8793297407e+19   2.9675242373e+18   2.7839400471e+58   4.4571563396e-31   2.8591332642e-14   3.6926613100e+04   9.9248591688e-02 
  3.2241100074e+19   3.4478026665e+18   4.0392739202e+58   4.5388201010e-31   2.8592211596e-14   3.3979225864e+04   9.9248591688e-02 
  3.5907901443e+19   3.6668013696e+18   5.3551932915e+58   4.6345032332e-31   2.8593284802e-14   2.8913297972e+04   9.9248591688e-02 
  4.0071744836e+19   4.1638433921e+18   7.5591566330e+58   4.7467704091e-31   2.8595425551e-14   1.5973951305e+04   9.9248591688e-02 
  4.4502944850e+19   4.4312000146e+18   9.9666513883e+58   4.8782985302e-31   2.8598895642e-14  -4.7020411552e+03   9.9248591688e-02 
  4.9565276508e+19   5.0623316580e+18   1.4086574128e+59   5.0313044662e-31   2.8602235171e-14  -2.4269834204e+04   9.9248591688e-02 
  5.4539162878e+19   4.9738863697e+18   1.6947848145e+59   5.2015249247e-31   2.8605056337e-14  -3.4729795087e+04   9.9248591688e-02 
  6.2132658536e+19   7.5934956580e+18   3.2518938633e+59   5.4290812913e-31   2.8606969255e-14  -2.5322874586e+04   9.9248591688e-02 
  7.3455023990e+19   1.1322365454e+19   6.5544434917e+59   5.7864932839e-31   2.8607832260e-14   3.8882428945e+03   9.9248591688e-02 
  7.7684161275e+19   4.2291372851e+18   3.0357719399e+59   6.0922383119e-31   2.8608198636e-14   2.4110719116e+04   9.9248591688e-02 
  8.1501782599e+19   3.8176213247e+18   3.0397327804e+59   6.2652217326e-31   2.8610262344e-14   2.6960967052e+04   9.9248591688e-02 
  8.5526445602e+19   4.0246630027e+18   3.5281186777e+59   6.4513593105e-31   2.8610730931e-14   3.9634816652e+04   9.9248591688e-02 
  8.9836529968e+19   4.3100843658e+18   4.1648455141e+59   6.6734646084e-31   2.8610859051e-14   5.7168770058e+04   9.9248591688e-02 
  9.3831414160e+19   3.9948841916e+18   4.2343746141e+59   6.9165948581e-31   2.8611433761e-14   7.1484718410e+04   9.9248591688e-02 
  9.8940515578e+19   5.1091014189e+18   5.9660056611e+59   7.2094021483e-31   2.8613889245e-14   8.3384041540e+04   9.9248591688e-02 
  1.0396922241e+20   5.0287068318e+18   6.5058025016e+59   7.5615637369e-31   2.8615392404e-14   1.0152243407e+05   9.9248591688e-02 
  1.0881612797e+20   4.8469055572e+18   6.8956146744e+59   7.9336460622e-31   2.8616362760e-14   1.1732870858e+05   9.9248591688e-02 
  1.1346657781e+20   4.6504498416e+18   7.2197065519e+59   8.3222107113e-31   2.8617777987e-14   1.2642072705e+05   9.9248591688e-02 
  1.1919816055e+20   5.7315827392e+18   9.7492996492e+59   8.7887965941e-31   2.8619220534e-14   1.2564396936e+05   9.9248591688e-02 
  1.2500487203e+20   5.8067114818e+18   1.0880881208e+60   9.3502422090e-31   2.8625399647e-14   1.0671722659e+05   9.9248591688e-02 
  1.3059551054e+20   5.5906385144e+18   1.1476343407e+60   9.9464281164e-31   2.8630537613e-14   9.3681771697e+04   9.9248591688e-02 
  1.3618551420e+20   5.5900036513e+18   1.2500730472e+60   1.0578638544e-30   2.8633618363e-14   9.7465556418e+04   9.9248591688e-02 
  1.4280041906e+20   6.6149048650e+18   1.6177800124e+60   1.1334241666e-30   2.8634081098e-14   1.0625415085e+05   9.9248591688e-02 
  1.4947171303e+20   6.6712939685e+18   1.7906478412e+60   1.2218732459e-30   2.8634953830e-14   1.1762768200e+05   9.9248591688e-02 
  1.5588314087e+20   6.4114278439e+18   1.8783568530e+60   1.3155339544e-30   2.8636340539e-14   1.2834382181e+05   9.9248591688e-02 
  1.6278804870e+20   6.9049078266e+18   2.2032375377e+60   1.4191695321e-30   2.8638110574e-14   1.3674143305e+05   9.9248591688e-02 
  1.7065720510e+20   7.8691564015e+18   2.7492089413e+60   1.5443985004e-30   2.8640343725e-14   1.4281819539e+05   9.9248591688e-02 
  1.7836444827e+20   7.7072431674e+18   2.9500152669e+60   1.6866012578e-30   2.8642220228e-14   1.4502757622e+05   9.9248591688e-02 
  1.8518683514e+20   6.8223868736e+18   2.8331434041e+60   1.8301185860e-30   2.8647089210e-14   1.3962082902e+05   9.9248591688e-02 
  1.9412190894e+20   8.9350738017e+18   4.0393738301e+60   2.0016672000e-30   2.8655230209e-14   1.3122213079e+05   9.9248591688e-02 
  2.0499337731e+20   1.0871468363e+19   5.4417952690e+60   2.2348001113e-30   2.8663325161e-14   1.3678368777e+05   9.9248591688e-02 
  2.1609064521e+20   1.1097267899e+19   6.1830677017e+60   2.5106912441e-30   2.8668890878e-14   1.5007624272e+05   9.9248591688e-02 
  2.2636068251e+20   1.0270037301e+19   6.3172910865e+60   2.8018965797e-30   2.8673782714e-14   1.6569807743e+05   9.9248591688e-02 
  2.3899990910e+20   1.2639226598e+19   8.6011466803e+60   3.1342219667e-30   2.8681218516e-14   1.8137428671e+05   9.9248591688e-02 
  2.5012312399e+20   1.1123214883e+19   8.3616365976e+60   3.5066983027e-30   2.8692637385e-14   1.9437972742e+05   9.9248591688e-02 
  2.6629466626e+20   1.6171542268e+19   1.3553318333e+61   3.9792034183e-30   2.8712560497e-14   2.0837329648e+05   9.9248591688e-02 
  2.7806789518e+20   1.1773228927e+19   1.0961996726e+61   4.4910631787e-30   2.8738035475e-14   2.2051615817e+05   9.9248591688e-02 
  2.8855146889e+20   1.0483573708e+19   1.0575273399e+61   4.9357927849e-30   2.8761868300e-14   2.2634651593e+05   9.9248591688e-02 
  2.9958179267e+20   1.1030323781e+19   1.1987828832e+61   5.3668421386e-30   2.8788308046e-14   2.3037545203e+05   9.9248591688e-02 
  3.0978034676e+20   1.0198554091e+19   1.1898164226e+61   5.7621284891e-30   2.8816464157e-14   2.3210728474e+05   9.9248591688e-02 
  3.2493502563e+20   1.5154678868e+19   1.9183911570e+61   6.1793515745e-30   2.8861543294e-14   2.3116656487e+05   9.9248591688e-02 
  3.4055916406e+20   1.5624138430e+19   2.1742740022e+61   6.6428533794e-30   2.8916423087e-14   2.4045165732e+05   9.9248591688e-02 
  3.5086588069e+20   1.0306716624e+19   1.5480771032e+61   6.9957232594e-30   2.8971810853e-14   2.3523807939e+05   9.9248591688e-02 
  3.6055662398e+20   9.6907432909e+18   1.5409516796e+61   7.2270373670e-30   2.9011424765e-14   2.4131648116e+05   9.9248591688e-02 
  3.7626316004e+20   1.5706536063e+19   2.6792832032e+61   7.4615001416e-30   2.9060695290e-14   2.5432886811e+05   9.9248591688e-02 
  3.9379166341e+20   1.7528503369e+19   3.2659760979e+61   7.7183555601e-30   2.9125220813e-14   2.8114517910e+05   9.9248591688e-02 
  4.1224042135e+20   1.8448757940e+19   3.7661489907e+61   7.9608647023e-30   2.9192502606e-14   3.2004546150e+05   9.9248591688e-02 
  4.2264498167e+20   1.0404560319e+19   2.2785041479e+61   8.1282696246e-30   2.9245332862e-14   3.5308871063e+05   9.9248591688e-02 
  4.3263156489e+20   9.9865832277e+18   2.2950896846e+61   8.2187311349e-30   2.9285899379e-14   3.7300410890e+05   9.9248591688e-02 
  4.4988031484e+20   1.7248749946e+19   4.2208888658e+61   8.3040334282e-30   2.9347175686e-14   3.8861100408e+05   9.9248591688e-02 
  4.6925764351e+20   1.9377328667e+19   5.1436276056e+61   8.3963405855e-30   2.9440119804e-14   3.9643197502e+05   9.9248591688e-02 
  4.8610859638e+20   1.6850952875e+19   4.8323585728e+61   8.4735005762e-30   2.9544959183e-14   3.8693937412e+05   9.9248591688e-02 
  4.9511857212e+20   9.0099757395e+18   2.7253659722e+61   8.5219456233e-30   2.9636014992e-14   3.5996927194e+05   9.9248591688e-02 
  5.0408932017e+20   8.9707480471e+18   2.8138562782e+61   8.5481247809e-30   2.9708822363e-14   3.2975548641e+05   9.9248591688e-02 
  5.2199831830e+20   1.7908998131e+19   5.9242608495e+61   8.5768969693e-30   2.9815995373e-14   2.9517038859e+05   9.9248591688e-02 
  5.3704743870e+20   1.5049120403e+19   5.3029760970e+61   8.6043325360e-30   2.9941298425e-14   2.6883636920e+05   9.9248591688e-02 
  5.4681018247e+20   9.7627437618e+18   3.6031138077e+61   8.6162529104e-30   3.0026218937e-14   2.7380495448e+05   9.9248591688e-02 
  5.5486361378e+20   8.0534313126e+18   3.0707510357e+61   8.6175579610e-30   3.0074780586e-14   2.8866050551e+05   9.9248591687e-02 
  5.6179319391e+20   6.9295801307e+18   2.7145747466e+61   8.6133001319e-30   3.0109117962e-14   3.0982255365e+05   9.9248591685e-02 
  5.7899305837e+20   1.7199864460e+19   7.0326072147e+61   8.5966029248e-30   3.0156124931e-14   3.5147607014e+05   9.9248591674e-02 
  5.9005032780e+20   1.1057269430e+19   4.7475765264e+61   8.5714152291e-30   3.0206370559e-14   3.9783104231e+05   9.9248591640e-02 
  5.9283984504e+20   2.7895172385e+18   1.2262205072e+61   8.5551055866e-30   3.0229979613e-14   4.1858185851e+05   9.9248591566e-02 
  5.9514999755e+20   2.3101525170e+18   1.0242748944e+61   8.5430257656e-30   3.0239237659e-14   4.2426701861e+05   9.9248590817e-02 
  6.0337756942e+20   8.2275718672e+18   3.7129955973e+61   8.5051412487e-30   3.0260022198e-14   4.3275992561e+05   9.9248588425e-02 
  6.1103965268e+20   7.6620832536e+18   3.5500816100e+61   8.4417815134e-30   3.0293815026e-14   4.4208059009e+05   9.9248578048e-02 
  6.1931338190e+20   8.2737292200e+18   3.9347506150e+61   8.3717826610e-30   3.0331476404e-14   4.4372762874e+05   9.9248537719e-02 
  6.3649453778e+20   1.7181155889e+19   8.5128657072e+61   8.2514000991e-30   3.0397937357e-14   4.4034180370e+05   9.9248426408e-02 
  6.5080088090e+20   1.4306343115e+19   7.4482258338e+61   8.0981950431e-30   3.0492038803e-14   4.2154394395e+05   9.9248193338e-02 
  6.6437986237e+20   1.3578981473e+19   7.3790997824e+61   7.9584880436e-30   3.0600395522e-14   3.6902917039e+05   9.9247876406e-02 
  6.8193870500e+20   1.7558842626e+19   9.9992183720e+61   7.7919287103e-30   3.0718379920e-14   3.1777055749e+05   9.9247023231e-02 
  6.9811960352e+20   1.6180898523e+19   9.6820490738e+61   7.5988913366e-30   3.0829073314e-14   2.9480961684e+05   9.9244731592e-02 
  7.1374123670e+20   1.5621633184e+19   9.7831298140e+61   7.4022656192e-30   3.0912170889e-14   3.0588617902e+05   9.9238550776e-02 
  7.2886360057e+20   1.5122363870e+19   9.8873573796e+61   7.1953714263e-30   3.0967294809e-14   3.3707296269e+05   9.9218789093e-02 
  7.4578159726e+20   1.6917996684e+19   1.1558272880e+62   6.9618624816e-30   3.1009443372e-14   3.7838489789e+05   9.9140423195e-02 
  7.5985044301e+20   1.4068845749e+19   1.0019791319e+62   6.7208989326e-30   3.1047885222e-14   4.1156592937e+05   9.8872510656e-02 
  7.6783768551e+20   7.9872424976e+18   5.8562567327e+61   6.5362442143e-30   3.1078353272e-14   4.2283122068e+05   9.8443202403e-02 
  7.7466927996e+20   6.8315944573e+18   5.1065672713e+61   6.3964048178e-30   3.1101520318e-14   4.2361927233e+05   9.7606109101e-02 
  7.8376699541e+20   9.0977154465e+18   6.9416905956e+61   6.2258645133e-30   3.1125592897e-14   4.2274140398e+05   9.6992652330e-02 
  7.8737454057e+20   3.6075451652e+18   2.7976477587e+61   6.0796163020e-30   3.1147444968e-14   4.1681471561e+05   9.6712440992e-02 
  7.8902039876e+20   1.6458581869e+18   1.2849094009e+61   6.0118822825e-30   3.1157784737e-14   4.1181798437e+05   9.6621639255e-02 
  7.9160886580e+20   2.5884670356e+18   2.0316689173e+61   5.9636113975e-30   3.1165977573e-14   4.0760444691e+05   9.6590460571e-02 
  7.9811370995e+20   6.5048441476e+18   5.1645427357e+61   5.8856173612e-30   3.1184636363e-14   3.9557060430e+05   9.6584474014e-02 
  8.0326974602e+20   5.1560360745e+18   4.1539187314e+61   5.7982046741e-30   3.1211879358e-14   3.7372618503e+05   9.6582037638e-02 
  8.0695005873e+20   3.6803127069e+18   2.9978208643e+61   5.7420502393e-30   3.1234606858e-14   3.5326130908e+05   9.6581722615e-02 
  8.1035610422e+20   3.4060454943e+18   2.7988874980e+61   5.7079419179e-30   3.1254575178e-14   3.3413291347e+05   9.6581674733e-02 
  8.1403916854e+20   3.6830643201e+18   3.0531163442e+61   5.6832682517e-30   3.1274983555e-14   3.1447223366e+05   9.6581671600e-02 
  8.1736228966e+20   3.3231211227e+18   2.7785507696e+61   5.6674489344e-30   3.1294012383e-14   2.9704004508e+05   9.6581671429e-02 
  8.3007897226e+20   1.2716682593e+19   1.0843068666e+62   5.6500356466e-30   3.1332900662e-14   2.6866064814e+05   9.6581671422e-02 
  8.4226895641e+20   1.2189984153e+19   1.0710604392e+62   5.6296110154e-30   3.1388117910e-14   2.3207409546e+05   9.6581671417e-02 
  8.4669177086e+20   4.4228144494e+18   3.9635896675e+61   5.6179735568e-30   3.1418310275e-14   2.1946784563e+05   9.6581671415e-02 
  8.4969873950e+20   3.0069686449e+18   2.7185097551e+61   5.6141032806e-30   3.1429924929e-14   2.1749185146e+05   9.6581671414e-02 
  8.5258628386e+20   2.8875443567e+18   2.6287150408e+61   5.6127090774e-30   3.1438813094e-14   2.1696823000e+05   9.6581671408e-02 
  8.5559495164e+20   3.0086677827e+18   2.7579885000e+61   5.6123534623e-30   3.1447317167e-14   2.1773179157e+05   9.6581671356e-02 
  8.6659811609e+20   1.1003164449e+19   1.0252671892e+62   5.6134817224e-30   3.1464464474e-14   2.2400820639e+05   9.6581671174e-02 
  8.7379279465e+20   7.1946785612e+18   6.8463225361e+61   5.6163093784e-30   3.1484323419e-14   2.3736657489e+05   9.6581670370e-02 
  8.7680545858e+20   3.0126639273e+18   2.9005073504e+61   5.6186353532e-30   3.1492461411e-14   2.4749686334e+05   9.6581668340e-02 
  8.8068987348e+20   3.8844149027e+18   3.7693333925e+61   5.6214748820e-30   3.1497498306e-14   2.5611203200e+05   9.6581647823e-02 
  8.8759639824e+20   6.9065247605e+18   6.7844837207e+61   5.6261788327e-30   3.1505490384e-14   2.7008094020e+05   9.6581582149e-02 
  8.9461414724e+20   7.0177489918e+18   7.0027394186e+61   5.6312096832e-30   3.1515877353e-14   2.8798491842e+05   9.6581068333e-02 
  9.0409190159e+20   9.4777543505e+18   9.6334030386e+61   5.6355835719e-30   3.1528207099e-14   3.0720801865e+05   9.6579705477e-02 
  9.1435224915e+20   1.0260347567e+19   1.0659000649e+62   5.6395478058e-30   3.1543948512e-14   3.2610718768e+05   9.6577293728e-02 
  9.2445027841e+20   1.0098029255e+19   1.0726574344e+62   5.6424431439e-30   3.1562437328e-14   3.3897025833e+05   9.6575916159e-02 
  9.4037473666e+20   1.5924458247e+19   1.7398077776e+62   5.6444204449e-30   3.1589448231e-14   3.4553875951e+05   9.6570842449e-02 
  9.5470292713e+20   1.4328190472e+19   1.6166035195e+62   5.6448523434e-30   3.1622301528e-14   3.4425989037e+05   9.6556973891e-02 
  9.6765740489e+20   1.2954477762e+19   1.5039934641e+62   5.6438372097e-30   3.1661238936e-14   3.2386477132e+05   9.6526830708e-02 
  9.8035362832e+20   1.2696223433e+19   1.5136079612e+62   5.6408450701e-30   3.1709533567e-14   2.8113083443e+05   9.6442251131e-02 
  9.9675571807e+20   1.6402089749e+19   2.0142825855e+62   5.6332420709e-30   3.1769957082e-14   2.2099959651e+05   9.6120330981e-02 
  1.0089852874e+21   1.2229569342e+19   1.5456676770e+62   5.6204778680e-30   3.1823598248e-14   1.7236892874e+05   9.5071647021e-02 
  1.0185080677e+21   9.5227802970e+18   1.2298034583e+62   5.6040239938e-30   3.1853766102e-14   1.5166792758e+05   9.1898585724e-02 
  1.0236342569e+21   5.1261891638e+18   6.7161042059e+61   5.5870164138e-30   3.1868396803e-14   1.4792856929e+05   8.8157067215e-02 
  1.0306419341e+21   7.0076772561e+18   9.2905904233e+61   5.5639392232e-30   3.1877350367e-14   1.4896609354e+05   8.1756522325e-02 
  1.0334534509e+21   2.8115167357e+18   3.7631396905e+61   5.5395530371e-30   3.1882784038e-14   1.5242519042e+05   7.6495000084e-02 
  1.0364266201e+21   2.9731692259e+18   4.0018441071e+61   5.5177054356e-30   3.1885151869e-14   1.5717330151e+05   7.3859766776e-02 
  1.0420273696e+21   5.6007494934e+18   7.6011254852e+61   5.4734172788e-30   3.1887565863e-14   1.6548304660e+05   7.3529544354e-02 
  1.0460326426e+21   4.0052729789e+18   5.4861601203e+61   5.4221676199e-30   3.1888855185e-14   1.7533950476e+05   7.3370731699e-02 
  1.0496179257e+21   3.5852831639e+18   4.9466535779e+61   5.3857756670e-30   3.1888951728e-14   1.8383206196e+05   7.3320563029e-02 
  1.0544307755e+21   4.8128497377e+18   6.6936732539e+61   5.3544181570e-30   3.1888574876e-14   1.9382179444e+05   7.3314346632e-02 
  1.0596707135e+21   5.2399379887e+18   7.3574712480e+61   5.3241373039e-30   3.1887276732e-14   2.0670054779e+05   7.3313128146e-02 
  1.0646093415e+21   4.9386280821e+18   7.0013295420e+61   5.3003451636e-30   3.1886468625e-14   2.1855207128e+05   7.3313018908e-02 
  1.0752742494e+21   1.0664907824e+19   1.5342314169e+62   5.2743364017e-30   3.1886607557e-14   2.3340803317e+05   7.3313013157e-02 
  1.0837746199e+21   8.5003704926e+18   1.2448439609e+62   5.2482695535e-30   3.1888996826e-14   2.4659883294e+05   7.3313011912e-02 
  1.0894096752e+21   5.6350553237e+18   8.3606904834e+61   5.2337140685e-30   3.1893070225e-14   2.4885361101e+05   7.3313011763e-02 
  1.1027700077e+21   1.3360332478e+19   2.0170878453e+62   5.2226018905e-30   3.1900828499e-14   2.4819704129e+05   7.3313011667e-02 
  1.1137158014e+21   1.0945793749e+19   1.6893925466e+62   5.2128918730e-30   3.1913992999e-14   2.4013058293e+05   7.3313011321e-02 
  1.1276532561e+21   1.3937454653e+19   2.1997112802e+62   5.2078009521e-30   3.1935708365e-14   2.1574833906e+05   7.3313009395e-02 
  1.1375035637e+21   9.8503076402e+18   1.5878115362e+62   5.2055636702e-30   3.1957607196e-14   1.9079868868e+05   7.3313000244e-02 
  1.1468871620e+21   9.3835982837e+18   1.5383760114e+62   5.2053801638e-30   3.1974573726e-14   1.7421400604e+05   7.3312945069e-02 
  1.1643742515e+21   1.7487089527e+19   2.9347683768e+62   5.2070946936e-30   3.1999203258e-14   1.4926511858e+05   7.3312810320e-02 
  1.1761827761e+21   1.1808524626e+19   2.0322992246e+62   5.2115909599e-30   3.2034848595e-14   1.0527933483e+05   7.3312528048e-02 
  1.1875629187e+21   1.1380142541e+19   1.9975719532e+62   5.2188289194e-30   3.2077554573e-14   4.2928352241e+04   7.3311378298e-02 
  1.1972681412e+21   9.7052225059e+18   1.7340954767e+62   5.2271410281e-30   3.2105426098e-14   5.7279784444e+03   7.3305729936e-02 
  1.2052039490e+21   7.9358078571e+18   1.4389950451e+62   5.2363849552e-30   3.2115252682e-14   2.5559304303e+03   7.3286964181e-02 
  1.2225779553e+21   1.7374006235e+19   3.2171891814e+62   5.2559757761e-30   3.2111071127e-14   2.0800224008e+04   7.3233732855e-02 
  1.2341840316e+21   1.1606076299e+19   2.2007195028e+62   5.2811318883e-30   3.2063328772e-14   1.1702296024e+05   7.3125573751e-02 
  1.2396135505e+21   5.4295189185e+18   1.0438551595e+62   5.3040068261e-30   3.2034427662e-14   1.7209979429e+05   7.2970654727e-02 
  1.2458353753e+21   6.2218247768e+18   1.2074752625e+62   5.3355918442e-30   3.2034551099e-14   1.6943727605e+05   7.2242429433e-02 
  1.2500906377e+21   4.2552623921e+18   8.3279872826e+61   5.3778491640e-30   3.2043776880e-14   1.5174566398e+05   7.1112027885e-02 
  1.2547746304e+21   4.6839927150e+18   9.2328404722e+61   5.4323736474e-30   3.2046551465e-14   1.4319710646e+05   6.9654132629e-02 
  1.2581266208e+21   3.3519904460e+18   6.6497259517e+61   5.4996559581e-30   3.2046380381e-14   1.4427053655e+05   6.8915741617e-02 
  1.2653774095e+21   7.2507887103e+18   1.4505888105e+62   5.6291087461e-30   3.2034187303e-14   1.6317360541e+05   6.8645394213e-02 
  1.2703970374e+21   5.0196278472e+18   1.0140122513e+62   5.8131172009e-30   3.2017668060e-14   1.8737914969e+05   6.8518622864e-02 
  1.2785666303e+21   8.1695929492e+18   1.6675507823e+62   6.0909345941e-30   3.2014288946e-14   1.8109789028e+05   6.8469679881e-02 
  1.2826364791e+21   4.0698487863e+18   8.3871913725e+61   6.4363878583e-30   3.2047236345e-14   1.1781903748e+05   6.8452953507e-02 
  1.2855381870e+21   2.9017079150e+18   6.0124692320e+61   6.7690218682e-30   3.2081624109e-14   5.3031190935e+04   6.8447361745e-02 
  1.2887584007e+21   3.2202137079e+18   6.7042770923e+61   7.2623146324e-30   3.2101626655e-14   8.9677980194e+03   6.8445422890e-02 
  1.2903070653e+21   1.5486645693e+18   3.2361751595e+61   7.8496206175e-30   3.2116569259e-14  -1.5056371268e+04   6.8445170630e-02 
  1.2945981561e+21   4.2910907486e+18   9.0075611347e+61   9.2197509152e-30   3.2116795689e-14  -1.1751350642e+04   6.8445165028e-02 
  1.2968445370e+21   2.2463809486e+18   4.7393262641e+61   1.1296034861e-29   3.2087295851e-14   3.0739660045e+04   6.8445364043e-02 
  1.2990486597e+21   2.2041226957e+18   4.6661573956e+61   1.3845741662e-29   3.2045024768e-14   5.5383745928e+04   6.8444931253e-02 
  1.3059154644e+21   6.8668047427e+18   1.4638921101e+62   2.2870928357e-29   3.2048730931e-14   3.5039529161e+04   6.8273249540e-02 
  1.3091636934e+21   3.2482289141e+18   6.9785694148e+61   3.8915584550e-29   3.2078766728e-14  -3.3861516292e+04   6.6566566829e-02 
  1.3135457276e+21   4.3820342636e+18   9.4694858274e+61   7.5451603336e-29   3.2246931781e-14  -8.7369026255e+04   5.7147995815e-02 
  1.3142965912e+21   7.5086360126e+17   1.6289567028e+61   1.4513371673e-28   3.2045383201e-14  -3.5959803720e+04   4.5578988971e-02 
  1.3165463719e+21   2.2497806776e+18   4.8919275006e+61   4.9715802963e-28   3.2066987562e-14  -4.3219829846e+04   3.3751935682e-02 
  1.3190964472e+21   2.5500752925e+18   5.5651403404e+61   3.4966351726e-27   3.2302657798e-14  -5.4679740807e+04   2.3541004616e-02 
  1.3196545440e+21   5.5809678805e+17   1.2208328906e+61   1.6611434214e-26   3.1714411381e-14  -4.9365920649e+04   2.1465375122e-02 
  1.3199869119e+21   3.3236788755e+17   7.2754324466e+60   3.8690098730e-26   3.1874778548e-14  -5.1913816753e+04   2.0992589755e-02 
  1.3209250407e+21   9.3812880160e+17   2.0555128910e+61   6.0242421411e-26   3.2059707673e-14  -5.5208982278e+04   2.0408569175e-02 
  1.3221596001e+21   1.2345594316e+18   2.7094681355e+61   6.3722588914e-26   3.1796636518e-14  -5.8095356543e+04   2.0088050332e-02 
  1.3354772740e+21   1.3317673939e+19   2.9551067055e+62   6.4448050278e-26   3.1543704581e-14  -6.1796900627e+04   2.0050478443e-02 
  1.3459949163e+21   1.0517642240e+19   2.3758394449e+62   7.7621072891e-25   3.1767787752e-14  -5.7093647645e+04   2.0035433576e-02 
  1.3575441251e+21   1.1549208775e+19   2.6519787372e+62   7.9063986691e-25   3.1984833472e-14  -5.5711325863e+04   2.0032040786e-02 
  1.3704104703e+21   1.2866345224e+19   3.0080328040e+62   7.9669383705e-25   3.2079519696e-14  -5.4511074904e+04   2.0028739442e-02 
  1.3838935234e+21   1.3483053164e+19   3.2134040182e+62   8.0794776629e-25   3.2237705399e-14  -5.3485732887e+04   2.0028382528e-02 
  1.4031942641e+21   1.9300740639e+19   4.7101212430e+62   8.3529518480e-25   3.2624430033e-14  -5.1349932777e+04   2.0022764179e-02 
  1.4232182988e+21   2.0024034737e+19   5.0255064904e+62   8.7393970319e-25   3.3143568765e-14  -4.6148876757e+04   2.0022429016e-02 
  1.4358921198e+21   1.2673820993e+19   3.2547837741e+62   9.2370442695e-25   3.3816340648e-14  -4.1098449130e+04   2.0014616588e-02 
  1.4480871711e+21   1.2195051292e+19   3.1865472860e+62   9.6697616378e-25   3.4440812390e-14  -3.6296991709e+04   2.0014462272e-02 
  1.4651822830e+21   1.7095111887e+19   4.5581447800e+62   1.0205528452e-24   3.5239232191e-14  -3.0287476697e+04   2.0005296835e-02 
  1.4788698419e+21   1.3687558883e+19   3.7270909633e+62   1.0711433791e-24   3.5967651258e-14  -2.4965016104e+04   2.0001234615e-02 
  1.4921607266e+21   1.3290884676e+19   3.6857077840e+62   1.1203376892e-24   3.6652914787e-14  -2.0769966221e+04   2.0000446952e-02 
  1.5057979685e+21   1.3637241964e+19   3.8506203734e+62   1.1716939883e-24   3.7373588911e-14  -1.6396131684e+04   2.0000172897e-02 
  1.5193216891e+21   1.3523720557e+19   3.8880699484e+62   1.2282610672e-24   3.8219068362e-14  -1.1729245977e+04   2.0000059414e-02 
  1.5322426504e+21   1.2920961307e+19   3.7800048428e+62   1.2913291500e-24   3.9141981779e-14  -6.8257087642e+03   2.0000019193e-02 
  1.5443054072e+21   1.2062756856e+19   3.5869562453e+62   1.3572544951e-24   4.0085140225e-14  -1.9355803869e+03   2.0000006020e-02 
  1.5554779778e+21   1.1172570545e+19   3.3726210869e+62   1.4246015387e-24   4.1027675661e-14   2.6648826952e+03   2.0000001770e-02 
  1.5659789701e+21   1.0500992299e+19   3.2143750603e+62   1.4884746225e-24   4.1911682582e-14   6.9141844188e+03   2.0000000505e-02 
  1.5758357859e+21   9.8568158630e+18   3.0566737774e+62   1.5502160503e-24   4.2810709948e-14   1.0811509072e+04   2.0000000135e-02 
  1.5851295645e+21   9.2937785622e+18   2.9173122471e+62   1.6120395504e-24   4.3696284053e-14   1.4615299399e+04   2.0000000035e-02 
  1.5936847633e+21   8.5551987494e+18   2.7158848232e+62   1.6745172590e-24   4.4577376953e-14   1.8247875847e+04   2.0000000008e-02 
  1.6015055037e+21   7.8207404332e+18   2.5083726758e+62   1.7352699328e-24   4.5421623738e-14   2.1688775744e+04   2.0000000002e-02 
  1.6088819327e+21   7.3764290412e+18   2.3884255054e+62   1.7956446384e-24   4.6248937653e-14   2.4929101112e+04   2.0000000000e-02 
  1.6159023526e+21   7.0204198412e+18   2.2935857481e+62   1.8556879888e-24   4.7061028025e-14   2.8051635340e+04   2.0000000000e-02 
  1.6224287063e+21   6.5263537312e+18   2.1501242634e+62   1.9147729530e-24   4.7850510896e-14   3.0992613978e+04   2.0000000000e-02 
  1.6285976419e+21   6.1689355707e+18   2.0483379292e+62   1.9719211435e-24   4.8638429859e-14   3.3782769889e+04   2.0000000000e-02 
  1.6344818582e+21   5.8842162866e+18   1.9683135440e+62   2.0334092535e-24   4.9499937669e-14   3.6761688909e+04   2.0000000000e-02 
  1.6401584831e+21   5.6766249249e+18   1.9123515093e+62   2.1067731202e-24   5.0515724606e-14   3.9990846107e+04   2.0000000000e-02 
  1.6461657992e+21   6.0073160720e+18   2.0382228719e+62   2.1656198500e-24   5.1073227915e-14   4.2504145974e+04   2.0000000000e-02 
  1.6523652424e+21   6.1994432015e+18   2.1190647167e+62   2.2222795692e-24   5.1831479802e-14   4.4745627876e+04   2.0000000000e-02 
  1.6583065327e+21   5.9412903597e+18   2.0458009173e+62   2.2837815889e-24   5.2638006219e-14   4.7223620569e+04   2.0000000000e-02 
  1.6640586223e+21   5.7520895709e+18   1.9946682429e+62   2.3479668254e-24   5.3471503754e-14   4.9755495872e+04   2.0000000000e-02 
  1.6697288588e+21   5.6702364851e+18   1.9798271994e+62   2.4161308520e-24   5.4347298862e-14   5.2349394016e+04   2.0000000000e-02 
  1.6753151466e+21   5.5862878495e+18   1.9637095742e+62   2.4855218792e-24   5.5230830202e-14   5.4913956801e+04   2.0000000000e-02 
  1.6807124648e+21   5.3973181358e+18   1.9097622976e+62   2.5488655186e-24   5.6029349947e-14   5.7141580925e+04   2.0000000000e-02 
  1.6857203872e+21   5.0079223989e+18   1.7829850274e+62   2.6057015309e-24   5.6745182410e-14   5.9078411368e+04   2.0000000000e-02 
  1.6904975486e+21   4.7771614529e+18   1.7107282502e+62   2.6590555622e-24   5.7447998888e-14   6.0840789477e+04   2.0000000000e-02 
  1.6950417103e+21   4.5441617054e+18   1.6362875256e+62   2.7116597426e-24   5.8136022394e-14   6.2557232911e+04   2.0000000000e-02 
  1.6991779547e+21   4.1362443454e+18   1.4970495143e+62   2.7625236985e-24   5.8796848524e-14   6.4190378175e+04   2.0000000000e-02 
  1.7031185585e+21   3.9406038298e+18   1.4330362028e+62   2.8117395675e-24   5.9432226672e-14   6.5739602377e+04   2.0000000000e-02 
  1.7069852943e+21   3.8667358049e+18   1.4126343728e+62   2.8609967706e-24   6.0064307106e-14   6.7265897464e+04   2.0000000000e-02 
  1.7107813856e+21   3.7960913483e+18   1.3930654746e+62   2.9110462069e-24   6.0702794814e-14   6.8786281619e+04   2.0000000000e-02 
  1.7144003543e+21   3.6189686871e+18   1.3338349715e+62   2.9610399020e-24   6.1336762943e-14   7.0277159662e+04   2.0000000000e-02 
  1.7176215473e+21   3.2211929717e+18   1.1919741700e+62   3.0084103745e-24   6.1934012025e-14   7.1668559508e+04   2.0000000000e-02 
  1.7206694737e+21   3.0479264285e+18   1.1319825508e+62   3.0529909592e-24   6.2493118034e-14   7.2953960448e+04   2.0000000000e-02 
  1.7236664312e+21   2.9969574876e+18   1.1169701383e+62   3.0969495671e-24   6.3041659109e-14   7.4202887408e+04   2.0000000000e-02 
  1.7266416195e+21   2.9751883123e+18   1.1127053666e+62   3.1413707923e-24   6.3593239312e-14   7.5442986807e+04   2.0000000000e-02 
  1.7295993719e+21   2.9577523983e+18   1.1099919451e+62   3.1864158426e-24   6.4149806472e-14   7.6681722665e+04   2.0000000000e-02 
  1.7325403660e+21   2.9409940610e+18   1.1074734161e+62   3.2321441901e-24   6.4712061256e-14   7.7919186372e+04   2.0000000000e-02 
  1.7354640283e+21   2.9236623121e+18   1.1046799287e+62   3.2786635713e-24   6.5281469856e-14   7.9155844446e+04   2.0000000000e-02 
  1.7383676032e+21   2.9035748554e+18   1.1007800028e+62   3.3260112383e-24   6.5858112683e-14   8.0397858224e+04   2.0000000000e-02 
  1.7412287371e+21   2.8611339070e+18   1.0882931247e+62   3.3743641290e-24   6.6444143633e-14   8.1639186577e+04   2.0000000000e-02 
  1.7439421615e+21   2.7134244022e+18   1.0354183198e+62   3.4209199665e-24   6.7006160025e-14   8.2818786755e+04   2.0000000000e-02 
  1.7462637242e+21   2.3215627292e+18   8.8844889746e+61   3.4614646855e-24   6.7493963332e-14   8.3819823453e+04   2.0000000000e-02 
  1.7484324870e+21   2.1687627671e+18   8.3211018054e+61   3.4962794380e-24   6.7911541937e-14   8.4654888487e+04   2.0000000000e-02 
  1.7505665495e+21   2.1340625445e+18   8.2081392537e+61   3.5280083310e-24   6.8290990236e-14   8.5392238373e+04   2.0000000000e-02 
  1.7526726408e+21   2.1060912577e+18   8.1201993570e+61   3.5576144856e-24   6.8644332579e-14   8.6057885188e+04   2.0000000000e-02 
  1.7546651881e+21   1.9925473509e+18   7.7004085755e+61   3.5851380457e-24   6.8975957856e-14   8.6673152043e+04   2.0000000000e-02 
  1.7563790834e+21   1.7138953202e+18   6.6375348045e+61   3.6099118321e-24   6.9285531133e-14   8.7225466041e+04   2.0000000000e-02 
  1.7582221426e+21   1.8430591487e+18   7.1522271351e+61   3.6344223030e-24   6.9591071711e-14   8.7770158367e+04   2.0000000000e-02 
  1.7599016649e+21   1.6795223373e+18   6.5306728339e+61   3.6592229398e-24   6.9899599781e-14   8.8329628050e+04   2.0000000000e-02 
  1.7617385043e+21   1.8368393800e+18   7.1566709836e+61   3.6849767227e-24   7.0219323511e-14   8.8902058038e+04   2.0000000000e-02 
  1.7634091414e+21   1.6706370819e+18   6.5220878623e+61   3.7111089207e-24   7.0543070998e-14   8.9492949372e+04   2.0000000000e-02 
  1.7652325857e+21   1.8234443134e+18   7.1327589452e+61   3.7381151392e-24   7.0876930437e-14   9.0092479852e+04   2.0000000000e-02 
  1.7668908511e+21   1.6582654327e+18   6.4994363833e+61   3.7653805962e-24   7.1213263566e-14   9.0708161551e+04   2.0000000000e-02 
  1.7686894356e+21   1.7985844353e+18   7.0632104834e+61   3.7933577814e-24   7.1557622790e-14   9.1327846124e+04   2.0000000000e-02 
  1.7702092783e+21   1.5198427309e+18   5.9797746259e+61   3.8204743901e-24   7.1890664698e-14   9.1937483717e+04   2.0000000000e-02 
  1.7716028887e+21   1.3936103882e+18   5.4921491282e+61   3.8449265091e-24   7.2190381786e-14   9.2476646651e+04   2.0000000000e-02 
  1.7729876452e+21   1.3847565383e+18   5.4658217672e+61   3.8684246334e-24   7.2477873232e-14   9.3000623635e+04   2.0000000000e-02 
  1.7743403347e+21   1.3526895056e+18   5.3474988936e+61   3.8921265334e-24   7.2767340806e-14   9.3517980777e+04   2.0000000000e-02 
  1.7755759775e+21   1.2356427947e+18   4.8919167878e+61   3.9147152808e-24   7.3042724631e-14   9.4012841253e+04   2.0000000000e-02 
  1.7764126999e+21   8.3672240022e+17   3.3164573911e+61   3.9330772317e-24   7.3266192855e-14   9.4408518852e+04   2.0000000000e-02 
  1.7771135976e+21   7.0089769138e+17   2.7805043274e+61   3.9467316737e-24   7.3432175578e-14   9.4703936483e+04   2.0000000000e-02 
  1.7777888253e+21   6.7522771791e+17   2.6807450237e+61   3.9591445043e-24   7.3584082255e-14   9.4968545864e+04   2.0000000000e-02 
  1.7784670762e+21   6.7825082930e+17   2.6947980243e+61   3.9714622472e-24   7.3733481759e-14   9.5232771415e+04   2.0000000000e-02 
  1.7791479871e+21   6.8091095151e+17   2.7074354297e+61   3.9839951382e-24   7.3885377555e-14   9.5497901609e+04   2.0000000000e-02 
  1.7798290241e+21   6.8103702440e+17   2.7100104550e+61   3.9966013877e-24   7.4038007873e-14   9.5765275755e+04   2.0000000000e-02 
  1.7805089316e+21   6.7990742078e+17   2.7075850509e+61   4.0093393069e-24   7.4192088810e-14   9.6032399901e+04   2.0000000000e-02 
  1.7811877950e+21   6.7886342832e+17   2.7054914466e+61   4.0221081712e-24   7.4346391399e-14   9.6300589926e+04   2.0000000000e-02 
  1.7818656939e+21   6.7789889080e+17   2.7037061280e+61   4.0349958713e-24   7.4502002820e-14   9.6568374111e+04   2.0000000000e-02 
  1.7825427489e+21   6.7705500733e+17   2.7023945704e+61   4.0479164228e-24   7.4657861161e-14   9.6837380246e+04   2.0000000000e-02 
  1.7832189746e+21   6.7622574474e+17   2.7011345394e+61   4.0609610188e-24   7.4815063372e-14   9.7106143917e+04   2.0000000000e-02 
  1.7838943512e+21   6.7537656569e+17   2.6997881021e+61   4.0740384368e-24   7.4972506829e-14   9.7376232946e+04   2.0000000000e-02 
  1.7845688495e+21   6.7449833305e+17   2.6983184543e+61   4.0872371895e-24   7.5131256054e-14   9.7646146572e+04   2.0000000000e-02 
  1.7852424685e+21   6.7361898348e+17   2.6968371354e+61   4.1004672177e-24   7.5290225479e-14   9.7917388965e+04   2.0000000000e-02 
  1.7859152057e+21   6.7273717932e+17   2.6953387749e+61   4.1138162598e-24   7.5450467649e-14   9.8188491062e+04   2.0000000000e-02 
  1.7865870666e+21   6.7186090678e+17   2.6938553807e+61   4.1271949525e-24   7.5610907592e-14   9.8460947432e+04   2.0000000000e-02 
  1.7872580402e+21   6.7097355892e+17   2.6923203626e+61   4.1406905819e-24   7.5772591242e-14   9.8733298452e+04   2.0000000000e-02 
  1.7879281310e+21   6.7009085632e+17   2.6907967424e+61   4.1542171308e-24   7.5934484278e-14   9.9006985900e+04   2.0000000000e-02 
  1.7885973300e+21   6.6919894006e+17   2.6892288665e+61   4.1678565550e-24   7.6097568424e-14   9.9280644140e+04   2.0000000000e-02 
  1.7892656314e+21   6.6830144151e+17   2.6876312380e+61   4.1815309760e-24   7.6260907769e-14   9.9555572251e+04   2.0000000000e-02 
  1.7899330327e+21   6.6740127409e+17   2.6860155244e+61   4.1953135635e-24   7.6425377642e-14   9.9830552608e+04   2.0000000000e-02 
  1.7905995286e+21   6.6649592955e+17   2.6843715924e+61   4.2091358913e-24   7.6590156747e-14   1.0010671660e+05   2.0000000000e-02 
  1.7912651142e+21   6.6558564236e+17   2.6827003304e+61   4.2230620435e-24   7.6756010128e-14   1.0038299806e+05   2.0000000000e-02 
  1.7919297938e+21   6.6467956631e+17   2.6810386204e+61   4.2370323336e-24   7.6922222426e-14   1.0066037404e+05   2.0000000000e-02 
  1.7925935586e+21   6.6376480532e+17   2.6793344428e+61   4.2511024738e-24   7.7089457285e-14   1.0093791976e+05   2.0000000000e-02 
  1.7932564099e+21   6.6285131263e+17   2.6776279202e+61   4.2652205078e-24   7.7257093035e-14   1.0121646905e+05   2.0000000000e-02 
  1.7939183401e+21   6.6193019336e+17   2.6758831020e+61   4.2794348196e-24   7.7425704509e-14   1.0149521759e+05   2.0000000000e-02 
  1.7945793485e+21   6.6100838926e+17   2.6741279957e+61   4.2936997975e-24   7.7594747013e-14   1.0177488306e+05   2.0000000000e-02 
  1.7952394289e+21   6.6008044223e+17   2.6723404934e+61   4.3080580494e-24   7.7764725346e-14   1.0205475717e+05   2.0000000000e-02 
  1.7958985832e+21   6.5915428272e+17   2.6705526693e+61   4.3224691490e-24   7.7935157558e-14   1.0233546841e+05   2.0000000000e-02 
  1.7965568008e+21   6.5821756527e+17   2.6687144777e+61   4.3369708776e-24   7.8106490101e-14   1.0261639061e+05   2.0000000000e-02 
  1.7972140839e+21   6.5728306718e+17   2.6668776607e+61   4.3515272045e-24   7.8278294174e-14   1.0289807647e+05   2.0000000000e-02 
  1.7978704271e+21   6.5634325320e+17   2.6650116432e+61   4.3661719492e-24   7.8450968373e-14   1.0317997115e+05   2.0000000000e-02 
  1.7985258306e+21   6.5540346772e+17   2.6631380921e+61   4.3808730093e-24   7.8624131121e-14   1.0346256672e+05   2.0000000000e-02 
  1.7991802938e+21   6.5446316888e+17   2.6612548093e+61   4.3956603215e-24   7.8798134668e-14   1.0374537493e+05   2.0000000000e-02 
  1.7998338118e+21   6.5351804899e+17   2.6593442591e+61   4.4105064421e-24   7.8972652610e-14   1.0402882016e+05   2.0000000000e-02 
  1.8004863815e+21   6.5256970273e+17   2.6574128869e+61   4.4254360624e-24   7.9147975245e-14   1.0431249937e+05   2.0000000000e-02 
  1.8011380019e+21   6.5162038992e+17   2.6554698731e+61   4.4404279717e-24   7.9323849619e-14   1.0459674919e+05   2.0000000000e-02 
  1.8017886702e+21   6.5066831059e+17   2.6535078692e+61   4.4555006875e-24   7.9500493195e-14   1.0488127577e+05   2.0000000000e-02 
  1.8024383843e+21   6.4971409464e+17   2.6515294206e+61   4.4706402655e-24   7.9677738356e-14   1.0516632007e+05   2.0000000000e-02 
  1.8030871451e+21   6.4876078751e+17   2.6495469502e+61   4.4858585106e-24   7.9855723663e-14   1.0545171313e+05   2.0000000000e-02 
  1.8037349462e+21   6.4780115337e+17   2.6475308922e+61   4.5011500949e-24   8.0034382110e-14   1.0573759498e+05   2.0000000000e-02 
  1.8043817837e+21   6.4683740993e+17   2.6454902520e+61   4.5165196608e-24   8.0213767933e-14   1.0602394676e+05   2.0000000000e-02 
  1.8050276518e+21   6.4586814288e+17   2.6434191973e+61   4.5319709952e-24   8.0393920739e-14   1.0631082030e+05   2.0000000000e-02 
  1.8056725301e+21   6.4487827797e+17   2.6412559077e+61   4.5475046676e-24   8.0574823180e-14   1.0659832061e+05   2.0000000000e-02 
  1.8063164138e+21   6.4388368801e+17   2.6390652296e+61   4.5631218260e-24   8.0756432009e-14   1.0688629383e+05   2.0000000000e-02 
  1.8069593024e+21   6.4288861796e+17   2.6368645324e+61   4.5788119730e-24   8.0938703663e-14   1.0717461235e+05   2.0000000000e-02 
  1.8076012005e+21   6.4189808738e+17   2.6346744279e+61   4.5945704245e-24   8.1121582467e-14   1.0746319531e+05   2.0000000000e-02 
  1.8082421049e+21   6.4090440718e+17   2.6324633826e+61   4.6104015211e-24   8.1305113256e-14   1.0775192198e+05   2.0000000000e-02 
  1.8088820175e+21   6.3991261149e+17   2.6302520664e+61   4.6262929183e-24   8.1489153858e-14   1.0804091826e+05   2.0000000000e-02 
  1.8095209678e+21   6.3895031576e+17   2.6281541375e+61   4.6422617685e-24   8.1673898189e-14   1.0832996100e+05   2.0000000000e-02 
  1.8101589987e+21   6.3803094833e+17   2.6262252382e+61   4.6582897659e-24   8.1859134193e-14   1.0861936863e+05   2.0000000000e-02 
  1.8107961133e+21   6.3711459764e+17   2.6243014176e+61   4.6744013061e-24   8.2045141155e-14   1.0890885843e+05   2.0000000000e-02 
  1.8114322839e+21   6.3617058603e+17   2.6222562208e+61   4.6905756647e-24   8.2231677602e-14   1.0919879110e+05   2.0000000000e-02 
  1.8120674722e+21   6.3518825845e+17   2.6200453679e+61   4.7068354530e-24   8.2419003499e-14   1.0948888087e+05   2.0000000000e-02 
  1.8127016465e+21   6.3417430744e+17   2.6176960571e+61   4.7231633382e-24   8.2606915705e-14   1.0977943866e+05   2.0000000000e-02 
  1.8133347909e+21   6.3314439397e+17   2.6152726426e+61   4.7395771858e-24   8.2795619720e-14   1.1007026225e+05   2.0000000000e-02 
  1.8139669006e+21   6.3210974271e+17   2.6128213617e+61   4.7560666151e-24   8.2984992342e-14   1.1036159009e+05   2.0000000000e-02 
  1.8145979699e+21   6.3106929852e+17   2.6103378022e+61   4.7726444068e-24   8.3175179766e-14   1.1065332518e+05   2.0000000000e-02 
  1.8152279993e+21   6.3002938313e+17   2.6078480821e+61   4.7893065572e-24   8.3366132186e-14   1.1094564165e+05   2.0000000000e-02 
  1.8158569856e+21   6.2898631152e+17   2.6053369471e+61   4.8060621461e-24   8.3557952230e-14   1.1123853488e+05   2.0000000000e-02 
  1.8164849230e+21   6.2793742183e+17   2.6027933323e+61   4.8229122461e-24   8.3750648485e-14   1.1153214055e+05   2.0000000000e-02 
  1.8171118081e+21   6.2688502249e+17   2.6002267581e+61   4.8398636420e-24   8.3944296501e-14   1.1182651891e+05   2.0000000000e-02 
  1.8177376339e+21   6.2582586200e+17   2.5976236926e+61   4.8569197000e-24   8.4138931669e-14   1.1212177459e+05   2.0000000000e-02 
  1.8183623927e+21   6.2475881342e+17   2.5949793851e+61   4.8740834846e-24   8.4334588685e-14   1.1241797838e+05   2.0000000000e-02 
  1.8189860838e+21   6.2369101931e+17   2.5923234523e+61   4.8913604328e-24   8.4531272237e-14   1.1271481164e+05   2.0000000000e-02 
  1.8196087090e+21   6.2262527523e+17   2.5896675268e+61   4.9086674357e-24   8.4727989159e-14   1.1301107447e+05   2.0000000000e-02 
  1.8202302792e+21   6.2157014473e+17   2.5870472957e+61   4.9259191812e-24   8.4923864800e-14   1.1330476029e+05   2.0000000000e-02 
  1.8208508066e+21   6.2052743173e+17   2.5844704049e+61   4.9431479270e-24   8.5119251487e-14   1.1359653367e+05   2.0000000000e-02 
  1.8214702962e+21   6.1948961918e+17   2.5819056641e+61   4.9603837838e-24   8.5314487792e-14   1.1388702317e+05   2.0000000000e-02 
  1.8220887514e+21   6.1845517005e+17   2.5793467251e+61   4.9776669891e-24   8.5510040218e-14   1.1417686599e+05   2.0000000000e-02 
  1.8227061735e+21   6.1742205636e+17   2.5767851683e+61   4.9950338898e-24   8.5706293146e-14   1.1446672214e+05   2.0000000000e-02 
  1.8233225645e+21   6.1639100841e+17   2.5742240683e+61   5.0124760146e-24   8.5903290164e-14   1.1475648082e+05   2.0000000000e-02 
  1.8239379551e+21   6.1539062669e+17   2.5717830222e+61   5.0297275735e-24   8.6098118969e-14   1.1504112082e+05   2.0000000000e-02 
  1.8245524089e+21   6.1445383434e+17   2.5696001126e+61   5.0465185469e-24   8.6287719008e-14   1.1531479802e+05   2.0000000000e-02 
  1.8251660208e+21   6.1361182162e+17   2.5678066304e+61   5.0625645421e-24   8.6468913277e-14   1.1557199104e+05   2.0000000000e-02 
  1.8257789168e+21   6.1289604234e+17   2.5665354067e+61   5.0776202568e-24   8.6638556154e-14   1.1580745434e+05   2.0000000000e-02 
  1.8263912352e+21   6.1231841594e+17   2.5658378287e+61   5.0915518946e-24   8.6795401151e-14   1.1601876502e+05   2.0000000000e-02 
  1.8270031096e+21   6.1187438234e+17   2.5656963235e+61   5.1043779804e-24   8.6939659869e-14   1.1620647906e+05   2.0000000000e-02 
  1.8276146555e+21   6.1154594166e+17   2.5660368403e+61   5.1162605817e-24   8.7073068531e-14   1.1637464703e+05   2.0000000000e-02 
  1.8282259420e+21   6.1128650070e+17   2.5666649770e+61   5.1275771040e-24   8.7199852217e-14   1.1653040752e+05   2.0000000000e-02 
  1.8288369893e+21   6.1104724369e+17   2.5673763352e+61   5.1386919922e-24   8.7328120987e-14   1.1668271535e+05   2.0000000000e-02 
  1.8294477789e+21   6.1078959183e+17   2.5680088860e+61   5.1499937631e-24   8.7459664484e-14   1.1684027893e+05   2.0000000000e-02 
  1.8300582647e+21   6.1048580421e+17   2.5684456712e+61   5.1617080672e-24   8.7595881065e-14   1.1700572468e+05   2.0000000000e-02 
  1.8306683940e+21   6.1012933251e+17   2.5686585946e+61   5.1739041306e-24   8.7737582189e-14   1.1718085675e+05   2.0000000000e-02 
  1.8312781101e+21   6.0971605181e+17   2.5686296808e+61   5.1866313399e-24   8.7885354797e-14   1.1736637207e+05   2.0000000000e-02 
  1.8318873523e+21   6.0924220186e+17   2.5683424353e+61   5.1998904968e-24   8.8039213246e-14   1.1756243029e+05   2.0000000000e-02 
  1.8324960657e+21   6.0871341829e+17   2.5678199603e+61   5.2136704029e-24   8.8199026546e-14   1.1776846330e+05   2.0000000000e-02 
  1.8331041992e+21   6.0813351899e+17   2.5670777622e+61   5.2279263085e-24   8.8364271334e-14   1.1798368955e+05   2.0000000000e-02 
  1.8337117062e+21   6.0750699936e+17   2.5661342646e+61   5.2426136680e-24   8.8534424865e-14   1.1820685678e+05   2.0000000000e-02 
  1.8343185505e+21   6.0684426786e+17   2.5650329566e+61   5.2576644690e-24   8.8708691193e-14   1.1843673391e+05   2.0000000000e-02 
  1.8349247015e+21   6.0615107347e+17   2.5637977595e+61   5.2730220926e-24   8.8886405554e-14   1.1867182831e+05   2.0000000000e-02 
  1.8355301353e+21   6.0543378973e+17   2.5624553198e+61   5.2886150420e-24   8.9066730857e-14   1.1891088615e+05   2.0000000000e-02 
  1.8361348375e+21   6.0470212176e+17   2.5610464883e+61   5.3043933007e-24   8.9249078494e-14   1.1915256379e+05   2.0000000000e-02 
  1.8367387963e+21   6.0395886468e+17   2.5595829574e+61   5.3202989342e-24   8.9432768718e-14   1.1939592510e+05   2.0000000000e-02 
  1.8373420060e+21   6.0320963379e+17   2.5580884227e+61   5.3363015018e-24   8.9617440382e-14   1.1964005551e+05   2.0000000000e-02 
  1.8379444656e+21   6.0245960183e+17   2.5565847791e+61   5.3523666733e-24   8.9802688176e-14   1.1988450743e+05   2.0000000000e-02 
  1.8385461721e+21   6.0170650520e+17   2.5550624063e+61   5.3684869039e-24   8.9988417819e-14   1.2012887984e+05   2.0000000000e-02 
  1.8391471257e+21   6.0095368493e+17   2.5535354752e+61   5.3846510359e-24   9.0174494297e-14   1.2037316353e+05   2.0000000000e-02 
  1.8397473271e+21   6.0020136218e+17   2.5520049332e+61   5.4008677652e-24   9.0361013841e-14   1.2061734493e+05   2.0000000000e-02 
  1.8403467728e+21   5.9944572645e+17   2.5504545717e+61   5.4171400542e-24   9.0548007387e-14   1.2086164196e+05   2.0000000000e-02 
  1.8409454619e+21   5.9868908745e+17   2.5488941946e+61   5.4334811824e-24   9.0735626714e-14   1.2110619065e+05   2.0000000000e-02 
  1.8415433919e+21   5.9792996065e+17   2.5473174681e+61   5.4498967814e-24   9.0923935834e-14   1.2135120099e+05   2.0000000000e-02 
  1.8421405577e+21   5.9716585272e+17   2.5457137362e+61   5.4663952057e-24   9.1113031242e-14   1.2159675647e+05   2.0000000000e-02 
  1.8427369571e+21   5.9639932625e+17   2.5440938824e+61   5.4829772513e-24   9.1302922231e-14   1.2184292275e+05   2.0000000000e-02 
  1.8433325857e+21   5.9562863779e+17   2.5424504399e+61   5.4996430557e-24   9.1493610838e-14   1.2208965243e+05   2.0000000000e-02 
  1.8439274395e+21   5.9485378552e+17   2.5407833590e+61   5.5163874789e-24   9.1685037913e-14   1.2233686477e+05   2.0000000000e-02 
  1.8445215178e+21   5.9407836324e+17   2.5391079630e+61   5.5332047554e-24   9.1877137004e-14   1.2258441760e+05   2.0000000000e-02 
  1.8451148176e+21   5.9329978620e+17   2.5374131918e+61   5.5500869857e-24   9.2069816693e-14   1.2283216305e+05   2.0000000000e-02 
  1.8457073388e+21   5.9252112609e+17   2.5357121646e+61   5.5670268612e-24   9.2262992244e-14   1.2307994396e+05   2.0000000000e-02 
  1.8462990828e+21   5.9174407683e+17   2.5340121410e+61   5.5840172858e-24   9.2456581324e-14   1.2332762370e+05   2.0000000000e-02 
  1.8468900497e+21   5.9096686596e+17   2.5323055455e+61   5.6010526199e-24   9.2650545890e-14   1.2357510397e+05   2.0000000000e-02 
  1.8474802403e+21   5.9019059189e+17   2.5305970918e+61   5.6181353470e-24   9.2844931449e-14   1.2382243917e+05   2.0000000000e-02 
  1.8480696556e+21   5.8941534916e+17   2.5288872004e+61   5.6352724393e-24   9.3039765766e-14   1.2406973688e+05   2.0000000000e-02 
  1.8486582931e+21   5.8863749175e+17   2.5271602285e+61   5.6524682375e-24   9.3235097934e-14   1.2431707411e+05   2.0000000000e-02 
  1.8492461535e+21   5.8786039015e+17   2.5254306362e+61   5.6697266101e-24   9.3430971046e-14   1.2456451965e+05   2.0000000000e-02 
  1.8498332348e+21   5.8708128333e+17   2.5236865633e+61   5.6870504865e-24   9.3627400398e-14   1.2481211679e+05   2.0000000000e-02 
  1.8504195361e+21   5.8630124311e+17   2.5219326041e+61   5.7044380150e-24   9.3824361795e-14   1.2505982259e+05   2.0000000000e-02 
  1.8510050574e+21   5.8552136614e+17   2.5201734747e+61   5.7218852572e-24   9.4021831652e-14   1.2530757076e+05   2.0000000000e-02 
  1.8515897984e+21   5.8474097929e+17   2.5184062813e+61   5.7393890794e-24   9.4219773462e-14   1.2555529902e+05   2.0000000000e-02 
  1.8521737586e+21   5.8396017849e+17   2.5166314362e+61   5.7569461518e-24   9.4418148715e-14   1.2580294186e+05   2.0000000000e-02 
  1.8527569406e+21   5.8318201237e+17   2.5148620902e+61   5.7745532716e-24   9.4616920309e-14   1.2605043569e+05   2.0000000000e-02 
  1.8533393423e+21   5.8240176236e+17   2.5130779094e+61   5.7922074908e-24   9.4816053784e-14   1.2629772400e+05   2.0000000000e-02 
  1.8539209679e+21   5.8162559616e+17   2.5113055144e+61   5.8099062089e-24   9.5015520677e-14   1.2654472594e+05   2.0000000000e-02 
  1.8545018173e+21   5.8084931456e+17   2.5095268059e+61   5.8276416120e-24   9.5215233995e-14   1.2679134093e+05   2.0000000000e-02 
  1.8550818935e+21   5.8007628128e+17   2.5077563335e+61   5.8454078218e-24   9.5415124917e-14   1.2703746244e+05   2.0000000000e-02 
  1.8556611985e+21   5.7930497652e+17   2.5059875602e+61   5.8632019510e-24   9.5615159816e-14   1.2728303386e+05   2.0000000000e-02 
  1.8562397362e+21   5.7853773005e+17   2.5042305970e+61   5.8810223145e-24   9.5815319324e-14   1.2752802490e+05   2.0000000000e-02 
  1.8568175078e+21   5.7777158404e+17   2.5024726767e+61   5.8988675924e-24   9.6015588507e-14   1.2777241419e+05   2.0000000000e-02 
  1.8573945193e+21   5.7701141884e+17   2.5007349735e+61   5.9167365457e-24   9.6215953470e-14   1.2801618272e+05   2.0000000000e-02 
  1.8579707700e+21   5.7625070921e+17   2.4989892496e+61   5.9346278916e-24   9.6416399874e-14   1.2825931119e+05   2.0000000000e-02 
  1.8585462656e+21   5.7549564570e+17   2.4972623747e+61   5.9525403605e-24   9.6616913540e-14   1.2850178059e+05   2.0000000000e-02 
  1.8591210077e+21   5.7474206177e+17   2.4955363169e+61   5.9704727927e-24   9.6817481528e-14   1.2874357388e+05   2.0000000000e-02 
  1.8596950007e+21   5.7399301822e+17   2.4938243987e+61   5.9884241464e-24   9.7018092235e-14   1.2898467622e+05   2.0000000000e-02 
  1.8602682470e+21   5.7324628525e+17   2.4921169762e+61   6.0063935607e-24   9.7218736097e-14   1.2922507606e+05   2.0000000000e-02 
  1.8608407518e+21   5.7250478212e+17   2.4904267810e+61   6.0243803625e-24   9.7419405682e-14   1.2946476522e+05   2.0000000000e-02 
  1.8614125157e+21   5.7176391604e+17   2.4887338760e+61   6.0423840203e-24   9.7620095168e-14   1.2970373830e+05   2.0000000000e-02 
  1.8619835450e+21   5.7102934007e+17   2.4870629010e+61   6.0604041719e-24   9.7820800649e-14   1.2994199279e+05   2.0000000000e-02 
  1.8625538411e+21   5.7029609159e+17   2.4853922931e+61   6.0784405997e-24   9.8021519853e-14   1.3017952859e+05   2.0000000000e-02 
  1.8631234087e+21   5.6956759982e+17   2.4837370289e+61   6.0964931737e-24   9.8222251502e-14   1.3041634702e+05   2.0000000000e-02 
  1.8636922508e+21   5.6884207090e+17   2.4820893332e+61   6.1145618841e-24   9.8422995657e-14   1.3065245126e+05   2.0000000000e-02 
  1.8642603705e+21   5.6811976565e+17   2.4804503808e+61   6.1326467674e-24   9.8623752904e-14   1.3088784549e+05   2.0000000000e-02 
  1.8648277711e+21   5.6740058134e+17   2.4788197608e+61   6.1507479219e-24   9.8824524512e-14   1.3112253502e+05   2.0000000000e-02 
  1.8653944564e+21   5.6668532153e+17   2.4772010238e+61   6.1688655118e-24   9.9025312488e-14   1.3135652612e+05   2.0000000000e-02 
  1.8659604288e+21   5.6597236065e+17   2.4755871029e+61   6.1869997359e-24   9.9226119212e-14   1.3158982553e+05   2.0000000000e-02 
  1.8665256921e+21   5.6526326213e+17   2.4739848710e+61   6.2051508282e-24   9.9426947449e-14   1.3182244059e+05   2.0000000000e-02 
  1.8670902479e+21   5.6455586639e+17   2.4723849122e+61   6.2233190407e-24   9.9627800154e-14   1.3205437907e+05   2.0000000000e-02 
  1.8676540998e+21   5.6385190196e+17   2.4707948249e+61   6.2415046518e-24   9.9828680573e-14   1.3228564910e+05   2.0000000000e-02 
  1.8682172517e+21   5.6315185937e+17   2.4692168006e+61   6.2597080148e-24   1.0002959276e-13   1.3251625951e+05   2.0000000000e-02 
  1.8687797050e+21   5.6245335358e+17   2.4676404172e+61   6.2779294904e-24   1.0023054082e-13   1.3274621933e+05   2.0000000000e-02 
  1.8693414624e+21   5.6175739624e+17   2.4660701370e+61   6.2961694603e-24   1.0043152906e-13   1.3297553846e+05   2.0000000000e-02 
  1.8699025256e+21   5.6106318349e+17   2.4645024582e+61   6.3144283839e-24   1.0063256264e-13   1.3320422840e+05   2.0000000000e-02 
  1.8704628979e+21   5.6037230744e+17   2.4629444027e+61   6.3327068700e-24   1.0083364830e-13   1.3343230243e+05   2.0000000000e-02 
  1.8710225835e+21   5.5968557015e+17   2.4613995372e+61   6.3510057500e-24   1.0103479521e-13   1.3365977619e+05   2.0000000000e-02 
  1.8715815818e+21   5.5899832690e+17   2.4598474638e+61   6.3693259789e-24   1.0123601384e-13   1.3388666739e+05   2.0000000000e-02 
  1.8721398985e+21   5.5831668817e+17   2.4583150937e+61   6.3876687022e-24   1.0143731668e-13   1.3411299744e+05   2.0000000000e-02 
  1.8726975370e+21   5.5763844069e+17   2.4567927351e+61   6.4060352779e-24   1.0163871862e-13   1.3433879087e+05   2.0000000000e-02 
  1.8732544910e+21   5.5695399353e+17   2.4552381344e+61   6.4244269640e-24   1.0184023347e-13   1.3456406947e+05   2.0000000000e-02 
  1.8738107697e+21   5.5627878174e+17   2.4537193335e+61   6.4428450295e-24   1.0204187519e-13   1.3478885339e+05   2.0000000000e-02 
  1.8743663794e+21   5.5560969563e+17   2.4522227034e+61   6.4612905763e-24   1.0224365593e-13   1.3501316045e+05   2.0000000000e-02 
  1.8749213098e+21   5.5493035959e+17   2.4506759724e+61   6.4797637465e-24   1.0244557749e-13   1.3523699692e+05   2.0000000000e-02 
  1.8754755659e+21   5.5425607140e+17   2.4491466546e+61   6.4982639174e-24   1.0264763344e-13   1.3546035675e+05   2.0000000000e-02 
  1.8760291556e+21   5.5358978524e+17   2.4476478713e+61   6.5167900266e-24   1.0284981257e-13   1.3568322305e+05   2.0000000000e-02 
  1.8765820762e+21   5.5292054083e+17   2.4461312066e+61   6.5353401871e-24   1.0305209441e-13   1.3590556716e+05   2.0000000000e-02 
  1.8771343364e+21   5.5226021036e+17   2.4446492021e+61   6.5539121258e-24   1.0325445410e-13   1.3612736035e+05   2.0000000000e-02 
  1.8776859319e+21   5.5159550081e+17   2.4431430587e+61   6.5725039507e-24   1.0345687068e-13   1.3634858283e+05   2.0000000000e-02 
  1.8782368672e+21   5.5093527770e+17   2.4416520361e+61   6.5911151899e-24   1.0365933825e-13   1.3656923195e+05   2.0000000000e-02 
  1.8787871604e+21   5.5029318373e+17   2.4402366993e+61   6.6097481415e-24   1.0386188067e-13   1.3678933975e+05   2.0000000000e-02 
  1.8793368072e+21   5.4964680916e+17   2.4387977780e+61   6.6284076826e-24   1.0406454943e-13   1.3700897245e+05   2.0000000000e-02 
  1.8798858104e+21   5.4900320562e+17   2.4373665465e+61   6.6471009446e-24   1.0426742132e-13   1.3722822581e+05   2.0000000000e-02 
  1.8804341591e+21   5.4834875507e+17   2.4358825245e+61   6.6658335948e-24   1.0447064545e-13   1.3744725589e+05   2.0000000000e-02 
  1.8809818502e+21   5.4769104434e+17   2.4343793346e+61   6.6846323443e-24   1.0467451508e-13   1.3766642800e+05   2.0000000000e-02 
  1.8815288910e+21   5.4704086761e+17   2.4329049659e+61   6.7035249753e-24   1.0487922921e-13   1.3788622506e+05   2.0000000000e-02 
  1.8820752903e+21   5.4639929847e+17   2.4314642784e+61   6.7225436998e-24   1.0508513466e-13   1.3810702045e+05   2.0000000000e-02 
  1.8826210596e+21   5.4576925405e+17   2.4300703563e+61   6.7417161568e-24   1.0529252539e-13   1.3832931843e+05   2.0000000000e-02 
  1.8831661996e+21   5.4513998553e+17   2.4286754205e+61   6.7610828649e-24   1.0550183277e-13   1.3855363092e+05   2.0000000000e-02 
  1.8837106992e+21   5.4449963987e+17   2.4272266287e+61   6.7806871499e-24   1.0571351482e-13   1.3878065499e+05   2.0000000000e-02 
  1.8842545295e+21   5.4383033244e+17   2.4256440758e+61   6.8005892000e-24   1.0592820850e-13   1.3901121795e+05   2.0000000000e-02 
  1.8847976503e+21   5.4312070343e+17   2.4238767550e+61   6.8208626092e-24   1.0614669025e-13   1.3924642561e+05   2.0000000000e-02 
  1.8853400151e+21   5.4236484354e+17   2.4218978599e+61   6.8416056369e-24   1.0636999719e-13   1.3948767771e+05   2.0000000000e-02 
  1.8858815720e+21   5.4155694435e+17   2.4196809602e+61   6.8629435118e-24   1.0659944946e-13   1.3973679659e+05   2.0000000000e-02 
  1.8864222601e+21   5.4068807162e+17   2.4171855745e+61   6.8850380294e-24   1.0683675200e-13   1.3999609733e+05   2.0000000000e-02 
  1.8869620071e+21   5.3974703744e+17   2.4143610249e+61   6.9080941208e-24   1.0708406178e-13   1.4026851820e+05   2.0000000000e-02 
  1.8875007220e+21   5.3871486284e+17   2.4111216122e+61   6.9323693857e-24   1.0734409207e-13   1.4055774415e+05   2.0000000000e-02 
  1.8880383023e+21   5.3758030979e+17   2.4074160740e+61   6.9582054264e-24   1.0762033534e-13   1.4086784920e+05   2.0000000000e-02 
  1.8885746867e+21   5.3638436183e+17   2.4034270690e+61   6.9854977192e-24   1.0790432593e-13   1.4119418973e+05   2.0000000000e-02 
  1.8891099203e+21   5.3523356913e+17   2.3996318223e+61   7.0119298130e-24   1.0817978838e-13   1.4150743963e+05   2.0000000000e-02 
  1.8896441067e+21   5.3418645916e+17   2.3962934282e+61   7.0369729018e-24   1.0844031727e-13   1.4179854711e+05   2.0000000000e-02 
  1.8901773313e+21   5.3322459262e+17   2.3933301642e+61   7.0610073409e-24   1.0868994987e-13   1.4207340089e+05   2.0000000000e-02 
  1.8907096586e+21   5.3232726171e+17   2.3906498800e+61   7.0842930464e-24   1.0893146036e-13   1.4233601746e+05   2.0000000000e-02 
  1.8912411381e+21   5.3147951355e+17   2.3881860275e+61   7.1070150869e-24   1.0916681794e-13   1.4258923786e+05   2.0000000000e-02 
  1.8917718070e+21   5.3066889778e+17   2.3858831221e+61   7.1293120159e-24   1.0939749162e-13   1.4283516909e+05   2.0000000000e-02 
  1.8923016951e+21   5.2988814335e+17   2.3837088267e+61   7.1512930818e-24   1.0962463416e-13   1.4307545685e+05   2.0000000000e-02 
  1.8928308241e+21   5.2912897830e+17   2.3816262050e+61   7.1730480866e-24   1.0984918913e-13   1.4331146241e+05   2.0000000000e-02 
  1.8933592103e+21   5.2838615431e+17   2.3796118368e+61   7.1946551645e-24   1.1007197669e-13   1.4354434431e+05   2.0000000000e-02 
  1.8938868644e+21   5.2765413473e+17   2.3776409360e+61   7.2161871187e-24   1.1029375560e-13   1.4377509027e+05   2.0000000000e-02 
  1.8944137924e+21   5.2692805618e+17   2.3756916825e+61   7.2376928535e-24   1.1051522262e-13   1.4400469699e+05   2.0000000000e-02 
  1.8949399969e+21   5.2620448374e+17   2.3737486412e+61   7.2592443286e-24   1.1073722145e-13   1.4423388614e+05   2.0000000000e-02 
  1.8954654767e+21   5.2547977371e+17   2.3717953909e+61   7.2808782014e-24   1.1095984959e-13   1.4446325171e+05   2.0000000000e-02 
  1.8959902289e+21   5.2475218349e+17   2.3698240527e+61   7.3026169264e-24   1.1118334149e-13   1.4469311015e+05   2.0000000000e-02 
  1.8965142496e+21   5.2402074495e+17   2.3678302267e+61   7.3244867146e-24   1.1140796236e-13   1.4492377221e+05   2.0000000000e-02 
  1.8970375317e+21   5.2328209410e+17   2.3657986658e+61   7.3465158767e-24   1.1163399734e-13   1.4515562456e+05   2.0000000000e-02 
  1.8975600679e+21   5.2253612894e+17   2.3637288414e+61   7.3687455376e-24   1.1186184899e-13   1.4538910642e+05   2.0000000000e-02 
  1.8980818564e+21   5.2178853784e+17   2.3616464383e+61   7.3911584768e-24   1.1209149115e-13   1.4562370216e+05   2.0000000000e-02 
  1.8986029192e+21   5.2106279300e+17   2.3596577694e+61   7.4132763575e-24   1.1231813843e-13   1.4585379137e+05   2.0000000000e-02 
  1.8991233013e+21   5.2038209152e+17   2.3578681923e+61   7.4347975982e-24   1.1253856334e-13   1.4607486721e+05   2.0000000000e-02 
  1.8996430602e+21   5.1975888430e+17   2.3563346203e+61   7.4555536554e-24   1.1275105308e-13   1.4628474932e+05   2.0000000000e-02 
  1.9001622627e+21   5.1920254253e+17   2.3551001466e+61   7.4753982493e-24   1.1295411665e-13   1.4648159972e+05   2.0000000000e-02 
  1.9006809819e+21   5.1871917266e+17   2.3541931583e+61   7.4942380196e-24   1.1314680012e-13   1.4666425750e+05   2.0000000000e-02 
  1.9011992913e+21   5.1830939776e+17   2.3536172102e+61   7.5120459577e-24   1.1332881514e-13   1.4683234311e+05   2.0000000000e-02 
  1.9017172637e+21   5.1797246749e+17   2.3533696224e+61   7.5288356749e-24   1.1350081136e-13   1.4698659374e+05   2.0000000000e-02 
  1.9022349682e+21   5.1770449396e+17   2.3534334375e+61   7.5446361845e-24   1.1366278991e-13   1.4712718838e+05   2.0000000000e-02 
  1.9027524721e+21   5.1750385811e+17   2.3538019723e+61   7.5594826348e-24   1.1381489313e-13   1.4725461004e+05   2.0000000000e-02 
  1.9032698353e+21   5.1736321340e+17   2.3544424509e+61   7.5734557596e-24   1.1395794049e-13   1.4736999358e+05   2.0000000000e-02 
  1.9037871098e+21   5.1727451080e+17   2.3553188071e+61   7.5866813568e-24   1.1409321565e-13   1.4747502972e+05   2.0000000000e-02 
  1.9043043371e+21   5.1722726671e+17   2.3563837806e+61   7.5993061847e-24   1.1422221142e-13   1.4757173801e+05   2.0000000000e-02 
  1.9048215464e+21   5.1720935363e+17   2.3575824861e+61   7.6114983345e-24   1.1434663956e-13   1.4766252307e+05   2.0000000000e-02 
  1.9053387541e+21   5.1720770785e+17   2.3588556176e+61   7.6234602800e-24   1.1446857889e-13   1.4775002987e+05   2.0000000000e-02 
  1.9058559583e+21   5.1720415069e+17   2.3601203601e+61   7.6353683734e-24   1.1459279158e-13   1.4783712147e+05   2.0000000000e-02 
  1.9063731341e+21   5.1717584926e+17   2.3612724183e+61   7.6476191017e-24   1.1472216665e-13   1.4793009515e+05   2.0000000000e-02 
  1.9068902365e+21   5.1710231336e+17   2.3622179183e+61   7.6606035803e-24   1.1485915750e-13   1.4803240674e+05   2.0000000000e-02 
  1.9074072115e+21   5.1697508702e+17   2.3629177519e+61   7.6744201445e-24   1.1500484536e-13   1.4814606201e+05   2.0000000000e-02 
  1.9079240025e+21   5.1679100158e+17   2.3633568920e+61   7.6891368736e-24   1.1515997358e-13   1.4827121129e+05   2.0000000000e-02 
  1.9084405556e+21   5.1655304863e+17   2.3635484668e+61   7.7046893685e-24   1.1532387283e-13   1.4840751496e+05   2.0000000000e-02 
  1.9089568214e+21   5.1626583534e+17   2.3635130402e+61   7.7210154226e-24   1.1549588834e-13   1.4855350901e+05   2.0000000000e-02 
  1.9094727596e+21   5.1593816855e+17   2.3632904754e+61   7.7379811663e-24   1.1567459873e-13   1.4870779871e+05   2.0000000000e-02 
  1.9099883358e+21   5.1557617748e+17   2.3629084699e+61   7.7554866853e-24   1.1585893835e-13   1.4886854908e+05   2.0000000000e-02 
  1.9105035250e+21   5.1518921411e+17   2.3624095798e+61   7.7734034074e-24   1.1604753558e-13   1.4903434739e+05   2.0000000000e-02 
  1.9110183069e+21   5.1478190710e+17   2.3618148004e+61   7.7916485331e-24   1.1623950282e-13   1.4920373133e+05   2.0000000000e-02 
  1.9115326683e+21   5.1436138081e+17   2.3611566441e+61   7.8101288421e-24   1.1643384414e-13   1.4937575146e+05   2.0000000000e-02 
  1.9120465985e+21   5.1393022109e+17   2.3604468610e+61   7.8287977800e-24   1.1663005781e-13   1.4954947726e+05   2.0000000000e-02 
  1.9125600912e+21   5.1349272873e+17   2.3597051162e+61   7.8475983384e-24   1.1682753496e-13   1.4972443372e+05   2.0000000000e-02 
  1.9130731412e+21   5.1304993187e+17   2.3589360767e+61   7.8665145724e-24   1.1702610044e-13   1.4990009611e+05   2.0000000000e-02 
  1.9135857455e+21   5.1260436087e+17   2.3581513348e+61   7.8855109179e-24   1.1722537585e-13   1.5007632302e+05   2.0000000000e-02 
  1.9140979012e+21   5.1215564137e+17   2.3573491406e+61   7.9045893366e-24   1.1742537801e-13   1.5025280846e+05   2.0000000000e-02 
  1.9146096075e+21   5.1170632579e+17   2.3565412221e+61   7.9237248900e-24   1.1762584325e-13   1.5042956844e+05   2.0000000000e-02 
  1.9151208620e+21   5.1125446319e+17   2.3557185825e+61   7.9429281238e-24   1.1782688018e-13   1.5060638176e+05   2.0000000000e-02 
  1.9156316651e+21   5.1080314253e+17   2.3548954426e+61   7.9621779002e-24   1.1802826618e-13   1.5078332994e+05   2.0000000000e-02 
  1.9161420148e+21   5.1034966308e+17   2.3540593479e+61   7.9814875293e-24   1.1823013950e-13   1.5096022944e+05   2.0000000000e-02 
  1.9166519119e+21   5.0989709436e+17   2.3532244484e+61   8.0008381920e-24   1.1843230229e-13   1.5113718432e+05   2.0000000000e-02 
  1.9171613547e+21   5.0944289147e+17   2.3523789998e+61   8.0202439613e-24   1.1863490089e-13   1.5131403896e+05   2.0000000000e-02 
  1.9176703442e+21   5.0898949696e+17   2.3515342749e+61   8.0396886568e-24   1.1883776523e-13   1.5149090704e+05   2.0000000000e-02 
  1.9181788792e+21   5.0853491519e+17   2.3506810557e+61   8.0591865772e-24   1.1904104401e-13   1.5166766195e+05   2.0000000000e-02 
  1.9186869599e+21   5.0808077788e+17   2.3498268802e+61   8.0787250500e-24   1.1924460373e-13   1.5184441987e+05   2.0000000000e-02 
  1.9191945855e+21   5.0762558703e+17   2.3489648204e+61   8.0983172997e-24   1.1944858167e-13   1.5202109539e+05   2.0000000000e-02 
  1.9197017561e+21   5.0717062179e+17   2.3481007909e+61   8.1179538907e-24   1.1965287835e-13   1.5219780647e+05   2.0000000000e-02 
  1.9202084705e+21   5.0671435739e+17   2.3472277303e+61   8.1376473819e-24   1.1985762421e-13   1.5237449627e+05   2.0000000000e-02 
  1.9207147285e+21   5.0625803790e+17   2.3463513945e+61   8.1573925875e-24   1.2006276391e-13   1.5255126654e+05   2.0000000000e-02 
  1.9212205285e+21   5.0579993710e+17   2.3454637773e+61   8.1772000185e-24   1.2026840595e-13   1.5272809519e+05   2.0000000000e-02 
  1.9217258700e+21   5.0534151100e+17   2.3445716197e+61   8.1970659346e-24   1.2047451028e-13   1.5290508227e+05   2.0000000000e-02 
  1.9222307512e+21   5.0488119469e+17   2.3436676536e+61   8.2169988224e-24   1.2068116478e-13   1.5308222035e+05   2.0000000000e-02 
  1.9227351711e+21   5.0441991567e+17   2.3427561705e+61   8.2369978965e-24   1.2088835243e-13   1.5325956593e+05   2.0000000000e-02 
  1.9232391279e+21   5.0395679650e+17   2.3418330842e+61   8.2570665958e-24   1.2109609099e-13   1.5343707175e+05   2.0000000000e-02 
  1.9237426208e+21   5.0349289003e+17   2.3409032741e+61   8.2771980049e-24   1.2130433463e-13   1.5361473281e+05   2.0000000000e-02 
  1.9242456485e+21   5.0302768393e+17   2.3399643503e+61   8.2973918075e-24   1.2151307938e-13   1.5379251042e+05   2.0000000000e-02 
  1.9247482102e+21   5.0256172395e+17   2.3390188420e+61   8.3176450908e-24   1.2172229431e-13   1.5397038702e+05   2.0000000000e-02 
  1.9252503051e+21   5.0209487371e+17   2.3380661081e+61   8.3379576913e-24   1.2193197693e-13   1.5414832199e+05   2.0000000000e-02 
  1.9257519324e+21   5.0162735360e+17   2.3371071684e+61   8.3583267143e-24   1.2214209623e-13   1.5432629948e+05   2.0000000000e-02 
  1.9262530917e+21   5.0115930916e+17   2.3361426964e+61   8.3787500194e-24   1.2235262963e-13   1.5450429602e+05   2.0000000000e-02 
  1.9267537826e+21   5.0069088485e+17   2.3351733623e+61   8.3992260827e-24   1.2256356072e-13   1.5468228475e+05   2.0000000000e-02 
  1.9272540047e+21   5.0022211332e+17   2.3341993162e+61   8.4197532089e-24   1.2277487127e-13   1.5486024437e+05   2.0000000000e-02 
  1.9277537579e+21   4.9975320396e+17   2.3332215342e+61   8.4403303356e-24   1.2298654955e-13   1.5503815497e+05   2.0000000000e-02 
  1.9282530419e+21   4.9928397837e+17   2.3322391826e+61   8.4609564916e-24   1.2319858445e-13   1.5521600670e+05   2.0000000000e-02 
  1.9287518568e+21   4.9881486778e+17   2.3312542758e+61   8.4816301077e-24   1.2341095932e-13   1.5539381036e+05   2.0000000000e-02 
  1.9292502020e+21   4.9834527281e+17   2.3302640129e+61   8.5023541593e-24   1.2362370644e-13   1.5557153139e+05   2.0000000000e-02 
  1.9297480772e+21   4.9787511074e+17   2.3292680035e+61   8.5231431618e-24   1.2383696645e-13   1.5574908399e+05   2.0000000000e-02 
  1.9302454821e+21   4.9740497709e+17   2.3282690319e+61   8.5439627406e-24   1.2405036135e-13   1.5592705218e+05   2.0000000000e-02 
  1.9307424120e+21   4.9692987419e+17   2.3272436886e+61   8.5648281247e-24   1.2426417719e-13   1.5610565480e+05   2.0000000000e-02 
  1.9312387743e+21   4.9636227622e+17   2.3257817059e+61   8.5864355639e-24   1.2448521498e-13   1.5628268078e+05   2.0000000000e-02 
  1.9317342333e+21   4.9545904529e+17   2.3227420571e+61   8.6122420220e-24   1.2474623662e-13   1.5650074748e+05   2.0000000000e-02 
  1.9322291574e+21   4.9492403817e+17   2.3214237797e+61   8.6386737570e-24   1.2502092836e-13   1.5677279028e+05   2.0000000000e-02 
  1.9327266677e+21   4.9751034289e+17   2.3347536224e+61   8.6342450097e-24   1.2498657472e-13   1.5675641297e+05   2.0000000000e-02 
  1.9332455035e+21   5.1883579893e+17   2.4361120300e+61   8.5206905464e-24   1.2390499081e-13   1.5539968361e+05   2.0000000000e-02 
  1.9339230255e+21   6.7752195761e+17   3.1831671876e+61   7.5682618315e-24   1.1438237757e-13   1.4473124119e+05   2.0000000000e-02 
  1.9350528346e+21   1.1298090812e+18   5.3130877197e+61   4.4449471747e-24   8.0816033452e-14   9.0381190635e+04   2.0000000000e-02 
  1.9366834906e+21   1.6306560869e+18   7.6793386611e+61   2.6318294095e-24   5.7735578946e-14   2.5114926489e+04   2.0000000000e-02 
  1.9385493376e+21   1.8658469438e+18   8.8028139456e+61   2.2943421973e-24   5.2907606853e-14   4.6947410463e+03   2.0000000000e-02 
  1.9404702527e+21   1.9209151123e+18   9.0803382641e+61   2.2360725894e-24   5.2042895995e-14   7.8026061396e+02   2.0000000000e-02 
  1.9424008857e+21   1.9306329989e+18   9.1444078756e+61   2.2264522208e-24   5.1899264846e-14   1.2689477238e+02   2.0000000000e-02 
  1.9443331165e+21   1.9322308292e+18   9.1701946643e+61   2.2248889814e-24   5.1875901133e-14   2.0539824856e+01   2.0000000000e-02 
  1.9462656065e+21   1.9324899715e+18   9.1896725582e+61   2.2246359801e-24   5.1872118661e-14   3.3177637837e+00   2.0000000000e-02 
  1.9481981383e+21   1.9325318490e+18   9.2081396829e+61   2.2245951145e-24   5.1871507569e-14   5.3503903692e-01   2.0000000000e-02 
  1.9501306769e+21   1.9325386039e+18   9.2264582841e+61   2.2245885243e-24   5.1871409003e-14   8.6156305554e-02   2.0000000000e-02 
  1.9520632166e+21   1.9325396915e+18   9.2447680789e+61   2.2245874633e-24   5.1871393130e-14   1.3863612408e-02   2.0000000000e-02 
  1.9539957565e+21   1.9325398666e+18   9.2630916656e+61   2.2245872925e-24   5.1871390576e-14   2.2458091230e-03   2.0000000000e-02 
  1.9559282965e+21   1.9325399955e+18   9.2814331754e+61   2.2245872643e-24   5.1871390155e-14   3.3815895086e-04   2.0000000000e-02 
  1.9578608364e+21   1.9325399000e+18   9.2997917468e+61   2.2245872598e-24   5.1871390087e-14   4.1711331225e-05   2.0000000000e-02 
  1.9597933763e+21   1.9325399000e+18   9.3181689161e+61   2.2245872600e-24   5.1871390082e-14   5.5241319839e-06   2.0000000000e-02 
  1.9617259162e+21   1.9325399000e+18   9.3365642250e+61   2.2245872600e-24   5.1871390081e-14   1.5637520085e-06   2.0000000000e-02 
  1.9636584561e+21   1.9325399000e+18   9.3549776733e+61   2.2245872600e-24   5.1871390081e-14   1.1315809999e-06   2.0000000000e-02 
  1.9655909960e+21   1.9325399000e+18   9.3734092612e+61   2.2245872600e-24   5.1871390081e-14   1.0466552406e-06   2.0000000000e-02 
  1.9675235359e+21   1.9325399000e+18   9.3918589885e+61   2.2245872600e-24   5.1871390081e-14   6.9918635395e-07   2.0000000000e-02 
  1.9694560758e+21   1.9325399000e+18   9.4103268554e+61   2.2245872600e-24   5.1871390081e-14   3.3126664645e-07   2.0000000000e-02 
  1.9713886157e+21   1.9325399000e+18   9.4288128617e+61   2.2245872600e-24   5.1871390081e-14   6.0518995245e-07   2.0000000000e-02 
  1.9733211556e+21   1.9325399000e+18   9.4473170075e+61   2.2245872600e-24   5.1871390081e-14   9.8387171250e-07   2.0000000000e-02 
  1.9752536955e+21   1.9325399000e+18   9.4658392929e+61   2.2245872600e-24   5.1871390081e-14   7.2398051905e-07   2.0000000000e-02 
  1.9771862354e+21   1.9325399000e+18   9.4843797177e+61   2.2245872600e-24   5.1871390081e-14   1.9025115883e-07   2.0000000000e-02 
  1.9791187753e+21   1.9325399000e+18   9.5029382820e+61   2.2245872600e-24   5.1871390081e-14  -3.3752208375e-07   2.0000000000e-02 
  1.9810513152e+21   1.9325399000e+18   9.5215149859e+61   2.2245872600e-24   5.1871390082e-14  -6.2455446621e-07   2.0000000000e-02 
  1.9829838551e+21   1.9325399000e+18   9.5401098292e+61   2.2245872600e-24   5.1871390082e-14   1.6396846151e-07   2.0000000000e-02 
  1.9849163950e+21   1.9325399000e+18   9.5587228120e+61   2.2245872600e-24   5.1871390082e-14   9.3801004386e-07   2.0000000000e-02 
  1.9868489349e+21   1.9325399000e+18   9.5773539343e+61   2.2245872600e-24   5.1871390082e-14   9.5978894949e-07   2.0000000000e-02 
  1.9887814748e+21   1.9325399000e+18   9.5960031962e+61   2.2245872600e-24   5.1871390082e-14   5.7666684654e-07   2.0000000000e-02 
  1.9907140147e+21   1.9325399000e+18   9.6146705975e+61   2.2245872600e-24   5.1871390082e-14  -6.3692285695e-08   2.0000000000e-02 
  1.9926465546e+21   1.9325399000e+18   9.6333561383e+61   2.2245872600e-24   5.1871390082e-14  -6.8021963376e-07   2.0000000000e-02 
  1.9945790945e+21   1.9325399000e+18   9.6520598186e+61   2.2245872600e-24   5.1871390082e-14  -1.0639907561e-06   2.0000000000e-02 
  1.9965116344e+21   1.9325399000e+18   9.6707816384e+61   2.2245872600e-24   5.1871390082e-14  -1.1146773663e-06   2.0000000000e-02 
  1.9984441743e+21   1.9325399000e+18   9.6895215977e+61   2.2245872600e-24   5.1871390082e-14  -1.1252583058e-06   2.0000000000e-02 
  2.0003767142e+21   1.9325399000e+18   9.7082796965e+61   2.2245872600e-24   5.1871390082e-14  -1.1504044504e-06   2.0000000000e-02 
  2.0023092541e+21   1.9325399000e+18   9.7270559349e+61   2.2245872600e-24   5.1871390082e-14  -1.1764894848e-06   2.0000000000e-02 
  2.0042417940e+21   1.9325399000e+18   9.7458503127e+61   2.2245872600e-24   5.1871390082e-14  -1.1909666207e-06   2.0000000000e-02 
  2.0061743339e+21   1.9325399000e+18   9.7646628300e+61   2.2245872600e-24   5.1871390082e-14  -1.1886761340e-06   2.0000000000e-02 
  2.0081068738e+21   1.9325399000e+18   9.7834934868e+61   2.2245872600e-24   5.1871390082e-14  -1.2277925192e-06   2.0000000000e-02 
  2.0100394137e+21   1.9325399000e+18   9.8023422831e+61   2.2245872600e-24   5.1871390082e-14  -1.2850861495e-06   2.0000000000e-02 
  2.0119719536e+21   1.9325399000e+18   9.8212092189e+61   2.2245872600e-24   5.1871390082e-14  -1.3439953689e-06   2.0000000000e-02 
  2.0139044935e+21   1.9325399000e+18   9.8400942942e+61   2.2245872600e-24   5.1871390082e-14  -1.3179140622e-06   2.0000000000e-02 
  2.0158370334e+21   1.9325399000e+18   9.8589975090e+61   2.2245872600e-24   5.1871390082e-14  -1.2228020713e-06   2.0000000000e-02 
  2.0177695733e+21   1.9325399000e+18   9.8779188633e+61   2.2245872600e-24   5.1871390082e-14  -1.1814520973e-06   2.0000000000e-02 
  2.0197021132e+21   1.9325399000e+18   9.8968583570e+61   2.2245872600e-24   5.1871390082e-14  -1.1938835290e-06   2.0000000000e-02 
  2.0216346531e+21   1.9325399000e+18   9.9158159903e+61   2.2245872600e-24   5.1871390082e-14  -1.3277002180e-06   2.0000000000e-02 
  2.0235671930e+21   1.9325399000e+18   9.9347917631e+61   2.2245872600e-24   5.1871390082e-14  -1.5482032403e-06   2.0000000000e-02 
  2.0254997329e+21   1.9325399000e+18   9.9537856754e+61   2.2245872600e-24   5.1871390082e-14  -1.8322241083e-06   2.0000000000e-02 
  2.0274322728e+21   1.9325399000e+18   9.9727977272e+61   2.2245872600e-24   5.1871390082e-14  -2.0303248389e-06   2.0000000000e-02 
  2.0293648127e+21   1.9325399000e+18   9.9918279185e+61   2.2245872600e-24   5.1871390082e-14  -2.0689980673e-06   2.0000000000e-02 
  2.0312973526e+21   1.9325399000e+18   1.0010876249e+62   2.2245872600e-24   5.1871390082e-14  -2.0893412293e-06   2.0000000000e-02 
  2.0332298925e+21   1.9325399000e+18   1.0029942720e+62   2.2245872600e-24   5.1871390082e-14  -2.0930718797e-06   2.0000000000e-02 
  2.0351624324e+21   1.9325399000e+18   1.0049027329e+62   2.2245872600e-24   5.1871390082e-14  -2.1026297624e-06   2.0000000000e-02 
  2.0370949723e+21   1.9325399000e+18   1.0068130079e+62   2.2245872600e-24   5.1871390082e-14  -2.1143769655e-06   2.0000000000e-02 
  2.0390275122e+21   1.9325399000e+18   1.0087250967e+62   2.2245872600e-24   5.1871390082e-14  -2.1286916487e-06   2.0000000000e-02 
  2.0409600521e+21   1.9325399000e+18   1.0106389996e+62   2.2245872600e-24   5.1871390082e-14  -2.1487938772e-06   2.0000000000e-02 
  2.0428925920e+21   1.9325399000e+18   1.0125547163e+62   2.2245872600e-24   5.1871390082e-14  -2.1917902674e-06   2.0000000000e-02 
  2.0448251319e+21   1.9325399000e+18   1.0144722471e+62   2.2245872600e-24   5.1871390082e-14  -2.3282330690e-06   2.0000000000e-02 
  2.0467576718e+21   1.9325399000e+18   1.0163915917e+62   2.2245872600e-24   5.1871390082e-14  -2.7385930574e-06   2.0000000000e-02 
  2.0486902117e+21   1.9325399000e+18   1.0183127504e+62   2.2245872600e-24   5.1871390082e-14  -3.1526499645e-06   2.0000000000e-02 
  2.0506227516e+21   1.9325399000e+18   1.0202357229e+62   2.2245872600e-24   5.1871390082e-14  -3.4262841285e-06   2.0000000000e-02 
  2.0525552915e+21   1.9325399000e+18   1.0221605095e+62   2.2245872600e-24   5.1871390082e-14  -3.5422432391e-06   2.0000000000e-02 
  2.0544878314e+21   1.9325399000e+18   1.0240871099e+62   2.2245872600e-24   5.1871390082e-14  -3.5201201044e-06   2.0000000000e-02 
  2.0564203713e+21   1.9325399000e+18   1.0260155244e+62   2.2245872600e-24   5.1871390082e-14  -3.5152025058e-06   2.0000000000e-02 
  2.0583529112e+21   1.9325399000e+18   1.0279457527e+62   2.2245872600e-24   5.1871390082e-14  -3.5426163612e-06   2.0000000000e-02 
  2.0602854511e+21   1.9325399000e+18   1.0298777951e+62   2.2245872600e-24   5.1871390082e-14  -3.5285198509e-06   2.0000000000e-02 
  2.0622179910e+21   1.9325399000e+18   1.0318116513e+62   2.2245872600e-24   5.1871390082e-14  -3.4512155887e-06   2.0000000000e-02 
  2.0641505309e+21   1.9325399000e+18   1.0337473216e+62   2.2245872600e-24   5.1871390082e-14  -3.4201636178e-06   2.0000000000e-02 
  2.0660830708e+21   1.9325399000e+18   1.0356848057e+62   2.2245872600e-24   5.1871390082e-14  -3.5650895251e-06   2.0000000000e-02 
  2.0680156107e+21   1.9325399000e+18   1.0376241039e+62   2.2245872600e-24   5.1871390082e-14  -3.7494054575e-06   2.0000000000e-02 
  2.0699481506e+21   1.9325399000e+18   1.0395652159e+62   2.2245872600e-24   5.1871390082e-14  -4.2463374132e-06   2.0000000000e-02 
  2.0718806905e+21   1.9325399000e+18   1.0415081420e+62   2.2245872600e-24   5.1871390082e-14  -4.8014410417e-06   2.0000000000e-02 
  2.0738132304e+21   1.9325399000e+18   1.0434528819e+62   2.2245872600e-24   5.1871390082e-14  -4.5661241275e-06   2.0000000000e-02 
  2.0757457703e+21   1.9325399000e+18   1.0453994359e+62   2.2245872600e-24   5.1871390082e-14  -4.3729527411e-06   2.0000000000e-02 
  2.0776783102e+21   1.9325399000e+18   1.0473478037e+62   2.2245872600e-24   5.1871390082e-14  -4.2975067206e-06   2.0000000000e-02 
  2.0796108501e+21   1.9325399000e+18   1.0492979856e+62   2.2245872600e-24   5.1871390082e-14  -3.7645273451e-06   2.0000000000e-02 
  2.0815433900e+21   1.9325399000e+18   1.0512499813e+62   2.2245872600e-24   5.1871390082e-14  -3.3151101157e-06   2.0000000000e-02 
  2.0834759299e+21   1.9325399000e+18   1.0532037911e+62   2.2245872600e-24   5.1871390082e-14  -3.1752400378e-06   2.0000000000e-02 
  2.0854084698e+21   1.9325399000e+18   1.0551594147e+62   2.2245872600e-24   5.1871390082e-14  -3.1103962028e-06   2.0000000000e-02 
  2.0873410097e+21   1.9325399000e+18   1.0571168524e+62   2.2245872600e-24   5.1871390082e-14  -3.0492653102e-06   2.0000000000e-02 
  2.0892735496e+21   1.9325399000e+18   1.0590761039e+62   2.2245872600e-24   5.1871390082e-14  -2.9698252280e-06   2.0000000000e-02 
  2.0912060895e+21   1.9325399000e+18   1.0610371695e+62   2.2245872600e-24   5.1871390082e-14  -2.7182129414e-06   2.0000000000e-02 
  2.0931386294e+21   1.9325399000e+18   1.0630000489e+62   2.2245872600e-24   5.1871390082e-14  -2.3762647961e-06   2.0000000000e-02 
  2.0950711693e+21   1.9325399000e+18   1.0649647423e+62   2.2245872600e-24   5.1871390082e-14  -2.1865253488e-06   2.0000000000e-02 
  2.0970037092e+21   1.9325399000e+18   1.0669312497e+62   2.2245872600e-24   5.1871390082e-14  -2.1276870229e-06   2.0000000000e-02 
  2.0989362491e+21   1.9325399000e+18   1.0688995710e+62   2.2245872600e-24   5.1871390082e-14  -2.1152305912e-06   2.0000000000e-02 
  2.1008687890e+21   1.9325399000e+18   1.0708697063e+62   2.2245872600e-24   5.1871390082e-14  -2.1109469722e-06   2.0000000000e-02 
  2.1028013289e+21   1.9325399000e+18   1.0728416555e+62   2.2245872600e-24   5.1871390082e-14  -2.0870530906e-06   2.0000000000e-02 
  2.1047338688e+21   1.9325399000e+18   1.0748154187e+62   2.2245872600e-24   5.1871390082e-14  -2.0555939476e-06   2.0000000000e-02 
  2.1066664087e+21   1.9325399000e+18   1.0767909958e+62   2.2245872600e-24   5.1871390082e-14  -2.0361943744e-06   2.0000000000e-02 
  2.1085989486e+21   1.9325399000e+18   1.0787683869e+62   2.2245872600e-24   5.1871390082e-14  -2.0117498227e-06   2.0000000000e-02 
  2.1105314885e+21   1.9325399000e+18   1.0807475919e+62   2.2245872600e-24   5.1871390082e-14  -1.9422860056e-06   2.0000000000e-02 
  2.1124640284e+21   1.9325399000e+18   1.0827286109e+62   2.2245872600e-24   5.1871390082e-14  -1.6431876207e-06   2.0000000000e-02 
  2.1143965683e+21   1.9325399000e+18   1.0847114438e+62   2.2245872600e-24   5.1871390082e-14  -1.1685423769e-06   2.0000000000e-02 
  2.1163291082e+21   1.9325399000e+18   1.0866960907e+62   2.2245872600e-24   5.1871390082e-14  -1.0368023837e-06   2.0000000000e-02 
  2.1182616481e+21   1.9325399000e+18   1.0886825515e+62   2.2245872600e-24   5.1871390082e-14  -8.8791253532e-07   2.0000000000e-02 
  2.1201941880e+21   1.9325399000e+18   1.0906708263e+62   2.2245872600e-24   5.1871390082e-14  -2.5495602085e-07   2.0000000000e-02 
  2.1221267279e+21   1.9325399000e+18   1.0926609150e+62   2.2245872600e-24   5.1871390082e-14   6.1675652144e-07   2.0000000000e-02 
  2.1240592678e+21   1.9325399000e+18   1.0946528177e+62   2.2245872600e-24   5.1871390082e-14   1.3312442213e-06   2.0000000000e-02 
  2.1259918077e+21   1.9325399000e+18   1.0966465343e+62   2.2245872600e-24   5.1871390082e-14   1.8253446626e-06   2.0000000000e-02 
  2.1279243476e+21   1.9325399000e+18   1.0986420648e+62   2.2245872600e-24   5.1871390082e-14   1.9208500282e-06   2.0000000000e-02 
  2.1298568875e+21   1.9325399000e+18   1.1006394094e+62   2.2245872600e-24   5.1871390082e-14   1.9552379801e-06   2.0000000000e-02 
  2.1317894274e+21   1.9325399000e+18   1.1026385678e+62   2.2245872600e-24   5.1871390082e-14   1.9556671059e-06   2.0000000000e-02 
  2.1337219673e+21   1.9325399000e+18   1.1046395402e+62   2.2245872600e-24   5.1871390082e-14   1.9543470369e-06   2.0000000000e-02 
  2.1356545072e+21   1.9325399000e+18   1.1066423266e+62   2.2245872600e-24   5.1871390082e-14   1.9672218748e-06   2.0000000000e-02 
  2.1375870471e+21   1.9325399000e+18   1.1086469269e+62   2.2245872600e-24   5.1871390082e-14   1.9889856222e-06   2.0000000000e-02 
  2.1395195870e+21   1.9325399000e+18   1.1106533412e+62   2.2245872600e-24   5.1871390081e-14   2.0079950632e-06   2.0000000000e-02 
  2.1414521269e+21   1.9325399000e+18   1.1126615694e+62   2.2245872600e-24   5.1871390081e-14   2.0087269484e-06   2.0000000000e-02 
  2.1433846668e+21   1.9325399000e+18   1.1146716116e+62   2.2245872600e-24   5.1871390082e-14   2.0196783627e-06   2.0000000000e-02 
  2.1453172067e+21   1.9325399000e+18   1.1166834677e+62   2.2245872600e-24   5.1871390082e-14   2.0469545367e-06   2.0000000000e-02 
  2.1472497466e+21   1.9325399000e+18   1.1186971378e+62   2.2245872600e-24   5.1871390082e-14   2.1236878422e-06   2.0000000000e-02 
  2.1491822865e+21   1.9325399000e+18   1.1207126218e+62   2.2245872600e-24   5.1871390082e-14   2.4365608665e-06   2.0000000000e-02 
  2.1511148264e+21   1.9325399000e+18   1.1227299198e+62   2.2245872600e-24   5.1871390082e-14   2.7431413174e-06   2.0000000000e-02 
  2.1530473663e+21   1.9325399000e+18   1.1247490317e+62   2.2245872600e-24   5.1871390082e-14   2.8190025253e-06   2.0000000000e-02 
  2.1549799062e+21   1.9325399000e+18   1.1267699575e+62   2.2245872600e-24   5.1871390082e-14   2.8492457982e-06   2.0000000000e-02 
  2.1569124461e+21   1.9325399000e+18   1.1287926974e+62   2.2245872600e-24   5.1871390082e-14   2.8715685991e-06   2.0000000000e-02 
  2.1588449860e+21   1.9325399000e+18   1.1308172511e+62   2.2245872600e-24   5.1871390082e-14   2.9018801593e-06   2.0000000000e-02 
  2.1607775259e+21   1.9325399000e+18   1.1328436188e+62   2.2245872600e-24   5.1871390082e-14   2.9556900387e-06   2.0000000000e-02 
  2.1627100658e+21   1.9325399000e+18   1.1348718005e+62   2.2245872600e-24   5.1871390082e-14   3.0474265743e-06   2.0000000000e-02 
  2.1646426057e+21   1.9325399000e+18   1.1369017961e+62   2.2245872600e-24   5.1871390082e-14   3.2411708066e-06   2.0000000000e-02 
  2.1665751456e+21   1.9325399000e+18   1.1389336057e+62   2.2245872600e-24   5.1871390082e-14   3.9166048159e-06   2.0000000000e-02 
  2.1685076855e+21   1.9325399000e+18   1.1409672292e+62   2.2245872600e-24   5.1871390082e-14   4.5529152106e-06   2.0000000000e-02 
  2.1704402254e+21   1.9325399000e+18   1.1430026667e+62   2.2245872600e-24   5.1871390082e-14   4.8265406709e-06   2.0000000000e-02 
  2.1723727653e+21   1.9325399000e+18   1.1450399181e+62   2.2245872600e-24   5.1871390082e-14   5.1265647280e-06   2.0000000000e-02 
  2.1743053052e+21   1.9325399000e+18   1.1470789834e+62   2.2245872600e-24   5.1871390082e-14   5.4482202822e-06   2.0000000000e-02 
  2.1762378451e+21   1.9325399000e+18   1.1491198628e+62   2.2245872600e-24   5.1871390082e-14   5.5005775105e-06   2.0000000000e-02 
  2.1781703850e+21   1.9325399000e+18   1.1511625560e+62   2.2245872600e-24   5.1871390082e-14   5.3161608577e-06   2.0000000000e-02 
  2.1801029249e+21   1.9325399000e+18   1.1532070632e+62   2.2245872600e-24   5.1871390082e-14   5.0688220360e-06   2.0000000000e-02 
  2.1820354648e+21   1.9325399000e+18   1.1552533844e+62   2.2245872600e-24   5.1871390082e-14   4.9215632900e-06   2.0000000000e-02 
  2.1839680047e+21   1.9325399000e+18   1.1573015195e+62   2.2245872600e-24   5.1871390082e-14   4.8575958491e-06   2.0000000000e-02 
  2.1859005446e+21   1.9325399000e+18   1.1593514686e+62   2.2245872600e-24   5.1871390082e-14   4.7925001515e-06   2.0000000000e-02 
  2.1878330845e+21   1.9325399000e+18   1.1614032316e+62   2.2245872600e-24   5.1871390082e-14   4.7305941622e-06   2.0000000000e-02 
  2.1897656244e+21   1.9325399000e+18   1.1634568085e+62   2.2245872600e-24   5.1871390082e-14   4.6913431939e-06   2.0000000000e-02 
  2.1916981643e+21   1.9325399000e+18   1.1655121995e+62   2.2245872600e-24   5.1871390082e-14   4.6777976623e-06   2.0000000000e-02 
  2.1936307042e+21   1.9325399000e+18   1.1675694043e+62   2.2245872600e-24   5.1871390082e-14   4.6866846490e-06   2.0000000000e-02 
  2.1955632441e+21   1.9325399000e+18   1.1696284231e+62   2.2245872600e-24   5.1871390082e-14   4.6952426284e-06   2.0000000000e-02 
  2.1974957840e+21   1.9325399000e+18   1.1716892559e+62   2.2245872600e-24   5.1871390082e-14   4.6938771132e-06   2.0000000000e-02 
  2.1994283239e+21   1.9325399000e+18   1.1737519026e+62   2.2245872600e-24   5.1871390082e-14   4.6752460292e-06   2.0000000000e-02 
  2.2013608638e+21   1.9325399000e+18   1.1758163633e+62   2.2245872600e-24   5.1871390082e-14   4.5703479279e-06   2.0000000000e-02 
  2.2032934037e+21   1.9325399000e+18   1.1778826379e+62   2.2245872600e-24   5.1871390082e-14   4.3002316914e-06   2.0000000000e-02 
  2.2052259436e+21   1.9325399000e+18   1.1799507264e+62   2.2245872600e-24   5.1871390082e-14   3.6936142798e-06   2.0000000000e-02 
  2.2071584835e+21   1.9325399000e+18   1.1820206290e+62   2.2245872600e-24   5.1871390082e-14   3.3726019368e-06   2.0000000000e-02 
  2.2090910234e+21   1.9325399000e+18   1.1840923454e+62   2.2245872600e-24   5.1871390082e-14   3.5446990673e-06   2.0000000000e-02 
  2.2110235633e+21   1.9325399000e+18   1.1861658758e+62   2.2245872600e-24   5.1871390082e-14   3.9268866022e-06   2.0000000000e-02 
  2.2129561032e+21   1.9325399000e+18   1.1882412202e+62   2.2245872600e-24   5.1871390081e-14   4.2248592343e-06   2.0000000000e-02 
  2.2148886431e+21   1.9325399000e+18   1.1903183785e+62   2.2245872600e-24   5.1871390081e-14   4.2315731664e-06   2.0000000000e-02 
  2.2168211830e+21   1.9325399000e+18   1.1923973508e+62   2.2245872600e-24   5.1871390081e-14   3.6660021873e-06   2.0000000000e-02 
  2.2187537229e+21   1.9325399000e+18   1.1944781370e+62   2.2245872600e-24   5.1871390081e-14   3.0537915915e-06   2.0000000000e-02 
  2.2206862628e+21   1.9325399000e+18   1.1965607371e+62   2.2245872600e-24   5.1871390081e-14   2.9239807592e-06   2.0000000000e-02 
  2.2226188027e+21   1.9325399000e+18   1.1986451512e+62   2.2245872600e-24   5.1871390081e-14   2.9356608793e-06   2.0000000000e-02 
  2.2245513426e+21   1.9325399000e+18   1.2007313793e+62   2.2245872600e-24   5.1871390081e-14   2.9644555476e-06   2.0000000000e-02 
  2.2264838825e+21   1.9325399000e+18   1.2028194213e+62   2.2245872600e-24   5.1871390081e-14   3.0181527423e-06   2.0000000000e-02 
  2.2284164224e+21   1.9325399000e+18   1.2049092773e+62   2.2245872600e-24   5.1871390081e-14   2.9700889793e-06   2.0000000000e-02 
  2.2303489623e+21   1.9325399000e+18   1.2070009472e+62   2.2245872600e-24   5.1871390081e-14   2.8465843899e-06   2.0000000000e-02 
  2.2322815022e+21   1.9325399000e+18   1.2090944310e+62   2.2245872600e-24   5.1871390081e-14   2.7394860853e-06   2.0000000000e-02 
  2.2342140421e+21   1.9325399000e+18   1.2111897288e+62   2.2245872600e-24   5.1871390081e-14   2.4656331316e-06   2.0000000000e-02 
  2.2361465820e+21   1.9325399000e+18   1.2132868406e+62   2.2245872600e-24   5.1871390081e-14   2.0547736000e-06   2.0000000000e-02 
  2.2380791219e+21   1.9325399000e+18   1.2153857663e+62   2.2245872600e-24   5.1871390081e-14   1.8364668929e-06   2.0000000000e-02 
  2.2400116618e+21   1.9325399000e+18   1.2174865060e+62   2.2245872600e-24   5.1871390081e-14   1.6588055823e-06   2.0000000000e-02 
  2.2419442017e+21   1.9325399000e+18   1.2195890596e+62   2.2245872600e-24   5.1871390081e-14   1.2065538500e-06   2.0000000000e-02 
  2.2438767416e+21   1.9325399000e+18   1.2216934271e+62   2.2245872600e-24   5.1871390081e-14   5.0450919141e-07   2.0000000000e-02 
  2.2458092815e+21   1.9325399000e+18   1.2237996086e+62   2.2245872600e-24   5.1871390081e-14   0.0000000000e+00   2.0000000000e-02 
