# time = 3.181874e+15 [s] 
# r                  dr                 dV                 Density            Pressure           Velocity           Z
  2.1304517832e+18   2.1304517832e+18   4.0504543150e+55   3.7422865943e-31   3.7868481443e-14   0.0000000000e+00   9.9248591688e-02 
  2.6572146350e+18   5.2676285181e+17   3.8085679012e+55   3.7422865943e-31   3.7868481443e-14  -1.2294978169e+04   9.9248591688e-02 
  3.5577864742e+18   9.0057183920e+17   1.1004737179e+56   3.7424867456e-31   3.7868207456e-14  -2.3745527696e+04   9.9248591688e-02 
  4.5136156557e+18   9.5582918154e+17   1.9654116973e+56   3.7432104525e-31   3.7868292935e-14  -3.9345047861e+04   9.9248591688e-02 
  4.9920626328e+18   4.7844697702e+17   1.3593037087e+56   3.7442442681e-31   3.7868331965e-14  -4.9476841243e+04   9.9248591688e-02 
  5.4122464293e+18   4.2018379656e+17   1.4297223583e+56   3.7455658148e-31   3.7868332689e-14  -5.5460837632e+04   9.9248591688e-02 
  6.1295218291e+18   7.1727539981e+17   3.0056558389e+56   3.7483111712e-31   3.7868333945e-14  -6.2739502043e+04   9.9248591688e-02 
  6.7880951327e+18   6.5857330355e+17   3.4553728191e+56   3.7525121940e-31   3.7868337320e-14  -7.1331179443e+04   9.9248591688e-02 
  7.6684493041e+18   8.8035417138e+17   5.7872574615e+56   3.7584151939e-31   3.7868340756e-14  -8.0693319963e+04   9.9248591688e-02 
  8.5281381456e+18   8.5968884150e+17   7.0916265906e+56   3.7662554958e-31   3.7868345733e-14  -9.1109635796e+04   9.9248591688e-02 
  9.6010604626e+18   1.0729223170e+18   1.1091291244e+57   3.7764521010e-31   3.7868349855e-14  -1.0252694925e+05   9.9248591688e-02 
  1.0715606628e+19   1.1145461654e+18   1.4467327458e+57   3.7895287282e-31   3.7868355628e-14  -1.1532885101e+05   9.9248591688e-02 
  1.2030857244e+19   1.3152506164e+18   2.1402766231e+57   3.8059043884e-31   3.7868357741e-14  -1.2947097433e+05   9.9248591688e-02 
  1.3443431121e+19   1.4125738767e+18   2.8827704438e+57   3.8262894822e-31   3.7868363695e-14  -1.4527785036e+05   9.9248591688e-02 
  1.5057502697e+19   1.6140715762e+18   4.1233944770e+57   3.8512514798e-31   3.7868368113e-14  -1.6283266741e+05   9.9248591688e-02 
  1.6873185201e+19   1.8156825035e+18   5.8220263361e+57   3.8821824189e-31   3.7868376573e-14  -1.8276547388e+05   9.9248591688e-02 
  1.8897530270e+19   2.0243450695e+18   8.1461623091e+57   3.9198138723e-31   3.7868385130e-14  -2.0508299453e+05   9.9248591688e-02 
  2.1180572363e+19   2.2830420924e+18   1.1533141071e+58   3.9654688875e-31   3.7868401720e-14  -2.3011999881e+05   9.9248591688e-02 
  2.3656476965e+19   2.4759046022e+18   1.5653052052e+58   4.0197641574e-31   3.7868434146e-14  -2.5771006002e+05   9.9248591688e-02 
  2.6467759490e+19   2.8112825249e+18   2.2212889178e+58   4.0845500235e-31   3.7868482589e-14  -2.8825079580e+05   9.9248591688e-02 
  2.9490317220e+19   3.0225577302e+18   2.9762690925e+58   4.1609623182e-31   3.7868546158e-14  -3.2189287987e+05   9.9248591688e-02 
  3.2993015407e+19   3.5026981870e+18   4.3006653290e+58   4.2522415439e-31   3.7868630353e-14  -3.5950296830e+05   9.9248591688e-02 
  3.6710469438e+19   3.7174540309e+18   5.6795774756e+58   4.3595658233e-31   3.7868743427e-14  -4.0110650123e+05   9.9248591688e-02 
  4.0919484207e+19   4.2090147688e+18   7.9765360444e+58   4.4848110564e-31   3.7868891162e-14  -4.4667588476e+05   9.9248591688e-02 
  4.5388955255e+19   4.4694710482e+18   1.0468888347e+59   4.6301766060e-31   3.7869081148e-14  -4.9636223085e+05   9.9248591688e-02 
  5.0493125096e+19   5.1041698415e+18   1.4755703951e+59   4.8003514832e-31   3.7869324945e-14  -5.5130264221e+05   9.9248591688e-02 
  5.5510385263e+19   5.0172601667e+18   1.7724793112e+59   4.9907054854e-31   3.7869675661e-14  -6.0972014377e+05   9.9248591688e-02 
  6.3038097297e+19   7.5277120339e+18   3.3280373102e+59   5.2416908337e-31   3.7870174887e-14  -6.8156542446e+05   9.9248591688e-02 
  7.4257576123e+19   1.1219478826e+19   6.6588907786e+59   5.6346813253e-31   3.7871083433e-14  -7.8866841046e+05   9.9248591688e-02 
  7.8473256117e+19   4.2156799942e+18   3.0901618335e+59   5.9706339882e-31   3.7871899956e-14  -8.7685651723e+05   9.9248591688e-02 
  8.2300123763e+19   3.8268676461e+18   3.1081617478e+59   6.1644879399e-31   3.7872405739e-14  -9.2281834392e+05   9.9248591688e-02 
  8.6295776557e+19   3.9956527944e+18   3.5687238041e+59   6.3749253767e-31   3.7872870760e-14  -9.6736415720e+05   9.9248591688e-02 
  9.0549312089e+19   4.2535355314e+18   4.1799365006e+59   6.6210983249e-31   3.7873525697e-14  -1.0146058431e+06   9.9248591688e-02 
  9.4489166060e+19   3.9398539714e+18   4.2385734978e+59   6.8906099741e-31   3.7874156668e-14  -1.0613677629e+06   9.9248591688e-02 
  9.9515854330e+19   5.0266882697e+18   5.9450421443e+59   7.2180004369e-31   3.7874892974e-14  -1.1125253330e+06   9.9248591688e-02 
  1.0443045004e+20   4.9145957122e+18   6.4232289969e+59   7.6125201377e-31   3.7875782686e-14  -1.1691611387e+06   9.9248591688e-02 
  1.0916508384e+20   4.7346337982e+18   6.7872168657e+59   8.0302629307e-31   3.7876807555e-14  -1.2243319973e+06   9.9248591688e-02 
  1.1370307118e+20   4.5379873403e+18   7.0822165831e+59   8.4700468407e-31   3.7877881564e-14  -1.2772066293e+06   9.9248591688e-02 
  1.1928206513e+20   5.5789939508e+18   9.5157975475e+59   8.9979628193e-31   3.7879139021e-14  -1.3348418210e+06   9.9248591688e-02 
  1.2489683578e+20   5.6147706533e+18   1.0519005941e+60   9.6309965088e-31   3.7880695327e-14  -1.3988165824e+06   9.9248591688e-02 
  1.3028849564e+20   5.3916598525e+18   1.1031851097e+60   1.0307554057e-30   3.7882373680e-14  -1.4617168560e+06   9.9248591688e-02 
  1.3566662584e+20   5.3781301979e+18   1.1952454372e+60   1.1031577676e-30   3.7884236564e-14  -1.5234832383e+06   9.9248591688e-02 
  1.4202647533e+20   6.3598494981e+18   1.5410006358e+60   1.1896370272e-30   3.7886484906e-14  -1.5908980745e+06   9.9248591688e-02 
  1.4841007528e+20   6.3835999503e+18   1.6919518698e+60   1.2914244705e-30   3.7889166222e-14  -1.6641814381e+06   9.9248591688e-02 
  1.5451324324e+20   6.1031679544e+18   1.7596624460e+60   1.3999103215e-30   3.7892128675e-14  -1.7363547349e+06   9.9248591688e-02 
  1.6107117260e+20   6.5579293605e+18   2.0521552469e+60   1.5203894158e-30   3.7895406086e-14  -1.8095796861e+06   9.9248591688e-02 
  1.6853523600e+20   7.4640634010e+18   2.5479489231e+60   1.6661892328e-30   3.7899506641e-14  -1.8911386038e+06   9.9248591688e-02 
  1.7581949784e+20   7.2842618431e+18   2.7140154085e+60   1.8328952495e-30   3.7904287090e-14  -1.9772411896e+06   9.9248591688e-02 
  1.8220070928e+20   6.3812114358e+18   2.5698872698e+60   2.0020193729e-30   3.7909113031e-14  -2.0572304989e+06   9.9248591688e-02 
  1.9059465232e+20   8.3939430464e+18   3.6654751353e+60   2.2053809035e-30   3.7914854218e-14  -2.1440586653e+06   9.9248591688e-02 
  2.0076080479e+20   1.0166152465e+19   4.8926816063e+60   2.4840333005e-30   3.7922687094e-14  -2.2534839680e+06   9.9248591688e-02 
  2.1104866366e+20   1.0287858876e+19   5.4822377462e+60   2.8166736251e-30   3.7931417841e-14  -2.3731309018e+06   9.9248591688e-02 
  2.2047861102e+20   9.4299473553e+18   5.5175308001e+60   3.1660166011e-30   3.7939522288e-14  -2.4864818657e+06   9.9248591688e-02 
  2.3216801785e+20   1.1689406825e+19   7.5258829771e+60   3.5788023799e-30   3.7946701038e-14  -2.6062904843e+06   9.9248591688e-02 
  2.4230188690e+20   1.0133869052e+19   7.1681739455e+60   4.0428815513e-30   3.7952784890e-14  -2.7266079410e+06   9.9248591688e-02 
  2.5732594522e+20   1.5024058325e+19   1.1785859550e+61   4.6322567005e-30   3.7954846465e-14  -2.8660130666e+06   9.9248591688e-02 
  2.6798285629e+20   1.0656911066e+19   9.2399611336e+60   5.2737795426e-30   3.7949691356e-14  -3.0066313872e+06   9.9248591688e-02 
  2.7755168645e+20   9.5688301597e+18   8.9474187850e+60   5.8238589683e-30   3.7939518177e-14  -3.1143481174e+06   9.9248591688e-02 
  2.8762147129e+20   1.0069784843e+19   1.0105994837e+61   6.3537707079e-30   3.7922983159e-14  -3.2177479380e+06   9.9248591688e-02 
  2.9682413350e+20   9.2026622078e+18   9.8761445692e+60   6.8202808809e-30   3.7899638950e-14  -3.3172935983e+06   9.9248591688e-02 
  3.1080406299e+20   1.3979929489e+19   1.6218374109e+61   7.3102398295e-30   3.7857469470e-14  -3.4352466427e+06   9.9248591688e-02 
  3.2534506415e+20   1.4541001165e+19   1.8490032882e+61   7.8555404348e-30   3.7785165923e-14  -3.5769386983e+06   9.9248591688e-02 
  3.3491954020e+20   9.5744760488e+18   1.3113884726e+61   8.2680690995e-30   3.7708928759e-14  -3.6901331164e+06   9.9248591688e-02 
  3.4387945999e+20   8.9599197914e+18   1.2970645934e+61   8.5296758222e-30   3.7639493177e-14  -3.7752035043e+06   9.9248591688e-02 
  3.5853071811e+20   1.4651258119e+19   2.2712731341e+61   8.7900021924e-30   3.7539350349e-14  -3.8821787698e+06   9.9248591688e-02 
  3.7481565323e+20   1.6284935120e+19   2.7518552184e+61   9.0756512276e-30   3.7411089289e-14  -4.0068128032e+06   9.9248591688e-02 
  3.9228743705e+20   1.7471783823e+19   3.2304994890e+61   9.3359979002e-30   3.7281046549e-14  -4.1112271879e+06   9.9248591688e-02 
  4.0210095872e+20   9.8135216607e+18   1.9456406578e+61   9.5131538804e-30   3.7184135414e-14  -4.1749873248e+06   9.9248591688e-02 
  4.1154220824e+20   9.4412495264e+18   1.9636623041e+61   9.6014330778e-30   3.7116537372e-14  -4.2162096661e+06   9.9248591688e-02 
  4.2792524141e+20   1.6383033169e+19   3.6274968076e+61   9.6754074462e-30   3.7036339680e-14  -4.2609691902e+06   9.9248591688e-02 
  4.4631825302e+20   1.8393011611e+19   4.4170428126e+61   9.7442870973e-30   3.6940646544e-14  -4.3116310336e+06   9.9248591688e-02 
  4.6248407868e+20   1.6165825657e+19   4.1950045098e+61   9.7922966176e-30   3.6852473770e-14  -4.3623337140e+06   9.9248591688e-02 
  4.7111771996e+20   8.6336412798e+18   2.3641749551e+61   9.8161770340e-30   3.6790996119e-14  -4.3998040526e+06   9.9248591688e-02 
  4.7973254756e+20   8.6148276063e+18   2.4469923567e+61   9.8210661602e-30   3.6745922391e-14  -4.4250148861e+06   9.9248591688e-02 
  4.9709268922e+20   1.7360141656e+19   5.2045429952e+61   9.8110160106e-30   3.6672429891e-14  -4.4679825980e+06   9.9248591688e-02 
  5.1165237020e+20   1.4559680981e+19   4.6547325265e+61   9.7848393155e-30   3.6573831898e-14  -4.5257021480e+06   9.9248591688e-02 
  5.2115169859e+20   9.4993283882e+18   3.1833977190e+61   9.7549596555e-30   3.6490824088e-14  -4.5675287604e+06   9.9248591688e-02 
  5.2903286570e+20   7.8811671074e+18   2.7307366744e+61   9.7255453927e-30   3.6425376692e-14  -4.5969291650e+06   9.9248591687e-02 
  5.3577470166e+20   6.7418359628e+18   2.4014641915e+61   9.6942516058e-30   3.6367089427e-14  -4.6205120527e+06   9.9248591685e-02 
  5.5269380085e+20   1.6919099185e+19   6.2978718214e+61   9.6277610493e-30   3.6266346701e-14  -4.6534701775e+06   9.9248591675e-02 
  5.6355578442e+20   1.0861983578e+19   4.2520204339e+61   9.5459562649e-30   3.6158717985e-14  -4.6705742785e+06   9.9248591643e-02 
  5.6630594613e+20   2.7501617081e+18   1.1029594833e+61   9.5028200369e-30   3.6107144502e-14  -4.6701421723e+06   9.9248591575e-02 
  5.6857526431e+20   2.2693181807e+18   9.1821980433e+60   9.4827107598e-30   3.6087098821e-14  -4.6682211775e+06   9.9248590854e-02 
  5.7672078922e+20   8.1455249112e+18   3.3566943681e+61   9.4313439614e-30   3.6046998198e-14  -4.6617886230e+06   9.9248588598e-02 
  5.8430476741e+20   7.5839781887e+18   3.2117126633e+61   9.3514688916e-30   3.5986113666e-14  -4.6464961627e+06   9.9248578881e-02 
  5.9246992688e+20   8.1651594648e+18   3.5522878821e+61   9.2689544269e-30   3.5924310017e-14  -4.6236029392e+06   9.9248539939e-02 
  6.0942484844e+20   1.6954921567e+19   7.6949776004e+61   9.1328897430e-30   3.5828091362e-14  -4.5724221579e+06   9.9248428973e-02 
  6.2348935270e+20   1.4064504259e+19   6.7167448289e+61   8.9614461997e-30   3.5712791387e-14  -4.5010418218e+06   9.9248193005e-02 
  6.3683433990e+20   1.3344987201e+19   6.6596049239e+61   8.8051890938e-30   3.5622863748e-14  -4.4371520177e+06   9.9247904391e-02 
  6.5412175201e+20   1.7287412108e+19   9.0516709781e+61   8.6184196089e-30   3.5531524454e-14  -4.3587919069e+06   9.9247070347e-02 
  6.7001063591e+20   1.5888883895e+19   8.7523953122e+61   8.4036692292e-30   3.5436568750e-14  -4.2709645003e+06   9.9244877036e-02 
  6.8534228631e+20   1.5331650404e+19   8.8483460093e+61   8.1764508633e-30   3.5346421056e-14  -4.1839348309e+06   9.9239080902e-02 
  7.0018874988e+20   1.4846463565e+19   8.9541018075e+61   7.9356723574e-30   3.5250754038e-14  -4.0851900379e+06   9.9221817633e-02 
  7.1687178409e+20   1.6683034212e+19   1.0524992212e+62   7.6446199925e-30   3.5143013947e-14  -3.9715233626e+06   9.9149662538e-02 
  7.3083333033e+20   1.3961546240e+19   9.1929960330e+61   7.3407725508e-30   3.5049800241e-14  -3.8675001721e+06   9.8883720617e-02 
  7.3881217549e+20   7.9788451604e+18   5.4140138019e+61   7.0999656172e-30   3.4987876498e-14  -3.8135625989e+06   9.8441799749e-02 
  7.4565987036e+20   6.8476948686e+18   4.7406882925e+61   6.9028789518e-30   3.4947661084e-14  -3.7872113983e+06   9.7578624888e-02 
  7.5480312327e+20   9.1432529144e+18   6.4670550629e+61   6.6634735473e-30   3.4915084199e-14  -3.7516850555e+06   9.6977075077e-02 
  7.5848070433e+20   3.6775810552e+18   2.6457802046e+61   6.4526635787e-30   3.4891836907e-14  -3.7202629419e+06   9.6705940489e-02 
  7.6018188893e+20   1.7011846009e+18   1.2326054646e+61   6.3513641141e-30   3.4882132229e-14  -3.7077491460e+06   9.6618159228e-02 
  7.6283038795e+20   2.6484990190e+18   1.9299983388e+61   6.2792051807e-30   3.4871459338e-14  -3.7008463779e+06   9.6588822050e-02 
  7.6946003190e+20   6.6296439508e+18   4.8901812959e+61   6.1676470746e-30   3.4854691713e-14  -3.6787551944e+06   9.6583935008e-02 
  7.7478637454e+20   5.3263426460e+18   3.9903766916e+61   6.0448564947e-30   3.4831966290e-14  -3.6500341339e+06   9.6581951345e-02 
  7.7860723653e+20   3.8208619851e+18   2.8965106416e+61   5.9619280614e-30   3.4813353808e-14  -3.6298159617e+06   9.6581708019e-02 
  7.8213471251e+20   3.5274759763e+18   2.6994599190e+61   5.9122806525e-30   3.4800093454e-14  -3.6106585226e+06   9.6581673517e-02 
  7.8594748335e+20   3.8127708484e+18   2.9452969029e+61   5.8792372274e-30   3.4786298250e-14  -3.5908506118e+06   9.6581671519e-02 
  7.8944836012e+20   3.5008767646e+18   2.7296489741e+61   5.8611899231e-30   3.4772320364e-14  -3.5716578077e+06   9.6581671426e-02 
  8.0250888607e+20   1.3060525954e+19   1.0398796587e+62   5.8439680794e-30   3.4741805730e-14  -3.5260747811e+06   9.6581671421e-02 
  8.1507330550e+20   1.2564419427e+19   1.0328416582e+62   5.8275372273e-30   3.4694980972e-14  -3.4570611480e+06   9.6581671417e-02 
  8.1969292204e+20   4.6196165383e+18   3.8785399607e+61   5.8199155022e-30   3.4665600857e-14  -3.4112590396e+06   9.6581671415e-02 
  8.2279685619e+20   3.1039341499e+18   2.6306813126e+61   5.8192093549e-30   3.4653061681e-14  -3.3915687735e+06   9.6581671414e-02 
  8.2576670132e+20   2.9698451324e+18   2.5356863685e+61   5.8214956547e-30   3.4643587923e-14  -3.3760036443e+06   9.6581671409e-02 
  8.2889308581e+20   3.1263844922e+18   2.6891201208e+61   5.8272846958e-30   3.4634263602e-14  -3.3601563675e+06   9.6581671368e-02 
  8.4006299233e+20   1.1169906513e+19   9.7745260953e+61   5.8489376808e-30   3.4612724539e-14  -3.3216168600e+06   9.6581671219e-02 
  8.4738809605e+20   7.3251037276e+18   6.5528279659e+61   5.8821665079e-30   3.4584465066e-14  -3.2708968362e+06   9.6581670550e-02 
  8.5045926903e+20   3.0711729754e+18   2.7813261172e+61   5.9049708240e-30   3.4568607559e-14  -3.2430001868e+06   9.6581668803e-02 
  8.5437345095e+20   3.9141819211e+18   3.5740052525e+61   5.9243767721e-30   3.4556929343e-14  -3.2233158225e+06   9.6581650714e-02 
  8.6130769439e+20   6.9342434409e+18   6.4124571933e+61   5.9463906124e-30   3.4537976200e-14  -3.1919192383e+06   9.6581592680e-02 
  8.6834434326e+20   7.0366488719e+18   6.6135651268e+61   5.9662760922e-30   3.4514807993e-14  -3.1517435511e+06   9.6581110134e-02 
  8.7783346631e+20   9.4891230487e+18   9.0898591933e+61   5.9820246025e-30   3.4484513037e-14  -3.0999054401e+06   9.6579759634e-02 
  8.8808246712e+20   1.0249000806e+19   1.0040985188e+62   5.9928059894e-30   3.4445010730e-14  -3.0310556886e+06   9.6577205564e-02 
  8.9817601686e+20   1.0093549745e+19   1.0117821932e+62   5.9975153487e-30   3.4397428303e-14  -2.9471008792e+06   9.6576295212e-02 
  9.1406992394e+20   1.5893907077e+19   1.6399324083e+62   5.9958645775e-30   3.4331388193e-14  -2.8296851728e+06   9.6571025033e-02 
  9.2837913227e+20   1.4309208327e+19   1.5260374368e+62   5.9894917077e-30   3.4260587238e-14  -2.7018623987e+06   9.6557444013e-02 
  9.4131688648e+20   1.2937754219e+19   1.4208810015e+62   5.9796449136e-30   3.4207908056e-14  -2.6035779603e+06   9.6528331976e-02 
  9.5402317668e+20   1.2706290191e+19   1.4340009331e+62   5.9671110197e-30   3.4168636742e-14  -2.5207425502e+06   9.6456051579e-02 
  9.7044002808e+20   1.6416851405e+19   1.9101589090e+62   5.9461776353e-30   3.4128316263e-14  -2.4389217576e+06   9.6171275171e-02 
  9.8265952217e+20   1.2219494086e+19   1.4643925972e+62   5.9187239193e-30   3.4095055305e-14  -2.3546958514e+06   9.5183112634e-02 
  9.9219655320e+20   9.5370310353e+18   1.1685232164e+62   5.8903369414e-30   3.4069258196e-14  -2.2913361019e+06   9.1813601595e-02 
  9.9730663594e+20   5.1100827419e+18   6.3543047458e+61   5.8616844333e-30   3.4051075562e-14  -2.2481415071e+06   8.7954120762e-02 
  1.0043293854e+21   7.0227494702e+18   8.8395273987e+61   5.8263713112e-30   3.4035228265e-14  -2.2118224737e+06   8.1577624707e-02 
  1.0071656368e+21   2.8362513395e+18   3.6052285270e+61   5.7900690440e-30   3.4021317595e-14  -2.1802577220e+06   7.6393886886e-02 
  1.0101642131e+21   2.9985762988e+18   3.8337088363e+61   5.7558705787e-30   3.4013086767e-14  -2.1609804794e+06   7.3797847227e-02 
  1.0158207790e+21   5.6565659972e+18   7.2941771662e+61   5.6935706432e-30   3.4000842780e-14  -2.1311268691e+06   7.3509541806e-02 
  1.0198931043e+21   4.0723252461e+18   5.3018371715e+61   5.6212472871e-30   3.3986495818e-14  -2.0956835475e+06   7.3364014367e-02 
  1.0235400600e+21   3.6469556594e+18   4.7841158965e+61   5.5747104029e-30   3.3975194493e-14  -2.0672882719e+06   7.3318907749e-02 
  1.0284328989e+21   4.8928389667e+18   6.4722440488e+61   5.5333960608e-30   3.3963603062e-14  -2.0346271949e+06   7.3314039407e-02 
  1.0337767440e+21   5.3438451170e+18   7.1395416861e+61   5.4949228492e-30   3.3948701455e-14  -1.9971800844e+06   7.3313089672e-02 
  1.0388426099e+21   5.0658659043e+18   6.8366528140e+61   5.4663007071e-30   3.3936001394e-14  -1.9580624460e+06   7.3313015835e-02 
  1.0496946106e+21   1.0852000684e+19   1.4871269098e+62   5.4328848132e-30   3.3916177476e-14  -1.9004203314e+06   7.3313012609e-02 
  1.0583736432e+21   8.6790325979e+18   1.2116940694e+62   5.3999863661e-30   3.3891377522e-14  -1.8336699098e+06   7.3313011850e-02 
  1.0641653214e+21   5.7916781710e+18   8.1972223387e+61   5.3826547632e-30   3.3875534717e-14  -1.7839637429e+06   7.3313011755e-02 
  1.0777593365e+21   1.3594015150e+19   1.9593491567e+62   5.3674509783e-30   3.3854730458e-14  -1.7183267044e+06   7.3313011683e-02 
  1.0889667720e+21   1.1207435497e+19   1.6529816289e+62   5.3550530429e-30   3.3829477450e-14  -1.6340944845e+06   7.3313011414e-02 
  1.1031310316e+21   1.4164259553e+19   2.1383049780e+62   5.3466339312e-30   3.3803905727e-14  -1.5487254999e+06   7.3313010011e-02 
  1.1131677420e+21   1.0036710417e+19   1.5488196421e+62   5.3409254561e-30   3.3780154486e-14  -1.4661362952e+06   7.3313003467e-02 
  1.1227791639e+21   9.6114219019e+18   1.5096044330e+62   5.3383301860e-30   3.3761821291e-14  -1.3984199824e+06   7.3312946860e-02 
  1.1405538614e+21   1.7774697520e+19   2.8606053119e+62   5.3377034792e-30   3.3738565121e-14  -1.3046432742e+06   7.3312820713e-02 
  1.1525942664e+21   1.2040404920e+19   1.9891117127e+62   5.3391531469e-30   3.3714820977e-14  -1.2045961340e+06   7.3312589090e-02 
  1.1641407937e+21   1.1546527390e+19   1.9469625633e+62   5.3433171196e-30   3.3697936076e-14  -1.1282383770e+06   7.3311821307e-02 
  1.1739970249e+21   9.8562311435e+18   1.6927917664e+62   5.3501737552e-30   3.3683776844e-14  -1.0597804750e+06   7.3307234726e-02 
  1.1821878319e+21   8.1908070044e+18   1.4285552318e+62   5.3592211025e-30   3.3672051733e-14  -1.0019615349e+06   7.3287579329e-02 
  1.1998622703e+21   1.7674438408e+19   3.1506869167e+62   5.3788933494e-30   3.3656965193e-14  -9.2087907479e+05   7.3240205269e-02 
  1.2115823392e+21   1.1720068888e+19   2.1411053565e+62   5.4043752557e-30   3.3642226403e-14  -8.3064571374e+05   7.3139275129e-02 
  1.2170066530e+21   5.4243137927e+18   1.0050865110e+62   5.4215647569e-30   3.3635433669e-14  -7.8181930919e+05   7.3002643922e-02 
  1.2232608782e+21   6.2542252331e+18   1.1700359987e+62   5.4361566723e-30   3.3631915836e-14  -7.4961802275e+05   7.2231668826e-02 
  1.2276089035e+21   4.3480252893e+18   8.2050808359e+61   5.4517785010e-30   3.3628458705e-14  -7.1981766057e+05   7.1117028099e-02 
  1.2324193236e+21   4.8104201259e+18   9.1456297354e+61   5.4674807153e-30   3.3624655135e-14  -6.9238032235e+05   6.9576222261e-02 
  1.2360086718e+21   3.5893481713e+18   6.8707902839e+61   5.4835483520e-30   3.3620562650e-14  -6.6613865123e+05   6.8841498953e-02 
  1.2436435580e+21   7.6348861556e+18   1.4748075821e+62   5.5078004864e-30   3.3615700942e-14  -6.3223875797e+05   6.8634323255e-02 
  1.2492609777e+21   5.6174197870e+18   1.0967276253e+62   5.5380966133e-30   3.3610352310e-14  -5.9339636278e+05   6.8503502701e-02 
  1.2582730318e+21   9.0120540845e+18   1.7802016372e+62   5.5737277461e-30   3.3605129246e-14  -5.5153629217e+05   6.8465301905e-02 
  1.2632171288e+21   4.9440969922e+18   9.8753379525e+61   5.6100573079e-30   3.3599023804e-14  -5.0963758393e+05   6.8451158790e-02 
  1.2669407113e+21   3.7235825277e+18   7.4886994267e+61   5.6354777768e-30   3.3594139103e-14  -4.8177566917e+05   6.8446296903e-02 
  1.2709964435e+21   4.0557321536e+18   8.2069395727e+61   5.6646315723e-30   3.3591667328e-14  -4.5943300702e+05   6.8445192118e-02 
  1.2738132326e+21   2.8167891337e+18   5.7307966929e+61   5.6961318532e-30   3.3589770579e-14  -4.4285121465e+05   6.8445111945e-02 
  1.2802063879e+21   6.3931552547e+18   1.3101302959e+62   5.7548412402e-30   3.3589638611e-14  -4.2102223976e+05   6.8445110725e-02 
  1.2849832080e+21   4.7768200709e+18   9.8747974732e+61   5.8396469369e-30   3.3587584874e-14  -3.9210310217e+05   6.8445186384e-02 
  1.2893403171e+21   4.3571091405e+18   9.0714137756e+61   5.9286454950e-30   3.3582704635e-14  -3.6301816509e+05   6.8445909615e-02 
  1.2932824013e+21   3.9420841556e+18   8.2603421287e+61   6.0404431150e-30   3.3579037988e-14  -3.3806032812e+05   6.8448281556e-02 
  1.3097191493e+21   1.6436748077e+19   3.4988103085e+62   6.4386805580e-30   3.3574492214e-14  -2.8597295047e+05   6.8455749161e-02 
  1.3218297865e+21   1.2110637181e+19   2.6347707479e+62   7.1256355798e-30   3.3570194111e-14  -2.2285290162e+05   6.8476221875e-02 
  1.3290391889e+21   7.2094023398e+18   1.5915736168e+62   7.7877334668e-30   3.3571842174e-14  -1.7553017593e+05   6.8513873491e-02 
  1.3416801528e+21   1.2640963914e+19   2.8326297409e+62   9.0985393959e-30   3.3561979098e-14  -1.3161152166e+05   6.8650898148e-02 
  1.3476369852e+21   5.9568324232e+18   1.3534742716e+62   1.1008787982e-29   3.3583853715e-14  -8.7382686149e+04   6.9060662872e-02 
  1.3515324952e+21   3.8955099723e+18   8.9160973992e+61   1.3231647560e-29   3.3527853830e-14  -3.6339932300e+04   7.0435540149e-02 
  1.3554953509e+21   3.9628556993e+18   9.1231305137e+61   1.7458142554e-29   3.3549592805e-14  -6.1967733694e+04   7.5704964756e-02 
  1.3574417491e+21   1.9463982041e+18   4.5005033752e+61   2.3875132811e-29   3.3645267950e-14  -5.9789474428e+04   8.2444751847e-02 
  1.3607801874e+21   3.3384383275e+18   7.7493142852e+61   4.0559794393e-29   3.3552133364e-14  -3.9295228271e+04   8.2899593051e-02 
  1.3615707857e+21   7.9059832718e+17   1.8407465953e+61   6.9035946654e-29   3.3522950802e-14   1.0850547201e+04   6.8190862360e-02 
  1.3618126695e+21   2.4188374503e+17   5.6360410473e+60   1.0671592600e-28   3.3262722151e-14   1.1040676846e+04   5.6472502718e-02 
  1.3635235842e+21   1.7109146935e+18   3.9922568313e+61   5.7349381237e-28   3.3561388896e-14  -2.4520966172e+04   3.9716992742e-02 
  1.3653930322e+21   1.8694480448e+18   4.3736484511e+61   4.3947742465e-27   3.3578128260e-14  -2.4041236698e+04   2.2561138837e-02 
  1.3659802118e+21   5.8717958656e+17   1.3762043614e+61   1.7865057851e-26   3.3817494282e-14  -2.5049473747e+04   2.0990104104e-02 
  1.3671140253e+21   1.1338134823e+18   2.6607295161e+61   5.1257918221e-26   3.3662621434e-14  -1.8611795289e+04   2.0459347926e-02 
  1.3675060798e+21   3.9205456984e+17   9.2106525729e+60   6.6094397873e-26   3.4054864490e-14  -2.0802224949e+04   2.0072875196e-02 
  1.3781061650e+21   1.0600085137e+19   2.5103818710e+62   7.4862856180e-26   3.4798822193e-14  -9.5661853359e+03   2.0050449410e-02 
  1.3854034179e+21   7.2972529651e+18   1.7507826476e+62   1.0066861479e-24   3.5054486681e-14  -8.2132732046e+03   2.0035521812e-02 
  1.3933613074e+21   7.9578894777e+18   1.9304231518e+62   1.0495027460e-24   3.5572739827e-14  -3.0588604107e+03   2.0032296738e-02 
  1.4111752164e+21   1.7813908993e+19   4.4018692971e+62   1.1415092053e-24   3.6867767041e-14   4.9605878995e+03   2.0028767497e-02 
  1.4236467148e+21   1.2471498363e+19   3.1486390441e+62   1.2690413389e-24   3.8759975016e-14   1.3227218754e+04   2.0022749223e-02 
  1.4357495175e+21   1.2102802673e+19   3.1087593170e+62   1.3829375483e-24   4.0385158884e-14   2.1532756180e+04   2.0022571724e-02 
  1.4515295412e+21   1.5780023774e+19   4.1327522585e+62   1.5346084540e-24   4.2541888371e-14   3.1825664188e+04   2.0014616730e-02 
  1.4618651591e+21   1.0335617864e+19   2.7560480838e+62   1.6834905885e-24   4.4683396217e-14   4.1476544584e+04   2.0005132526e-02 
  1.4698360299e+21   7.9708708175e+18   2.1522668659e+62   1.8050611034e-24   4.6366671825e-14   4.7609308548e+04   2.0001204495e-02 
  1.4776745211e+21   7.8384911841e+18   2.1394104239e+62   1.9156500297e-24   4.7852520842e-14   5.3495631645e+04   2.0000451234e-02 
  1.4856711022e+21   7.9965811257e+18   2.2060730502e+62   2.0518597757e-24   4.9747359908e-14   5.9931644329e+04   2.0000174685e-02 
  1.4934708548e+21   7.7997525789e+18   2.1747737749e+62   2.2108305110e-24   5.1669418971e-14   6.7003203904e+04   2.0000059740e-02 
  1.5008498431e+21   7.3789882907e+18   2.0784720927e+62   2.3609346003e-24   5.3631018585e-14   7.3169740731e+04   2.0000019185e-02 
  1.5077206127e+21   6.8707696023e+18   1.9537832683e+62   2.4981323444e-24   5.5383924855e-14   7.8375256719e+04   2.0000005988e-02 
  1.5140957508e+21   6.3751381126e+18   1.8288422748e+62   2.6210521430e-24   5.6942197859e-14   8.2723234204e+04   2.0000001757e-02 
  1.5201375476e+21   6.0417967554e+18   1.7474891924e+62   2.7384221506e-24   5.8478782509e-14   8.6590017511e+04   2.0000000502e-02 
  1.5258244655e+21   5.6869179700e+18   1.6575869041e+62   2.8555457421e-24   5.9989268275e-14   9.0275915797e+04   2.0000000134e-02 
  1.5312312964e+21   5.4068309109e+18   1.5874491935e+62   2.9729367139e-24   6.1482020993e-14   9.3764506540e+04   2.0000000035e-02 
  1.5362172395e+21   4.9859430190e+18   1.4738460990e+62   3.0883710899e-24   6.2929964515e-14   9.7021645290e+04   2.0000000008e-02 
  1.5407690941e+21   4.5518545988e+18   1.3539097163e+62   3.1989380178e-24   6.4299329546e-14   9.9992542709e+04   2.0000000002e-02 
  1.5451003176e+21   4.3312235257e+18   1.2957339630e+62   3.3060452731e-24   6.5610829481e-14   1.0273391364e+05   2.0000000000e-02 
  1.5492636947e+21   4.1633771410e+18   1.2523874047e+62   3.4116039756e-24   6.6889714851e-14   1.0530358585e+05   2.0000000000e-02 
  1.5531307457e+21   3.8670509308e+18   1.1692947951e+62   3.5111808660e-24   6.8084941910e-14   1.0759946269e+05   2.0000000000e-02 
  1.5568159164e+21   3.6851707889e+18   1.1197306785e+62   3.6032925076e-24   6.9197995767e-14   1.0966800157e+05   2.0000000000e-02 
  1.5603697427e+21   3.5538262997e+18   1.0848547553e+62   3.6927020879e-24   7.0310699775e-14   1.1164857681e+05   2.0000000000e-02 
  1.5637930991e+21   3.4233563693e+18   1.0497103593e+62   3.7853039850e-24   7.1454184916e-14   1.1359187102e+05   2.0000000000e-02 
  1.5674921326e+21   3.6990334992e+18   1.1394193710e+62   3.8839118763e-24   7.2662537616e-14   1.1569971383e+05   2.0000000000e-02 
  1.5713348864e+21   3.8427537933e+18   1.1893985763e+62   3.9978096261e-24   7.4047840754e-14   1.1798977329e+05   2.0000000000e-02 
  1.5749762087e+21   3.6413222966e+18   1.1324329843e+62   4.1172187018e-24   7.5486186795e-14   1.2038627318e+05   2.0000000000e-02 
  1.5785026653e+21   3.5264566441e+18   1.1017129499e+62   4.2410591949e-24   7.6964799586e-14   1.2274740112e+05   2.0000000000e-02 
  1.5819905548e+21   3.4878894120e+18   1.0945169250e+62   4.3698087029e-24   7.8488239612e-14   1.2515763323e+05   2.0000000000e-02 
  1.5854336931e+21   3.4431383091e+18   1.0852179944e+62   4.5057151370e-24   8.0081820756e-14   1.2762115468e+05   2.0000000000e-02 
  1.5887609311e+21   3.3272380770e+18   1.0531761432e+62   4.6466782547e-24   8.1718760241e-14   1.3011716588e+05   2.0000000000e-02 
  1.5918020292e+21   3.0410980501e+18   9.6647009810e+61   4.7876501127e-24   8.3340863290e-14   1.3251619538e+05   2.0000000000e-02 
  1.5947022425e+21   2.9002132678e+18   9.2514315020e+61   4.9212389822e-24   8.4865610100e-14   1.3471899213e+05   2.0000000000e-02 
  1.5974691727e+21   2.7669302788e+18   8.8576926342e+61   5.0438976971e-24   8.6253260126e-14   1.3663604368e+05   2.0000000000e-02 
  1.5999506446e+21   2.4814718474e+18   7.9700057924e+61   5.1538949547e-24   8.7498468160e-14   1.3830453613e+05   2.0000000000e-02 
  1.6023217323e+21   2.3710877252e+18   7.6386060503e+61   5.2561153463e-24   8.8685995195e-14   1.3980859762e+05   2.0000000000e-02 
  1.6046562155e+21   2.3344832070e+18   7.5428010144e+61   5.3581674531e-24   8.9864984248e-14   1.4128642290e+05   2.0000000000e-02 
  1.6069558344e+21   2.2996188502e+18   7.4516416983e+61   5.4617971202e-24   9.1055720216e-14   1.4275998019e+05   2.0000000000e-02 
  1.6091606357e+21   2.2048013520e+18   7.1644514416e+61   5.5654782653e-24   9.2240705420e-14   1.4420664383e+05   2.0000000000e-02 
  1.6110855862e+21   1.9249504947e+18   6.2711566323e+61   5.6629561979e-24   9.3349477270e-14   1.4554042011e+05   2.0000000000e-02 
  1.6129165394e+21   1.8309532132e+18   5.9788520286e+61   5.7534337386e-24   9.4373883376e-14   1.4675409118e+05   2.0000000000e-02 
  1.6147240978e+21   1.8075583353e+18   5.9157878322e+61   5.8421594465e-24   9.5374100216e-14   1.4792178324e+05   2.0000000000e-02 
  1.6165207299e+21   1.7966321689e+18   5.8931679661e+61   5.9308191621e-24   9.6369340423e-14   1.4906477218e+05   2.0000000000e-02 
  1.6183080401e+21   1.7873101462e+18   5.8756028344e+61   6.0196539112e-24   9.7362366921e-14   1.5018574985e+05   2.0000000000e-02 
  1.6200866650e+21   1.7786249049e+18   5.8599491441e+61   6.1086824767e-24   9.8353436613e-14   1.5128548404e+05   2.0000000000e-02 
  1.6218566511e+21   1.7699861072e+18   5.8442745208e+61   6.1979109739e-24   9.9342665185e-14   1.5236524165e+05   2.0000000000e-02 
  1.6236178344e+21   1.7611832944e+18   5.8278836280e+61   6.2873718504e-24   1.0033045533e-13   1.5342666971e+05   2.0000000000e-02 
  1.6253620612e+21   1.7442268228e+18   5.7842482408e+61   6.3769712634e-24   1.0131581202e-13   1.5446963351e+05   2.0000000000e-02 
  1.6270331359e+21   1.6710746731e+18   5.5533160421e+61   6.4652426097e-24   1.0228274448e-13   1.5547834322e+05   2.0000000000e-02 
  1.6284239684e+21   1.3908325600e+18   4.6307219286e+61   6.5453697871e-24   1.0315723712e-13   1.5637912862e+05   2.0000000000e-02 
  1.6297339534e+21   1.3099849809e+18   4.3687830017e+61   6.6170253620e-24   1.0393673129e-13   1.5717298354e+05   2.0000000000e-02 
  1.6310300744e+21   1.2961210182e+18   4.3294645848e+61   6.6870882782e-24   1.0469691716e-13   1.5794063612e+05   2.0000000000e-02 
  1.6323143275e+21   1.2842530523e+18   4.2966138292e+61   6.7575911169e-24   1.0546000767e-13   1.5870505020e+05   2.0000000000e-02 
  1.6335378389e+21   1.2235113727e+18   4.0996893268e+61   6.8276109525e-24   1.0621559708e-13   1.5945664129e+05   2.0000000000e-02 
  1.6345362021e+21   9.9836319600e+17   3.3498258021e+61   6.8911412295e-24   1.0689917723e-13   1.6013670954e+05   2.0000000000e-02 
  1.6356784688e+21   1.1422666877e+18   3.8376903221e+61   6.9549594072e-24   1.0758384721e-13   1.6081742753e+05   2.0000000000e-02 
  1.6366584272e+21   9.7995840670e+17   3.2966553555e+61   7.0211805695e-24   1.0827297180e-13   1.6151800670e+05   2.0000000000e-02 
  1.6377950547e+21   1.1366275511e+18   3.8286504619e+61   7.0889271280e-24   1.0897501768e-13   1.6222696530e+05   2.0000000000e-02 
  1.6387658050e+21   9.7075027959e+17   3.2741146859e+61   7.1575150514e-24   1.0968370970e-13   1.6293712901e+05   2.0000000000e-02 
  1.6398902101e+21   1.1244051277e+18   3.7972082526e+61   7.2266195740e-24   1.1039582333e-13   1.6364277556e+05   2.0000000000e-02 
  1.6408509119e+21   9.6070180860e+17   3.2484966104e+61   7.2953908347e-24   1.1110411377e-13   1.6433733134e+05   2.0000000000e-02 
  1.6419656339e+21   1.1147219392e+18   3.7740675177e+61   7.3632628662e-24   1.1180150561e-13   1.6500816133e+05   2.0000000000e-02 
  1.6428583621e+21   8.9272825625e+17   3.0261703632e+61   7.4258647366e-24   1.1244327067e-13   1.6561264141e+05   2.0000000000e-02 
  1.6436814418e+21   8.2307968092e+17   2.7929911223e+61   7.4772557435e-24   1.1296899188e-13   1.6609152956e+05   2.0000000000e-02 
  1.6445110925e+21   8.2965070400e+17   2.8181210627e+61   7.5243011719e-24   1.1344979950e-13   1.6651514894e+05   2.0000000000e-02 
  1.6453255831e+21   8.1449058592e+17   2.7693932307e+61   7.5681979868e-24   1.1389918795e-13   1.6689573495e+05   2.0000000000e-02 
  1.6460913093e+21   7.6572622515e+17   2.6060886773e+61   7.6081518396e-24   1.1430724552e-13   1.6722724702e+05   2.0000000000e-02 
  1.6465689369e+21   4.7762757944e+17   1.6267960618e+61   7.6384421757e-24   1.1462080116e-13   1.6747645615e+05   2.0000000000e-02 
  1.6469815797e+21   4.1264276700e+17   1.4062183799e+61   7.6600250491e-24   1.1484907291e-13   1.6765300466e+05   2.0000000000e-02 
  1.6473850114e+21   4.0343172570e+17   1.3755100658e+61   7.6800073871e-24   1.1506021473e-13   1.6781703149e+05   2.0000000000e-02 
  1.6477926283e+21   4.0761695297e+17   1.3904640891e+61   7.7000612551e-24   1.1527196005e-13   1.6798233783e+05   2.0000000000e-02 
  1.6482021964e+21   4.0956805795e+17   1.3978127451e+61   7.7204990229e-24   1.1548760237e-13   1.6815074022e+05   2.0000000000e-02 
  1.6486120343e+21   4.0983793424e+17   1.3994293598e+61   7.7411691872e-24   1.1570553752e-13   1.6832175139e+05   2.0000000000e-02 
  1.6490213936e+21   4.0935925785e+17   1.3984896137e+61   7.7620652763e-24   1.1592568653e-13   1.6849429389e+05   2.0000000000e-02 
  1.6494304337e+21   4.0904011840e+17   1.3980930340e+61   7.7830956929e-24   1.1614708695e-13   1.6866871689e+05   2.0000000000e-02 
  1.6498391913e+21   4.0875759797e+17   1.3978202595e+61   7.8043397365e-24   1.1637056472e-13   1.6884427213e+05   2.0000000000e-02 
  1.6502477457e+21   4.0855436037e+17   1.3978175437e+61   7.8257014241e-24   1.1659511074e-13   1.6902165387e+05   2.0000000000e-02 
  1.6506561003e+21   4.0835458542e+17   1.3978258220e+61   7.8472808685e-24   1.1682176881e-13   1.6919993618e+05   2.0000000000e-02 
  1.6510642356e+21   4.0813530030e+17   1.3977664221e+61   7.8689612567e-24   1.1704931199e-13   1.6937997198e+05   2.0000000000e-02 
  1.6514721319e+21   4.0789636516e+17   1.3976387325e+61   7.8908531446e-24   1.1727889605e-13   1.6956067905e+05   2.0000000000e-02 
  1.6518797862e+21   4.0765431113e+17   1.3974993055e+61   7.9128289145e-24   1.1750918074e-13   1.6974296669e+05   2.0000000000e-02 
  1.6522871974e+21   4.0741121183e+17   1.3973552338e+61   7.9350005927e-24   1.1774133877e-13   1.6992570283e+05   2.0000000000e-02 
  1.6526943669e+21   4.0716943210e+17   1.3972146277e+61   7.9572441251e-24   1.1797406557e-13   1.7010975887e+05   2.0000000000e-02 
  1.6531012871e+21   4.0692024143e+17   1.3970475150e+61   7.9796605294e-24   1.1820841949e-13   1.7029409302e+05   2.0000000000e-02 
  1.6535079598e+21   4.0667264153e+17   1.3968847734e+61   8.0021446092e-24   1.1844329214e-13   1.7047945645e+05   2.0000000000e-02 
  1.6539143804e+21   4.0642063392e+17   1.3967057944e+61   8.0247781720e-24   1.1867954114e-13   1.7066502909e+05   2.0000000000e-02 
  1.6543205421e+21   4.0616170903e+17   1.3965019176e+61   8.0474835040e-24   1.1891634612e-13   1.7085139642e+05   2.0000000000e-02 
  1.6547264467e+21   4.0590463029e+17   1.3963032498e+61   8.0703202861e-24   1.1915433271e-13   1.7103799634e+05   2.0000000000e-02 
  1.6551320876e+21   4.0564087654e+17   1.3960804697e+61   8.0932373209e-24   1.1939295998e-13   1.7122524428e+05   2.0000000000e-02 
  1.6555374636e+21   4.0537599884e+17   1.3958526512e+61   8.1162767471e-24   1.1963266776e-13   1.7141278320e+05   2.0000000000e-02 
  1.6559425762e+21   4.0511256627e+17   1.3956286397e+61   8.1394020978e-24   1.1987307330e-13   1.7160092060e+05   2.0000000000e-02 
  1.6563474200e+21   4.0484386037e+17   1.3953852828e+61   8.1626519487e-24   1.2011457467e-13   1.7178936797e+05   2.0000000000e-02 
  1.6567519952e+21   4.0457520823e+17   1.3951409198e+61   8.1859857688e-24   1.2035675161e-13   1.7197845587e+05   2.0000000000e-02 
  1.6571562970e+21   4.0430180565e+17   1.3948789722e+61   8.2094539683e-24   1.2060012146e-13   1.7216781395e+05   2.0000000000e-02 
  1.6575603242e+21   4.0402719417e+17   1.3946116358e+61   8.2330004420e-24   1.2084410157e-13   1.7235790086e+05   2.0000000000e-02 
  1.6579640725e+21   4.0374825631e+17   1.3943281342e+61   8.2566901783e-24   1.2108932624e-13   1.7254818167e+05   2.0000000000e-02 
  1.6583675434e+21   4.0347092893e+17   1.3940489560e+61   8.2804467587e-24   1.2133504414e-13   1.7273916744e+05   2.0000000000e-02 
  1.6587707286e+21   4.0318520259e+17   1.3937395033e+61   8.3043420786e-24   1.2158199560e-13   1.7293021890e+05   2.0000000000e-02 
  1.6591736305e+21   4.0290185178e+17   1.3934369924e+61   8.3282973383e-24   1.2182936430e-13   1.7312190183e+05   2.0000000000e-02 
  1.6595762450e+21   4.0261450485e+17   1.3931193872e+61   8.3523844807e-24   1.2207789243e-13   1.7331357955e+05   2.0000000000e-02 
  1.6599785721e+21   4.0232707786e+17   1.3928002214e+61   8.3765290792e-24   1.2232680883e-13   1.7350578804e+05   2.0000000000e-02 
  1.6603806122e+21   4.0204010972e+17   1.3924813618e+61   8.4007969626e-24   1.2257679226e-13   1.7369794765e+05   2.0000000000e-02 
  1.6607823615e+21   4.0174930830e+17   1.3921479349e+61   8.4251211979e-24   1.2282714991e-13   1.7389053862e+05   2.0000000000e-02 
  1.6611838185e+21   4.0145705438e+17   1.3918081714e+61   8.4495608427e-24   1.2307848955e-13   1.7408304618e+05   2.0000000000e-02 
  1.6615849834e+21   4.0116483888e+17   1.3914672345e+61   8.4740555533e-24   1.2333018786e-13   1.7427590533e+05   2.0000000000e-02 
  1.6619858546e+21   4.0087125554e+17   1.3911202434e+61   8.4986601399e-24   1.2358280752e-13   1.7446865330e+05   2.0000000000e-02 
  1.6623864314e+21   4.0057681221e+17   1.3907689532e+61   8.5233188990e-24   1.2383577445e-13   1.7466169665e+05   2.0000000000e-02 
  1.6627867156e+21   4.0028419986e+17   1.3904227079e+61   8.5480845047e-24   1.2408962806e-13   1.7485460875e+05   2.0000000000e-02 
  1.6631867038e+21   3.9998817509e+17   1.3900632936e+61   8.5729039955e-24   1.2434382374e-13   1.7504778517e+05   2.0000000000e-02 
  1.6635863940e+21   3.9969015700e+17   1.3896956232e+61   8.5978294071e-24   1.2459889309e-13   1.7524081931e+05   2.0000000000e-02 
  1.6639857861e+21   3.9939213718e+17   1.3893266134e+61   8.6228085555e-24   1.2485430020e-13   1.7543411009e+05   2.0000000000e-02 
  1.6643848650e+21   3.9907891984e+17   1.3889033663e+61   8.6478948211e-24   1.2511059163e-13   1.7562725292e+05   2.0000000000e-02 
  1.6647836310e+21   3.9876592437e+17   1.3884794833e+61   8.6730334960e-24   1.2536720328e-13   1.7582066784e+05   2.0000000000e-02 
  1.6651820827e+21   3.9845173152e+17   1.3880500209e+61   8.6982832233e-24   1.2562473666e-13   1.7601392975e+05   2.0000000000e-02 
  1.6655802249e+21   3.9814220277e+17   1.3876354056e+61   8.7235847344e-24   1.2588258189e-13   1.7620750627e+05   2.0000000000e-02 
  1.6659780537e+21   3.9782876897e+17   1.3872057814e+61   8.7490037076e-24   1.2614141084e-13   1.7640092956e+05   2.0000000000e-02 
  1.6663755682e+21   3.9751452547e+17   1.3867719240e+61   8.7744735906e-24   1.2640054064e-13   1.7659471903e+05   2.0000000000e-02 
  1.6667727870e+21   3.9721884509e+17   1.3864014610e+61   8.8000687682e-24   1.2666073043e-13   1.7678835726e+05   2.0000000000e-02 
  1.6671697410e+21   3.9695394706e+17   1.3861371951e+61   8.8257161683e-24   1.2692123206e-13   1.7698243839e+05   2.0000000000e-02 
  1.6675664304e+21   3.9668943367e+17   1.3858731090e+61   8.8514997180e-24   1.2718290028e-13   1.7717638841e+05   2.0000000000e-02 
  1.6679628366e+21   3.9640615189e+17   1.3855422446e+61   8.8773346222e-24   1.2744486898e-13   1.7737085345e+05   2.0000000000e-02 
  1.6683589336e+21   3.9609698761e+17   1.3851195941e+61   8.9033127500e-24   1.2770807213e-13   1.7756517217e+05   2.0000000000e-02 
  1.6687547014e+21   3.9576781829e+17   1.3846255538e+61   8.9293379997e-24   1.2797153040e-13   1.7776005688e+05   2.0000000000e-02 
  1.6691501292e+21   3.9542784954e+17   1.3840922208e+61   8.9555136274e-24   1.2823629152e-13   1.7795477479e+05   2.0000000000e-02 
  1.6695452161e+21   3.9508688098e+17   1.3835538494e+61   8.9817337471e-24   1.2850127864e-13   1.7815012350e+05   2.0000000000e-02 
  1.6699399564e+21   3.9474031477e+17   1.3829943212e+61   9.0081137870e-24   1.2876766086e-13   1.7834529959e+05   2.0000000000e-02 
  1.6703343530e+21   3.9439659511e+17   1.3824432054e+61   9.0345369209e-24   1.2903425233e-13   1.7854118050e+05   2.0000000000e-02 
  1.6707284025e+21   3.9404953355e+17   1.3818788144e+61   9.0611303675e-24   1.2930233924e-13   1.7873688733e+05   2.0000000000e-02 
  1.6711221034e+21   3.9370082925e+17   1.3813070896e+61   9.0877649542e-24   1.2957061374e-13   1.7893338146e+05   2.0000000000e-02 
  1.6715154527e+21   3.9334934181e+17   1.3807240170e+61   9.1145808136e-24   1.2984048646e-13   1.7912970156e+05   2.0000000000e-02 
  1.6719084493e+21   3.9299659164e+17   1.3801349196e+61   9.1414358515e-24   1.3011052638e-13   1.7932689006e+05   2.0000000000e-02 
  1.6723010865e+21   3.9263720186e+17   1.3795208938e+61   9.1684833578e-24   1.3038227384e-13   1.7952389786e+05   2.0000000000e-02 
  1.6726933664e+21   3.9227993528e+17   1.3789127062e+61   9.1955683186e-24   1.3065416519e-13   1.7972185890e+05   2.0000000000e-02 
  1.6730852821e+21   3.9191566887e+17   1.3782782804e+61   9.2228570615e-24   1.3092787349e-13   1.7991963548e+05   2.0000000000e-02 
  1.6734768327e+21   3.9155055279e+17   1.3776392150e+61   9.2501820221e-24   1.3120171034e-13   1.8011844002e+05   2.0000000000e-02 
  1.6738680146e+21   3.9118198311e+17   1.3769863371e+61   9.2777215697e-24   1.3147746670e-13   1.8031705355e+05   2.0000000000e-02 
  1.6742588264e+21   3.9081174312e+17   1.3763259065e+61   9.3052957208e-24   1.3175333288e-13   1.8051677189e+05   2.0000000000e-02 
  1.6746492633e+21   3.9043688401e+17   1.3756475210e+61   9.3330943584e-24   1.3203120860e-13   1.8071630399e+05   2.0000000000e-02 
  1.6750393271e+21   3.9006387442e+17   1.3749739583e+61   9.3609259573e-24   1.3230917721e-13   1.8091700398e+05   2.0000000000e-02 
  1.6754290102e+21   3.8968306632e+17   1.3742711986e+61   9.3889911617e-24   1.3258924274e-13   1.8111750722e+05   2.0000000000e-02 
  1.6758183142e+21   3.8930397955e+17   1.3735727879e+61   9.4170896719e-24   1.3286939770e-13   1.8131923111e+05   2.0000000000e-02 
  1.6762072339e+21   3.8891973014e+17   1.3728544331e+61   9.4454255058e-24   1.3315167985e-13   1.8152077885e+05   2.0000000000e-02 
  1.6765957678e+21   3.8853386566e+17   1.3721286327e+61   9.4738028194e-24   1.3343413129e-13   1.8172353188e+05   2.0000000000e-02 
  1.6769839121e+21   3.8814430230e+17   1.3713880128e+61   9.5024126520e-24   1.3371865538e-13   1.8192618227e+05   2.0000000000e-02 
  1.6773716661e+21   3.8775397871e+17   1.3706429403e+61   9.5310777706e-24   1.3400348132e-13   1.8212998102e+05   2.0000000000e-02 
  1.6777590236e+21   3.8735756525e+17   1.3698745588e+61   9.5599647698e-24   1.3429026832e-13   1.8233378547e+05   2.0000000000e-02 
  1.6781459858e+21   3.8696218747e+17   1.3691080464e+61   9.5889246236e-24   1.3457752694e-13   1.8253865042e+05   2.0000000000e-02 
  1.6785325469e+21   3.8656106972e+17   1.3683194214e+61   9.6180921930e-24   1.3486660027e-13   1.8274364874e+05   2.0000000000e-02 
  1.6789187052e+21   3.8615834213e+17   1.3675232771e+61   9.6473536009e-24   1.3515634842e-13   1.8294959210e+05   2.0000000000e-02 
  1.6793044585e+21   3.8575324509e+17   1.3667169123e+61   9.6768061957e-24   1.3544774154e-13   1.8315580737e+05   2.0000000000e-02 
  1.6796898029e+21   3.8534440304e+17   1.3658954357e+61   9.7063758783e-24   1.3574003443e-13   1.8336283759e+05   2.0000000000e-02 
  1.6800747355e+21   3.8493260149e+17   1.3650616104e+61   9.7361191323e-24   1.3603379165e-13   1.8357028825e+05   2.0000000000e-02 
  1.6804592548e+21   3.8451930168e+17   1.3642206039e+61   9.7660029506e-24   1.3632867525e-13   1.8377843021e+05   2.0000000000e-02 
  1.6808433559e+21   3.8410111929e+17   1.3633603923e+61   9.7960447048e-24   1.3662486180e-13   1.8398714516e+05   2.0000000000e-02 
  1.6812270369e+21   3.8368094466e+17   1.3624912114e+61   9.8262494044e-24   1.3692238986e-13   1.8419646046e+05   2.0000000000e-02 
  1.6816102952e+21   3.8325839815e+17   1.3616117006e+61   9.8566027431e-24   1.3722112148e-13   1.8440650062e+05   2.0000000000e-02 
  1.6819931259e+21   3.8283065308e+17   1.3607117966e+61   9.8871416945e-24   1.3752141072e-13   1.8461711500e+05   2.0000000000e-02 
  1.6823755276e+21   3.8240172295e+17   1.3598057421e+61   9.9178284413e-24   1.3782281146e-13   1.8482859319e+05   2.0000000000e-02 
  1.6827574964e+21   3.8196872552e+17   1.3588832748e+61   9.9487059260e-24   1.3812578485e-13   1.8504051504e+05   2.0000000000e-02 
  1.6831390291e+21   3.8153273145e+17   1.3579481813e+61   9.9797085500e-24   1.3842972283e-13   1.8525319166e+05   2.0000000000e-02 
  1.6835201242e+21   3.8109507360e+17   1.3570051908e+61   1.0010895834e-23   1.3873520393e-13   1.8546618589e+05   2.0000000000e-02 
  1.6839007791e+21   3.8065490919e+17   1.3560512912e+61   1.0042200230e-23   1.3904156447e-13   1.8567988625e+05   2.0000000000e-02 
  1.6842809904e+21   3.8021132215e+17   1.3550832020e+61   1.0073687986e-23   1.3934944904e-13   1.8589383880e+05   2.0000000000e-02 
  1.6846607585e+21   3.7976809286e+17   1.3541143853e+61   1.0105289475e-23   1.3965817456e-13   1.8610846240e+05   2.0000000000e-02 
  1.6850400784e+21   3.7931989580e+17   1.3531258432e+61   1.0137074883e-23   1.3996842295e-13   1.8632329695e+05   2.0000000000e-02 
  1.6854189497e+21   3.7887135627e+17   1.3521340561e+61   1.0168970469e-23   1.4027947288e-13   1.8653878868e+05   2.0000000000e-02 
  1.6857973704e+21   3.7842068102e+17   1.3511326191e+61   1.0201052512e-23   1.4059206378e-13   1.8675445172e+05   2.0000000000e-02 
  1.6861753377e+21   3.7796728377e+17   1.3501194256e+61   1.0233239053e-23   1.4090539658e-13   1.8697078060e+05   2.0000000000e-02 
  1.6865528496e+21   3.7751188327e+17   1.3490970287e+61   1.0265616357e-23   1.4122030625e-13   1.8718722883e+05   2.0000000000e-02 
  1.6869299058e+21   3.7705626604e+17   1.3480718062e+61   1.0298092428e-23   1.4153589736e-13   1.8740435290e+05   2.0000000000e-02 
  1.6873065017e+21   3.7659588464e+17   1.3470274890e+61   1.0330762345e-23   1.4185308997e-13   1.8762154840e+05   2.0000000000e-02 
  1.6876826382e+21   3.7613645067e+17   1.3459844916e+61   1.0363527944e-23   1.4217092860e-13   1.8783941190e+05   2.0000000000e-02 
  1.6880583118e+21   3.7567358411e+17   1.3449271377e+61   1.0396485021e-23   1.4249034131e-13   1.8805732790e+05   2.0000000000e-02 
  1.6884335212e+21   3.7520945990e+17   1.3438631987e+61   1.0429541225e-23   1.4281042797e-13   1.8827585883e+05   2.0000000000e-02 
  1.6888082653e+21   3.7474404184e+17   1.3427925386e+61   1.0462780540e-23   1.4313200317e-13   1.8849445473e+05   2.0000000000e-02 
  1.6891825421e+21   3.7427683678e+17   1.3417133827e+61   1.0496128154e-23   1.4345433547e-13   1.8871357427e+05   2.0000000000e-02 
  1.6895563495e+21   3.7380743037e+17   1.3406242350e+61   1.0529644301e-23   1.4377801026e-13   1.8893281142e+05   2.0000000000e-02 
  1.6899296886e+21   3.7333906770e+17   1.3395367293e+61   1.0563280078e-23   1.4410254700e-13   1.8915246642e+05   2.0000000000e-02 
  1.6903025561e+21   3.7286750062e+17   1.3384356216e+61   1.0597069240e-23   1.4442827476e-13   1.8937229929e+05   2.0000000000e-02 
  1.6906749522e+21   3.7239614586e+17   1.3373331662e+61   1.0630990006e-23   1.4475497573e-13   1.8959244392e+05   2.0000000000e-02 
  1.6910468758e+21   3.7192359779e+17   1.3362243151e+61   1.0665052327e-23   1.4508274766e-13   1.8981282011e+05   2.0000000000e-02 
  1.6914183247e+21   3.7144888980e+17   1.3351055876e+61   1.0699256079e-23   1.4541158295e-13   1.9003344023e+05   2.0000000000e-02 
  1.6917892985e+21   3.7097379098e+17   1.3339833346e+61   1.0733595856e-23   1.4574142949e-13   1.9025434477e+05   2.0000000000e-02 
  1.6921597957e+21   3.7049712475e+17   1.3328533221e+61   1.0768086792e-23   1.4607242755e-13   1.9047548517e+05   2.0000000000e-02 
  1.6925298142e+21   3.7001855784e+17   1.3317143423e+61   1.0802718214e-23   1.4640447198e-13   1.9069698990e+05   2.0000000000e-02 
  1.6928993537e+21   3.6953946653e+17   1.3305713417e+61   1.0837515172e-23   1.4673775878e-13   1.9091880301e+05   2.0000000000e-02 
  1.6932684119e+21   3.6905819698e+17   1.3294183602e+61   1.0872455300e-23   1.4707199964e-13   1.9114096811e+05   2.0000000000e-02 
  1.6936369880e+21   3.6857608250e+17   1.3282601921e+61   1.0907541143e-23   1.4740734186e-13   1.9136327512e+05   2.0000000000e-02 
  1.6940050820e+21   3.6809402654e+17   1.3271000921e+61   1.0942754061e-23   1.4774360113e-13   1.9158578048e+05   2.0000000000e-02 
  1.6943726918e+21   3.6760985079e+17   1.3259302037e+61   1.0978107567e-23   1.4808090362e-13   1.9180840330e+05   2.0000000000e-02 
  1.6947398175e+21   3.6712563675e+17   1.3247580283e+61   1.1013596208e-23   1.4841919211e-13   1.9203124055e+05   2.0000000000e-02 
  1.6951064577e+21   3.6664020270e+17   1.3235793009e+61   1.1049238441e-23   1.4875863842e-13   1.9225432028e+05   2.0000000000e-02 
  1.6954726095e+21   3.6615182265e+17   1.3223877808e+61   1.1085045197e-23   1.4909933899e-13   1.9247782107e+05   2.0000000000e-02 
  1.6958382713e+21   3.6566176326e+17   1.3211880293e+61   1.1121045872e-23   1.4944156596e-13   1.9270195159e+05   2.0000000000e-02 
  1.6962034381e+21   3.6516686759e+17   1.3199686243e+61   1.1157279972e-23   1.4978568283e-13   1.9292706948e+05   2.0000000000e-02 
  1.6965681039e+21   3.6466575425e+17   1.3187245411e+61   1.1193810795e-23   1.5013227548e-13   1.9315368513e+05   2.0000000000e-02 
  1.6969322601e+21   3.6415621515e+17   1.3174477532e+61   1.1230735872e-23   1.5048224534e-13   1.9338255192e+05   2.0000000000e-02 
  1.6972958913e+21   3.6363122534e+17   1.3161127791e+61   1.1268192674e-23   1.5083686190e-13   1.9361481117e+05   2.0000000000e-02 
  1.6976589790e+21   3.6308764804e+17   1.3147081651e+61   1.1306388460e-23   1.5119801311e-13   1.9385216174e+05   2.0000000000e-02 
  1.6980215145e+21   3.6253553840e+17   1.3132702307e+61   1.1345439216e-23   1.5156709067e-13   1.9409443595e+05   2.0000000000e-02 
  1.6983835341e+21   3.6201963203e+17   1.3119610825e+61   1.1383224916e-23   1.5192489546e-13   1.9432651797e+05   2.0000000000e-02 
  1.6987451216e+21   3.6158741750e+17   1.3109531557e+61   1.1418350153e-23   1.5225752333e-13   1.9453546547e+05   2.0000000000e-02 
  1.6991063672e+21   3.6124560951e+17   1.3102713288e+61   1.1450647763e-23   1.5256317842e-13   1.9471967862e+05   2.0000000000e-02 
  1.6994673476e+21   3.6098043597e+17   1.3098661762e+61   1.1480547680e-23   1.5284559912e-13   1.9488307689e+05   2.0000000000e-02 
  1.6998281079e+21   3.6076029964e+17   1.3096234431e+61   1.1509065173e-23   1.5311525077e-13   1.9503540835e+05   2.0000000000e-02 
  1.7001886597e+21   3.6055174958e+17   1.3094218972e+61   1.1537263048e-23   1.5338901886e-13   1.9518501593e+05   2.0000000000e-02 
  1.7005489974e+21   3.6033775576e+17   1.3091997226e+61   1.1565717546e-23   1.5366503492e-13   1.9533703899e+05   2.0000000000e-02 
  1.7009091127e+21   3.6011526617e+17   1.3089457900e+61   1.1594549407e-23   1.5394452839e-13   1.9549177458e+05   2.0000000000e-02 
  1.7012689930e+21   3.5988028847e+17   1.3086455269e+61   1.1623804326e-23   1.5422794980e-13   1.9564935314e+05   2.0000000000e-02 
  1.7016286290e+21   3.5963606004e+17   1.3083106361e+61   1.1653451073e-23   1.5451500348e-13   1.9580981904e+05   2.0000000000e-02 
  1.7019880104e+21   3.5938133428e+17   1.3079365233e+61   1.1683493567e-23   1.5480571825e-13   1.9597279607e+05   2.0000000000e-02 
  1.7023471290e+21   3.5911861358e+17   1.3075322373e+61   1.1713841074e-23   1.5509921805e-13   1.9613837437e+05   2.0000000000e-02 
  1.7027059754e+21   3.5884643614e+17   1.3070924034e+61   1.1744527102e-23   1.5539587822e-13   1.9630555545e+05   2.0000000000e-02 
  1.7030645395e+21   3.5856404629e+17   1.3066142099e+61   1.1775721075e-23   1.5569714978e-13   1.9647335239e+05   2.0000000000e-02 
  1.7034228203e+21   3.5828083111e+17   1.3061318228e+61   1.1806756745e-23   1.5599651302e-13   1.9664685675e+05   2.0000000000e-02 
  1.7037808108e+21   3.5799053060e+17   1.3056224019e+61   1.1838075364e-23   1.5629922434e-13   1.9682111658e+05   2.0000000000e-02 
  1.7041384819e+21   3.5767107951e+17   1.3050053798e+61   1.1870690414e-23   1.5661383163e-13   1.9698663091e+05   2.0000000000e-02 
  1.7044958343e+21   3.5735237624e+17   1.3043897350e+61   1.1903437114e-23   1.5692837371e-13   1.9716205312e+05   2.0000000000e-02 
  1.7048528968e+21   3.5706255895e+17   1.3038782457e+61   1.1933358080e-23   1.5721550547e-13   1.9736113522e+05   2.0000000000e-02 
  1.7052093290e+21   3.5643217222e+17   1.3021211093e+61   1.1970272991e-23   1.5757301222e-13   1.9756646884e+05   2.0000000000e-02 
  1.7055654856e+21   3.5615659668e+17   1.3016582098e+61   1.2015415107e-23   1.5801444956e-13   1.9773939408e+05   2.0000000000e-02 
  1.7059277461e+21   3.6226049818e+17   1.3245241535e+61   1.2007540340e-23   1.5795186041e-13   1.9733808138e+05   2.0000000000e-02 
  1.7063788360e+21   4.5108986292e+17   1.6500953123e+61   1.1190176645e-23   1.5038920086e-13   1.9425923307e+05   2.0000000000e-02 
  1.7072287465e+21   8.4991053472e+17   3.1113601364e+61   7.1657677148e-24   1.1177511294e-13   1.4608469137e+05   2.0000000000e-02 
  1.7086864502e+21   1.4577037414e+18   5.3435924590e+61   3.0428547374e-24   6.3747552339e-14   4.7443049623e+04   2.0000000000e-02 
  1.7105137202e+21   1.8272699618e+18   6.7112231884e+61   2.3383146593e-24   5.3610462368e-14   8.0014954930e+03   2.0000000000e-02 
  1.7124306300e+21   1.9169098077e+18   7.0558814361e+61   2.2397666290e-24   5.2105122193e-14   1.0769560432e+03   2.0000000000e-02 
  1.7143611129e+21   1.9304829313e+18   7.1218251713e+61   2.2265549517e-24   5.1901726725e-14   1.3969818934e+02   2.0000000000e-02 
  1.7162933873e+21   1.9322743392e+18   7.1445136506e+61   2.2248407530e-24   5.1875299772e-14   1.8002729042e+01   2.0000000000e-02 
  1.7182258931e+21   1.9325058503e+18   7.1614778548e+61   2.2246198449e-24   5.1871892781e-14   2.3148151152e+00   2.0000000000e-02 
  1.7201584286e+21   1.9325355169e+18   7.1777154679e+61   2.2245914415e-24   5.1871454612e-14   2.9713762555e-01   2.0000000000e-02 
  1.7220909680e+21   1.9325393382e+18   7.1938756468e+61   2.2245877959e-24   5.1871398359e-14   3.8092435838e-02   2.0000000000e-02 
  1.7240235078e+21   1.9325398284e+18   7.2100416188e+61   2.2245873283e-24   5.1871391143e-14   4.8763697900e-03   2.0000000000e-02 
  1.7259560477e+21   1.9325398910e+18   7.2262241419e+61   2.2245872686e-24   5.1871390223e-14   6.0800794178e-04   2.0000000000e-02 
  1.7278885876e+21   1.9325399000e+18   7.2424246051e+61   2.2245872598e-24   5.1871390087e-14   6.2434574605e-05   2.0000000000e-02 
  1.7298211275e+21   1.9325399000e+18   7.2586431742e+61   2.2245872600e-24   5.1871390088e-14   6.7617341124e-06   2.0000000000e-02 
  1.7317536674e+21   1.9325399000e+18   7.2748798828e+61   2.2245872600e-24   5.1871390088e-14   4.6403528370e-06   2.0000000000e-02 
  1.7336862073e+21   1.9325399000e+18   7.2911347308e+61   2.2245872600e-24   5.1871390088e-14   4.8045524019e-06   2.0000000000e-02 
  1.7356187472e+21   1.9325399000e+18   7.3074077184e+61   2.2245872600e-24   5.1871390089e-14   4.9246886005e-06   2.0000000000e-02 
  1.7375512871e+21   1.9325399000e+18   7.3236988454e+61   2.2245872600e-24   5.1871390089e-14   5.0190386661e-06   2.0000000000e-02 
  1.7394838270e+21   1.9325399000e+18   7.3400081120e+61   2.2245872600e-24   5.1871390088e-14   5.2015325093e-06   2.0000000000e-02 
  1.7414163669e+21   1.9325399000e+18   7.3563355180e+61   2.2245872600e-24   5.1871390088e-14   5.3980717378e-06   2.0000000000e-02 
  1.7433489068e+21   1.9325399000e+18   7.3726810636e+61   2.2245872600e-24   5.1871390088e-14   5.4877374040e-06   2.0000000000e-02 
  1.7452814467e+21   1.9325399000e+18   7.3890447486e+61   2.2245872600e-24   5.1871390088e-14   5.4439739209e-06   2.0000000000e-02 
  1.7472139866e+21   1.9325399000e+18   7.4054265732e+61   2.2245872600e-24   5.1871390088e-14   5.3213995892e-06   2.0000000000e-02 
  1.7491465265e+21   1.9325399000e+18   7.4218265372e+61   2.2245872600e-24   5.1871390088e-14   5.0829240200e-06   2.0000000000e-02 
  1.7510790664e+21   1.9325399000e+18   7.4382446408e+61   2.2245872600e-24   5.1871390088e-14   4.7677740614e-06   2.0000000000e-02 
  1.7530116064e+21   1.9325400000e+18   7.4546812700e+61   2.2245872600e-24   5.1871390088e-14   4.4574509345e-06   2.0000000000e-02 
  1.7549441463e+21   1.9325399000e+18   7.4711352672e+61   2.2245872600e-24   5.1871390088e-14   4.2087550985e-06   2.0000000000e-02 
  1.7568766862e+21   1.9325399000e+18   7.4876077892e+61   2.2245872600e-24   5.1871390088e-14   4.0633825094e-06   2.0000000000e-02 
  1.7588092261e+21   1.9325399000e+18   7.5040984508e+61   2.2245872600e-24   5.1871390088e-14   3.8849627027e-06   2.0000000000e-02 
  1.7607417660e+21   1.9325399000e+18   7.5206072518e+61   2.2245872600e-24   5.1871390088e-14   3.7278803834e-06   2.0000000000e-02 
  1.7626743059e+21   1.9325399000e+18   7.5371341924e+61   2.2245872600e-24   5.1871390088e-14   3.7169754411e-06   2.0000000000e-02 
  1.7646068458e+21   1.9325399000e+18   7.5536792724e+61   2.2245872600e-24   5.1871390088e-14   3.7951847439e-06   2.0000000000e-02 
  1.7665393857e+21   1.9325399000e+18   7.5702424919e+61   2.2245872600e-24   5.1871390088e-14   3.6733291329e-06   2.0000000000e-02 
  1.7684719256e+21   1.9325399000e+18   7.5868238509e+61   2.2245872600e-24   5.1871390088e-14   3.5373685415e-06   2.0000000000e-02 
  1.7704044655e+21   1.9325399000e+18   7.6034233495e+61   2.2245872600e-24   5.1871390088e-14   3.6717276359e-06   2.0000000000e-02 
  1.7723370054e+21   1.9325399000e+18   7.6200409875e+61   2.2245872600e-24   5.1871390088e-14   3.9729093624e-06   2.0000000000e-02 
  1.7742695453e+21   1.9325399000e+18   7.6366767650e+61   2.2245872600e-24   5.1871390088e-14   4.1605608468e-06   2.0000000000e-02 
  1.7762020852e+21   1.9325399000e+18   7.6533306820e+61   2.2245872600e-24   5.1871390088e-14   4.2605171483e-06   2.0000000000e-02 
  1.7781346251e+21   1.9325399000e+18   7.6700027385e+61   2.2245872600e-24   5.1871390088e-14   4.3066912621e-06   2.0000000000e-02 
  1.7800671650e+21   1.9325399000e+18   7.6866929346e+61   2.2245872600e-24   5.1871390088e-14   4.3275251246e-06   2.0000000000e-02 
  1.7819997049e+21   1.9325399000e+18   7.7034012701e+61   2.2245872600e-24   5.1871390088e-14   4.1823405909e-06   2.0000000000e-02 
  1.7839322448e+21   1.9325399000e+18   7.7201277451e+61   2.2245872600e-24   5.1871390088e-14   3.9891139789e-06   2.0000000000e-02 
  1.7858647848e+21   1.9325400000e+18   7.7368727604e+61   2.2245872600e-24   5.1871390087e-14   3.8401229343e-06   2.0000000000e-02 
  1.7877973247e+21   1.9325399000e+18   7.7536351145e+61   2.2245872600e-24   5.1871390087e-14   3.6429717448e-06   2.0000000000e-02 
  1.7897298646e+21   1.9325399000e+18   7.7704160080e+61   2.2245872600e-24   5.1871390087e-14   3.3744837894e-06   2.0000000000e-02 
  1.7916624045e+21   1.9325399000e+18   7.7872150410e+61   2.2245872600e-24   5.1871390087e-14   2.9525731853e-06   2.0000000000e-02 
  1.7935949444e+21   1.9325399000e+18   7.8040322135e+61   2.2245872600e-24   5.1871390087e-14   2.5624214171e-06   2.0000000000e-02 
  1.7955274843e+21   1.9325399000e+18   7.8208675255e+61   2.2245872600e-24   5.1871390087e-14   1.9425529539e-06   2.0000000000e-02 
  1.7974600242e+21   1.9325399000e+18   7.8377209770e+61   2.2245872600e-24   5.1871390087e-14   1.6117208455e-06   2.0000000000e-02 
  1.7993925641e+21   1.9325399000e+18   7.8545925680e+61   2.2245872600e-24   5.1871390087e-14   1.5174033058e-06   2.0000000000e-02 
  1.8013251040e+21   1.9325399000e+18   7.8714822985e+61   2.2245872600e-24   5.1871390087e-14   1.3882286000e-06   2.0000000000e-02 
  1.8032576439e+21   1.9325399000e+18   7.8883901685e+61   2.2245872600e-24   5.1871390087e-14   1.3346719172e-06   2.0000000000e-02 
  1.8051901838e+21   1.9325399000e+18   7.9053161780e+61   2.2245872600e-24   5.1871390087e-14   1.2445114315e-06   2.0000000000e-02 
  1.8071227237e+21   1.9325399000e+18   7.9222603270e+61   2.2245872600e-24   5.1871390087e-14   1.2347499068e-06   2.0000000000e-02 
  1.8090552636e+21   1.9325399000e+18   7.9392226155e+61   2.2245872600e-24   5.1871390087e-14   1.3076416484e-06   2.0000000000e-02 
  1.8109878035e+21   1.9325399000e+18   7.9562030434e+61   2.2245872600e-24   5.1871390087e-14   1.3129894063e-06   2.0000000000e-02 
  1.8129203434e+21   1.9325399000e+18   7.9732016109e+61   2.2245872600e-24   5.1871390087e-14   1.3934166268e-06   2.0000000000e-02 
  1.8148528833e+21   1.9325399000e+18   7.9902183179e+61   2.2245872600e-24   5.1871390087e-14   1.4490507111e-06   2.0000000000e-02 
  1.8167854232e+21   1.9325399000e+18   8.0072531644e+61   2.2245872600e-24   5.1871390087e-14   1.4933656376e-06   2.0000000000e-02 
  1.8187179631e+21   1.9325399000e+18   8.0243061504e+61   2.2245872600e-24   5.1871390087e-14   1.5013687666e-06   2.0000000000e-02 
  1.8206505031e+21   1.9325400000e+18   8.0413776924e+61   2.2245872600e-24   5.1871390087e-14   1.4977598547e-06   2.0000000000e-02 
  1.8225830430e+21   1.9325399000e+18   8.0584665417e+61   2.2245872600e-24   5.1871390087e-14   1.5010405322e-06   2.0000000000e-02 
  1.8245155829e+21   1.9325399000e+18   8.0755739462e+61   2.2245872600e-24   5.1871390087e-14   1.5210940385e-06   2.0000000000e-02 
  1.8264481228e+21   1.9325399000e+18   8.0926994902e+61   2.2245872600e-24   5.1871390087e-14   1.5454966479e-06   2.0000000000e-02 
  1.8283806627e+21   1.9325399000e+18   8.1098431736e+61   2.2245872600e-24   5.1871390087e-14   1.8824048885e-06   2.0000000000e-02 
  1.8303132026e+21   1.9325399000e+18   8.1270049966e+61   2.2245872600e-24   5.1871390087e-14   2.3158503202e-06   2.0000000000e-02 
  1.8322457425e+21   1.9325399000e+18   8.1441849591e+61   2.2245872600e-24   5.1871390087e-14   2.4019077356e-06   2.0000000000e-02 
  1.8341782824e+21   1.9325399000e+18   8.1613830610e+61   2.2245872600e-24   5.1871390087e-14   2.3669110229e-06   2.0000000000e-02 
  1.8361108223e+21   1.9325399000e+18   8.1785993025e+61   2.2245872600e-24   5.1871390087e-14   2.3645230621e-06   2.0000000000e-02 
  1.8380433622e+21   1.9325399000e+18   8.1958336835e+61   2.2245872600e-24   5.1871390087e-14   2.4067897484e-06   2.0000000000e-02 
  1.8399759021e+21   1.9325399000e+18   8.2130862039e+61   2.2245872600e-24   5.1871390087e-14   2.4132476182e-06   2.0000000000e-02 
  1.8419084420e+21   1.9325399000e+18   8.2303568639e+61   2.2245872600e-24   5.1871390087e-14   2.2675875442e-06   2.0000000000e-02 
  1.8438409819e+21   1.9325399000e+18   8.2476456633e+61   2.2245872600e-24   5.1871390087e-14   2.1376083716e-06   2.0000000000e-02 
  1.8457735218e+21   1.9325399000e+18   8.2649526023e+61   2.2245872600e-24   5.1871390087e-14   2.3122377515e-06   2.0000000000e-02 
  1.8477060617e+21   1.9325399000e+18   8.2822776807e+61   2.2245872600e-24   5.1871390087e-14   2.5182071552e-06   2.0000000000e-02 
  1.8496386016e+21   1.9325399000e+18   8.2996208987e+61   2.2245872600e-24   5.1871390088e-14   2.6371569379e-06   2.0000000000e-02 
  1.8515711415e+21   1.9325399000e+18   8.3169822561e+61   2.2245872600e-24   5.1871390088e-14   3.2376541622e-06   2.0000000000e-02 
  1.8535036815e+21   1.9325400000e+18   8.3343621848e+61   2.2245872600e-24   5.1871390088e-14   3.8841503075e-06   2.0000000000e-02 
  1.8554362214e+21   1.9325399000e+18   8.3517593904e+61   2.2245872600e-24   5.1871390088e-14   4.0999146465e-06   2.0000000000e-02 
  1.8573687613e+21   1.9325399000e+18   8.3691751664e+61   2.2245872600e-24   5.1871390088e-14   4.1223268957e-06   2.0000000000e-02 
  1.8593013012e+21   1.9325399000e+18   8.3866090818e+61   2.2245872600e-24   5.1871390088e-14   4.0754052020e-06   2.0000000000e-02 
  1.8612338411e+21   1.9325399000e+18   8.4040611368e+61   2.2245872600e-24   5.1871390088e-14   4.0105306380e-06   2.0000000000e-02 
  1.8631663810e+21   1.9325399000e+18   8.4215313312e+61   2.2245872600e-24   5.1871390088e-14   3.9331204370e-06   2.0000000000e-02 
  1.8650989209e+21   1.9325399000e+18   8.4390196651e+61   2.2245872600e-24   5.1871390088e-14   3.8779885424e-06   2.0000000000e-02 
  1.8670314608e+21   1.9325399000e+18   8.4565261386e+61   2.2245872600e-24   5.1871390088e-14   3.8794037475e-06   2.0000000000e-02 
  1.8689640007e+21   1.9325399000e+18   8.4740507515e+61   2.2245872600e-24   5.1871390088e-14   3.8989271947e-06   2.0000000000e-02 
  1.8708965406e+21   1.9325399000e+18   8.4915935039e+61   2.2245872600e-24   5.1871390088e-14   3.9013945892e-06   2.0000000000e-02 
  1.8728290805e+21   1.9325399000e+18   8.5091543959e+61   2.2245872600e-24   5.1871390088e-14   3.8871729602e-06   2.0000000000e-02 
  1.8747616204e+21   1.9325399000e+18   8.5267334273e+61   2.2245872600e-24   5.1871390088e-14   3.8640835892e-06   2.0000000000e-02 
  1.8766941603e+21   1.9325399000e+18   8.5443305982e+61   2.2245872600e-24   5.1871390088e-14   3.8372022160e-06   2.0000000000e-02 
  1.8786267002e+21   1.9325399000e+18   8.5619459086e+61   2.2245872600e-24   5.1871390088e-14   3.7741878060e-06   2.0000000000e-02 
  1.8805592401e+21   1.9325399000e+18   8.5795793586e+61   2.2245872600e-24   5.1871390088e-14   3.6666832336e-06   2.0000000000e-02 
  1.8824917800e+21   1.9325399000e+18   8.5972309480e+61   2.2245872600e-24   5.1871390088e-14   3.6082442776e-06   2.0000000000e-02 
  1.8844243199e+21   1.9325399000e+18   8.6149006769e+61   2.2245872600e-24   5.1871390088e-14   3.5212510002e-06   2.0000000000e-02 
  1.8863568598e+21   1.9325399000e+18   8.6325885453e+61   2.2245872600e-24   5.1871390088e-14   3.2099707176e-06   2.0000000000e-02 
  1.8882893998e+21   1.9325400000e+18   8.6502950013e+61   2.2245872600e-24   5.1871390088e-14   2.8715034627e-06   2.0000000000e-02 
  1.8902219397e+21   1.9325399000e+18   8.6680187016e+61   2.2245872600e-24   5.1871390088e-14   2.8438502993e-06   2.0000000000e-02 
  1.8921544796e+21   1.9325399000e+18   8.6857609885e+61   2.2245872600e-24   5.1871390088e-14   2.7904310767e-06   2.0000000000e-02 
  1.8940870195e+21   1.9325399000e+18   8.7035214149e+61   2.2245872600e-24   5.1871390088e-14   2.7240603810e-06   2.0000000000e-02 
  1.8960195594e+21   1.9325399000e+18   8.7212999808e+61   2.2245872600e-24   5.1871390088e-14   2.6861622088e-06   2.0000000000e-02 
  1.8979520993e+21   1.9325399000e+18   8.7390966862e+61   2.2245872600e-24   5.1871390088e-14   2.6554598202e-06   2.0000000000e-02 
  1.8998846392e+21   1.9325399000e+18   8.7569115311e+61   2.2245872600e-24   5.1871390088e-14   2.5880756096e-06   2.0000000000e-02 
  1.9018171791e+21   1.9325399000e+18   8.7747445155e+61   2.2245872600e-24   5.1871390088e-14   2.4890108566e-06   2.0000000000e-02 
  1.9037497190e+21   1.9325399000e+18   8.7925956394e+61   2.2245872600e-24   5.1871390089e-14   2.4044825066e-06   2.0000000000e-02 
  1.9056822589e+21   1.9325399000e+18   8.8104649028e+61   2.2245872600e-24   5.1871390089e-14   2.3568625657e-06   2.0000000000e-02 
  1.9076147988e+21   1.9325399000e+18   8.8283523057e+61   2.2245872600e-24   5.1871390089e-14   2.3476844926e-06   2.0000000000e-02 
  1.9095473387e+21   1.9325399000e+18   8.8462578481e+61   2.2245872600e-24   5.1871390089e-14   2.3249813851e-06   2.0000000000e-02 
  1.9114798786e+21   1.9325399000e+18   8.8641815300e+61   2.2245872600e-24   5.1871390089e-14   2.3350673507e-06   2.0000000000e-02 
  1.9134124185e+21   1.9325399000e+18   8.8821233514e+61   2.2245872600e-24   5.1871390089e-14   2.3265581501e-06   2.0000000000e-02 
  1.9153449584e+21   1.9325399000e+18   8.9000833123e+61   2.2245872600e-24   5.1871390089e-14   2.3252485193e-06   2.0000000000e-02 
  1.9172774983e+21   1.9325399000e+18   8.9180614127e+61   2.2245872600e-24   5.1871390089e-14   2.3236080944e-06   2.0000000000e-02 
  1.9192100382e+21   1.9325399000e+18   8.9360576526e+61   2.2245872600e-24   5.1871390089e-14   2.3209130333e-06   2.0000000000e-02 
  1.9211425782e+21   1.9325400000e+18   8.9540724957e+61   2.2245872600e-24   5.1871390089e-14   2.3153631237e-06   2.0000000000e-02 
  1.9230751181e+21   1.9325399000e+18   8.9721045518e+61   2.2245872600e-24   5.1871390089e-14   2.2980923343e-06   2.0000000000e-02 
  1.9250076580e+21   1.9325399000e+18   8.9901552101e+61   2.2245872600e-24   5.1871390089e-14   2.2621717192e-06   2.0000000000e-02 
  1.9269401979e+21   1.9325399000e+18   9.0082240080e+61   2.2245872600e-24   5.1871390089e-14   2.1219317736e-06   2.0000000000e-02 
  1.9288727378e+21   1.9325399000e+18   9.0263109454e+61   2.2245872600e-24   5.1871390089e-14   1.6690741323e-06   2.0000000000e-02 
  1.9308052777e+21   1.9325399000e+18   9.0444160223e+61   2.2245872600e-24   5.1871390089e-14   1.1782103214e-06   2.0000000000e-02 
  1.9327378176e+21   1.9325399000e+18   9.0625392386e+61   2.2245872600e-24   5.1871390089e-14   1.1069115364e-06   2.0000000000e-02 
  1.9346703575e+21   1.9325399000e+18   9.0806805945e+61   2.2245872600e-24   5.1871390089e-14   9.2586922315e-07   2.0000000000e-02 
  1.9366028974e+21   1.9325399000e+18   9.0988400899e+61   2.2245872600e-24   5.1871390089e-14   7.0760121958e-07   2.0000000000e-02 
  1.9385354373e+21   1.9325399000e+18   9.1170177248e+61   2.2245872600e-24   5.1871390089e-14   5.9400576669e-07   2.0000000000e-02 
  1.9404679772e+21   1.9325399000e+18   9.1352134991e+61   2.2245872600e-24   5.1871390089e-14   5.0248520128e-08   2.0000000000e-02 
  1.9424005171e+21   1.9325399000e+18   9.1534274130e+61   2.2245872600e-24   5.1871390089e-14  -7.7680507216e-07   2.0000000000e-02 
  1.9443330570e+21   1.9325399000e+18   9.1716594664e+61   2.2245872600e-24   5.1871390089e-14  -1.0455697154e-06   2.0000000000e-02 
  1.9462655969e+21   1.9325399000e+18   9.1899096592e+61   2.2245872600e-24   5.1871390089e-14  -1.0950144164e-06   2.0000000000e-02 
  1.9481981368e+21   1.9325399000e+18   9.2081779916e+61   2.2245872600e-24   5.1871390089e-14  -1.1043703050e-06   2.0000000000e-02 
  1.9501306767e+21   1.9325399000e+18   9.2264644634e+61   2.2245872600e-24   5.1871390089e-14  -1.1077351253e-06   2.0000000000e-02 
  1.9520632166e+21   1.9325399000e+18   9.2447690748e+61   2.2245872600e-24   5.1871390089e-14  -1.1153649286e-06   2.0000000000e-02 
  1.9539957565e+21   1.9325399000e+18   9.2630918256e+61   2.2245872600e-24   5.1871390089e-14  -1.1119031466e-06   2.0000000000e-02 
  1.9559282965e+21   1.9325400000e+18   9.2814331967e+61   2.2245872600e-24   5.1871390089e-14  -1.1167185307e-06   2.0000000000e-02 
  1.9578608364e+21   1.9325399000e+18   9.2997917468e+61   2.2245872600e-24   5.1871390089e-14  -1.0280297850e-06   2.0000000000e-02 
  1.9597933763e+21   1.9325399000e+18   9.3181689161e+61   2.2245872600e-24   5.1871390089e-14  -5.6747320696e-07   2.0000000000e-02 
  1.9617259162e+21   1.9325399000e+18   9.3365642250e+61   2.2245872600e-24   5.1871390089e-14   2.1115513416e-07   2.0000000000e-02 
  1.9636584561e+21   1.9325399000e+18   9.3549776733e+61   2.2245872600e-24   5.1871390089e-14   7.1036621537e-07   2.0000000000e-02 
  1.9655909960e+21   1.9325399000e+18   9.3734092612e+61   2.2245872600e-24   5.1871390089e-14   8.5236136003e-07   2.0000000000e-02 
  1.9675235359e+21   1.9325399000e+18   9.3918589885e+61   2.2245872600e-24   5.1871390089e-14   9.0927757330e-07   2.0000000000e-02 
  1.9694560758e+21   1.9325399000e+18   9.4103268554e+61   2.2245872600e-24   5.1871390089e-14   9.3196122209e-07   2.0000000000e-02 
  1.9713886157e+21   1.9325399000e+18   9.4288128617e+61   2.2245872600e-24   5.1871390089e-14   8.8222120314e-07   2.0000000000e-02 
  1.9733211556e+21   1.9325399000e+18   9.4473170075e+61   2.2245872600e-24   5.1871390089e-14   7.5381782019e-07   2.0000000000e-02 
  1.9752536955e+21   1.9325399000e+18   9.4658392929e+61   2.2245872600e-24   5.1871390089e-14   5.1533542299e-07   2.0000000000e-02 
  1.9771862354e+21   1.9325399000e+18   9.4843797177e+61   2.2245872600e-24   5.1871390089e-14   2.0432645918e-07   2.0000000000e-02 
  1.9791187753e+21   1.9325399000e+18   9.5029382820e+61   2.2245872600e-24   5.1871390089e-14   0.0000000000e+00   2.0000000000e-02 
