# time = 3.804925e+15 [s] 
# r                  dr                 dV                 Density            Pressure           Velocity           Z
  2.1304517832e+18   2.1304517832e+18   4.0504543150e+55   4.0360528291e-31   3.2587557131e-14   0.0000000000e+00   9.9248591688e-02 
  2.5958175772e+18   4.6536579401e+17   3.2762913479e+55   4.0360528291e-31   3.2587557131e-14  -8.5730895550e+03   9.9248591688e-02 
  3.4756499734e+18   8.7983239623e+17   1.0260454571e+56   4.0363329320e-31   3.2586908979e-14  -1.4637555624e+04   9.9248591688e-02 
  4.4305195577e+18   9.5486958424e+17   1.8842247154e+56   4.0374099405e-31   3.2586414774e-14  -1.9917578636e+04   9.9248591688e-02 
  4.8836365608e+18   4.5311700317e+17   1.2359182080e+56   4.0386020471e-31   3.2586027561e-14  -1.9444149296e+04   9.9248591688e-02 
  5.2846324413e+18   4.0099588042e+17   1.3031935364e+56   4.0396869500e-31   3.2585646273e-14  -1.8173146433e+04   9.9248591688e-02 
  5.9853926802e+18   7.0076023894e+17   2.7998091506e+56   4.0421063095e-31   3.2585343459e-14  -1.6342479535e+04   9.9248591688e-02 
  6.6254323511e+18   6.4003967091e+17   3.2004902168e+56   4.0458969385e-31   3.2584769640e-14  -1.2976151055e+04   9.9248591688e-02 
  7.4850831130e+18   8.5965076189e+17   5.3838711398e+56   4.0514404050e-31   3.2584148352e-14  -9.1453280507e+03   9.9248591688e-02 
  8.3216897584e+18   8.3660664536e+17   6.5729896103e+56   4.0587813913e-31   3.2583453689e-14  -4.0520295417e+03   9.9248591688e-02 
  9.3686206070e+18   1.0469308487e+18   1.0304940823e+57   4.0682812541e-31   3.2582647905e-14   2.6734022278e+03   9.9248591688e-02 
  1.0454904882e+19   1.0862842754e+18   1.3424237713e+57   4.0805881747e-31   3.2581702423e-14   1.0622110066e+04   9.9248591688e-02 
  1.1738626632e+19   1.2837217493e+18   1.9886468764e+57   4.0958983551e-31   3.2580788129e-14   1.9463423140e+04   9.9248591688e-02 
  1.3117474527e+19   1.3788478957e+18   2.6790295386e+57   4.1150879162e-31   3.2579706833e-14   2.9562707506e+04   9.9248591688e-02 
  1.4694836463e+19   1.5773619355e+18   3.8372560088e+57   4.1386097124e-31   3.2578530062e-14   4.1124537534e+04   9.9248591688e-02 
  1.6472762967e+19   1.7779265038e+18   5.4317678109e+57   4.1677842895e-31   3.2577251057e-14   5.5047669392e+04   9.9248591688e-02 
  1.8456984958e+19   1.9842219909e+18   7.6137380211e+57   4.2035541194e-31   3.2575936920e-14   7.1692147394e+04   9.9248591688e-02 
  2.0696552808e+19   2.2395678503e+18   1.0797656292e+58   4.2462420429e-31   3.2574690523e-14   9.1737850143e+04   9.9248591688e-02 
  2.3126186013e+19   2.4296332048e+18   1.4673522327e+58   4.2974562713e-31   3.2573521299e-14   1.1633454621e+05   9.9248591688e-02 
  2.5888034852e+19   2.7618488398e+18   2.0866681283e+58   4.3588535672e-31   3.2572231264e-14   1.4752847802e+05   9.9248591688e-02 
  2.8857176416e+19   2.9691415634e+18   2.7983283166e+58   4.4306560467e-31   3.2570617980e-14   1.8583891239e+05   9.9248591688e-02 
  3.2304238376e+19   3.4470619606e+18   4.0552123862e+58   4.5179394068e-31   3.2568562109e-14   2.2697242714e+05   9.9248591688e-02 
  3.5965344241e+19   3.6611058647e+18   5.3657789998e+58   4.6191819737e-31   3.2565741338e-14   2.7069299910e+05   9.9248591688e-02 
  4.0119885284e+19   4.1545410426e+18   7.5631906677e+58   4.7381740105e-31   3.2562603576e-14   3.1451157871e+05   9.9248591688e-02 
  4.4539699997e+19   4.4198147128e+18   9.9609462243e+58   4.8754573521e-31   3.2559204554e-14   3.4819835380e+05   9.9248591688e-02 
  4.9588071625e+19   5.0483716283e+18   1.4065428384e+59   5.0377455457e-31   3.2556718551e-14   3.8004174830e+05   9.9248591688e-02 
  5.4545712461e+19   4.9576408362e+18   1.6901927242e+59   5.2169180149e-31   3.2555418818e-14   4.0969242338e+05   9.9248591688e-02 
  6.2070784797e+19   7.5250723357e+18   3.2194590599e+59   5.4581557368e-31   3.2555287906e-14   4.4494238463e+05   9.9248591688e-02 
  7.3305518701e+19   1.1234733904e+19   6.4832660227e+59   5.8357971286e-31   3.2556896559e-14   4.9382367936e+05   9.9248591688e-02 
  7.7500848273e+19   4.1953295718e+18   2.9982464792e+59   6.1585060813e-31   3.2557277647e-14   5.4206237254e+05   9.9248591688e-02 
  8.1298732011e+19   3.7978837387e+18   3.0093523113e+59   6.3413793417e-31   3.2553668996e-14   5.7967231764e+05   9.9248591688e-02 
  8.5283175858e+19   3.9844438467e+18   3.4742099553e+59   6.5391310104e-31   3.2552714322e-14   6.1602424238e+05   9.9248591688e-02 
  8.9546227929e+19   4.2630520705e+18   4.0943553190e+59   6.7733917430e-31   3.2549509356e-14   6.5408085177e+05   9.9248591688e-02 
  9.3495880811e+19   3.9496528818e+18   4.1579400213e+59   7.0284617714e-31   3.2549084856e-14   6.9018430120e+05   9.9248591688e-02 
  9.8544744495e+19   5.0488636848e+18   5.8509958502e+59   7.3377141069e-31   3.2547312120e-14   7.3161523303e+05   9.9248591688e-02 
  1.0350140525e+20   4.9566607526e+18   6.3580998167e+59   7.7106233355e-31   3.2546702674e-14   7.7373125493e+05   9.9248591688e-02 
  1.0828048753e+20   4.7790822864e+18   6.7351262933e+59   8.1063364233e-31   3.2549336606e-14   8.0805251798e+05   9.9248591688e-02 
  1.1286071203e+20   4.5802244978e+18   7.0378184023e+59   8.5193376083e-31   3.2550523394e-14   8.5012373388e+05   9.9248591688e-02 
  1.1850164977e+20   5.6409377347e+18   9.4879556062e+59   9.0155243960e-31   3.2550174760e-14   9.0220988629e+05   9.9248591688e-02 
  1.2420257345e+20   5.7009236815e+18   1.0551874861e+60   9.6091692733e-31   3.2550612092e-14   9.5807999931e+05   9.9248591688e-02 
  1.2968957735e+20   5.4870039056e+18   1.1113511413e+60   1.0244442436e-30   3.2550557113e-14   1.0023881823e+06   9.9248591688e-02 
  1.3516890523e+20   5.4793278797e+18   1.2077217497e+60   1.0919620120e-30   3.2553768937e-14   1.0416693102e+06   9.9248591688e-02 
  1.4165078386e+20   6.4818786279e+18   1.5607167302e+60   1.1726062953e-30   3.2552548720e-14   1.0918328181e+06   9.9248591688e-02 
  1.4817940529e+20   6.5286214275e+18   1.7231855639e+60   1.2670953758e-30   3.2549554045e-14   1.1535156435e+06   9.9248591688e-02 
  1.5444314949e+20   6.2637441968e+18   1.8023888323e+60   1.3671939973e-30   3.2547892508e-14   1.2110620169e+06   9.9248591688e-02 
  1.6118136744e+20   6.7382179557e+18   2.1091252149e+60   1.4785766630e-30   3.2546444981e-14   1.2551185929e+06   9.9248591688e-02 
  1.6886156396e+20   7.6801965183e+18   2.6287026389e+60   1.6130361066e-30   3.2549558238e-14   1.3009880126e+06   9.9248591688e-02 
  1.7638013267e+20   7.5185687142e+18   2.8157894813e+60   1.7654970862e-30   3.2547556957e-14   1.3552359279e+06   9.9248591688e-02 
  1.8300985047e+20   6.6297177928e+18   2.6904573499e+60   1.9201527460e-30   3.2543936747e-14   1.4062893621e+06   9.9248591688e-02 
  1.9171173920e+20   8.7018887325e+18   3.8393604872e+60   2.1043197266e-30   3.2543921474e-14   1.4624587150e+06   9.9248591688e-02 
  2.0229024925e+20   1.0578510051e+19   5.1603070738e+60   2.3560479924e-30   3.2539567681e-14   1.5396460552e+06   9.9248591688e-02 
  2.1307030335e+20   1.0780054100e+19   5.8441157686e+60   2.6542485773e-30   3.2534850309e-14   1.6255853729e+06   9.9248591688e-02 
  2.2301734971e+20   9.9470463624e+18   5.9438372388e+60   2.9676380041e-30   3.2530729749e-14   1.7034125709e+06   9.9248591688e-02 
  2.3529373190e+20   1.2276382189e+19   8.1029814675e+60   3.3323904799e-30   3.2531336348e-14   1.7849845098e+06   9.9248591688e-02 
  2.4602190683e+20   1.0728174928e+19   7.8092185914e+60   3.7428118627e-30   3.2533230924e-14   1.8721983726e+06   9.9248591688e-02 
  2.6173690399e+20   1.5714997163e+19   1.2732619534e+61   4.2511388305e-30   3.2526062445e-14   1.9815558324e+06   9.9248591688e-02 
  2.7308355119e+20   1.1346647194e+19   1.0197614678e+61   4.8089627442e-30   3.2517780520e-14   2.0905573031e+06   9.9248591688e-02 
  2.8320779119e+20   1.0124239999e+19   9.8438469603e+60   5.2887948479e-30   3.2510503003e-14   2.1679293301e+06   9.9248591688e-02 
  2.9388011553e+20   1.0672324346e+19   1.1167149822e+61   5.7641638021e-30   3.2504467021e-14   2.2406634317e+06   9.9248591688e-02 
  3.0370102233e+20   9.8209068004e+18   1.1018800549e+61   6.1997575679e-30   3.2498617059e-14   2.3123098334e+06   9.9248591688e-02 
  3.1838242516e+20   1.4681402826e+19   1.7852347930e+61   6.6593495858e-30   3.2492189009e-14   2.3950964030e+06   9.9248591688e-02 
  3.3355384982e+20   1.5171424659e+19   2.0261188724e+61   7.1415213786e-30   3.2482716783e-14   2.4916395894e+06   9.9248591688e-02 
  3.4352387862e+20   9.9700287983e+18   1.4360009606e+61   7.5242064271e-30   3.2473596106e-14   2.5682386912e+06   9.9248591688e-02 
  3.5289477052e+20   9.3708919023e+18   1.4279000075e+61   7.7734985856e-30   3.2466171101e-14   2.6237545986e+06   9.9248591688e-02 
  3.6819638076e+20   1.5301610242e+19   2.4999569049e+61   8.0008609760e-30   3.2456398836e-14   2.6908635281e+06   9.9248591688e-02 
  3.8527802969e+20   1.7081648929e+19   3.0471306457e+61   8.2794211325e-30   3.2442535816e-14   2.7744705492e+06   9.9248591688e-02 
  4.0334405414e+20   1.8066024450e+19   3.5304193932e+61   8.5166715709e-30   3.2424344614e-14   2.8576236946e+06   9.9248591688e-02 
  4.1347128308e+20   1.0127228946e+19   2.1228070505e+61   8.6875154567e-30   3.2407697103e-14   2.9182919163e+06   9.9248591688e-02 
  4.2321328102e+20   9.7419979355e+18   2.1425997270e+61   8.7745214403e-30   3.2394883154e-14   2.9563386206e+06   9.9248591688e-02 
  4.4015240073e+20   1.6939119708e+19   3.9672173572e+61   8.8478832437e-30   3.2375933318e-14   3.0018120077e+06   9.9248591688e-02 
  4.5921076189e+20   1.9058361162e+19   4.8436261858e+61   8.9233248478e-30   3.2347922462e-14   3.0573306330e+06   9.9248591688e-02 
  4.7582877834e+20   1.6618016446e+19   4.5649364218e+61   8.9788421186e-30   3.2318249630e-14   3.1055470667e+06   9.9248591688e-02 
  4.8470219253e+20   8.8734141969e+18   2.5720282020e+61   9.0066661129e-30   3.2296694107e-14   3.1349319519e+06   9.9248591688e-02 
  4.9355257866e+20   8.8503861250e+18   2.6608959321e+61   9.0181909768e-30   3.2282402769e-14   3.1519904471e+06   9.9248591688e-02 
  5.1132754804e+20   1.7774969381e+19   5.6393953456e+61   9.0248953859e-30   3.2261373610e-14   3.1721969941e+06   9.9248591688e-02 
  5.2628017840e+20   1.4952630363e+19   5.0578264835e+61   9.0228425741e-30   3.2234720293e-14   3.1911404454e+06   9.9248591688e-02 
  5.3599232507e+20   9.7121466664e+18   3.4430956358e+61   9.0142289360e-30   3.2215764150e-14   3.2010523555e+06   9.9248591688e-02 
  5.4401802541e+20   8.0257003407e+18   2.9410109557e+61   9.0022564849e-30   3.2202155271e-14   3.2046850812e+06   9.9248591687e-02 
  5.5092908175e+20   6.9110563431e+18   2.6030730419e+61   8.9867360401e-30   3.2191493944e-14   3.2066011852e+06   9.9248591685e-02 
  5.6809973926e+20   1.7170657505e+19   6.7554366467e+61   8.9515369668e-30   3.2173408369e-14   3.2043074796e+06   9.9248591674e-02 
  5.7913498061e+20   1.1035241353e+19   4.5629915754e+61   8.9045025075e-30   3.2153731241e-14   3.1968749713e+06   9.9248591641e-02 
  5.8192488438e+20   2.7899037691e+18   1.1815419831e+61   8.8777128442e-30   3.2144787369e-14   3.1921252458e+06   9.9248591568e-02 
  5.8423704595e+20   2.3121615697e+18   9.8783939001e+60   8.8625685884e-30   3.2141400446e-14   3.1899105582e+06   9.9248590825e-02 
  5.9247030321e+20   8.2332572598e+18   3.5815051274e+61   8.8181020993e-30   3.2133860343e-14   3.1848344632e+06   9.9248588458e-02 
  6.0014243740e+20   7.6721341937e+18   3.4282378323e+61   8.7454162562e-30   3.2122536920e-14   3.1758937272e+06   9.9248578242e-02 
  6.0842887311e+20   8.2864357071e+18   3.8024980879e+61   8.6667461822e-30   3.2110787682e-14   3.1659448415e+06   9.9248538377e-02 
  6.2563095749e+20   1.7202084376e+19   8.2306001961e+61   8.5321073436e-30   3.2090726869e-14   3.1479645432e+06   9.9248426771e-02 
  6.3996889626e+20   1.4337938773e+19   7.2151938816e+61   8.3610365265e-30   3.2066314623e-14   3.1208497526e+06   9.9248193478e-02 
  6.5358562790e+20   1.3616731642e+19   7.1582732188e+61   8.2039757487e-30   3.2046224092e-14   3.0910875581e+06   9.9247883183e-02 
  6.7119205731e+20   1.7606429413e+19   9.7080664320e+61   8.0199891742e-30   3.2024486764e-14   3.0519447687e+06   9.9247034017e-02 
  6.8742621206e+20   1.6234154747e+19   9.4144536912e+61   7.8095208394e-30   3.2000145084e-14   3.0058075900e+06   9.9244771800e-02 
  7.0311193285e+20   1.5685720790e+19   9.5288082324e+61   7.5986107683e-30   3.1974592504e-14   2.9620703805e+06   9.9238710432e-02 
  7.1830308797e+20   1.5191155121e+19   9.6427078045e+61   7.3775470422e-30   3.1951155005e-14   2.9115158256e+06   9.9219672540e-02 
  7.3529477430e+20   1.6991686332e+19   1.1279625659e+62   7.1283776523e-30   3.1933822892e-14   2.8463245125e+06   9.9143273117e-02 
  7.4945312159e+20   1.4158347285e+19   9.8057549103e+61   6.8699242515e-30   3.1919078635e-14   2.7776384285e+06   9.8876202381e-02 
  7.5752474878e+20   8.0716271887e+18   5.7587585494e+61   6.6679040759e-30   3.1904328800e-14   2.7331074533e+06   9.8444958655e-02 
  7.6443195750e+20   6.9072087199e+18   5.0264345420e+61   6.5108159781e-30   3.1892148379e-14   2.7078408247e+06   9.7598442680e-02 
  7.7360994091e+20   9.1779834139e+18   6.8208520422e+61   6.3164637582e-30   3.1878377852e-14   2.6802884018e+06   9.6988424036e-02 
  7.7728766230e+20   3.6777213906e+18   2.7790461705e+61   6.1475291274e-30   3.1868476788e-14   2.6564220764e+06   9.6711133842e-02 
  7.7897763547e+20   1.6899731689e+18   1.2858701651e+61   6.0684870089e-30   3.1865031608e-14   2.6454460146e+06   9.6620796022e-02 
  7.8162024294e+20   2.6426074749e+18   2.0219246700e+61   6.0122140831e-30   3.1862472902e-14   2.6356148855e+06   9.6589924038e-02 
  7.8821993047e+20   6.5996875220e+18   5.1095974007e+61   5.9215432919e-30   3.1857573794e-14   2.6135560188e+06   9.6584297910e-02 
  7.9348758149e+20   5.2676510202e+18   4.1401953013e+61   5.8196235527e-30   3.1852240611e-14   2.5839447788e+06   9.6582009861e-02 
  7.9725863625e+20   3.7710547628e+18   2.9978874502e+61   5.7546589959e-30   3.1849194410e-14   2.5602885208e+06   9.6581718028e-02 
  8.0074472039e+20   3.4860841369e+18   2.7966865947e+61   5.7151594777e-30   3.1846974597e-14   2.5406444008e+06   9.6581674303e-02 
  8.0451049803e+20   3.7657776393e+18   3.0485514049e+61   5.6879110928e-30   3.1844670743e-14   2.5207183371e+06   9.6581671570e-02 
  8.0795410547e+20   3.4436074400e+18   2.8128368964e+61   5.6707807866e-30   3.1841909914e-14   2.5012512447e+06   9.6581671427e-02 
  8.2088492059e+20   1.2930815127e+19   1.0778075739e+62   5.6534221769e-30   3.1833896337e-14   2.4601173959e+06   9.6581671421e-02 
  8.3330298698e+20   1.2418066385e+19   1.0675339405e+62   5.6342085112e-30   3.1818848745e-14   2.4007022888e+06   9.6581671417e-02 
  8.3785838908e+20   4.5554020993e+18   3.9968186690e+61   5.6242755783e-30   3.1806869758e-14   2.3684253143e+06   9.6581671415e-02 
  8.4093404157e+20   3.0756524892e+18   2.7232130986e+61   5.6214827844e-30   3.1800489667e-14   2.3556117724e+06   9.6581671414e-02 
  8.4387986786e+20   2.9458262964e+18   2.6270075956e+61   5.6207069886e-30   3.1795445583e-14   2.3445550282e+06   9.6581671408e-02 
  8.4697832212e+20   3.0984542540e+18   2.7829782887e+61   5.6207672555e-30   3.1790554902e-14   2.3324818525e+06   9.6581671360e-02 
  8.5812445109e+20   1.1146128971e+19   1.0180784486e+62   5.6227773316e-30   3.1780485870e-14   2.3011987425e+06   9.6581671189e-02 
  8.6544791629e+20   7.3234652003e+18   6.8348368783e+61   5.6277095947e-30   3.1769238334e-14   2.2578627188e+06   9.6581670429e-02 
  8.6853665346e+20   3.0887371754e+18   2.9175730871e+61   5.6331018456e-30   3.1765574757e-14   2.2313314379e+06   9.6581668508e-02 
  8.7248743476e+20   3.9507812969e+18   3.7622111578e+61   5.6402971534e-30   3.1763769655e-14   2.2115273527e+06   9.6581648691e-02 
  8.7947781740e+20   6.9903826360e+18   6.7406860864e+61   5.6508877168e-30   3.1760968964e-14   2.1792849381e+06   9.6581586136e-02 
  8.8659052954e+20   7.1127121388e+18   6.9695135525e+61   5.6609252673e-30   3.1757280725e-14   2.1374018202e+06   9.6581080956e-02 
  8.9617742847e+20   9.5868989363e+18   9.5724222544e+61   5.6683860147e-30   3.1751876767e-14   2.0899498196e+06   9.6579724271e-02 
  9.0655188131e+20   1.0374452839e+19   1.0592071589e+62   5.6734219620e-30   3.1742593818e-14   2.0393864276e+06   9.6577269974e-02 
  9.1677787380e+20   1.0225992490e+19   1.0680469257e+62   5.6754988793e-30   3.1729241021e-14   1.9955705584e+06   9.6576026030e-02 
  9.3284930420e+20   1.6071430400e+19   1.7273634678e+62   5.6750378469e-30   3.1709080359e-14   1.9453477249e+06   9.6570949203e-02 
  9.4734290743e+20   1.4493603224e+19   1.6096792344e+62   5.6713595048e-30   3.1687771830e-14   1.8802282692e+06   9.6557226353e-02 
  9.6045449089e+20   1.3111583465e+19   1.4992579438e+62   5.6657801924e-30   3.1678765449e-14   1.8060781930e+06   9.6527710541e-02 
  9.7331853912e+20   1.2864048227e+19   1.5112800046e+62   5.6577043309e-30   3.1677566849e-14   1.7266595786e+06   9.6447293349e-02 
  9.8990698340e+20   1.6588444278e+19   2.0086591581e+62   5.6427935397e-30   3.1670695319e-14   1.6401427826e+06   9.6140334214e-02 
  1.0023056196e+21   1.2398636196e+19   1.5459689359e+62   5.6212401115e-30   3.1653841247e-14   1.5771085516e+06   9.5119359751e-02 
  1.0119675865e+21   9.6619668942e+18   1.2315597880e+62   5.5979545392e-30   3.1635545249e-14   1.5454950285e+06   9.1873015105e-02 
  1.0171847864e+21   5.2171999181e+18   6.7486612463e+61   5.5763126054e-30   3.1624444533e-14   1.5181899449e+06   8.8110576145e-02 
  1.0242728778e+21   7.0880913576e+18   9.2802928317e+61   5.5491989280e-30   3.1620556184e-14   1.4883594295e+06   8.1711510262e-02 
  1.0271482190e+21   2.8753412177e+18   3.8014491191e+61   5.5215257961e-30   3.1619671155e-14   1.4617111726e+06   7.6480503252e-02 
  1.0301764085e+21   3.0281895197e+18   4.0266036992e+61   5.4966201209e-30   3.1620095364e-14   1.4435453375e+06   7.3834493463e-02 
  1.0358544853e+21   5.6780768274e+18   7.6142275810e+61   5.4477895248e-30   3.1620525350e-14   1.4155800441e+06   7.3523364207e-02 
  1.0399368902e+21   4.0824049114e+18   5.5262931235e+61   5.3917011037e-30   3.1621862874e-14   1.3822981524e+06   7.3368719348e-02 
  1.0435912123e+21   3.6543220925e+18   4.9837456164e+61   5.3535374404e-30   3.1623744894e-14   1.3543458451e+06   7.3319929014e-02 
  1.0484863217e+21   4.8951093997e+18   6.7308299578e+61   5.3205041655e-30   3.1625028362e-14   1.3247075821e+06   7.3314248117e-02 
  1.0538205296e+21   5.3342079040e+18   7.4064987621e+61   5.2888659905e-30   3.1626050982e-14   1.2913419198e+06   7.3313113041e-02 
  1.0588732476e+21   5.0527179730e+18   7.0851469947e+61   5.2636415356e-30   3.1625206562e-14   1.2596329502e+06   7.3313017437e-02 
  1.0696965828e+21   1.0823335217e+19   1.5406022569e+62   5.2357486509e-30   3.1619169989e-14   1.2219841782e+06   7.3313012964e-02 
  1.0783528190e+21   8.6562361358e+18   1.2547865337e+62   5.2072719507e-30   3.1606805490e-14   1.1861612931e+06   7.3313011886e-02 
  1.0841327463e+21   5.7799273772e+18   8.4914082813e+61   5.1908981953e-30   3.1595352475e-14   1.1685006999e+06   7.3313011760e-02 
  1.0976871839e+21   1.3554437554e+19   2.0270981161e+62   5.1777114462e-30   3.1581756489e-14   1.1350429270e+06   7.3313011674e-02 
  1.1088545739e+21   1.1167390015e+19   1.7081640047e+62   5.1658903875e-30   3.1570613267e-14   1.0798704053e+06   7.3313011364e-02 
  1.1230071607e+21   1.4152586789e+19   2.2147570511e+62   5.1591232765e-30   3.1570145907e-14   1.0071775916e+06   7.3313009667e-02 
  1.1330467165e+21   1.0039555829e+19   1.6053368406e+62   5.1558963131e-30   3.1578948372e-14   9.2125690134e+05   7.3313001834e-02 
  1.1426223978e+21   9.5756813100e+18   1.5579027725e+62   5.1546954327e-30   3.1583144810e-14   8.5653311573e+05   7.3312945564e-02 
  1.1603585180e+21   1.7736120184e+19   2.9552740478e+62   5.1530911613e-30   3.1570923072e-14   7.9563587543e+05   7.3312816298e-02 
  1.1724244775e+21   1.2065959470e+19   2.0628340412e+62   5.1513360663e-30   3.1543350069e-14   7.6693266947e+05   7.3312564796e-02 
  1.1840331478e+21   1.1608670284e+19   2.0251403704e+62   5.1512066033e-30   3.1516991730e-14   7.4774965701e+05   7.3311593692e-02 
  1.1939426295e+21   9.9094816885e+18   1.7604276412e+62   5.1549128506e-30   3.1510211938e-14   7.0382811226e+05   7.3306398981e-02 
  1.2021261837e+21   8.1835542253e+18   1.4760195126e+62   5.1619814034e-30   3.1517050603e-14   6.4565823333e+05   7.3287066329e-02 
  1.2198262881e+21   1.7700104435e+19   3.2618551097e+62   5.1784565443e-30   3.1543684370e-14   5.2475408403e+05   7.3236749179e-02 
  1.2316779994e+21   1.1851711243e+19   2.2376885111e+62   5.2007745028e-30   3.1567676182e-14   3.9870973123e+05   7.3132451481e-02 
  1.2372234859e+21   5.5454865244e+18   1.0619346196e+62   5.2160496581e-30   3.1556294425e-14   3.6988312035e+05   7.2980844159e-02 
  1.2435405854e+21   6.3170994651e+18   1.2213480780e+62   5.2313468321e-30   3.1531473698e-14   3.9273453111e+05   7.2237997736e-02 
  1.2479185423e+21   4.3779569637e+18   8.5374729695e+61   5.2498024764e-30   3.1502034628e-14   4.2668199864e+05   7.1104672162e-02 
  1.2527399814e+21   4.8214391138e+18   9.4718732850e+61   5.2739449151e-30   3.1483811585e-14   4.4152079280e+05   6.9619523017e-02 
  1.2563062868e+21   3.5663053855e+18   7.0531973331e+61   5.3035544163e-30   3.1470416342e-14   4.4116071513e+05   6.8881556205e-02 
  1.2638883464e+21   7.5820595785e+18   1.5128871722e+62   5.3593280994e-30   3.1465344706e-14   4.2510123385e+05   6.8639824020e-02 
  1.2693980265e+21   5.5096801212e+18   1.1108246715e+62   5.4384589873e-30   3.1466682218e-14   3.9610625748e+05   6.8512015262e-02 
  1.2782219126e+21   8.8238861158e+18   1.7992055504e+62   5.5537243074e-30   3.1481462730e-14   3.3224845072e+05   6.8467545174e-02 
  1.2829515612e+21   4.7296485252e+18   9.7466916072e+61   5.6915480828e-30   3.1515310613e-14   2.3564844310e+05   6.8452056894e-02 
  1.2864346018e+21   3.4830405958e+18   7.2238286671e+61   5.8136069642e-30   3.1541513640e-14   1.6781236521e+05   6.8446785300e-02 
  1.2902085496e+21   3.7739478159e+18   7.8714479010e+61   5.9747370225e-30   3.1559097939e-14   1.2078368632e+05   6.8445281318e-02 
  1.2925646840e+21   2.3561344480e+18   4.9376763072e+61   6.1628976442e-30   3.1570388789e-14   9.0499404825e+04   6.8445130376e-02 
  1.2981800475e+21   5.6153634914e+18   1.1840708080e+62   6.5387696922e-30   3.1577333459e-14   5.9865066614e+04   6.8445128966e-02 
  1.3019632286e+21   3.7831811040e+18   8.0352958249e+61   7.0857276493e-30   3.1581761920e-14   2.7327598144e+04   6.8445265806e-02 
  1.3053338806e+21   3.3706520382e+18   7.1985509410e+61   7.6618360281e-30   3.1581672721e-14   1.1386505804e+04   6.8446144672e-02 
  1.3069388339e+21   1.6049532228e+18   3.4407200237e+61   8.2234766970e-30   3.1572450615e-14   2.2951752832e+04   6.8448071450e-02 
  1.3179891603e+21   1.1050326414e+19   2.3920063821e+62   1.0756308881e-29   3.1510193896e-14   8.3944236425e+04   6.8460813538e-02 
  1.3241265262e+21   6.1373658896e+18   1.3459729381e+62   1.5000834593e-29   3.1412087970e-14   1.3460627857e+05   6.8508024779e-02 
  1.3255616502e+21   1.4351240653e+18   3.1654021856e+61   1.8227742476e-29   3.1421351645e-14   1.0411695803e+05   6.8580778361e-02 
  1.3317278108e+21   6.1661605875e+18   1.3678649249e+62   2.8115043833e-29   3.1440791103e-14   5.6692538725e+04   6.9489063560e-02 
  1.3328982155e+21   1.1704046270e+18   2.6107089715e+61   4.2780212626e-29   3.1445770753e-14  -2.0527806367e+03   7.0193235569e-02 
  1.3339955866e+21   1.0973711699e+18   2.4519685056e+61   6.3016926441e-29   3.1511866946e-14  -3.1766943946e+04   6.8590679437e-02 
  1.3363056378e+21   2.3100512221e+18   5.1747824988e+61   1.3636905936e-28   3.1539915170e-14  -6.2076671351e+04   5.2963985893e-02 
  1.3389736667e+21   2.6680288729e+18   5.9989991678e+61   4.2263414323e-28   3.1795287376e-14  -8.4220361920e+04   3.2460136249e-02 
  1.3396349308e+21   6.6126410916e+17   1.4905390210e+61   1.1894759275e-27   3.1510950513e-14  -4.5852903939e+04   2.5067939582e-02 
  1.3407015183e+21   1.0665874935e+18   2.4072711281e+61   6.3033636047e-27   3.1207767095e-14  -5.0048447626e+04   2.3042200600e-02 
  1.3413828429e+21   6.8132455012e+17   1.5397449482e+61   2.9606980378e-26   3.1478890446e-14  -5.9232317266e+04   2.1207646195e-02 
  1.3424008352e+21   1.0179923145e+18   2.3035063160e+61   5.5150469572e-26   3.1348552506e-14  -6.0674623489e+04   2.0406328540e-02 
  1.3435169708e+21   1.1161356445e+18   2.5296026770e+61   6.2307170027e-26   3.1198796940e-14  -6.3217026928e+04   2.0080344915e-02 
  1.3563768898e+21   1.2859918952e+19   2.9449964199e+62   6.5355015682e-26   3.1589648280e-14  -5.5725890423e+04   2.0049838462e-02 
  1.3664629219e+21   1.0086032088e+19   2.3491805068e+62   7.7728656087e-25   3.1787512657e-14  -5.0923421932e+04   2.0035443777e-02 
  1.3775854116e+21   1.1122489714e+19   2.6311025610e+62   7.9409451359e-25   3.2029208214e-14  -4.8733450489e+04   2.0032092774e-02 
  1.3895524347e+21   1.1967023097e+19   2.8787257861e+62   8.3079919807e-25   3.2539880048e-14  -4.5419584643e+04   2.0028742447e-02 
  1.4015569716e+21   1.2004536935e+19   2.9379992696e+62   8.7050402581e-25   3.3073405435e-14  -3.9809680928e+04   2.0028531815e-02 
  1.4185871980e+21   1.7030226397e+19   4.2551825315e+62   9.3106803899e-25   3.3889697190e-14  -3.2933666979e+04   2.0022768787e-02 
  1.4358629765e+21   1.7275778484e+19   4.4221934332e+62   1.0005017853e-24   3.4910757309e-14  -2.5435801565e+04   2.0022444699e-02 
  1.4570921505e+21   2.1229173997e+19   5.5817985606e+62   1.0845640020e-24   3.6120482749e-14  -1.7478859066e+04   2.0014597363e-02 
  1.4721126904e+21   1.5020539886e+19   4.0489154561e+62   1.1640513306e-24   3.7244347527e-14  -9.8529590631e+03   2.0005299048e-02 
  1.4838473139e+21   1.1734623564e+19   3.2212054377e+62   1.2296109448e-24   3.8234131140e-14  -4.3617089989e+03   2.0001226906e-02 
  1.4952668000e+21   1.1419486084e+19   3.1839983751e+62   1.2936227501e-24   3.9171564783e-14   8.7677461060e+02   2.0000448602e-02 
  1.5069310421e+21   1.1664242108e+19   3.3028374502e+62   1.3675732932e-24   4.0227402537e-14   6.4707593637e+03   2.0000173566e-02 
  1.5184264947e+21   1.1495452545e+19   3.3054565259e+62   1.4491738265e-24   4.1363318740e-14   1.2190540907e+04   2.0000059525e-02 
  1.5293793835e+21   1.0952888803e+19   3.1963551305e+62   1.5295999063e-24   4.2509705202e-14   1.7523416275e+04   2.0000019185e-02 
  1.5395980798e+21   1.0218696303e+19   3.0236698427e+62   1.6108215073e-24   4.3676720758e-14   2.2589364010e+04   2.0000006010e-02 
  1.5490476900e+21   9.4496102169e+18   2.8320526847e+62   1.6944515447e-24   4.4853499166e-14   2.7398560220e+04   2.0000001767e-02 
  1.5579142618e+21   8.8665718312e+18   2.6889248095e+62   1.7788079948e-24   4.6017119626e-14   3.2030222660e+04   2.0000000504e-02 
  1.5661992793e+21   8.2850174768e+18   2.5403756320e+62   1.8652350484e-24   4.7187037008e-14   3.6407819085e+04   2.0000000135e-02 
  1.5739863005e+21   7.7870211434e+18   2.4123079419e+62   1.9512270231e-24   4.8344118911e-14   4.0548237039e+04   2.0000000035e-02 
  1.5811079239e+21   7.1216234187e+18   2.2271746901e+62   2.0389447299e-24   4.9574208922e-14   4.4856090097e+04   2.0000000008e-02 
  1.5875698882e+21   6.4619643189e+18   2.0383145098e+62   2.1354721141e-24   5.0660655095e-14   4.8754236871e+04   2.0000000002e-02 
  1.5936666868e+21   6.0967986338e+18   1.9384035191e+62   2.2110265993e-24   5.1680440562e-14   5.1837530871e+04   2.0000000000e-02 
  1.5994838909e+21   5.8172040276e+18   1.8633886546e+62   2.2857852931e-24   5.2662160373e-14   5.4841857307e+04   2.0000000000e-02 
  1.6048807678e+21   5.3968769028e+18   1.7409113716e+62   2.3617874051e-24   5.3647783358e-14   5.7765468562e+04   2.0000000000e-02 
  1.6099841852e+21   5.1034174837e+18   1.6570545404e+62   2.4382070860e-24   5.4627409594e-14   6.0590026538e+04   2.0000000000e-02 
  1.6148753179e+21   4.8911326281e+18   1.5980164371e+62   2.5096403809e-24   5.5534166817e-14   6.3146900502e+04   2.0000000000e-02 
  1.6196146382e+21   4.7393203097e+18   1.5576786199e+62   2.5747221647e-24   5.6351471727e-14   6.5330599541e+04   2.0000000000e-02 
  1.6246776495e+21   5.0630113010e+18   1.6741681300e+62   2.6388569979e-24   5.7181098467e-14   6.7432186828e+04   2.0000000000e-02 
  1.6299208279e+21   5.2431783880e+18   1.7447761503e+62   2.7083436877e-24   5.8091375393e-14   6.9654582477e+04   2.0000000000e-02 
  1.6349365432e+21   5.0157153377e+18   1.6796218732e+62   2.7809012686e-24   5.9033136444e-14   7.1918387987e+04   2.0000000000e-02 
  1.6398045422e+21   4.8679990330e+18   1.6400406516e+62   2.8542730583e-24   5.9976814214e-14   7.4147702156e+04   2.0000000000e-02 
  1.6446230899e+21   4.8185477030e+18   1.6329983335e+62   2.9293817356e-24   6.0934325542e-14   7.6377480154e+04   2.0000000000e-02 
  1.6493861993e+21   4.7631093678e+18   1.6236423407e+62   3.0069850141e-24   6.1914700396e-14   7.8612619674e+04   2.0000000000e-02 
  1.6539935645e+21   4.6073651670e+18   1.5795006062e+62   3.0860413359e-24   6.2904408076e-14   8.0819850966e+04   2.0000000000e-02 
  1.6582490799e+21   4.2555153836e+18   1.4667178085e+62   3.1635021292e-24   6.3865641489e-14   8.2927318335e+04   2.0000000000e-02 
  1.6623043488e+21   4.0552689263e+18   1.4047230008e+62   3.2389282571e-24   6.4793855497e-14   8.4919113481e+04   2.0000000000e-02 
  1.6661598810e+21   3.8555322359e+18   1.3419063056e+62   3.3134640592e-24   6.5704173777e-14   8.6831427812e+04   2.0000000000e-02 
  1.6696496799e+21   3.4897988553e+18   1.2199806016e+62   3.3840014803e-24   6.6559674010e-14   8.8595899807e+04   2.0000000000e-02 
  1.6729755731e+21   3.3258932625e+18   1.1674376712e+62   3.4482287634e-24   6.7333804782e-14   9.0143285926e+04   2.0000000000e-02 
  1.6762459081e+21   3.2703349942e+18   1.1524709534e+62   3.5076326346e-24   6.8046130353e-14   9.1523753025e+04   2.0000000000e-02 
  1.6794668413e+21   3.2209331375e+18   1.1394657388e+62   3.5636530442e-24   6.8714700908e-14   9.2776477381e+04   2.0000000000e-02 
  1.6825500612e+21   3.0832199648e+18   1.0948491587e+62   3.6169034119e-24   6.9371380123e-14   9.3948765135e+04   2.0000000000e-02 
  1.6852860968e+21   2.7360355450e+18   9.7493040323e+61   3.6673466208e-24   6.9999302347e-14   9.5046208709e+04   2.0000000000e-02 
  1.6878844011e+21   2.5983043434e+18   9.2878793329e+61   3.7147799303e-24   7.0587370430e-14   9.6088157806e+04   2.0000000000e-02 
  1.6904472176e+21   2.5628164874e+18   9.1890797579e+61   3.7628335786e-24   7.1180801288e-14   9.7115090217e+04   2.0000000000e-02 
  1.6929967464e+21   2.5495287949e+18   9.1691241385e+61   3.8115255769e-24   7.1779788780e-14   9.8169432222e+04   2.0000000000e-02 
  1.6955351827e+21   2.5384363133e+18   9.1567085304e+61   3.8622392906e-24   7.2401197036e-14   9.9233054740e+04   2.0000000000e-02 
  1.6980628017e+21   2.5276189922e+18   9.1449713536e+61   3.9137944758e-24   7.3030389163e-14   1.0032644978e+05   2.0000000000e-02 
  1.7005784850e+21   2.5156832689e+18   9.1288605138e+61   3.9672952526e-24   7.3681789719e-14   1.0142925387e+05   2.0000000000e-02 
  1.7030802341e+21   2.5017490715e+18   9.1051208183e+61   4.0218155627e-24   7.4341587758e-14   1.0256128899e+05   2.0000000000e-02 
  1.7055503805e+21   2.4701464384e+18   9.0163867003e+61   4.0780330703e-24   7.5019235222e-14   1.0369902283e+05   2.0000000000e-02 
  1.7078993160e+21   2.3489355346e+18   8.5982101072e+61   4.1338875979e-24   7.5689718337e-14   1.0482863692e+05   2.0000000000e-02 
  1.7098936839e+21   1.9943679021e+18   7.3189151078e+61   4.1859007960e-24   7.6311647036e-14   1.0585886866e+05   2.0000000000e-02 
  1.7117585184e+21   1.8648345053e+18   6.8590179326e+61   4.2331222103e-24   7.6874259682e-14   1.0679166110e+05   2.0000000000e-02 
  1.7135939830e+21   1.8354645506e+18   6.7656021835e+61   4.2796489321e-24   7.7426760441e-14   1.0769581769e+05   2.0000000000e-02 
  1.7154044363e+21   1.8104533178e+18   6.6876234811e+61   4.3264125546e-24   7.7980253273e-14   1.0859987561e+05   2.0000000000e-02 
  1.7171165230e+21   1.7120867274e+18   6.3372678703e+61   4.3726715047e-24   7.8526013388e-14   1.0948145787e+05   2.0000000000e-02 
  1.7185656660e+21   1.4491430086e+18   5.3738694452e+61   4.4149226421e-24   7.9022971613e-14   1.1028124606e+05   2.0000000000e-02 
  1.7201469489e+21   1.5812828895e+18   5.8742339456e+61   4.4562684293e-24   7.9507902691e-14   1.1105506481e+05   2.0000000000e-02 
  1.7215627355e+21   1.4157865654e+18   5.2686112132e+61   4.4978359434e-24   7.9994072593e-14   1.1182759609e+05   2.0000000000e-02 
  1.7231332693e+21   1.5705337695e+18   5.8546236730e+61   4.5400771038e-24   8.0486740516e-14   1.1260420586e+05   2.0000000000e-02 
  1.7245354251e+21   1.4021558014e+18   5.2359708566e+61   4.5828363585e-24   8.0983777448e-14   1.1338432625e+05   2.0000000000e-02 
  1.7260885732e+21   1.5531481169e+18   5.8097581424e+61   4.6261342629e-24   8.1485636863e-14   1.1416683145e+05   2.0000000000e-02 
  1.7274751279e+21   1.3865547534e+18   5.1954343578e+61   4.6699633556e-24   8.1992210152e-14   1.1495099922e+05   2.0000000000e-02 
  1.7290057321e+21   1.5306041524e+18   5.7448818452e+61   4.7142679101e-24   8.2502817385e-14   1.1573655465e+05   2.0000000000e-02 
  1.7302773048e+21   1.2715727390e+18   4.7803896267e+61   4.7575596637e-24   8.3000356241e-14   1.1649727424e+05   2.0000000000e-02 
  1.7314426434e+21   1.1653385644e+18   4.3871842021e+61   4.7958953698e-24   8.3439781444e-14   1.1716455208e+05   2.0000000000e-02 
  1.7326041322e+21   1.1614888404e+18   4.3785712979e+61   4.8330745023e-24   8.3864930583e-14   1.1780904730e+05   2.0000000000e-02 
  1.7337393455e+21   1.1352133064e+18   4.2851946126e+61   4.8704684195e-24   8.4291530325e-14   1.1845157313e+05   2.0000000000e-02 
  1.7347835630e+21   1.0442174831e+18   3.9466624215e+61   4.9066036759e-24   8.4702574174e-14   1.1906773101e+05   2.0000000000e-02 
  1.7354719732e+21   6.8841022625e+17   2.6044744598e+61   4.9352996546e-24   8.5028465275e-14   1.1955472993e+05   2.0000000000e-02 
  1.7360528373e+21   5.8086407558e+17   2.1992010863e+61   4.9561083184e-24   8.5264467975e-14   1.1990308967e+05   2.0000000000e-02 
  1.7366149888e+21   5.6215147866e+17   2.1297553633e+61   4.9746362450e-24   8.5474393721e-14   1.2020992010e+05   2.0000000000e-02 
  1.7371804880e+21   5.6549915852e+17   2.1438299320e+61   4.9926110464e-24   8.5677877369e-14   1.2050456840e+05   2.0000000000e-02 
  1.7377481034e+21   5.6761545574e+17   2.1532569509e+61   5.0103082472e-24   8.5877995900e-14   1.2079152217e+05   2.0000000000e-02 
  1.7383156534e+21   5.6755002219e+17   2.1544156174e+61   5.0277511256e-24   8.6074965903e-14   1.2107124998e+05   2.0000000000e-02 
  1.7388821371e+21   5.6648361845e+17   2.1517708606e+61   5.0450029054e-24   8.6269544971e-14   1.2134516895e+05   2.0000000000e-02 
  1.7394477106e+21   5.6557351054e+17   2.1497129066e+61   5.0620243361e-24   8.6461420197e-14   1.2161278812e+05   2.0000000000e-02 
  1.7400125028e+21   5.6479222451e+17   2.1481387795e+61   5.0786176275e-24   8.6648036384e-14   1.2186982634e+05   2.0000000000e-02 
  1.7405767007e+21   5.6419791548e+17   2.1472711602e+61   5.0945067667e-24   8.6826595549e-14   1.2211169093e+05   2.0000000000e-02 
  1.7411404204e+21   5.6371969014e+17   2.1468418229e+61   5.1095404013e-24   8.6995416671e-14   1.2233600317e+05   2.0000000000e-02 
  1.7417037219e+21   5.6330147789e+17   2.1466381702e+61   5.1239085796e-24   8.7156461643e-14   1.2254490787e+05   2.0000000000e-02 
  1.7422666253e+21   5.6290347456e+17   2.1465089608e+61   5.1379212484e-24   8.7317081092e-14   1.2274859960e+05   2.0000000000e-02 
  1.7428291217e+21   5.6249632835e+17   2.1463423589e+61   5.1520544056e-24   8.7481618838e-14   1.2295590701e+05   2.0000000000e-02 
  1.7433911851e+21   5.6206340482e+17   2.1460747404e+61   5.1665622869e-24   8.7650349607e-14   1.2317054494e+05   2.0000000000e-02 
  1.7439527832e+21   5.6159807093e+17   2.1456805011e+61   5.1814742849e-24   8.7823661496e-14   1.2339276251e+05   2.0000000000e-02 
  1.7445138805e+21   5.6109735326e+17   2.1451479509e+61   5.1967503592e-24   8.8001099155e-14   1.2362198325e+05   2.0000000000e-02 
  1.7450744517e+21   5.6057118067e+17   2.1445147384e+61   5.2123475738e-24   8.8182162596e-14   1.2385674444e+05   2.0000000000e-02 
  1.7456344741e+21   5.6002237912e+17   2.1437914359e+61   5.2281927111e-24   8.8365987706e-14   1.2409587376e+05   2.0000000000e-02 
  1.7461939236e+21   5.5944954525e+17   2.1429724450e+61   5.2442514687e-24   8.8552156730e-14   1.2433815292e+05   2.0000000000e-02 
  1.7467527912e+21   5.5886759814e+17   2.1421147336e+61   5.2604846773e-24   8.8740195726e-14   1.2458312108e+05   2.0000000000e-02 
  1.7473110583e+21   5.5826705922e+17   2.1411818484e+61   5.2768913917e-24   8.8930080707e-14   1.2483038036e+05   2.0000000000e-02 
  1.7478687148e+21   5.5765649803e+17   2.1402065079e+61   5.2934597830e-24   8.9121666772e-14   1.2507998638e+05   2.0000000000e-02 
  1.7484257527e+21   5.5703790602e+17   2.1391962662e+61   5.3101974360e-24   8.9315039015e-14   1.2533179017e+05   2.0000000000e-02 
  1.7489821589e+21   5.5640619795e+17   2.1381314994e+61   5.3270918390e-24   8.9510051754e-14   1.2558579597e+05   2.0000000000e-02 
  1.7495379248e+21   5.5576595325e+17   2.1370296957e+61   5.3441436619e-24   8.9706711020e-14   1.2584170408e+05   2.0000000000e-02 
  1.7500930403e+21   5.5511550701e+17   2.1358843661e+61   5.3613332345e-24   8.9904787322e-14   1.2609938910e+05   2.0000000000e-02 
  1.7506474976e+21   5.5445728580e+17   2.1347047590e+61   5.3786587888e-24   9.0104256281e-14   1.2635847860e+05   2.0000000000e-02 
  1.7512012898e+21   5.5379213377e+17   2.1334940541e+61   5.3960999148e-24   9.0304879030e-14   1.2661886399e+05   2.0000000000e-02 
  1.7517544135e+21   5.5312374510e+17   2.1322664323e+61   5.4136578481e-24   9.0506665565e-14   1.2688021247e+05   2.0000000000e-02 
  1.7523068591e+21   5.5244558425e+17   2.1309966465e+61   5.4313135621e-24   9.0709394109e-14   1.2714249044e+05   2.0000000000e-02 
  1.7528586253e+21   5.5176620168e+17   2.1297176183e+61   5.4490723139e-24   9.0913121587e-14   1.2740540417e+05   2.0000000000e-02 
  1.7534097083e+21   5.5108297887e+17   2.1284192222e+61   5.4669167033e-24   9.1117645408e-14   1.2766899168e+05   2.0000000000e-02 
  1.7539601055e+21   5.5039723620e+17   2.1271065283e+61   5.4848542735e-24   9.1323049794e-14   1.2793300884e+05   2.0000000000e-02 
  1.7545098181e+21   5.4971260677e+17   2.1257935693e+61   5.5028715864e-24   9.1529177450e-14   1.2819752150e+05   2.0000000000e-02 
  1.7550588400e+21   5.4902190929e+17   2.1244525621e+61   5.5209743206e-24   9.1736092499e-14   1.2846236196e+05   2.0000000000e-02 
  1.7556071701e+21   5.4833010369e+17   2.1231026618e+61   5.5391542527e-24   9.1943697898e-14   1.2872755658e+05   2.0000000000e-02 
  1.7561548073e+21   5.4763718285e+17   2.1217438331e+61   5.5574121506e-24   9.2152002266e-14   1.2899300088e+05   2.0000000000e-02 
  1.7567017511e+21   5.4694376579e+17   2.1203784690e+61   5.5757430070e-24   9.2360946554e-14   1.2925864832e+05   2.0000000000e-02 
  1.7572480003e+21   5.4624922183e+17   2.1190041208e+61   5.5941423562e-24   9.2570480447e-14   1.2952441222e+05   2.0000000000e-02 
  1.7577935581e+21   5.4555784443e+17   2.1176374514e+61   5.6126087163e-24   9.2780664310e-14   1.2979026456e+05   2.0000000000e-02 
  1.7583384202e+21   5.4486202656e+17   2.1162489397e+61   5.6311469967e-24   9.2991471484e-14   1.3005631096e+05   2.0000000000e-02 
  1.7588825846e+21   5.4416443763e+17   2.1148489238e+61   5.6497595028e-24   9.3202926031e-14   1.3032256464e+05   2.0000000000e-02 
  1.7594260492e+21   5.4346465263e+17   2.1134357368e+61   5.6684465203e-24   9.3415029811e-14   1.3058904058e+05   2.0000000000e-02 
  1.7599687974e+21   5.4274815885e+17   2.1119528712e+61   5.6872075510e-24   9.3627757647e-14   1.3085572496e+05   2.0000000000e-02 
  1.7605108278e+21   5.4203041129e+17   2.1104603647e+61   5.7060378209e-24   9.3841050863e-14   1.3112252613e+05   2.0000000000e-02 
  1.7610521417e+21   5.4131385190e+17   2.1089677257e+61   5.7249310884e-24   9.4054861208e-14   1.3138935089e+05   2.0000000000e-02 
  1.7615927449e+21   5.4060320810e+17   2.1074934043e+61   5.7438831741e-24   9.4269139780e-14   1.3165612584e+05   2.0000000000e-02 
  1.7621326365e+21   5.3989162549e+17   2.1060107148e+61   5.7628900415e-24   9.4483839645e-14   1.3192279143e+05   2.0000000000e-02 
  1.7626718187e+21   5.3918219786e+17   2.1045317313e+61   5.7819480777e-24   9.4698918872e-14   1.3218929707e+05   2.0000000000e-02 
  1.7632103201e+21   5.3850136991e+17   2.1031597912e+61   5.8010542233e-24   9.4914342143e-14   1.3245560909e+05   2.0000000000e-02 
  1.7637481807e+21   5.3786063851e+17   2.1019401140e+61   5.8202058699e-24   9.5130079249e-14   1.3272169396e+05   2.0000000000e-02 
  1.7642854075e+21   5.3722677561e+17   2.1007431121e+61   5.8393975416e-24   9.5346072042e-14   1.3298747490e+05   2.0000000000e-02 
  1.7648219797e+21   5.3657225717e+17   2.0994611266e+61   5.8586201956e-24   9.5562216292e-14   1.3325284209e+05   2.0000000000e-02 
  1.7653578706e+21   5.3589087620e+17   2.0980696553e+61   5.8778678923e-24   9.5778443923e-14   1.3351771013e+05   2.0000000000e-02 
  1.7658930579e+21   5.3518726195e+17   2.0965865864e+61   5.8971360612e-24   9.5994703779e-14   1.3378201648e+05   2.0000000000e-02 
  1.7664275347e+21   5.3447683361e+17   2.0950721714e+61   5.9164212056e-24   9.6210957097e-14   1.3404570369e+05   2.0000000000e-02 
  1.7669613034e+21   5.3376865697e+17   2.0935619180e+61   5.9357210963e-24   9.6427179413e-14   1.3430871602e+05   2.0000000000e-02 
  1.7674943657e+21   5.3306236381e+17   2.0920544058e+61   5.9550346402e-24   9.6643359006e-14   1.3457099619e+05   2.0000000000e-02 
  1.7680267293e+21   5.3236357816e+17   2.0905717482e+61   5.9743618095e-24   9.6859496052e-14   1.3483248608e+05   2.0000000000e-02 
  1.7685583988e+21   5.3166948014e+17   2.0891029362e+61   5.9937034352e-24   9.7075600225e-14   1.3509312839e+05   2.0000000000e-02 
  1.7690893765e+21   5.3097766724e+17   2.0876385689e+61   6.0130607983e-24   9.7291686070e-14   1.3535286795e+05   2.0000000000e-02 
  1.7696196673e+21   5.3029085660e+17   2.0861893638e+61   6.0324354325e-24   9.7507770778e-14   1.3561165671e+05   2.0000000000e-02 
  1.7701492735e+21   5.2960616707e+17   2.0847440268e+61   6.0518288609e-24   9.7723871299e-14   1.3586945652e+05   2.0000000000e-02 
  1.7706781958e+21   5.2892234464e+17   2.0832976404e+61   6.0712423928e-24   9.7940002161e-14   1.3612623886e+05   2.0000000000e-02 
  1.7712064398e+21   5.2824397631e+17   2.0818682995e+61   6.0906772675e-24   9.8156177150e-14   1.3638198481e+05   2.0000000000e-02 
  1.7717340060e+21   5.2756616257e+17   2.0804367319e+61   6.1101346929e-24   9.8372409762e-14   1.3663668075e+05   2.0000000000e-02 
  1.7722608964e+21   5.2689040472e+17   2.0790088717e+61   6.1296159074e-24   9.8588713874e-14   1.3689031429e+05   2.0000000000e-02 
  1.7727871154e+21   5.2621905398e+17   2.0775940273e+61   6.1491223837e-24   9.8805105947e-14   1.3714287398e+05   2.0000000000e-02 
  1.7733126641e+21   5.2554869691e+17   2.0761787543e+61   6.1686557303e-24   9.9021603873e-14   1.3739434770e+05   2.0000000000e-02 
  1.7738375457e+21   5.2488156018e+17   2.0747718696e+61   6.1882175927e-24   9.9238225808e-14   1.3764472404e+05   2.0000000000e-02 
  1.7743617645e+21   5.2421885544e+17   2.0733782002e+61   6.2078095484e-24   9.9454988948e-14   1.3789399674e+05   2.0000000000e-02 
  1.7748853205e+21   5.2355592167e+17   2.0719793392e+61   6.2274327684e-24   9.9671905832e-14   1.3814216700e+05   2.0000000000e-02 
  1.7754082175e+21   5.2289708499e+17   2.0705924235e+61   6.2470879670e-24   9.9888983915e-14   1.3838924624e+05   2.0000000000e-02 
  1.7759304583e+21   5.2224078376e+17   2.0692113050e+61   6.2667755246e-24   1.0010622703e-13   1.3863525539e+05   2.0000000000e-02 
  1.7764520435e+21   5.2158521982e+17   2.0678288795e+61   6.2864955216e-24   1.0032363579e-13   1.3888022019e+05   2.0000000000e-02 
  1.7769729771e+21   5.2093350899e+17   2.0664575206e+61   6.3062479014e-24   1.0054120924e-13   1.3912417071e+05   2.0000000000e-02 
  1.7774932608e+21   5.2028374940e+17   2.0650897161e+61   6.3260324402e-24   1.0075894459e-13   1.3936714238e+05   2.0000000000e-02 
  1.7780128957e+21   5.1963490388e+17   2.0637213669e+61   6.3458486875e-24   1.0097683659e-13   1.3960917562e+05   2.0000000000e-02 
  1.7785318861e+21   5.1899034448e+17   2.0623658881e+61   6.3656962352e-24   1.0119488058e-13   1.3985031513e+05   2.0000000000e-02 
  1.7790502327e+21   5.1834665122e+17   2.0610097204e+61   6.3855748649e-24   1.0141307394e-13   1.4009060732e+05   2.0000000000e-02 
  1.7795679378e+21   5.1770511888e+17   2.0596580273e+61   6.4054845443e-24   1.0163141600e-13   1.4033010173e+05   2.0000000000e-02 
  1.7800850051e+21   5.1706729998e+17   2.0583170139e+61   6.4254254732e-24   1.0184990854e-13   1.4056885593e+05   2.0000000000e-02 
  1.7806014349e+21   5.1642973101e+17   2.0569729180e+61   6.4453981073e-24   1.0206855638e-13   1.4080693306e+05   2.0000000000e-02 
  1.7811172293e+21   5.1579440996e+17   2.0556337098e+61   6.4654034201e-24   1.0228737032e-13   1.4104439320e+05   2.0000000000e-02 
  1.7816323917e+21   5.1516247423e+17   2.0543039499e+61   6.4854429270e-24   1.0250636709e-13   1.4128128623e+05   2.0000000000e-02 
  1.7821469220e+21   5.1453027952e+17   2.0529691275e+61   6.5055178844e-24   1.0272556051e-13   1.4151765023e+05   2.0000000000e-02 
  1.7826608236e+21   5.1390153181e+17   2.0516440426e+61   6.5256284225e-24   1.0294495231e-13   1.4175351244e+05   2.0000000000e-02 
  1.7831740984e+21   5.1327485418e+17   2.0503232280e+61   6.5457730932e-24   1.0316452772e-13   1.4198887881e+05   2.0000000000e-02 
  1.7836867477e+21   5.1264929513e+17   2.0490029013e+61   6.5659487847e-24   1.0338425444e-13   1.4222371514e+05   2.0000000000e-02 
  1.7841987753e+21   5.1202754908e+17   2.0476938543e+61   6.5861509880e-24   1.0360408438e-13   1.4245794673e+05   2.0000000000e-02 
  1.7847101840e+21   5.1140875657e+17   2.0463926845e+61   6.6063742254e-24   1.0382395676e-13   1.4269149594e+05   2.0000000000e-02 
  1.7852209755e+21   5.1079145095e+17   2.0450935480e+61   6.6266133541e-24   1.0404381370e-13   1.4292434340e+05   2.0000000000e-02 
  1.7857311545e+21   5.1017899536e+17   2.0438099380e+61   6.6468695591e-24   1.0426366649e-13   1.4315654279e+05   2.0000000000e-02 
  1.7862407214e+21   5.0956698143e+17   2.0425242261e+61   6.6671536431e-24   1.0448373216e-13   1.4338822058e+05   2.0000000000e-02 
  1.7867496766e+21   5.0895512740e+17   2.0412352887e+61   6.6874992194e-24   1.0470436613e-13   1.4361974439e+05   2.0000000000e-02 
  1.7872580205e+21   5.0834395394e+17   2.0399452199e+61   6.7079114390e-24   1.0492552823e-13   1.4385157483e+05   2.0000000000e-02 
  1.7877657484e+21   5.0772784525e+17   2.0386314736e+61   6.7284291591e-24   1.0514763666e-13   1.4408374198e+05   2.0000000000e-02 
  1.7882728570e+21   5.0710861568e+17   2.0373012986e+61   6.7490473465e-24   1.0537063356e-13   1.4431675124e+05   2.0000000000e-02 
  1.7887793413e+21   5.0648435061e+17   2.0359469707e+61   6.7698109063e-24   1.0559499994e-13   1.4455070526e+05   2.0000000000e-02 
  1.7892851916e+21   5.0585026541e+17   2.0345491975e+61   6.7907305880e-24   1.0582084205e-13   1.4478624966e+05   2.0000000000e-02 
  1.7897903974e+21   5.0520577969e+17   2.0331055563e+61   6.8118660859e-24   1.0604879397e-13   1.4502383292e+05   2.0000000000e-02 
  1.7902949434e+21   5.0454599376e+17   2.0315962209e+61   6.8332656690e-24   1.0627935782e-13   1.4526447339e+05   2.0000000000e-02 
  1.7907988058e+21   5.0386243545e+17   2.0299869132e+61   6.8550259930e-24   1.0651355358e-13   1.4550931389e+05   2.0000000000e-02 
  1.7913019548e+21   5.0314897569e+17   2.0282527069e+61   6.8772615342e-24   1.0675258064e-13   1.4576017966e+05   2.0000000000e-02 
  1.7918043462e+21   5.0239142930e+17   2.0263361051e+61   6.9001465990e-24   1.0699827144e-13   1.4601945903e+05   2.0000000000e-02 
  1.7923059184e+21   5.0157215507e+17   2.0241654999e+61   6.9239143430e-24   1.0725307290e-13   1.4629053244e+05   2.0000000000e-02 
  1.7928065918e+21   5.0067347726e+17   2.0216689462e+61   6.9489003616e-24   1.0752048205e-13   1.4657789888e+05   2.0000000000e-02 
  1.7933062800e+21   4.9968817074e+17   2.0188165360e+61   6.9754180429e-24   1.0779879789e-13   1.4688476668e+05   2.0000000000e-02 
  1.7938049396e+21   4.9865963138e+17   2.0157829700e+61   7.0029104243e-24   1.0808449459e-13   1.4720089272e+05   2.0000000000e-02 
  1.7943025995e+21   4.9765981205e+17   2.0128589744e+61   7.0298860678e-24   1.0836514663e-13   1.4750945600e+05   2.0000000000e-02 
  1.7947993226e+21   4.9672318275e+17   2.0101843520e+61   7.0559372080e-24   1.0863575361e-13   1.4780279697e+05   2.0000000000e-02 
  1.7952951651e+21   4.9584244789e+17   2.0077301289e+61   7.0813145793e-24   1.0889896560e-13   1.4808474222e+05   2.0000000000e-02 
  1.7957901705e+21   4.9500545870e+17   2.0054475801e+61   7.1061890211e-24   1.0915661176e-13   1.4835793983e+05   2.0000000000e-02 
  1.7962843710e+21   4.9420043058e+17   2.0032893201e+61   7.1306717729e-24   1.0940988588e-13   1.4862412838e+05   2.0000000000e-02 
  1.7967777963e+21   4.9342536298e+17   2.0012475239e+61   7.1548379082e-24   1.0965959090e-13   1.4888447721e+05   2.0000000000e-02 
  1.7972704693e+21   4.9267297691e+17   1.9992929175e+61   7.1787469256e-24   1.0990635268e-13   1.4913991648e+05   2.0000000000e-02 
  1.7977624090e+21   4.9193966917e+17   1.9974110736e+61   7.2024604029e-24   1.1015080913e-13   1.4939142161e+05   2.0000000000e-02 
  1.7982536293e+21   4.9122032298e+17   1.9955813741e+61   7.2260608590e-24   1.1039381964e-13   1.4964013016e+05   2.0000000000e-02 
  1.7987441381e+21   4.9050880446e+17   1.9937790081e+61   7.2496170872e-24   1.1063655783e-13   1.4988726816e+05   2.0000000000e-02 
  1.7992339396e+21   4.8980144637e+17   1.9919891308e+61   7.2731907359e-24   1.1087927757e-13   1.5013350400e+05   2.0000000000e-02 
  1.7997230391e+21   4.8909953836e+17   1.9902170326e+61   7.2967932056e-24   1.1112204669e-13   1.5037900826e+05   2.0000000000e-02 
  1.8002114361e+21   4.8839702832e+17   1.9884381188e+61   7.3204407837e-24   1.1136502882e-13   1.5062395175e+05   2.0000000000e-02 
  1.8006991346e+21   4.8769847953e+17   1.9866709822e+61   7.3441509956e-24   1.1160840409e-13   1.5086857337e+05   2.0000000000e-02 
  1.8011861321e+21   4.8699753874e+17   1.9848897605e+61   7.3679417069e-24   1.1185234973e-13   1.5111315913e+05   2.0000000000e-02 
  1.8016724269e+21   4.8629475955e+17   1.9830966948e+61   7.3918490222e-24   1.1209722671e-13   1.5135814652e+05   2.0000000000e-02 
  1.8021580130e+21   4.8558606543e+17   1.9812751359e+61   7.4159307669e-24   1.1234359929e-13   1.5160417242e+05   2.0000000000e-02 
  1.8026428925e+21   4.8487954615e+17   1.9794580702e+61   7.4401748736e-24   1.1259152947e-13   1.5185090588e+05   2.0000000000e-02 
  1.8031270865e+21   4.8419396975e+17   1.9777222010e+61   7.4640910125e-24   1.1283611749e-13   1.5209256221e+05   2.0000000000e-02 
  1.8036106446e+21   4.8355810703e+17   1.9761853270e+61   7.4873415881e-24   1.1307379776e-13   1.5232426089e+05   2.0000000000e-02 
  1.8040936249e+21   4.8298031511e+17   1.9748820685e+61   7.5097078601e-24   1.1330234100e-13   1.5254305635e+05   2.0000000000e-02 
  1.8045761039e+21   4.8247903432e+17   1.9738883991e+61   7.5309694681e-24   1.1352015355e-13   1.5274675539e+05   2.0000000000e-02 
  1.8050581666e+21   4.8206265442e+17   1.9732393414e+61   7.5509229217e-24   1.1372480468e-13   1.5293237040e+05   2.0000000000e-02 
  1.8055399103e+21   4.8174369466e+17   1.9729869256e+61   7.5693908914e-24   1.1391416863e-13   1.5309770485e+05   2.0000000000e-02 
  1.8060214306e+21   4.8152027494e+17   1.9731242979e+61   7.5863490792e-24   1.1408795204e-13   1.5324269353e+05   2.0000000000e-02 
  1.8065028148e+21   4.8138419592e+17   1.9736186680e+61   7.6019648442e-24   1.1424781299e-13   1.5336940349e+05   2.0000000000e-02 
  1.8069841224e+21   4.8130761857e+17   1.9743565712e+61   7.6166167904e-24   1.1439747365e-13   1.5348241815e+05   2.0000000000e-02 
  1.8074653866e+21   4.8126426403e+17   1.9752306438e+61   7.6307624397e-24   1.1454294010e-13   1.5359003872e+05   2.0000000000e-02 
  1.8079466044e+21   4.8121777633e+17   1.9760918426e+61   7.6449117006e-24   1.1469260525e-13   1.5369774264e+05   2.0000000000e-02 
  1.8084277574e+21   4.8115299205e+17   1.9768778228e+61   7.6593961162e-24   1.1484561406e-13   1.5381061387e+05   2.0000000000e-02 
  1.8089088149e+21   4.8105752074e+17   1.9775374757e+61   7.6744059425e-24   1.1500405690e-13   1.5392965264e+05   2.0000000000e-02 
  1.8093897448e+21   4.8092990610e+17   1.9780645415e+61   7.6899491930e-24   1.1516803189e-13   1.5405613193e+05   2.0000000000e-02 
  1.8098705109e+21   4.8076607510e+17   1.9784419730e+61   7.7061075224e-24   1.1533840465e-13   1.5418979022e+05   2.0000000000e-02 
  1.8103510808e+21   4.8056988334e+17   1.9786853325e+61   7.7228130096e-24   1.1551445934e-13   1.5433099242e+05   2.0000000000e-02 
  1.8108314199e+21   4.8033910904e+17   1.9787851814e+61   7.7400983012e-24   1.1569653740e-13   1.5447875070e+05   2.0000000000e-02 
  1.8113115007e+21   4.8008082336e+17   1.9787703707e+61   7.7578561586e-24   1.1588350240e-13   1.5463296736e+05   2.0000000000e-02 
  1.8117912944e+21   4.7979372207e+17   1.9786352799e+61   7.7760964564e-24   1.1607545158e-13   1.5479235348e+05   2.0000000000e-02 
  1.8122707800e+21   4.7948554654e+17   1.9784116074e+61   7.7947033457e-24   1.1627115497e-13   1.5495665441e+05   2.0000000000e-02 
  1.8127499379e+21   4.7915788602e+17   1.9781057321e+61   7.8136794104e-24   1.1647063266e-13   1.5512461298e+05   2.0000000000e-02 
  1.8132287517e+21   4.7881379617e+17   1.9777301088e+61   7.8329247001e-24   1.1667282066e-13   1.5529598394e+05   2.0000000000e-02 
  1.8137072072e+21   4.7845549107e+17   1.9772937470e+61   7.8524368806e-24   1.1687768916e-13   1.5546979837e+05   2.0000000000e-02 
  1.8141852930e+21   4.7808583454e+17   1.9768083677e+61   7.8721464213e-24   1.1708449645e-13   1.5564584523e+05   2.0000000000e-02 
  1.8146630004e+21   4.7770736802e+17   1.9762843892e+61   7.8920487168e-24   1.1729319003e-13   1.5582348440e+05   2.0000000000e-02 
  1.8151403238e+21   4.7732337937e+17   1.9757353482e+61   7.9120983596e-24   1.1750328643e-13   1.5600255270e+05   2.0000000000e-02 
  1.8156172540e+21   4.7693020981e+17   1.9751460408e+61   7.9322917988e-24   1.1771474498e-13   1.5618261100e+05   2.0000000000e-02 
  1.8160937896e+21   4.7653560820e+17   1.9745485041e+61   7.9525934781e-24   1.1792718962e-13   1.5636354966e+05   2.0000000000e-02 
  1.8165699279e+21   4.7613836102e+17   1.9739376942e+61   7.9730023427e-24   1.1814060702e-13   1.5654500834e+05   2.0000000000e-02 
  1.8170456586e+21   4.7573062190e+17   1.9732810344e+61   7.9934878933e-24   1.1835467541e-13   1.5672691048e+05   2.0000000000e-02 
  1.8175209862e+21   4.7532762557e+17   1.9726416761e+61   8.0140507811e-24   1.1856939970e-13   1.5690896621e+05   2.0000000000e-02 
  1.8179959138e+21   4.7492757912e+17   1.9720122149e+61   8.0346678973e-24   1.1878453628e-13   1.5709114417e+05   2.0000000000e-02 
  1.8184704287e+21   4.7451494063e+17   1.9713280928e+61   8.0553468836e-24   1.1900016102e-13   1.5727323968e+05   2.0000000000e-02 
  1.8189445338e+21   4.7410505759e+17   1.9706530112e+61   8.0760653635e-24   1.1921604053e-13   1.5745535289e+05   2.0000000000e-02 
  1.8194182334e+21   4.7369966730e+17   1.9699942216e+61   8.0968485104e-24   1.1943243306e-13   1.5763729465e+05   2.0000000000e-02 
  1.8198915221e+21   4.7328867127e+17   1.9693097342e+61   8.1176717943e-24   1.1964908083e-13   1.5781935363e+05   2.0000000000e-02 
  1.8203644047e+21   4.7288257538e+17   1.9686432494e+61   8.1385709350e-24   1.1986635556e-13   1.5800135285e+05   2.0000000000e-02 
  1.8208368734e+21   4.7246872291e+17   1.9679420787e+61   8.1595248992e-24   1.2008403588e-13   1.5818361403e+05   2.0000000000e-02 
  1.8213089276e+21   4.7205421200e+17   1.9672357442e+61   8.1805655320e-24   1.2030245301e-13   1.5836601597e+05   2.0000000000e-02 
  1.8217805802e+21   4.7165263772e+17   1.9665809414e+61   8.2016772971e-24   1.2052144406e-13   1.5854882021e+05   2.0000000000e-02 
  1.8222518223e+21   4.7124204103e+17   1.9658861523e+61   8.2228856846e-24   1.2074127349e-13   1.5873191726e+05   2.0000000000e-02 
  1.8227226534e+21   4.7083111970e+17   1.9651876128e+61   8.2441748776e-24   1.2096175575e-13   1.5891548214e+05   2.0000000000e-02 
  1.8231930606e+21   4.7040719553e+17   1.9644323628e+61   8.2655586420e-24   1.2118304012e-13   1.5909932751e+05   2.0000000000e-02 
  1.8236630404e+21   4.6997984499e+17   1.9636603139e+61   8.2870154339e-24   1.2140491784e-13   1.5928352560e+05   2.0000000000e-02 
  1.8241326009e+21   4.6956049122e+17   1.9629192022e+61   8.3085555900e-24   1.2162749530e-13   1.5946789683e+05   2.0000000000e-02 
  1.8246017532e+21   4.6915230741e+17   1.9622223731e+61   8.3301619353e-24   1.2185059316e-13   1.5965249046e+05   2.0000000000e-02 
  1.8250705136e+21   4.6876034268e+17   1.9615910578e+61   8.3518423817e-24   1.2207429253e-13   1.5983716043e+05   2.0000000000e-02 
  1.8255388915e+21   4.6837793970e+17   1.9609975165e+61   8.3735847631e-24   1.2229846556e-13   1.6002194340e+05   2.0000000000e-02 
  1.8260068897e+21   4.6799821520e+17   1.9604129913e+61   8.3953942122e-24   1.2252316442e-13   1.6020674925e+05   2.0000000000e-02 
  1.8264744992e+21   4.6760943836e+17   1.9597883286e+61   8.4172633592e-24   1.2274831119e-13   1.6039160750e+05   2.0000000000e-02 
  1.8269417062e+21   4.6720700776e+17   1.9591041517e+61   8.4391956407e-24   1.2297394059e-13   1.6057647162e+05   2.0000000000e-02 
  1.8274084985e+21   4.6679234934e+17   1.9583663282e+61   8.4611880027e-24   1.2320001969e-13   1.6076136330e+05   2.0000000000e-02 
  1.8278748676e+21   4.6636903249e+17   1.9575897406e+61   8.4832432473e-24   1.2342657656e-13   1.6094626731e+05   2.0000000000e-02 
  1.8283408072e+21   4.6593961595e+17   1.9567850643e+61   8.5053601993e-24   1.2365359804e-13   1.6113120602e+05   2.0000000000e-02 
  1.8288063154e+21   4.6550819998e+17   1.9559694811e+61   8.5275406316e-24   1.2388110188e-13   1.6131617540e+05   2.0000000000e-02 
  1.8292713898e+21   4.6507441605e+17   1.9551414253e+61   8.5497840891e-24   1.2410908259e-13   1.6150118324e+05   2.0000000000e-02 
  1.8297360306e+21   4.6464084581e+17   1.9543117392e+61   8.5720907183e-24   1.2433754121e-13   1.6168622171e+05   2.0000000000e-02 
  1.8302002374e+21   4.6420676049e+17   1.9534773581e+61   8.5944599196e-24   1.2456647079e-13   1.6187128121e+05   2.0000000000e-02 
  1.8306640099e+21   4.6377250230e+17   1.9526397202e+61   8.6168901239e-24   1.2479585480e-13   1.6205634998e+05   2.0000000000e-02 
  1.8311273487e+21   4.6333877587e+17   1.9518017941e+61   8.6393811970e-24   1.2502569097e-13   1.6224140269e+05   2.0000000000e-02 
  1.8315902536e+21   4.6290489079e+17   1.9509606749e+61   8.6619307530e-24   1.2525595403e-13   1.6242643195e+05   2.0000000000e-02 
  1.8320527245e+21   4.6247095932e+17   1.9501168360e+61   8.6845386262e-24   1.2548664152e-13   1.6261141626e+05   2.0000000000e-02 
  1.8325147620e+21   4.6203744175e+17   1.9492722206e+61   8.7072034708e-24   1.2571773860e-13   1.6279635235e+05   2.0000000000e-02 
  1.8329763647e+21   4.6160269158e+17   1.9484198819e+61   8.7299249824e-24   1.2594924176e-13   1.6298123195e+05   2.0000000000e-02 
  1.8334375331e+21   4.6116840142e+17   1.9475669604e+61   8.7527051560e-24   1.2618116964e-13   1.6316604513e+05   2.0000000000e-02 
  1.8338982662e+21   4.6073314107e+17   1.9467074167e+61   8.7755408261e-24   1.2641348978e-13   1.6335082254e+05   2.0000000000e-02 
  1.8343585641e+21   4.6029787956e+17   1.9458453415e+61   8.7984379568e-24   1.2664626123e-13   1.6353554029e+05   2.0000000000e-02 
  1.8348184265e+21   4.5986239357e+17   1.9449797910e+61   8.8213899951e-24   1.2687941778e-13   1.6372026108e+05   2.0000000000e-02 
  1.8352778527e+21   4.5942626020e+17   1.9441089746e+61   8.8444092311e-24   1.2711308241e-13   1.6390491834e+05   2.0000000000e-02 
  1.8357368428e+21   4.5899007378e+17   1.9432354049e+61   8.8674839909e-24   1.2734713667e-13   1.6408961521e+05   2.0000000000e-02 
  1.8361953959e+21   4.5855306847e+17   1.9423558381e+61   8.8906308602e-24   1.2758174652e-13   1.6427425920e+05   2.0000000000e-02 
  1.8366535114e+21   4.5811551152e+17   1.9414714012e+61   8.9138308478e-24   1.2781672040e-13   1.6445900409e+05   2.0000000000e-02 
  1.8371111891e+21   4.5767770541e+17   1.9405833737e+61   8.9371090454e-24   1.2805231061e-13   1.6464368756e+05   2.0000000000e-02 
  1.8375684280e+21   4.5723887654e+17   1.9396884722e+61   8.9604412725e-24   1.2828827256e-13   1.6482849667e+05   2.0000000000e-02 
  1.8380252275e+21   4.5679954654e+17   1.9387889038e+61   8.9838579821e-24   1.2852491145e-13   1.6501323503e+05   2.0000000000e-02 
  1.8384815871e+21   4.5635954621e+17   1.9378839469e+61   9.0073259188e-24   1.2876189143e-13   1.6519816136e+05   2.0000000000e-02 
  1.8389375056e+21   4.5591851818e+17   1.9369720786e+61   9.0308815193e-24   1.2899957883e-13   1.6538303586e+05   2.0000000000e-02 
  1.8393929829e+21   4.5547735579e+17   1.9360570896e+61   9.0544880397e-24   1.2923760358e-13   1.6556813317e+05   2.0000000000e-02 
  1.8398480174e+21   4.5503443203e+17   1.9351320593e+61   9.0781905285e-24   1.2947641708e-13   1.6575315214e+05   2.0000000000e-02 
  1.8403026087e+21   4.5459130348e+17   1.9342035986e+61   9.1019433193e-24   1.2971555899e-13   1.6593843743e+05   2.0000000000e-02 
  1.8407567554e+21   4.5414674581e+17   1.9332664941e+61   9.1257959044e-24   1.2995552537e-13   1.6612366293e+05   2.0000000000e-02 
  1.8412104571e+21   4.5370164477e+17   1.9323245085e+61   9.1496966315e-24   1.3019579739e-13   1.6630921004e+05   2.0000000000e-02 
  1.8416637125e+21   4.5325540730e+17   1.9313751109e+61   9.1737044217e-24   1.3043696513e-13   1.6649467951e+05   2.0000000000e-02 
  1.8421165207e+21   4.5280821592e+17   1.9304190713e+61   9.1977618244e-24   1.3067845056e-13   1.6668049714e+05   2.0000000000e-02 
  1.8425688804e+21   4.5235971989e+17   1.9294548869e+61   9.2219291302e-24   1.3092085721e-13   1.6686625791e+05   2.0000000000e-02 
  1.8430207910e+21   4.5191056740e+17   1.9284853148e+61   9.2461463234e-24   1.3116358222e-13   1.6705240702e+05   2.0000000000e-02 
  1.8434722505e+21   4.5145951862e+17   1.9275050563e+61   9.2704749810e-24   1.3140724273e-13   1.6723852017e+05   2.0000000000e-02 
  1.8439232587e+21   4.5100819514e+17   1.9265210253e+61   9.2948609250e-24   1.3165129319e-13   1.6742500087e+05   2.0000000000e-02 
  1.8443738132e+21   4.5055454649e+17   1.9255244559e+61   9.3193571878e-24   1.3189626436e-13   1.6761148857e+05   2.0000000000e-02 
  1.8448239140e+21   4.5010072216e+17   1.9245245230e+61   9.3439162890e-24   1.3214167799e-13   1.6779834564e+05   2.0000000000e-02 
  1.8452735589e+21   4.4964495936e+17   1.9235136838e+61   9.3685801998e-24   1.3238795545e-13   1.6798528326e+05   2.0000000000e-02 
  1.8457227470e+21   4.4918810309e+17   1.9224955412e+61   9.3933176558e-24   1.3263478043e-13   1.6817254270e+05   2.0000000000e-02 
  1.8461714770e+21   4.4872992647e+17   1.9214691156e+61   9.4181565386e-24   1.3288243200e-13   1.6835993896e+05   2.0000000000e-02 
  1.8466197468e+21   4.4826989339e+17   1.9204321005e+61   9.4430770981e-24   1.3313071160e-13   1.6854762719e+05   2.0000000000e-02 
  1.8470675549e+21   4.4780803779e+17   1.9193846273e+61   9.4681082212e-24   1.3337990243e-13   1.6873541272e+05   2.0000000000e-02 
  1.8475148999e+21   4.4734501565e+17   1.9183294962e+61   9.4932260023e-24   1.3362972636e-13   1.6892382078e+05   2.0000000000e-02 
  1.8479617787e+21   4.4687883620e+17   1.9172581559e+61   9.5183856356e-24   1.3387990097e-13   1.6911319759e+05   2.0000000000e-02 
  1.8484081312e+21   4.4635245851e+17   1.9159256799e+61   9.5441771698e-24   1.3413609324e-13   1.6930061664e+05   2.0000000000e-02 
  1.8488536721e+21   4.4554091068e+17   1.9133652015e+61   9.5738304163e-24   1.3442775651e-13   1.6950922522e+05   2.0000000000e-02 
  1.8492985172e+21   4.4484513458e+17   1.9112974437e+61   9.6076819981e-24   1.3476516132e-13   1.6982556138e+05   2.0000000000e-02 
  1.8497453610e+21   4.4684380436e+17   1.9208107668e+61   9.6084531163e-24   1.3478655149e-13   1.6986995613e+05   2.0000000000e-02 
  1.8502117236e+21   4.6636250773e+17   2.0057041700e+61   9.4956413723e-24   1.3375816745e-13   1.6861809069e+05   2.0000000000e-02 
  1.8508415272e+21   6.2980365357e+17   2.7102273283e+61   8.4061113682e-24   1.2312241273e-13   1.5751784323e+05   2.0000000000e-02 
  1.8519477627e+21   1.1062355188e+18   4.7649185572e+61   4.6520360704e-24   8.3468860383e-14   9.7437562468e+04   2.0000000000e-02 
  1.8535783620e+21   1.6305993242e+18   7.0339117904e+61   2.6335478139e-24   5.7828086229e-14   2.5703063245e+04   2.0000000000e-02 
  1.8554481557e+21   1.8697936385e+18   8.0809694332e+61   2.2895704905e-24   5.2847068940e-14   4.4506516340e+03   2.0000000000e-02 
  1.8573705691e+21   1.9224134183e+18   8.3253824278e+61   2.2345005668e-24   5.2020915792e-14   6.8372264978e+02   2.0000000000e-02 
  1.8593015723e+21   1.9310031983e+18   8.3799496581e+61   2.2260777641e-24   5.1893889743e-14   1.0291342074e+02   2.0000000000e-02 
  1.8612338816e+21   1.9323093312e+18   8.4030598667e+61   2.2248105486e-24   5.1874761661e-14   1.5423659242e+01   2.0000000000e-02 
  1.8631663870e+21   1.9325054134e+18   8.4213812579e+61   2.2246206452e-24   5.1871894308e-14   2.3068408250e+00   2.0000000000e-02 
  1.8650989218e+21   1.9325347512e+18   8.4389972127e+61   2.2245922434e-24   5.1871465369e-14   3.4444064116e-01   2.0000000000e-02 
  1.8670314609e+21   1.9325391327e+18   8.4565227857e+61   2.2245880026e-24   5.1871401309e-14   5.1347077305e-02   2.0000000000e-02 
  1.8689640007e+21   1.9325397858e+18   8.4740502515e+61   2.2245873705e-24   5.1871391759e-14   7.6357588693e-03   2.0000000000e-02 
  1.8708965406e+21   1.9325398824e+18   8.4915934267e+61   2.2245872771e-24   5.1871390345e-14   1.1337064943e-03   2.0000000000e-02 
  1.8728290805e+21   1.9325398997e+18   8.5091543947e+61   2.2245872600e-24   5.1871390093e-14   1.3391505971e-04   2.0000000000e-02 
  1.8747616204e+21   1.9325399000e+18   8.5267334273e+61   2.2245872599e-24   5.1871390087e-14   6.8489902924e-06   2.0000000000e-02 
  1.8766941603e+21   1.9325399000e+18   8.5443305982e+61   2.2245872600e-24   5.1871390087e-14  -2.1227963724e-06   2.0000000000e-02 
  1.8786267002e+21   1.9325399000e+18   8.5619459086e+61   2.2245872600e-24   5.1871390087e-14  -2.7247269882e-06   2.0000000000e-02 
  1.8805592401e+21   1.9325399000e+18   8.5795793586e+61   2.2245872600e-24   5.1871390087e-14  -2.8150127962e-06   2.0000000000e-02 
  1.8824917800e+21   1.9325399000e+18   8.5972309480e+61   2.2245872600e-24   5.1871390087e-14  -2.8051184998e-06   2.0000000000e-02 
  1.8844243199e+21   1.9325399000e+18   8.6149006769e+61   2.2245872600e-24   5.1871390087e-14  -2.7622541280e-06   2.0000000000e-02 
  1.8863568598e+21   1.9325399000e+18   8.6325885453e+61   2.2245872600e-24   5.1871390087e-14  -2.7352004375e-06   2.0000000000e-02 
  1.8882893998e+21   1.9325400000e+18   8.6502950013e+61   2.2245872600e-24   5.1871390087e-14  -2.6970159362e-06   2.0000000000e-02 
  1.8902219397e+21   1.9325399000e+18   8.6680187016e+61   2.2245872600e-24   5.1871390087e-14  -2.7216667937e-06   2.0000000000e-02 
  1.8921544796e+21   1.9325399000e+18   8.6857609885e+61   2.2245872600e-24   5.1871390087e-14  -2.8914945748e-06   2.0000000000e-02 
  1.8940870195e+21   1.9325399000e+18   8.7035214149e+61   2.2245872600e-24   5.1871390087e-14  -2.9910792374e-06   2.0000000000e-02 
  1.8960195594e+21   1.9325399000e+18   8.7212999808e+61   2.2245872600e-24   5.1871390087e-14  -2.8716707080e-06   2.0000000000e-02 
  1.8979520993e+21   1.9325399000e+18   8.7390966862e+61   2.2245872600e-24   5.1871390087e-14  -2.6972173837e-06   2.0000000000e-02 
  1.8998846392e+21   1.9325399000e+18   8.7569115311e+61   2.2245872600e-24   5.1871390087e-14  -2.6280627466e-06   2.0000000000e-02 
  1.9018171791e+21   1.9325399000e+18   8.7747445155e+61   2.2245872600e-24   5.1871390087e-14  -2.5629288870e-06   2.0000000000e-02 
  1.9037497190e+21   1.9325399000e+18   8.7925956394e+61   2.2245872600e-24   5.1871390087e-14  -2.5022422215e-06   2.0000000000e-02 
  1.9056822589e+21   1.9325399000e+18   8.8104649028e+61   2.2245872600e-24   5.1871390087e-14  -2.4468101029e-06   2.0000000000e-02 
  1.9076147988e+21   1.9325399000e+18   8.8283523057e+61   2.2245872600e-24   5.1871390087e-14  -2.4078708403e-06   2.0000000000e-02 
  1.9095473387e+21   1.9325399000e+18   8.8462578481e+61   2.2245872600e-24   5.1871390087e-14  -2.3425635519e-06   2.0000000000e-02 
  1.9114798786e+21   1.9325399000e+18   8.8641815300e+61   2.2245872600e-24   5.1871390087e-14  -2.2300883245e-06   2.0000000000e-02 
  1.9134124185e+21   1.9325399000e+18   8.8821233514e+61   2.2245872600e-24   5.1871390087e-14  -1.6459583038e-06   2.0000000000e-02 
  1.9153449584e+21   1.9325399000e+18   8.9000833123e+61   2.2245872600e-24   5.1871390087e-14  -2.3557189301e-07   2.0000000000e-02 
  1.9172774983e+21   1.9325399000e+18   8.9180614127e+61   2.2245872600e-24   5.1871390088e-14   8.8363353284e-07   2.0000000000e-02 
  1.9192100382e+21   1.9325399000e+18   8.9360576526e+61   2.2245872600e-24   5.1871390087e-14   1.1363614739e-06   2.0000000000e-02 
  1.9211425782e+21   1.9325400000e+18   8.9540724957e+61   2.2245872600e-24   5.1871390087e-14   1.1094448064e-06   2.0000000000e-02 
  1.9230751181e+21   1.9325399000e+18   8.9721045518e+61   2.2245872600e-24   5.1871390087e-14   1.0520335440e-06   2.0000000000e-02 
  1.9250076580e+21   1.9325399000e+18   8.9901552101e+61   2.2245872600e-24   5.1871390087e-14   8.6996982827e-07   2.0000000000e-02 
  1.9269401979e+21   1.9325399000e+18   9.0082240080e+61   2.2245872600e-24   5.1871390087e-14   1.0993194191e-07   2.0000000000e-02 
  1.9288727378e+21   1.9325399000e+18   9.0263109454e+61   2.2245872600e-24   5.1871390087e-14  -7.9590188951e-07   2.0000000000e-02 
  1.9308052777e+21   1.9325399000e+18   9.0444160223e+61   2.2245872600e-24   5.1871390088e-14  -1.0340204220e-06   2.0000000000e-02 
  1.9327378176e+21   1.9325399000e+18   9.0625392386e+61   2.2245872600e-24   5.1871390087e-14  -1.0915272507e-06   2.0000000000e-02 
  1.9346703575e+21   1.9325399000e+18   9.0806805945e+61   2.2245872600e-24   5.1871390088e-14  -1.1149788068e-06   2.0000000000e-02 
  1.9366028974e+21   1.9325399000e+18   9.0988400899e+61   2.2245872600e-24   5.1871390088e-14  -1.1144554847e-06   2.0000000000e-02 
  1.9385354373e+21   1.9325399000e+18   9.1170177248e+61   2.2245872600e-24   5.1871390088e-14  -1.1090432313e-06   2.0000000000e-02 
  1.9404679772e+21   1.9325399000e+18   9.1352134991e+61   2.2245872600e-24   5.1871390088e-14  -1.0810410715e-06   2.0000000000e-02 
  1.9424005171e+21   1.9325399000e+18   9.1534274130e+61   2.2245872600e-24   5.1871390088e-14  -1.1046787290e-06   2.0000000000e-02 
  1.9443330570e+21   1.9325399000e+18   9.1716594664e+61   2.2245872600e-24   5.1871390088e-14  -1.1277031612e-06   2.0000000000e-02 
  1.9462655969e+21   1.9325399000e+18   9.1899096592e+61   2.2245872600e-24   5.1871390088e-14  -1.0858338185e-06   2.0000000000e-02 
  1.9481981368e+21   1.9325399000e+18   9.2081779916e+61   2.2245872600e-24   5.1871390088e-14  -1.0303579349e-06   2.0000000000e-02 
  1.9501306767e+21   1.9325399000e+18   9.2264644634e+61   2.2245872600e-24   5.1871390087e-14  -1.0213550395e-06   2.0000000000e-02 
  1.9520632166e+21   1.9325399000e+18   9.2447690748e+61   2.2245872600e-24   5.1871390087e-14  -1.0569453805e-06   2.0000000000e-02 
  1.9539957565e+21   1.9325399000e+18   9.2630918256e+61   2.2245872600e-24   5.1871390087e-14  -1.0047316431e-06   2.0000000000e-02 
  1.9559282965e+21   1.9325400000e+18   9.2814331967e+61   2.2245872600e-24   5.1871390088e-14  -6.3219105183e-07   2.0000000000e-02 
  1.9578608364e+21   1.9325399000e+18   9.2997917468e+61   2.2245872600e-24   5.1871390087e-14  -4.7946288066e-07   2.0000000000e-02 
  1.9597933763e+21   1.9325399000e+18   9.3181689161e+61   2.2245872600e-24   5.1871390087e-14  -6.7897613825e-07   2.0000000000e-02 
  1.9617259162e+21   1.9325399000e+18   9.3365642250e+61   2.2245872600e-24   5.1871390087e-14  -8.7583335978e-07   2.0000000000e-02 
  1.9636584561e+21   1.9325399000e+18   9.3549776733e+61   2.2245872600e-24   5.1871390087e-14  -1.0745319335e-06   2.0000000000e-02 
  1.9655909960e+21   1.9325399000e+18   9.3734092612e+61   2.2245872600e-24   5.1871390087e-14  -1.1027006226e-06   2.0000000000e-02 
  1.9675235359e+21   1.9325399000e+18   9.3918589885e+61   2.2245872600e-24   5.1871390087e-14  -1.0939741930e-06   2.0000000000e-02 
  1.9694560758e+21   1.9325399000e+18   9.4103268554e+61   2.2245872600e-24   5.1871390087e-14  -9.2177133791e-07   2.0000000000e-02 
  1.9713886157e+21   1.9325399000e+18   9.4288128617e+61   2.2245872600e-24   5.1871390087e-14  -5.7031058181e-08   2.0000000000e-02 
  1.9733211556e+21   1.9325399000e+18   9.4473170075e+61   2.2245872600e-24   5.1871390087e-14   9.1288136367e-07   2.0000000000e-02 
  1.9752536955e+21   1.9325399000e+18   9.4658392929e+61   2.2245872600e-24   5.1871390087e-14   1.1692156561e-06   2.0000000000e-02 
  1.9771862354e+21   1.9325399000e+18   9.4843797177e+61   2.2245872600e-24   5.1871390087e-14   1.2435112123e-06   2.0000000000e-02 
  1.9791187753e+21   1.9325399000e+18   9.5029382820e+61   2.2245872600e-24   5.1871390087e-14   1.3861840944e-06   2.0000000000e-02 
  1.9810513152e+21   1.9325399000e+18   9.5215149859e+61   2.2245872600e-24   5.1871390087e-14   1.7764020291e-06   2.0000000000e-02 
  1.9829838551e+21   1.9325399000e+18   9.5401098292e+61   2.2245872600e-24   5.1871390087e-14   2.0486252720e-06   2.0000000000e-02 
  1.9849163950e+21   1.9325399000e+18   9.5587228120e+61   2.2245872600e-24   5.1871390087e-14   2.1088599345e-06   2.0000000000e-02 
  1.9868489349e+21   1.9325399000e+18   9.5773539343e+61   2.2245872600e-24   5.1871390087e-14   2.0748305003e-06   2.0000000000e-02 
  1.9887814748e+21   1.9325399000e+18   9.5960031962e+61   2.2245872600e-24   5.1871390087e-14   1.8482479626e-06   2.0000000000e-02 
  1.9907140147e+21   1.9325399000e+18   9.6146705975e+61   2.2245872600e-24   5.1871390087e-14   1.4832652277e-06   2.0000000000e-02 
  1.9926465546e+21   1.9325399000e+18   9.6333561383e+61   2.2245872600e-24   5.1871390087e-14   1.2087788900e-06   2.0000000000e-02 
  1.9945790945e+21   1.9325399000e+18   9.6520598186e+61   2.2245872600e-24   5.1871390087e-14   1.1163281474e-06   2.0000000000e-02 
  1.9965116344e+21   1.9325399000e+18   9.6707816384e+61   2.2245872600e-24   5.1871390087e-14   9.5162725701e-07   2.0000000000e-02 
  1.9984441743e+21   1.9325399000e+18   9.6895215977e+61   2.2245872600e-24   5.1871390087e-14   1.6698999599e-07   2.0000000000e-02 
  2.0003767142e+21   1.9325399000e+18   9.7082796965e+61   2.2245872600e-24   5.1871390087e-14  -7.3697423821e-07   2.0000000000e-02 
  2.0023092541e+21   1.9325399000e+18   9.7270559349e+61   2.2245872600e-24   5.1871390087e-14  -1.0448315056e-06   2.0000000000e-02 
  2.0042417940e+21   1.9325399000e+18   9.7458503127e+61   2.2245872600e-24   5.1871390087e-14  -1.1033328067e-06   2.0000000000e-02 
  2.0061743339e+21   1.9325399000e+18   9.7646628300e+61   2.2245872600e-24   5.1871390087e-14  -1.1185948405e-06   2.0000000000e-02 
  2.0081068738e+21   1.9325399000e+18   9.7834934868e+61   2.2245872600e-24   5.1871390087e-14  -1.1392804699e-06   2.0000000000e-02 
  2.0100394137e+21   1.9325399000e+18   9.8023422831e+61   2.2245872600e-24   5.1871390087e-14  -1.1619860638e-06   2.0000000000e-02 
  2.0119719536e+21   1.9325399000e+18   9.8212092189e+61   2.2245872600e-24   5.1871390087e-14  -1.1900339958e-06   2.0000000000e-02 
  2.0139044935e+21   1.9325399000e+18   9.8400942942e+61   2.2245872600e-24   5.1871390087e-14  -1.2406479866e-06   2.0000000000e-02 
  2.0158370334e+21   1.9325399000e+18   9.8589975090e+61   2.2245872600e-24   5.1871390087e-14  -1.2509298276e-06   2.0000000000e-02 
  2.0177695733e+21   1.9325399000e+18   9.8779188633e+61   2.2245872600e-24   5.1871390087e-14  -1.3054892591e-06   2.0000000000e-02 
  2.0197021132e+21   1.9325399000e+18   9.8968583570e+61   2.2245872600e-24   5.1871390087e-14  -1.6799335952e-06   2.0000000000e-02 
  2.0216346531e+21   1.9325399000e+18   9.9158159903e+61   2.2245872600e-24   5.1871390087e-14  -2.0745509917e-06   2.0000000000e-02 
  2.0235671930e+21   1.9325399000e+18   9.9347917631e+61   2.2245872600e-24   5.1871390087e-14  -2.0554176690e-06   2.0000000000e-02 
  2.0254997329e+21   1.9325399000e+18   9.9537856754e+61   2.2245872600e-24   5.1871390087e-14  -2.0379897870e-06   2.0000000000e-02 
  2.0274322728e+21   1.9325399000e+18   9.9727977272e+61   2.2245872600e-24   5.1871390087e-14  -2.0286069200e-06   2.0000000000e-02 
  2.0293648127e+21   1.9325399000e+18   9.9918279185e+61   2.2245872600e-24   5.1871390087e-14  -2.0352134315e-06   2.0000000000e-02 
  2.0312973526e+21   1.9325399000e+18   1.0010876249e+62   2.2245872600e-24   5.1871390087e-14  -2.0526185549e-06   2.0000000000e-02 
  2.0332298925e+21   1.9325399000e+18   1.0029942720e+62   2.2245872600e-24   5.1871390087e-14  -1.8202881752e-06   2.0000000000e-02 
  2.0351624324e+21   1.9325399000e+18   1.0049027329e+62   2.2245872600e-24   5.1871390087e-14  -1.6023209982e-06   2.0000000000e-02 
  2.0370949723e+21   1.9325399000e+18   1.0068130079e+62   2.2245872600e-24   5.1871390087e-14  -1.4898359423e-06   2.0000000000e-02 
  2.0390275122e+21   1.9325399000e+18   1.0087250967e+62   2.2245872600e-24   5.1871390087e-14  -1.6604773533e-06   2.0000000000e-02 
  2.0409600521e+21   1.9325399000e+18   1.0106389996e+62   2.2245872600e-24   5.1871390087e-14  -2.0524855704e-06   2.0000000000e-02 
  2.0428925920e+21   1.9325399000e+18   1.0125547163e+62   2.2245872600e-24   5.1871390087e-14  -2.0685245625e-06   2.0000000000e-02 
  2.0448251319e+21   1.9325399000e+18   1.0144722471e+62   2.2245872600e-24   5.1871390087e-14  -2.0437301016e-06   2.0000000000e-02 
  2.0467576718e+21   1.9325399000e+18   1.0163915917e+62   2.2245872600e-24   5.1871390087e-14  -2.0229668626e-06   2.0000000000e-02 
  2.0486902117e+21   1.9325399000e+18   1.0183127504e+62   2.2245872600e-24   5.1871390087e-14  -2.0105760203e-06   2.0000000000e-02 
  2.0506227516e+21   1.9325399000e+18   1.0202357229e+62   2.2245872600e-24   5.1871390087e-14  -2.0233140330e-06   2.0000000000e-02 
  2.0525552915e+21   1.9325399000e+18   1.0221605095e+62   2.2245872600e-24   5.1871390087e-14  -1.9940278979e-06   2.0000000000e-02 
  2.0544878314e+21   1.9325399000e+18   1.0240871099e+62   2.2245872600e-24   5.1871390087e-14  -1.7957100352e-06   2.0000000000e-02 
  2.0564203713e+21   1.9325399000e+18   1.0260155244e+62   2.2245872600e-24   5.1871390087e-14  -1.3938067726e-06   2.0000000000e-02 
  2.0583529112e+21   1.9325399000e+18   1.0279457527e+62   2.2245872600e-24   5.1871390087e-14  -1.1812260228e-06   2.0000000000e-02 
  2.0602854511e+21   1.9325399000e+18   1.0298777951e+62   2.2245872600e-24   5.1871390087e-14  -1.1795924973e-06   2.0000000000e-02 
  2.0622179910e+21   1.9325399000e+18   1.0318116513e+62   2.2245872600e-24   5.1871390087e-14  -1.1645231488e-06   2.0000000000e-02 
  2.0641505309e+21   1.9325399000e+18   1.0337473216e+62   2.2245872600e-24   5.1871390087e-14  -1.1236700660e-06   2.0000000000e-02 
  2.0660830708e+21   1.9325399000e+18   1.0356848057e+62   2.2245872600e-24   5.1871390087e-14  -1.0992495972e-06   2.0000000000e-02 
  2.0680156107e+21   1.9325399000e+18   1.0376241039e+62   2.2245872600e-24   5.1871390087e-14  -1.0601678411e-06   2.0000000000e-02 
  2.0699481506e+21   1.9325399000e+18   1.0395652159e+62   2.2245872600e-24   5.1871390087e-14  -1.0213441540e-06   2.0000000000e-02 
  2.0718806905e+21   1.9325399000e+18   1.0415081420e+62   2.2245872600e-24   5.1871390087e-14  -9.8413187939e-07   2.0000000000e-02 
  2.0738132304e+21   1.9325399000e+18   1.0434528819e+62   2.2245872600e-24   5.1871390087e-14  -8.4316893723e-07   2.0000000000e-02 
  2.0757457703e+21   1.9325399000e+18   1.0453994359e+62   2.2245872600e-24   5.1871390088e-14  -2.4698676188e-07   2.0000000000e-02 
  2.0776783102e+21   1.9325399000e+18   1.0473478037e+62   2.2245872600e-24   5.1871390088e-14   4.5890932944e-07   2.0000000000e-02 
  2.0796108501e+21   1.9325399000e+18   1.0492979856e+62   2.2245872600e-24   5.1871390088e-14   7.8287856357e-07   2.0000000000e-02 
  2.0815433900e+21   1.9325399000e+18   1.0512499813e+62   2.2245872600e-24   5.1871390088e-14   8.4444200219e-07   2.0000000000e-02 
  2.0834759299e+21   1.9325399000e+18   1.0532037911e+62   2.2245872600e-24   5.1871390087e-14   3.6170012124e-07   2.0000000000e-02 
  2.0854084698e+21   1.9325399000e+18   1.0551594147e+62   2.2245872600e-24   5.1871390088e-14  -5.2487856584e-07   2.0000000000e-02 
  2.0873410097e+21   1.9325399000e+18   1.0571168524e+62   2.2245872600e-24   5.1871390088e-14  -8.9196586592e-07   2.0000000000e-02 
  2.0892735496e+21   1.9325399000e+18   1.0590761039e+62   2.2245872600e-24   5.1871390088e-14  -9.9654479665e-07   2.0000000000e-02 
  2.0912060895e+21   1.9325399000e+18   1.0610371695e+62   2.2245872600e-24   5.1871390088e-14  -1.0264632146e-06   2.0000000000e-02 
  2.0931386294e+21   1.9325399000e+18   1.0630000489e+62   2.2245872600e-24   5.1871390088e-14  -1.0447908479e-06   2.0000000000e-02 
  2.0950711693e+21   1.9325399000e+18   1.0649647423e+62   2.2245872600e-24   5.1871390088e-14  -1.0667214225e-06   2.0000000000e-02 
  2.0970037092e+21   1.9325399000e+18   1.0669312497e+62   2.2245872600e-24   5.1871390088e-14  -1.0799499941e-06   2.0000000000e-02 
  2.0989362491e+21   1.9325399000e+18   1.0688995710e+62   2.2245872600e-24   5.1871390088e-14  -1.1021231329e-06   2.0000000000e-02 
  2.1008687890e+21   1.9325399000e+18   1.0708697063e+62   2.2245872600e-24   5.1871390088e-14  -1.1660189143e-06   2.0000000000e-02 
  2.1028013289e+21   1.9325399000e+18   1.0728416555e+62   2.2245872600e-24   5.1871390088e-14  -1.3925419232e-06   2.0000000000e-02 
  2.1047338688e+21   1.9325399000e+18   1.0748154187e+62   2.2245872600e-24   5.1871390088e-14  -1.7986861105e-06   2.0000000000e-02 
  2.1066664087e+21   1.9325399000e+18   1.0767909958e+62   2.2245872600e-24   5.1871390088e-14  -2.0551958166e-06   2.0000000000e-02 
  2.1085989486e+21   1.9325399000e+18   1.0787683869e+62   2.2245872600e-24   5.1871390088e-14  -2.0763105836e-06   2.0000000000e-02 
  2.1105314885e+21   1.9325399000e+18   1.0807475919e+62   2.2245872600e-24   5.1871390088e-14  -2.0927932648e-06   2.0000000000e-02 
  2.1124640284e+21   1.9325399000e+18   1.0827286109e+62   2.2245872600e-24   5.1871390088e-14  -2.1271223321e-06   2.0000000000e-02 
  2.1143965683e+21   1.9325399000e+18   1.0847114438e+62   2.2245872600e-24   5.1871390088e-14  -2.1574455744e-06   2.0000000000e-02 
  2.1163291082e+21   1.9325399000e+18   1.0866960907e+62   2.2245872600e-24   5.1871390088e-14  -2.1867226183e-06   2.0000000000e-02 
  2.1182616481e+21   1.9325399000e+18   1.0886825515e+62   2.2245872600e-24   5.1871390088e-14  -2.4458205462e-06   2.0000000000e-02 
  2.1201941880e+21   1.9325399000e+18   1.0906708263e+62   2.2245872600e-24   5.1871390088e-14  -2.6683466442e-06   2.0000000000e-02 
  2.1221267279e+21   1.9325399000e+18   1.0926609150e+62   2.2245872600e-24   5.1871390088e-14  -2.4681952132e-06   2.0000000000e-02 
  2.1240592678e+21   1.9325399000e+18   1.0946528177e+62   2.2245872600e-24   5.1871390088e-14  -2.2301420593e-06   2.0000000000e-02 
  2.1259918077e+21   1.9325399000e+18   1.0966465343e+62   2.2245872600e-24   5.1871390088e-14  -2.1308298928e-06   2.0000000000e-02 
  2.1279243476e+21   1.9325399000e+18   1.0986420648e+62   2.2245872600e-24   5.1871390088e-14  -2.1122733365e-06   2.0000000000e-02 
  2.1298568875e+21   1.9325399000e+18   1.1006394094e+62   2.2245872600e-24   5.1871390088e-14  -2.0918780744e-06   2.0000000000e-02 
  2.1317894274e+21   1.9325399000e+18   1.1026385678e+62   2.2245872600e-24   5.1871390088e-14  -2.0662689608e-06   2.0000000000e-02 
  2.1337219673e+21   1.9325399000e+18   1.1046395402e+62   2.2245872600e-24   5.1871390088e-14  -2.0344837994e-06   2.0000000000e-02 
  2.1356545072e+21   1.9325399000e+18   1.1066423266e+62   2.2245872600e-24   5.1871390088e-14  -2.0064035008e-06   2.0000000000e-02 
  2.1375870471e+21   1.9325399000e+18   1.1086469269e+62   2.2245872600e-24   5.1871390088e-14  -1.9650461158e-06   2.0000000000e-02 
  2.1395195870e+21   1.9325399000e+18   1.1106533412e+62   2.2245872600e-24   5.1871390088e-14  -1.9039555303e-06   2.0000000000e-02 
  2.1414521269e+21   1.9325399000e+18   1.1126615694e+62   2.2245872600e-24   5.1871390088e-14  -1.7221756519e-06   2.0000000000e-02 
  2.1433846668e+21   1.9325399000e+18   1.1146716116e+62   2.2245872600e-24   5.1871390088e-14  -1.2843159029e-06   2.0000000000e-02 
  2.1453172067e+21   1.9325399000e+18   1.1166834677e+62   2.2245872600e-24   5.1871390088e-14  -6.9937851441e-07   2.0000000000e-02 
  2.1472497466e+21   1.9325399000e+18   1.1186971378e+62   2.2245872600e-24   5.1871390088e-14   2.5387307040e-07   2.0000000000e-02 
  2.1491822865e+21   1.9325399000e+18   1.1207126218e+62   2.2245872600e-24   5.1871390088e-14   1.4578236957e-06   2.0000000000e-02 
  2.1511148264e+21   1.9325399000e+18   1.1227299198e+62   2.2245872600e-24   5.1871390088e-14   1.8779369144e-06   2.0000000000e-02 
  2.1530473663e+21   1.9325399000e+18   1.1247490317e+62   2.2245872600e-24   5.1871390088e-14   1.9488253962e-06   2.0000000000e-02 
  2.1549799062e+21   1.9325399000e+18   1.1267699575e+62   2.2245872600e-24   5.1871390088e-14   1.9983354845e-06   2.0000000000e-02 
  2.1569124461e+21   1.9325399000e+18   1.1287926974e+62   2.2245872600e-24   5.1871390088e-14   2.0307388225e-06   2.0000000000e-02 
  2.1588449860e+21   1.9325399000e+18   1.1308172511e+62   2.2245872600e-24   5.1871390088e-14   2.0712059891e-06   2.0000000000e-02 
  2.1607775259e+21   1.9325399000e+18   1.1328436188e+62   2.2245872600e-24   5.1871390088e-14   2.2812833173e-06   2.0000000000e-02 
  2.1627100658e+21   1.9325399000e+18   1.1348718005e+62   2.2245872600e-24   5.1871390088e-14   2.6969085151e-06   2.0000000000e-02 
  2.1646426057e+21   1.9325399000e+18   1.1369017961e+62   2.2245872600e-24   5.1871390088e-14   3.0421684043e-06   2.0000000000e-02 
  2.1665751456e+21   1.9325399000e+18   1.1389336057e+62   2.2245872600e-24   5.1871390087e-14   3.6760091769e-06   2.0000000000e-02 
  2.1685076855e+21   1.9325399000e+18   1.1409672292e+62   2.2245872600e-24   5.1871390087e-14   4.5133172996e-06   2.0000000000e-02 
  2.1704402254e+21   1.9325399000e+18   1.1430026667e+62   2.2245872600e-24   5.1871390087e-14   4.9964937449e-06   2.0000000000e-02 
  2.1723727653e+21   1.9325399000e+18   1.1450399181e+62   2.2245872600e-24   5.1871390087e-14   5.4315946301e-06   2.0000000000e-02 
  2.1743053052e+21   1.9325399000e+18   1.1470789834e+62   2.2245872600e-24   5.1871390087e-14   5.7650667576e-06   2.0000000000e-02 
  2.1762378451e+21   1.9325399000e+18   1.1491198628e+62   2.2245872600e-24   5.1871390087e-14   5.7678054024e-06   2.0000000000e-02 
  2.1781703850e+21   1.9325399000e+18   1.1511625560e+62   2.2245872600e-24   5.1871390087e-14   5.5220024904e-06   2.0000000000e-02 
  2.1801029249e+21   1.9325399000e+18   1.1532070632e+62   2.2245872600e-24   5.1871390087e-14   5.1792176870e-06   2.0000000000e-02 
  2.1820354648e+21   1.9325399000e+18   1.1552533844e+62   2.2245872600e-24   5.1871390087e-14   4.7963891198e-06   2.0000000000e-02 
  2.1839680047e+21   1.9325399000e+18   1.1573015195e+62   2.2245872600e-24   5.1871390087e-14   4.0533465232e-06   2.0000000000e-02 
  2.1859005446e+21   1.9325399000e+18   1.1593514686e+62   2.2245872600e-24   5.1871390087e-14   3.2262013494e-06   2.0000000000e-02 
  2.1878330845e+21   1.9325399000e+18   1.1614032316e+62   2.2245872600e-24   5.1871390087e-14   2.7897978502e-06   2.0000000000e-02 
  2.1897656244e+21   1.9325399000e+18   1.1634568085e+62   2.2245872600e-24   5.1871390087e-14   2.3604481655e-06   2.0000000000e-02 
  2.1916981643e+21   1.9325399000e+18   1.1655121995e+62   2.2245872600e-24   5.1871390087e-14   2.0455664051e-06   2.0000000000e-02 
  2.1936307042e+21   1.9325399000e+18   1.1675694043e+62   2.2245872600e-24   5.1871390087e-14   1.9505478054e-06   2.0000000000e-02 
  2.1955632441e+21   1.9325399000e+18   1.1696284231e+62   2.2245872600e-24   5.1871390087e-14   1.8969872784e-06   2.0000000000e-02 
  2.1974957840e+21   1.9325399000e+18   1.1716892559e+62   2.2245872600e-24   5.1871390087e-14   1.8464361888e-06   2.0000000000e-02 
  2.1994283239e+21   1.9325399000e+18   1.1737519026e+62   2.2245872600e-24   5.1871390087e-14   1.7697879852e-06   2.0000000000e-02 
  2.2013608638e+21   1.9325399000e+18   1.1758163633e+62   2.2245872600e-24   5.1871390087e-14   1.3565760090e-06   2.0000000000e-02 
  2.2032934037e+21   1.9325399000e+18   1.1778826379e+62   2.2245872600e-24   5.1871390087e-14   5.4569394053e-07   2.0000000000e-02 
  2.2052259436e+21   1.9325399000e+18   1.1799507264e+62   2.2245872600e-24   5.1871390086e-14  -3.3005230197e-07   2.0000000000e-02 
  2.2071584835e+21   1.9325399000e+18   1.1820206290e+62   2.2245872600e-24   5.1871390086e-14  -8.7077318546e-07   2.0000000000e-02 
  2.2090910234e+21   1.9325399000e+18   1.1840923454e+62   2.2245872600e-24   5.1871390086e-14  -1.1282481412e-06   2.0000000000e-02 
  2.2110235633e+21   1.9325399000e+18   1.1861658758e+62   2.2245872600e-24   5.1871390086e-14  -1.4893747821e-06   2.0000000000e-02 
  2.2129561032e+21   1.9325399000e+18   1.1882412202e+62   2.2245872600e-24   5.1871390086e-14  -1.6806505221e-06   2.0000000000e-02 
  2.2148886431e+21   1.9325399000e+18   1.1903183785e+62   2.2245872600e-24   5.1871390086e-14  -1.7022295715e-06   2.0000000000e-02 
  2.2168211830e+21   1.9325399000e+18   1.1923973508e+62   2.2245872600e-24   5.1871390086e-14  -1.6868536421e-06   2.0000000000e-02 
  2.2187537229e+21   1.9325399000e+18   1.1944781370e+62   2.2245872600e-24   5.1871390086e-14  -1.6860732729e-06   2.0000000000e-02 
  2.2206862628e+21   1.9325399000e+18   1.1965607371e+62   2.2245872600e-24   5.1871390086e-14  -1.6845303479e-06   2.0000000000e-02 
  2.2226188027e+21   1.9325399000e+18   1.1986451512e+62   2.2245872600e-24   5.1871390086e-14  -1.6867822971e-06   2.0000000000e-02 
  2.2245513426e+21   1.9325399000e+18   1.2007313793e+62   2.2245872600e-24   5.1871390086e-14  -1.6865627723e-06   2.0000000000e-02 
  2.2264838825e+21   1.9325399000e+18   1.2028194213e+62   2.2245872600e-24   5.1871390086e-14  -1.6828160844e-06   2.0000000000e-02 
  2.2284164224e+21   1.9325399000e+18   1.2049092773e+62   2.2245872600e-24   5.1871390086e-14  -1.6839498547e-06   2.0000000000e-02 
  2.2303489623e+21   1.9325399000e+18   1.2070009472e+62   2.2245872600e-24   5.1871390086e-14  -1.6609230983e-06   2.0000000000e-02 
  2.2322815022e+21   1.9325399000e+18   1.2090944310e+62   2.2245872600e-24   5.1871390086e-14  -1.5900383641e-06   2.0000000000e-02 
  2.2342140421e+21   1.9325399000e+18   1.2111897288e+62   2.2245872600e-24   5.1871390086e-14  -1.2845458877e-06   2.0000000000e-02 
  2.2361465820e+21   1.9325399000e+18   1.2132868406e+62   2.2245872600e-24   5.1871390086e-14  -1.0035116220e-06   2.0000000000e-02 
  2.2380791219e+21   1.9325399000e+18   1.2153857663e+62   2.2245872600e-24   5.1871390086e-14  -9.4062157789e-07   2.0000000000e-02 
  2.2400116618e+21   1.9325399000e+18   1.2174865060e+62   2.2245872600e-24   5.1871390086e-14  -9.0734339324e-07   2.0000000000e-02 
  2.2419442017e+21   1.9325399000e+18   1.2195890596e+62   2.2245872600e-24   5.1871390086e-14  -8.0368897720e-07   2.0000000000e-02 
  2.2438767416e+21   1.9325399000e+18   1.2216934271e+62   2.2245872600e-24   5.1871390086e-14  -3.9577880279e-07   2.0000000000e-02 
  2.2458092815e+21   1.9325399000e+18   1.2237996086e+62   2.2245872600e-24   5.1871390086e-14   0.0000000000e+00   2.0000000000e-02 
