# time = 2.392383e+15 [s] 
# r                  dr                 dV                 Density            Pressure           Velocity           Z
  2.1304517832e+18   2.1304517832e+18   4.0504543152e+55   3.0548019912e-31   4.2733430643e-14   0.0000000000e+00   9.9248591688e-02 
  2.8201818258e+18   6.8973004256e+17   5.3450465715e+55   3.0548019912e-31   4.2733430643e-14  -2.7298016805e+04   9.9248591688e-02 
  3.7800889750e+18   9.5990714918e+17   1.3229816292e+56   3.0550124446e-31   4.2732973441e-14  -5.0519132064e+04   9.9248591688e-02 
  4.7552865220e+18   9.7519754700e+17   2.2416787814e+56   3.0557537845e-31   4.2733104974e-14  -7.8870964150e+04   9.9248591688e-02 
  5.3012989183e+18   5.4601239635e+17   1.7365208610e+56   3.0568566974e-31   4.2733118256e-14  -9.8261954402e+04   9.9248591688e-02 
  5.7725958487e+18   4.7129693037e+17   1.8168011681e+56   3.0583058469e-31   4.2733102219e-14  -1.1038951168e+05   9.9248591688e-02 
  6.5369676824e+18   7.6437183370e+17   3.6433231587e+56   3.0611735385e-31   4.2733075264e-14  -1.2464496182e+05   9.9248591688e-02 
  7.2477477015e+18   7.1078001909e+17   4.2468352278e+56   3.0655278854e-31   4.2733042015e-14  -1.4130142219e+05   9.9248591688e-02 
  8.1865692321e+18   9.3882153057e+17   7.0346586493e+56   3.0716349057e-31   4.2732998587e-14  -1.5951844996e+05   9.9248591688e-02 
  9.1109309536e+18   9.2436172158e+17   8.6970451768e+56   3.0797211522e-31   4.2732942967e-14  -1.7982836100e+05   9.9248591688e-02 
  1.0256565217e+19   1.1456342629e+18   1.3516027359e+57   3.0901952796e-31   4.2732870529e-14  -2.0216126331e+05   9.9248591688e-02 
  1.1450690581e+19   1.1941253644e+18   1.7694875153e+57   3.1035766354e-31   4.2732777501e-14  -2.2725105709e+05   9.9248591688e-02 
  1.2854863119e+19   1.4041725385e+18   2.6089411320e+57   3.1203001707e-31   4.2732660728e-14  -2.5498501040e+05   9.9248591688e-02 
  1.4364112277e+19   1.5092491576e+18   3.5164076513e+57   3.1410901228e-31   4.2732515101e-14  -2.8599245113e+05   9.9248591688e-02 
  1.6083408443e+19   1.7192961659e+18   5.0126315824e+57   3.1665266014e-31   4.2732334999e-14  -3.2028439703e+05   9.9248591688e-02 
  1.8010451595e+19   1.9270431520e+18   7.0445928080e+57   3.1979645837e-31   4.2732105781e-14  -3.5896302783e+05   9.9248591688e-02 
  2.0154213939e+19   2.1437623440e+18   9.8198749589e+57   3.2361275427e-31   4.2731814854e-14  -4.0209510947e+05   9.9248591688e-02 
  2.2567288733e+19   2.4130747946e+18   1.3850814469e+58   3.2823365575e-31   4.2731444363e-14  -4.5032258604e+05   9.9248591688e-02 
  2.5185613586e+19   2.6183248528e+18   1.8776210649e+58   3.3372378112e-31   4.2731000168e-14  -5.0351151220e+05   9.9248591688e-02 
  2.8151541349e+19   2.9659277627e+18   2.6534905135e+58   3.4026602621e-31   4.2730411410e-14  -5.6248480569e+05   9.9248591688e-02 
  3.1342111115e+19   3.1905697661e+18   3.5512032772e+58   3.4797989845e-31   4.2729741606e-14  -6.2760114844e+05   9.9248591688e-02 
  3.5023167276e+19   3.6810561608e+18   5.0985807766e+58   3.5718556562e-31   4.2728884368e-14  -7.0024561573e+05   9.9248591688e-02 
  3.8927271079e+19   3.9041038033e+18   6.7136087648e+58   3.6800567564e-31   4.2727783257e-14  -7.8028725866e+05   9.9248591688e-02 
  4.3335502128e+19   4.4082310492e+18   9.3807253366e+58   3.8064236593e-31   4.2726358962e-14  -8.6789812118e+05   9.9248591688e-02 
  4.8006485636e+19   4.6709835080e+18   1.2253990014e+59   3.9530689314e-31   4.2724533788e-14  -9.6342580368e+05   9.9248591688e-02 
  5.3312555398e+19   5.3060697614e+18   1.7127809395e+59   4.1244283718e-31   4.2722210511e-14  -1.0681620870e+06   9.9248591688e-02 
  5.8553022440e+19   5.2404670418e+18   2.0617233329e+59   4.3164661786e-31   4.2719416634e-14  -1.1785900120e+06   9.9248591688e-02 
  6.6266241805e+19   7.7132193650e+18   3.7800822064e+59   4.5677491968e-31   4.2715415683e-14  -1.3140839367e+06   9.9248591688e-02 
  7.7653914236e+19   1.1387672431e+19   7.4256328761e+59   4.9565401479e-31   4.2708264013e-14  -1.5134703488e+06   9.9248591688e-02 
  8.2038222674e+19   4.3843084379e+18   3.5133963163e+59   5.2902634066e-31   4.2701646977e-14  -1.6766131172e+06   9.9248591688e-02 
  8.6004578515e+19   3.9663558410e+18   3.5193463942e+59   5.4864215332e-31   4.2697594345e-14  -1.7623440733e+06   9.9248591688e-02 
  9.0108641718e+19   4.1040632030e+18   3.9996909717e+59   5.6991431457e-31   4.2693306461e-14  -1.8454709461e+06   9.9248591688e-02 
  9.4436683993e+19   4.3280422754e+18   4.6315577334e+59   5.9475662638e-31   4.2688406107e-14  -1.9318741147e+06   9.9248591688e-02 
  9.8449006165e+19   4.0123221716e+18   4.6903831919e+59   6.2204954091e-31   4.2683143314e-14  -2.0167785462e+06   9.9248591688e-02 
  1.0353275939e+20   5.0837532213e+18   6.5170395997e+59   6.5529095203e-31   4.2676787666e-14  -2.1089185885e+06   9.9248591688e-02 
  1.0847948496e+20   4.9467255714e+18   6.9866402160e+59   6.9527186538e-31   4.2668946453e-14  -2.2101972356e+06   9.9248591688e-02 
  1.1323771933e+20   4.7582343716e+18   7.3495569395e+59   7.3760651222e-31   4.2660362185e-14  -2.3078210865e+06   9.9248591688e-02 
  1.1780309500e+20   4.5653756711e+18   7.6570296206e+59   7.8233950729e-31   4.2651185074e-14  -2.4019182299e+06   9.9248591688e-02 
  1.2339661278e+20   5.5935177750e+18   1.0225070159e+60   8.3624140383e-31   4.2639962055e-14  -2.5052414162e+06   9.9248591688e-02 
  1.2899312466e+20   5.5965118894e+18   1.1201646437e+60   9.0092603127e-31   4.2626147409e-14  -2.6201928400e+06   9.9248591688e-02 
  1.3434497405e+20   5.3518493846e+18   1.1661137994e+60   9.7007043024e-31   4.2610930163e-14  -2.7339468049e+06   9.9248591688e-02 
  1.3968361313e+20   5.3386390793e+18   1.2595839531e+60   1.0442741045e-30   4.2594270629e-14  -2.8474263289e+06   9.9248591688e-02 
  1.4598868868e+20   6.3050755544e+18   1.6167651886e+60   1.1333476171e-30   4.2573784796e-14  -2.9754284246e+06   9.9248591688e-02 
  1.5228237506e+20   6.2936863784e+18   1.7593071428e+60   1.2384737567e-30   4.2548504623e-14  -3.1190064188e+06   9.9248591688e-02 
  1.5827189346e+20   5.9895184021e+18   1.8149749155e+60   1.3506892133e-30   4.2520233328e-14  -3.2652382317e+06   9.9248591688e-02 
  1.6470299564e+20   6.4311021800e+18   2.1078038446e+60   1.4757884365e-30   4.2486742741e-14  -3.4208677765e+06   9.9248591688e-02 
  1.7200516203e+20   7.3021663855e+18   2.6012192243e+60   1.6278070967e-30   4.2442460674e-14  -3.6034605564e+06   9.9248591688e-02 
  1.7909999187e+20   7.0948298399e+18   2.7480547013e+60   1.8017082225e-30   4.2386006298e-14  -3.8047853514e+06   9.9248591688e-02 
  1.8529167719e+20   6.1916853169e+18   2.5830774141e+60   1.9778863900e-30   4.2322526837e-14  -3.9974438049e+06   9.9248591688e-02 
  1.9345758602e+20   8.1659088346e+18   3.6806564339e+60   2.1906186214e-30   4.2239380930e-14  -4.2194033506e+06   9.9248591688e-02 
  2.0334815881e+20   9.8905727903e+18   4.8934724604e+60   2.4832887328e-30   4.2112305636e-14  -4.5062829988e+06   9.9248591688e-02 
  2.1329935551e+20   9.9511967037e+18   5.4280688351e+60   2.8311456656e-30   4.1952255061e-14  -4.8162644832e+06   9.9248591688e-02 
  2.2238553733e+20   9.0861818148e+18   5.4192508674e+60   3.1943038258e-30   4.1786493751e-14  -5.0966342001e+06   9.9248591688e-02 
  2.3366946329e+20   1.1283925962e+19   7.3745098377e+60   3.6260805263e-30   4.1601379162e-14  -5.3777241942e+06   9.9248591688e-02 
  2.4341464378e+20   9.7451804928e+18   6.9693143946e+60   4.1078760704e-30   4.1414986377e-14  -5.6416835104e+06   9.9248591688e-02 
  2.5792620532e+20   1.4511561538e+19   1.1461764426e+61   4.7244217293e-30   4.1191446011e-14  -5.9446101318e+06   9.9248591688e-02 
  2.6805989716e+20   1.0133691843e+19   8.8088626007e+60   5.4167348404e-30   4.1014804947e-14  -6.1588352323e+06   9.9248591688e-02 
  2.7713134114e+20   9.0714439778e+18   8.4715739900e+60   6.0036457251e-30   4.0894101690e-14  -6.3166341808e+06   9.9248591688e-02 
  2.9576299652e+20   1.8631655374e+19   1.9217790850e+61   6.8223529780e-30   4.0771329637e-14  -6.5218901577e+06   9.9248591688e-02 
  3.0899421868e+20   1.3231222166e+19   1.5204818516e+61   7.6962715446e-30   4.0724870868e-14  -6.6645107872e+06   9.9248591688e-02 
  3.2246491596e+20   1.3470697273e+19   1.6877041726e+61   8.3226783966e-30   4.0759091642e-14  -6.7879158087e+06   9.9248591688e-02 
  3.4030850931e+20   1.7843593351e+19   2.4630162650e+61   8.9349382978e-30   4.0900495140e-14  -6.9215487767e+06   9.9248591688e-02 
  3.5401332280e+20   1.3704813491e+19   2.0758742530e+61   9.4818313974e-30   4.1162370061e-14  -7.0695238672e+06   9.9248591688e-02 
  3.6919923785e+20   1.5185915056e+19   2.4956666938e+61   9.8866395904e-30   4.1531241768e-14  -7.2251245149e+06   9.9248591688e-02 
  3.8546214181e+20   1.6262903953e+19   2.9101772665e+61   1.0242621622e-29   4.2061070887e-14  -7.4549641243e+06   9.9248591688e-02 
  4.0367381975e+20   1.8211677948e+19   3.5635314696e+61   1.0559115864e-29   4.2671858071e-14  -7.7078379538e+06   9.9248591688e-02 
  4.1881106223e+20   1.5137242473e+19   3.2173737924e+61   1.0796442717e-29   4.3211315470e-14  -7.9273004805e+06   9.9248591688e-02 
  4.3582117415e+20   1.7010111926e+19   3.9036684859e+61   1.0962915320e-29   4.3650273851e-14  -8.1281774867e+06   9.9248591688e-02 
  4.5099197156e+20   1.5170797410e+19   3.7485636531e+61   1.1089036715e-29   4.4038903690e-14  -8.3047874347e+06   9.9248591688e-02 
  4.5913885755e+20   8.1468859864e+18   2.1201215562e+61   1.1154101623e-29   4.4302784584e-14  -8.4020257510e+06   9.9248591688e-02 
  4.6706206067e+20   7.9232031238e+18   2.1353627907e+61   1.1172115999e-29   4.4477885700e-14  -8.4509139779e+06   9.9248591688e-02 
  4.8320164226e+20   1.6139581590e+19   4.5790162428e+61   1.1169383595e-29   4.4734097585e-14  -8.5095815937e+06   9.9248591688e-02 
  4.9673563536e+20   1.3533993096e+19   4.0831938025e+61   1.1152307864e-29   4.5053924467e-14  -8.5669390615e+06   9.9248591688e-02 
  5.0567778733e+20   8.9421519691e+18   2.8229109974e+61   1.1129719273e-29   4.5301234370e-14  -8.5968109576e+06   9.9248591688e-02 
  5.1311847454e+20   7.4406872072e+18   2.4263046354e+61   1.1106445735e-29   4.5486112953e-14  -8.6138507074e+06   9.9248591687e-02 
  5.1920621291e+20   6.0877383723e+18   2.0381845894e+61   1.1086006078e-29   4.5641932135e-14  -8.6261538010e+06   9.9248591685e-02 
  5.3505721728e+20   1.5851004373e+19   5.5352554281e+61   1.1059792478e-29   4.5902591203e-14  -8.6437627151e+06   9.9248591677e-02 
  5.4518684111e+20   1.0129623832e+19   3.7136390711e+61   1.1033150527e-29   4.6219438570e-14  -8.6661525949e+06   9.9248591650e-02 
  5.4774715346e+20   2.5603123438e+18   9.6079666312e+60   1.1020809313e-29   4.6378580901e-14  -8.6802697100e+06   9.9248591592e-02 
  5.4973390620e+20   1.9867527386e+18   7.5177561618e+60   1.1015199093e-29   4.6436170399e-14  -8.6847325559e+06   9.9248590949e-02 
  5.5729439573e+20   7.5604895338e+18   2.9108779041e+61   1.0999767722e-29   4.6558573524e-14  -8.6934677772e+06   9.9248589015e-02 
  5.6418941030e+20   6.8950145749e+18   2.7244356024e+61   1.0975327469e-29   4.6745990164e-14  -8.7065747968e+06   9.9248580829e-02 
  5.7138480710e+20   7.1953967902e+18   2.9150196057e+61   1.0947562321e-29   4.6931264145e-14  -8.7197649855e+06   9.9248546081e-02 
  5.8685471141e+20   1.5469904311e+19   6.5201874551e+61   1.0892528085e-29   4.7235101346e-14  -8.7416169617e+06   9.9248439923e-02 
  5.9938621356e+20   1.2531502149e+19   5.5400663611e+61   1.0813460369e-29   4.7621553428e-14  -8.7737067391e+06   9.9248188079e-02 
  6.1113344639e+20   1.1747232837e+19   5.4080758811e+61   1.0726851289e-29   4.7964055043e-14  -8.8034322732e+06   9.9247971980e-02 
  6.2650275056e+20   1.5369304163e+19   7.3962640546e+61   1.0595966260e-29   4.8341246601e-14  -8.8237311650e+06   9.9247183597e-02 
  6.4046068621e+20   1.3957935657e+19   7.0390945399e+61   1.0421079723e-29   4.8744631178e-14  -8.8287885676e+06   9.9245202263e-02 
  6.5396905939e+20   1.3508373175e+19   7.1109177688e+61   1.0204866263e-29   4.9097597789e-14  -8.8303967447e+06   9.9239946945e-02 
  6.6695464218e+20   1.2985582798e+19   7.1183735441e+61   9.9479917102e-30   4.9414555060e-14  -8.8038844198e+06   9.9227418058e-02 
  6.8169175600e+20   1.4737113817e+19   8.4212350546e+61   9.6061910279e-30   4.9703720809e-14  -8.7425500986e+06   9.9169606672e-02 
  6.9413426804e+20   1.2442512035e+19   7.3994053963e+61   9.2204385704e-30   4.9950299993e-14  -8.6551745457e+06   9.8905003908e-02 
  7.0120910284e+20   7.0748348060e+18   4.3274502617e+61   8.8868823323e-30   5.0103272262e-14  -8.5778513194e+06   9.8447039846e-02 
  7.0726429438e+20   6.0551915404e+18   3.7737900141e+61   8.6175575280e-30   5.0195604952e-14  -8.5166640031e+06   9.7534882656e-02 
  7.1568022230e+20   8.4159279191e+18   5.3534392249e+61   8.2476180229e-30   5.0290584518e-14  -8.4435763778e+06   9.6952715918e-02 
  7.1893805651e+20   3.2578342097e+18   2.1064556442e+61   7.9365510221e-30   5.0362377080e-14  -8.3830626736e+06   9.6691789853e-02 
  7.2044153363e+20   1.5034771157e+18   9.7858269897e+60   7.7779141846e-30   5.0389561282e-14  -8.3575494716e+06   9.6611977175e-02 
  7.2276605128e+20   2.3245176491e+18   1.5210402324e+61   7.6710199546e-30   5.0410803389e-14  -8.3363549025e+06   9.6587004027e-02 
  7.2892043247e+20   6.1543811949e+18   4.0745770386e+61   7.5032960870e-30   5.0456938120e-14  -8.2861540750e+06   9.6583280163e-02 
  7.3383268575e+20   4.9122532832e+18   3.3019791154e+61   7.3303257053e-30   5.0513230086e-14  -8.2231932565e+06   9.6581837306e-02 
  7.3733718208e+20   3.5044963234e+18   2.3828787550e+61   7.2102312875e-30   5.0554938317e-14  -8.1733890583e+06   9.6581691055e-02 
  7.4057220384e+20   3.2350217664e+18   2.2198487667e+61   7.1407335045e-30   5.0586481846e-14  -8.1319029133e+06   9.6581672347e-02 
  7.4410027797e+20   3.5280741292e+18   2.4431476263e+61   7.0991934255e-30   5.0617395913e-14  -8.0891823819e+06   9.6581671459e-02 
  7.4713035072e+20   3.0300727508e+18   2.1168649716e+61   7.0806612535e-30   5.0646612974e-14  -8.0467725522e+06   9.6581671423e-02 
  7.5933550501e+20   1.2205154287e+19   8.7020431857e+61   7.0654173381e-30   5.0711268627e-14  -7.9466419854e+06   9.6581671420e-02 
  7.7107636917e+20   1.1740864154e+19   8.6392314499e+61   7.0624895108e-30   5.0808057463e-14  -7.7916764406e+06   9.6581671417e-02 
  7.7525267349e+20   4.1763043244e+18   3.1372338479e+61   7.0673572134e-30   5.0868568881e-14  -7.6884694111e+06   9.6581671415e-02 
  7.7808763889e+20   2.8349654033e+18   2.1489749084e+61   7.0810200252e-30   5.0894202779e-14  -7.6428122833e+06   9.6581671414e-02 
  7.8080655889e+20   2.7189199936e+18   2.0757737833e+61   7.0986856272e-30   5.0914370869e-14  -7.6066004222e+06   9.6581671410e-02 
  7.8346917087e+20   2.6626119791e+18   2.0468442061e+61   7.1297062400e-30   5.0933873014e-14  -7.5714353857e+06   9.6581671383e-02 
  7.9383043379e+20   1.0361262925e+19   8.0983623132e+61   7.2267136237e-30   5.0981843250e-14  -7.4855288307e+06   9.6581671284e-02 
  8.0042767090e+20   6.5972371056e+18   5.2678295187e+61   7.3720916928e-30   5.1045918286e-14  -7.3732996279e+06   9.6581670780e-02 
  8.0304601500e+20   2.6183441070e+18   2.1149526797e+61   7.4552667089e-30   5.1082464502e-14  -7.3131794089e+06   9.6581669420e-02 
  8.0644020372e+20   3.3941887172e+18   2.7622375623e+61   7.5129454786e-30   5.1106408549e-14  -7.2726019416e+06   9.6581654738e-02 
  8.1264241163e+20   6.2022079056e+18   5.1078288470e+61   7.5690179184e-30   5.1146648110e-14  -7.2097042860e+06   9.6581609667e-02 
  8.1877870916e+20   6.1362975331e+18   5.1308638548e+61   7.6220838021e-30   5.1200246778e-14  -7.1297122293e+06   9.6581181701e-02 
  8.2698055301e+20   8.2018438510e+18   6.9790704258e+61   7.6635593387e-30   5.1265106786e-14  -7.0407938352e+06   9.6579943324e-02 
  8.4505957313e+20   1.8079020116e+19   1.5879436105e+62   7.7128136897e-30   5.1388842621e-14  -6.8889186278e+06   9.6577071761e-02 
  8.5900997898e+20   1.3950405853e+19   1.2726853661e+62   7.7587462775e-30   5.1549198507e-14  -6.7166221419e+06   9.6571150512e-02 
  8.7151115847e+20   1.2501179496e+19   1.1761487055e+62   7.7847106072e-30   5.1694301686e-14  -6.5870868216e+06   9.6558115644e-02 
  8.8279486328e+20   1.1283704802e+19   1.0909837597e+62   7.7961050866e-30   5.1834475001e-14  -6.4753277666e+06   9.6529202609e-02 
  8.9380627430e+20   1.1011411019e+19   1.0918884682e+62   7.7951557117e-30   5.1973258239e-14  -6.3749422490e+06   9.6476566825e-02 
  9.0837974982e+20   1.4573475521e+19   1.4870367779e+62   7.7827821471e-30   5.2140192326e-14  -6.2674670134e+06   9.6243244287e-02 
  9.1893176543e+20   1.0552015618e+19   1.1069176373e+62   7.7577652261e-30   5.2309066259e-14  -6.1698805452e+06   9.5340873109e-02 
  9.2726540248e+20   8.3336370487e+18   8.9236713055e+61   7.7222975928e-30   5.2439396386e-14  -6.0994632021e+06   9.1638807552e-02 
  9.3149251195e+20   4.2271094632e+18   4.5881729176e+61   7.6836549812e-30   5.2523430317e-14  -6.0538049913e+06   8.7646561424e-02 
  9.3781266260e+20   6.3201506565e+18   6.9380811436e+61   7.6264748941e-30   5.2596494057e-14  -6.0125283508e+06   8.1254673785e-02 
  9.4016213845e+20   2.3494758502e+18   2.6031584620e+61   7.5737373268e-30   5.2653327151e-14  -5.9782300735e+06   7.6175235130e-02 
  9.4272121061e+20   2.5590721540e+18   2.8502273357e+61   7.5146488239e-30   5.2684195697e-14  -5.9569633679e+06   7.3735272122e-02 
  9.4783795343e+20   5.1167428249e+18   5.7454634760e+61   7.4059026065e-30   5.2730704774e-14  -5.9207029848e+06   7.3482247068e-02 
  9.5141354624e+20   3.5755928129e+18   4.0519436538e+61   7.2976640975e-30   5.2782248481e-14  -5.8776200340e+06   7.3353374217e-02 
  9.5460274554e+20   3.1891992910e+18   3.6398639736e+61   7.2200853568e-30   5.2819936778e-14  -5.8426591695e+06   7.3316990264e-02 
  9.5897415493e+20   4.3714093955e+18   5.0287951999e+61   7.1628746949e-30   5.2860354967e-14  -5.8026322740e+06   7.3313679859e-02 
  9.6375590763e+20   4.7817527006e+18   5.5535989381e+61   7.1061631690e-30   5.2908401881e-14  -5.7523557370e+06   7.3313052700e-02 
  9.6812136300e+20   4.3654553681e+18   5.1184590138e+61   7.0677786840e-30   5.2956066849e-14  -5.7002255237e+06   7.3313013538e-02 
  9.7802652988e+20   9.9051668842e+18   1.1786018011e+62   7.0276363504e-30   5.3029283637e-14  -5.6182458774e+06   7.3313012185e-02 
  9.8577649345e+20   7.7499635688e+18   9.3896117890e+61   6.9912644093e-30   5.3118191321e-14  -5.5169607223e+06   7.3313011799e-02 
  9.9065475477e+20   4.8782613211e+18   5.9865861834e+61   6.9741951949e-30   5.3180996293e-14  -5.4430807184e+06   7.3313011750e-02 
  1.0030810878e+21   1.2426333038e+19   1.5517927489e+62   6.9657292683e-30   5.3263644213e-14  -5.3362250937e+06   7.3313011700e-02 
  1.0129334767e+21   9.8523888539e+18   1.2580045300e+62   6.9616872588e-30   5.3365407616e-14  -5.1906667411e+06   7.3313011495e-02 
  1.0256888686e+21   1.2755391888e+19   1.6654166663e+62   6.9635524073e-30   5.3455405191e-14  -5.0248455859e+06   7.3313010532e-02 
  1.0344518602e+21   8.7629916570e+18   1.1684191504e+62   6.9697119142e-30   5.3528511854e-14  -4.8502931158e+06   7.3313006429e-02 
  1.0427596749e+21   8.3078146540e+18   1.1261608841e+62   6.9788193100e-30   5.3573640809e-14  -4.6944607160e+06   7.3312953288e-02 
  1.0589196190e+21   1.6159944134e+19   2.2424934200e+62   6.9971928116e-30   5.3622876180e-14  -4.4456399305e+06   7.3312830413e-02 
  1.0693708837e+21   1.0451264724e+19   1.4872501657e+62   7.0198980881e-30   5.3660276930e-14  -4.1581866564e+06   7.3312594404e-02 
  1.0795531599e+21   1.0182276163e+19   1.4772028091e+62   7.0421435920e-30   5.3670312707e-14  -3.9195008571e+06   7.3312129903e-02 
  1.0882121535e+21   8.6589936627e+18   1.2783333815e+62   7.0676454673e-30   5.3672141881e-14  -3.6950311597e+06   7.3308632420e-02 
  1.0951317827e+21   6.9196291628e+18   1.0362831958e+62   7.0943243119e-30   5.3672342345e-14  -3.5080662265e+06   7.3290266546e-02 
  1.1111514014e+21   1.6019618665e+19   2.4498087885e+62   7.1430607189e-30   5.3681645244e-14  -3.2489114272e+06   7.3247050529e-02 
  1.1213557606e+21   1.0204359201e+19   1.5978071360e+62   7.2029989684e-30   5.3710348363e-14  -2.9791296510e+06   7.3146281128e-02 
  1.1258173522e+21   4.4615916033e+18   7.0780449662e+61   7.2384950922e-30   5.3743886090e-14  -2.8699607701e+06   7.3007069268e-02 
  1.1313592160e+21   5.5418638107e+18   8.8702867741e+61   7.2627413853e-30   5.3782563435e-14  -2.8118546285e+06   7.2235219731e-02 
  1.1350865441e+21   3.7273281263e+18   6.0150404322e+61   7.2844392351e-30   5.3823277363e-14  -2.7615386669e+06   7.1095032100e-02 
  1.1393518127e+21   4.2652685801e+18   6.9317853670e+61   7.3023440931e-30   5.3860612905e-14  -2.7210797258e+06   6.9548317043e-02 
  1.1423517365e+21   2.9999237656e+18   4.9065787921e+61   7.3180311110e-30   5.3894219235e-14  -2.6839675504e+06   6.8810234838e-02 
  1.1492612846e+21   6.9095480983e+18   1.1399436813e+62   7.3385742629e-30   5.3937056280e-14  -2.6327737678e+06   6.8620762046e-02 
  1.1540642451e+21   4.8029605450e+18   8.0051627116e+61   7.3623566830e-30   5.3984118248e-14  -2.5693024254e+06   6.8494159562e-02 
  1.1622445878e+21   8.1803427142e+18   1.3788470796e+62   7.3881024557e-30   5.4026119285e-14  -2.4902337022e+06   6.8462039376e-02 
  1.1665227984e+21   4.2782105946e+18   7.2889461335e+61   7.4124912610e-30   5.4058664927e-14  -2.4084495748e+06   6.8449813612e-02 
  1.1697834034e+21   3.2606049528e+18   5.5912364952e+61   7.4274174009e-30   5.4072134863e-14  -2.3541683418e+06   6.8445869462e-02 
  1.1734477940e+21   3.6643906128e+18   6.3209487675e+61   7.4420109932e-30   5.4082300444e-14  -2.3011223263e+06   6.8445149473e-02 
  1.1758706245e+21   2.4228305544e+18   4.2010401838e+61   7.4559869919e-30   5.4089739128e-14  -2.2529297280e+06   6.8445101782e-02 
  1.1817853262e+21   5.9147016751e+18   1.0328672029e+62   7.4779985590e-30   5.4097383629e-14  -2.1843521027e+06   6.8445102126e-02 
  1.1861061306e+21   4.3208043695e+18   7.6109442265e+61   7.5070423337e-30   5.4105006176e-14  -2.0988825256e+06   6.8445152263e-02 
  1.1901333713e+21   4.0272407294e+18   7.1439482734e+61   7.5328393031e-30   5.4108500642e-14  -2.0279036456e+06   6.8445834816e-02 
  1.1939033247e+21   3.7699534355e+18   6.7315037592e+61   7.5604099136e-30   5.4110127052e-14  -1.9607060006e+06   6.8448044793e-02 
  1.2105087389e+21   1.6605414168e+19   3.0159510329e+62   7.6435380199e-30   5.4110492983e-14  -1.7841743922e+06   6.8454578657e-02 
  1.2233697948e+21   1.2861055875e+19   2.3934719411e+62   7.7703423316e-30   5.4107329315e-14  -1.5246021170e+06   6.8472622836e-02 
  1.2324413179e+21   9.0715231101e+18   1.7187866815e+62   7.8749806137e-30   5.4093112404e-14  -1.3181006746e+06   6.8511175113e-02 
  1.2481515777e+21   1.5710259794e+19   3.0370366798e+62   8.0164665294e-30   5.4069927981e-14  -1.0825359253e+06   6.8604942714e-02 
  1.2575013574e+21   9.3497797501e+18   1.8441451461e+62   8.1833704347e-30   5.4051357297e-14  -8.5767930921e+05   6.8800202289e-02 
  1.2649759072e+21   7.4745497522e+18   1.4941379682e+62   8.3364723602e-30   5.4064989839e-14  -7.3102097724e+05   6.9585590760e-02 
  1.2726094762e+21   7.6335690081e+18   1.5442590206e+62   8.5318567444e-30   5.4114791623e-14  -6.6902908061e+05   7.3805978781e-02 
  1.2768717079e+21   4.2622317439e+18   8.7034403819e+61   8.7479014098e-30   5.4171008395e-14  -6.5527195939e+05   7.8782319244e-02 
  1.2800446168e+21   3.1729089030e+18   6.5168951066e+61   8.9564092835e-30   5.4222206085e-14  -6.4545940623e+05   8.5843842134e-02 
  1.2886318848e+21   8.5872679056e+18   1.7800218297e+62   9.5013957340e-30   5.4262525843e-14  -5.9199225692e+05   9.0248949548e-02 
  1.2949952125e+21   6.3633277233e+18   1.3344266393e+62   1.0344798631e-29   5.4303744712e-14  -4.9915444900e+05   9.4567284179e-02 
  1.3007133775e+21   5.7181650221e+18   1.2103727248e+62   1.1268170667e-29   5.4309173998e-14  -4.0525974591e+05   9.6791911568e-02 
  1.3078314239e+21   7.1180463979e+18   1.5216275587e+62   1.2685387516e-29   5.4309046614e-14  -2.9746015979e+05   9.7195701836e-02 
  1.3121349297e+21   4.3035057874e+18   9.2803441684e+61   1.4450728254e-29   5.4300876047e-14  -1.9716131941e+05   9.7298181700e-02 
  1.3188177756e+21   6.6828459427e+18   1.4532433311e+62   1.7285697107e-29   5.4286852814e-14  -1.0564963584e+05   9.7322889636e-02 
  1.3232991000e+21   4.4813243620e+18   9.8278997720e+61   2.1458004915e-29   5.4290131310e-14  -1.1030507951e+04   9.7310808017e-02 
  1.3250036490e+21   1.7045490566e+18   3.7557329125e+61   2.5359021284e-29   5.4235909484e-14   7.1285394903e+04   9.7062914781e-02 
  1.3254178817e+21   4.1423263116e+17   9.1416393845e+60   2.8335460425e-29   5.4242934031e-14   7.6553943413e+04   9.6251062704e-02 
  1.3289269559e+21   3.5090742018e+18   7.7670725905e+61   5.1565115650e-29   5.4290884863e-14   1.0558792725e+05   8.7262466174e-02 
  1.3355274081e+21   6.6004522145e+18   1.4721125821e+62   1.4329225304e-28   5.4382578451e-14   2.0702246809e+05   5.1055709897e-02 
  1.3391804767e+21   3.6530685601e+18   8.2103312951e+61   4.0631383076e-28   5.3964874869e-14   2.1202228388e+05   2.4920669491e-02 
  1.3469960110e+21   7.8155343170e+18   1.7716537967e+62   6.9039703483e-26   5.4166612782e-14   1.5709035480e+05   2.0052704103e-02 
  1.3500506380e+21   3.0546270716e+18   6.9804781367e+61   2.2697343332e-24   5.2579346867e-14   1.2045654415e+05   2.0035889474e-02 
  1.3528731707e+21   2.8225326208e+18   6.4782336554e+61   2.4946945871e-24   5.5249911156e-14   1.1663338110e+05   2.0032804176e-02 
  1.3616692190e+21   8.7960483037e+18   2.0362554237e+62   2.6207725887e-24   5.6863400591e-14   1.2188523684e+05   2.0029338139e-02 
  1.3739704336e+21   1.2301214636e+19   2.8921351007e+62   3.0707719612e-24   6.2641100251e-14   1.3071764335e+05   2.0022685229e-02 
  1.3817694525e+21   7.7990189408e+18   1.8606618433e+62   3.4791658184e-24   6.7647312870e-14   1.4270588304e+05   2.0014272592e-02 
  1.3865201117e+21   4.7506591694e+18   1.1437397202e+62   3.8419375718e-24   7.2123032359e-14   1.4986915640e+05   2.0004612604e-02 
  1.3902508780e+21   3.7307662525e+18   9.0370836115e+61   4.1116006069e-24   7.5400116791e-14   1.5572378043e+05   2.0001167085e-02 
  1.3940554650e+21   3.8045870157e+18   9.2659872425e+61   4.4051504375e-24   7.8886444534e-14   1.6120667994e+05   2.0000456976e-02 
  1.3979959159e+21   3.9404509447e+18   9.6503463104e+61   4.7452345274e-24   8.2839301446e-14   1.6713193780e+05   2.0000176298e-02 
  1.4018691954e+21   3.8732795214e+18   9.5390078731e+61   5.0762082215e-24   8.6604404671e-14   1.7235735241e+05   2.0000059747e-02 
  1.4055677290e+21   3.6985335123e+18   9.1579801392e+61   5.3756302583e-24   9.0057716145e-14   1.7661960656e+05   2.0000019064e-02 
  1.4090434323e+21   3.4757033015e+18   8.6502687577e+61   5.6540883008e-24   9.3242224688e-14   1.8021641464e+05   2.0000005929e-02 
  1.4122718117e+21   3.2283794252e+18   8.0730541203e+61   5.9147796609e-24   9.6183648486e-14   1.8332923515e+05   2.0000001738e-02 
  1.4153715689e+21   3.0997572287e+18   7.7862259019e+61   6.1637773812e-24   9.8959012921e-14   1.8611799050e+05   2.0000000497e-02 
  1.4182933280e+21   2.9217590806e+18   7.3704059628e+61   6.4055159415e-24   1.0162330953e-13   1.8867111494e+05   2.0000000133e-02 
  1.4211144921e+21   2.8211640876e+18   7.1455211758e+61   6.6442449480e-24   1.0422662099e-13   1.9105379317e+05   2.0000000034e-02 
  1.4237187668e+21   2.6042747271e+18   6.6214091359e+61   6.8818877014e-24   1.0679423800e-13   1.9330889891e+05   2.0000000008e-02 
  1.4260875646e+21   2.3687977809e+18   6.0437800984e+61   7.1108101212e-24   1.0919735591e-13   1.9539821500e+05   2.0000000002e-02 
  1.4283707499e+21   2.2831853496e+18   5.8443813284e+61   7.3197205008e-24   1.1135149968e-13   1.9719418344e+05   2.0000000000e-02 
  1.4306009054e+21   2.2301554735e+18   5.7267048527e+61   7.5120266496e-24   1.1331986759e-13   1.9873304338e+05   2.0000000000e-02 
  1.4326625315e+21   2.0616260464e+18   5.3098524746e+61   7.6876004596e-24   1.1513572744e-13   2.0008884612e+05   2.0000000000e-02 
  1.4346477755e+21   1.9852440781e+18   5.1275894227e+61   7.8543060802e-24   1.1689135339e-13   2.0133000249e+05   2.0000000000e-02 
  1.4365802281e+21   1.9324525289e+18   5.0048853659e+61   8.0210911279e-24   1.1863722540e-13   2.0253085142e+05   2.0000000000e-02 
  1.4384086552e+21   1.8284271721e+18   4.7478822253e+61   8.1882310227e-24   1.2037615781e-13   2.0367883445e+05   2.0000000000e-02 
  1.4404526852e+21   2.0440299481e+18   5.3220468784e+61   8.3640695551e-24   1.2219432925e-13   2.0491442786e+05   2.0000000000e-02 
  1.4426100724e+21   2.1573872517e+18   5.6336031948e+61   8.5684149827e-24   1.2429323078e-13   2.0627973968e+05   2.0000000000e-02 
  1.4446285245e+21   2.0184520482e+18   5.2860799755e+61   8.7764581490e-24   1.2641525876e-13   2.0776042328e+05   2.0000000000e-02 
  1.4466012786e+21   1.9727541248e+18   5.1806961823e+61   8.9895548355e-24   1.2857415716e-13   2.0924308142e+05   2.0000000000e-02 
  1.4485731476e+21   1.9718689948e+18   5.1925114865e+61   9.2122826545e-24   1.3081504801e-13   2.1080571663e+05   2.0000000000e-02 
  1.4505378613e+21   1.9647136813e+18   5.1877483237e+61   9.4501361798e-24   1.3319125898e-13   2.1244087968e+05   2.0000000000e-02 
  1.4524601785e+21   1.9223172448e+18   5.0894222402e+61   9.6989157835e-24   1.3565856062e-13   2.1413297467e+05   2.0000000000e-02 
  1.4541990924e+21   1.7389139094e+18   4.6154734414e+61   9.9462451653e-24   1.3809355469e-13   2.1578083154e+05   2.0000000000e-02 
  1.4558784695e+21   1.6793770990e+18   4.4679394221e+61   1.0185950891e-23   1.4043657564e-13   2.1737546312e+05   2.0000000000e-02 
  1.4575011687e+21   1.6226991688e+18   4.3269521496e+61   1.0425897249e-23   1.4276670742e-13   2.1894671751e+05   2.0000000000e-02 
  1.4589281928e+21   1.4270240557e+18   3.8131520689e+61   1.0655771940e-23   1.4498490381e-13   2.2041036755e+05   2.0000000000e-02 
  1.4603025086e+21   1.3743158487e+18   3.6793685792e+61   1.0872622343e-23   1.4706477702e-13   2.2177925807e+05   2.0000000000e-02 
  1.4616620055e+21   1.3594969135e+18   3.6465150021e+61   1.1086239036e-23   1.4910294413e-13   2.2310747645e+05   2.0000000000e-02 
  1.4630080097e+21   1.3460041509e+18   3.6170128173e+61   1.1290626620e-23   1.5104338362e-13   2.2432978538e+05   2.0000000000e-02 
  1.4643156156e+21   1.3076059114e+18   3.5202074069e+61   1.1486554158e-23   1.5289334093e-13   2.2544533912e+05   2.0000000000e-02 
  1.4654279779e+21   1.1123623141e+18   2.9995450362e+61   1.1663488872e-23   1.5460456722e-13   2.2642116934e+05   2.0000000000e-02 
  1.4665001339e+21   1.0721560339e+18   2.8954396767e+61   1.1826437516e-23   1.5617934447e-13   2.2730905691e+05   2.0000000000e-02 
  1.4675653296e+21   1.0651956449e+18   2.8808382368e+61   1.1988275413e-23   1.5773820078e-13   2.2819273415e+05   2.0000000000e-02 
  1.4686270009e+21   1.0616713331e+18   2.8754709362e+61   1.2152955494e-23   1.5931930737e-13   2.2907815096e+05   2.0000000000e-02 
  1.4696852174e+21   1.0582164843e+18   2.8702537697e+61   1.2320767483e-23   1.6092509945e-13   2.2996549193e+05   2.0000000000e-02 
  1.4707400437e+21   1.0548263480e+18   2.8651749852e+61   1.2491802015e-23   1.6255623202e-13   2.3085422761e+05   2.0000000000e-02 
  1.4717912780e+21   1.0512342992e+18   2.8595098860e+61   1.2665679937e-23   1.6420893088e-13   2.3174651987e+05   2.0000000000e-02 
  1.4728390202e+21   1.0477421876e+18   2.8540782438e+61   1.2842275383e-23   1.6588185487e-13   2.3264255626e+05   2.0000000000e-02 
  1.4738810633e+21   1.0420430470e+18   2.8425840644e+61   1.3021723127e-23   1.6757612497e-13   2.3353936707e+05   2.0000000000e-02 
  1.4748963255e+21   1.0152621945e+18   2.7733972453e+61   1.3202107223e-23   1.6927353893e-13   2.3442635134e+05   2.0000000000e-02 
  1.4757077259e+21   8.1140038486e+17   2.2192537468e+61   1.3365182247e-23   1.7080323954e-13   2.3521763215e+05   2.0000000000e-02 
  1.4764848384e+21   7.7711251218e+17   2.1277624891e+61   1.3509399949e-23   1.7215230720e-13   2.3590960016e+05   2.0000000000e-02 
  1.4772584644e+21   7.7362603437e+17   2.1204422982e+61   1.3652540351e-23   1.7348786523e-13   2.3658790817e+05   2.0000000000e-02 
  1.4780287364e+21   7.7027200713e+17   2.1134568411e+61   1.3797254143e-23   1.7483465993e-13   2.3726640443e+05   2.0000000000e-02 
  1.4787766456e+21   7.4790922829e+17   2.0542072326e+61   1.3941609885e-23   1.7617475001e-13   2.3793678238e+05   2.0000000000e-02 
  1.4793383644e+21   5.6171874152e+17   1.5441834814e+61   1.4067932997e-23   1.7734471752e-13   2.3851573123e+05   2.0000000000e-02 
  1.4800531113e+21   7.1474689530e+17   1.9665590690e+61   1.4192794012e-23   1.7849864522e-13   2.3908226014e+05   2.0000000000e-02 
  1.4806082454e+21   5.5513407709e+17   1.5287104546e+61   1.4318473511e-23   1.7965767363e-13   2.3964707985e+05   2.0000000000e-02 
  1.4813221723e+21   7.1392694392e+17   1.9676749527e+61   1.4445757709e-23   1.8082901210e-13   2.4021348109e+05   2.0000000000e-02 
  1.4818731514e+21   5.5097911145e+17   1.5198669502e+61   1.4574094386e-23   1.8200752556e-13   2.4077904670e+05   2.0000000000e-02 
  1.4825807770e+21   7.0762560767e+17   1.9536323236e+61   1.4703429700e-23   1.8319270343e-13   2.4134365764e+05   2.0000000000e-02 
  1.4831269945e+21   5.4621752230e+17   1.5092883368e+61   1.4833862228e-23   1.8438540276e-13   2.4190639173e+05   2.0000000000e-02 
  1.4838340922e+21   7.0709768306e+17   1.9554782770e+61   1.4965848374e-23   1.8558974919e-13   2.4247074791e+05   2.0000000000e-02 
  1.4843571275e+21   5.2303525619e+17   1.4476533964e+61   1.5096919076e-23   1.8678322427e-13   2.4302487695e+05   2.0000000000e-02 
  1.4848473179e+21   4.9019042660e+17   1.3576721396e+61   1.5206008190e-23   1.8777465196e-13   2.4348225014e+05   2.0000000000e-02 
  1.4853490957e+21   5.0177782547e+17   1.3906943193e+61   1.5313898700e-23   1.8875343232e-13   2.4393076121e+05   2.0000000000e-02 
  1.4858404918e+21   4.9139608737e+17   1.3628319285e+61   1.5422990333e-23   1.8974132084e-13   2.4438034476e+05   2.0000000000e-02 
  1.4863228918e+21   4.8240002682e+17   1.3387594787e+61   1.5530960528e-23   1.9071739141e-13   2.4482173342e+05   2.0000000000e-02 
  1.4865892202e+21   2.6632834430e+17   7.3948846470e+60   1.5614596216e-23   1.9147235431e-13   2.4516101515e+05   2.0000000000e-02 
  1.4868333123e+21   2.4409213186e+17   6.7798004348e+60   1.5671979733e-23   1.9198977002e-13   2.4539256240e+05   2.0000000000e-02 
  1.4870741797e+21   2.4086734118e+17   6.6924125095e+60   1.5726762597e-23   1.9248331323e-13   2.4561283033e+05   2.0000000000e-02 
  1.4873185272e+21   2.4434756811e+17   6.7913249314e+60   1.5781856328e-23   1.9297923787e-13   2.4583329021e+05   2.0000000000e-02 
  1.4875637399e+21   2.4521267269e+17   6.8176130861e+60   1.5837688384e-23   1.9348138129e-13   2.4605592162e+05   2.0000000000e-02 
  1.4878088705e+21   2.4513056978e+17   6.8175772872e+60   1.5893890171e-23   1.9398641885e-13   2.4627896084e+05   2.0000000000e-02 
  1.4880534742e+21   2.4460376335e+17   6.8051653867e+60   1.5950272247e-23   1.9449264301e-13   2.4650189798e+05   2.0000000000e-02 
  1.4882977400e+21   2.4426574849e+17   6.7979943896e+60   1.6006836487e-23   1.9500006875e-13   2.4672449581e+05   2.0000000000e-02 
  1.4885416746e+21   2.4393464311e+17   6.7910068822e+60   1.6063576185e-23   1.9550863441e-13   2.4694695841e+05   2.0000000000e-02 
  1.4887853390e+21   2.4366437139e+17   6.7857050831e+60   1.6120533300e-23   1.9601871263e-13   2.4716918581e+05   2.0000000000e-02 
  1.4890287356e+21   2.4339659153e+17   6.7804656847e+60   1.6177682140e-23   1.9653006876e-13   2.4739134638e+05   2.0000000000e-02 
  1.4892718522e+21   2.4311661815e+17   6.7748794821e+60   1.6235047205e-23   1.9704292115e-13   2.4761334135e+05   2.0000000000e-02 
  1.4895146812e+21   2.4282895793e+17   6.7690716860e+60   1.6292600218e-23   1.9755701650e-13   2.4783525741e+05   2.0000000000e-02 
  1.4897572220e+21   2.4254084985e+17   6.7632439149e+60   1.6350374370e-23   1.9807264841e-13   2.4805695312e+05   2.0000000000e-02 
  1.4899994793e+21   2.4225727166e+17   6.7575350314e+60   1.6408342700e-23   1.9858957246e-13   2.4827853039e+05   2.0000000000e-02 
  1.4902414544e+21   2.4197507944e+17   6.7518574672e+60   1.6466534747e-23   1.9910804682e-13   2.4849988538e+05   2.0000000000e-02 
  1.4904831459e+21   2.4169153864e+17   6.7461349392e+60   1.6524910835e-23   1.9962771813e-13   2.4872116442e+05   2.0000000000e-02 
  1.4907245557e+21   2.4140978781e+17   6.7404550519e+60   1.6583510439e-23   2.0014893974e-13   2.4894219131e+05   2.0000000000e-02 
  1.4909656845e+21   2.4112875767e+17   6.7347880058e+60   1.6642314567e-23   2.0067153375e-13   2.4916303510e+05   2.0000000000e-02 
  1.4912065269e+21   2.4084248010e+17   6.7289670620e+60   1.6701334851e-23   2.0119560068e-13   2.4938364128e+05   2.0000000000e-02 
  1.4914470885e+21   2.4056158655e+17   6.7232892162e+60   1.6760555170e-23   2.0172098529e-13   2.4960410894e+05   2.0000000000e-02 
  1.4916873645e+21   2.4027596232e+17   6.7174718436e+60   1.6819962008e-23   2.0224758594e-13   2.4982452721e+05   2.0000000000e-02 
  1.4919273562e+21   2.3999174751e+17   6.7116865244e+60   1.6879632518e-23   2.0277608537e-13   2.5004459842e+05   2.0000000000e-02 
  1.4921670653e+21   2.3970908622e+17   6.7059373476e+60   1.6939571346e-23   2.0330634368e-13   2.5026431485e+05   2.0000000000e-02 
  1.4924064909e+21   2.3942555185e+17   6.7001564581e+60   1.6999642078e-23   2.0383709960e-13   2.5048410363e+05   2.0000000000e-02 
  1.4926456360e+21   2.3914508381e+17   6.6944541258e+60   1.7059788056e-23   2.0436814637e-13   2.5070380313e+05   2.0000000000e-02 
  1.4928844998e+21   2.3886387603e+17   6.6887238715e+60   1.7120138210e-23   2.0490061832e-13   2.5092232101e+05   2.0000000000e-02 
  1.4931230828e+21   2.3858301975e+17   6.6829962473e+60   1.7180713149e-23   2.0543453649e-13   2.5113916601e+05   2.0000000000e-02 
  1.4933613854e+21   2.3830254538e+17   6.6772721242e+60   1.7241385179e-23   2.0596874002e-13   2.5135554248e+05   2.0000000000e-02 
  1.4935994138e+21   2.3802836394e+17   6.6717172292e+60   1.7301878818e-23   2.0650078754e-13   2.5157308713e+05   2.0000000000e-02 
  1.4938371645e+21   2.3775073325e+17   6.6660585986e+60   1.7362511700e-23   2.0703413757e-13   2.5179022750e+05   2.0000000000e-02 
  1.4940746358e+21   2.3747129264e+17   6.6603421010e+60   1.7423866410e-23   2.0757320238e-13   2.5200315653e+05   2.0000000000e-02 
  1.4943118245e+21   2.3718870530e+17   6.6545301672e+60   1.7485643866e-23   2.0811513743e-13   2.5221476733e+05   2.0000000000e-02 
  1.4945487386e+21   2.3691415769e+17   6.6489366863e+60   1.7546707301e-23   2.0864963468e-13   2.5243275407e+05   2.0000000000e-02 
  1.4947853868e+21   2.3664814809e+17   6.6435759414e+60   1.7607065515e-23   2.0917899953e-13   2.5265401646e+05   2.0000000000e-02 
  1.4950217483e+21   2.3636148297e+17   6.6376282846e+60   1.7669800183e-23   2.0972923738e-13   2.5286496773e+05   2.0000000000e-02 
  1.4952578047e+21   2.3605641869e+17   6.6311563827e+60   1.7734435512e-23   2.1029431734e-13   2.5306579130e+05   2.0000000000e-02 
  1.4954935745e+21   2.3576983987e+17   6.6251962216e+60   1.7797564633e-23   2.1084254703e-13   2.5328804162e+05   2.0000000000e-02 
  1.4957290901e+21   2.3551554557e+17   6.6201364043e+60   1.7855645188e-23   2.1134843515e-13   2.5353018463e+05   2.0000000000e-02 
  1.4959643179e+21   2.3522779073e+17   6.6141291713e+60   1.7919181336e-23   2.1190752774e-13   2.5375215943e+05   2.0000000000e-02 
  1.4961991920e+21   2.3487409357e+17   6.6062595927e+60   1.7989634958e-23   2.1252225680e-13   2.5391822361e+05   2.0000000000e-02 
  1.4964337473e+21   2.3455534420e+17   6.5993644014e+60   1.8058550784e-23   2.1311605173e-13   2.5410612282e+05   2.0000000000e-02 
  1.4966681351e+21   2.3438776288e+17   6.5967163080e+60   1.8107016220e-23   2.1352678851e-13   2.5436872331e+05   2.0000000000e-02 
  1.4969024264e+21   2.3429134027e+17   6.5960677702e+60   1.8148187707e-23   2.1390757972e-13   2.5463317245e+05   2.0000000000e-02 
  1.4971363590e+21   2.3393254182e+17   6.5880268008e+60   1.8215575708e-23   2.1452454318e-13   2.5470564572e+05   2.0000000000e-02 
  1.4973697066e+21   2.3334760626e+17   6.5736052063e+60   1.8320004636e-23   2.1544429512e-13   2.5462068259e+05   2.0000000000e-02 
  1.4976050732e+21   2.3536663977e+17   6.6325589696e+60   1.8368324139e-23   2.1582101625e-13   2.5472761882e+05   2.0000000000e-02 
  1.4979093670e+21   3.0429383149e+17   8.5779963639e+60   1.7333852917e-23   2.0701460761e-13   2.5422518189e+05   2.0000000000e-02 
  1.4986050403e+21   6.9567323591e+17   1.9624017215e+61   1.0922491491e-23   1.5042588065e-13   2.0107843702e+05   2.0000000000e-02 
  1.4999789954e+21   1.3739551496e+18   3.8811006738e+61   3.4153197287e-24   6.9463112162e-14   6.7532721327e+04   2.0000000000e-02 
  1.5017965964e+21   1.8176009356e+18   5.1452313506e+61   2.3499009504e-24   5.3886785241e-14   9.4043731288e+03   2.0000000000e-02 
  1.5037154796e+21   1.9188832031e+18   5.4454707241e+61   2.2375479859e-24   5.2080169285e-14   9.6548348672e+02   2.0000000000e-02 
  1.5056466481e+21   1.9311685152e+18   5.4943839758e+61   2.2258704410e-24   5.1892070720e-14   9.5410173724e+01   2.0000000000e-02 
  1.5075790530e+21   1.9324049309e+18   5.5120277503e+61   2.2247133634e-24   5.1873423138e-14   9.3766911318e+00   2.0000000000e-02 
  1.5095115797e+21   1.9325266671e+18   5.5265250201e+61   2.2245996254e-24   5.1871589503e-14   9.1966967955e-01   2.0000000000e-02 
  1.5114441183e+21   1.9325386089e+18   5.5407279137e+61   2.2245884711e-24   5.1871409623e-14   9.0076147252e-02   2.0000000000e-02 
  1.5133766581e+21   1.9325397793e+18   5.5549182085e+61   2.2245873781e-24   5.1871391996e-14   8.8035532408e-03   2.0000000000e-02 
  1.5153091980e+21   1.9325398935e+18   5.5691236211e+61   2.2245872713e-24   5.1871390273e-14   8.4037437833e-04   2.0000000000e-02 
  1.5172417379e+21   1.9325399057e+18   5.5833468804e+61   2.2245872597e-24   5.1871390087e-14   6.3584704529e-05   2.0000000000e-02 
  1.5191742778e+21   1.9325399057e+18   5.5975882443e+61   2.2245872600e-24   5.1871390088e-14  -2.6415762405e-07   2.0000000000e-02 
  1.5211068177e+21   1.9325399057e+18   5.6118477476e+61   2.2245872600e-24   5.1871390089e-14  -2.7915671828e-06   2.0000000000e-02 
  1.5230393576e+21   1.9325399057e+18   5.6261253905e+61   2.2245872600e-24   5.1871390089e-14  -3.0358241965e-06   2.0000000000e-02 
  1.5249718975e+21   1.9325399057e+18   5.6404211728e+61   2.2245872600e-24   5.1871390089e-14  -3.1766662763e-06   2.0000000000e-02 
  1.5269044374e+21   1.9325399057e+18   5.6547350946e+61   2.2245872600e-24   5.1871390089e-14  -3.2683927685e-06   2.0000000000e-02 
  1.5288369773e+21   1.9325399057e+18   5.6690671560e+61   2.2245872600e-24   5.1871390089e-14  -3.4203069354e-06   2.0000000000e-02 
  1.5307695172e+21   1.9325399057e+18   5.6834173568e+61   2.2245872600e-24   5.1871390089e-14  -3.3227842233e-06   2.0000000000e-02 
  1.5327020571e+21   1.9325399057e+18   5.6977856971e+61   2.2245872600e-24   5.1871390089e-14  -2.9625434292e-06   2.0000000000e-02 
  1.5346345970e+21   1.9325399057e+18   5.7121721770e+61   2.2245872600e-24   5.1871390089e-14  -2.6721826349e-06   2.0000000000e-02 
  1.5365671369e+21   1.9325399057e+18   5.7265767963e+61   2.2245872600e-24   5.1871390089e-14  -2.5594179332e-06   2.0000000000e-02 
  1.5384996768e+21   1.9325399057e+18   5.7409995551e+61   2.2245872600e-24   5.1871390089e-14  -2.3573665656e-06   2.0000000000e-02 
  1.5404322167e+21   1.9325399057e+18   5.7554404534e+61   2.2245872600e-24   5.1871390089e-14  -2.1390220163e-06   2.0000000000e-02 
  1.5423647566e+21   1.9325399057e+18   5.7698994913e+61   2.2245872600e-24   5.1871390089e-14  -2.0203637438e-06   2.0000000000e-02 
  1.5442972965e+21   1.9325399057e+18   5.7843766686e+61   2.2245872600e-24   5.1871390089e-14  -1.8780506293e-06   2.0000000000e-02 
  1.5462298364e+21   1.9325399057e+18   5.7988719854e+61   2.2245872600e-24   5.1871390089e-14  -1.3386103856e-06   2.0000000000e-02 
  1.5481623764e+21   1.9325399057e+18   5.8133854417e+61   2.2245872600e-24   5.1871390089e-14  -1.4346941161e-07   2.0000000000e-02 
  1.5500949163e+21   1.9325399057e+18   5.8279170375e+61   2.2245872600e-24   5.1871390089e-14   9.0686243193e-07   2.0000000000e-02 
  1.5520274562e+21   1.9325399057e+18   5.8424667728e+61   2.2245872600e-24   5.1871390089e-14   1.8158218127e-06   2.0000000000e-02 
  1.5539599961e+21   1.9325399057e+18   5.8570346477e+61   2.2245872600e-24   5.1871390089e-14   2.4233448159e-06   2.0000000000e-02 
  1.5558925360e+21   1.9325399057e+18   5.8716206620e+61   2.2245872600e-24   5.1871390089e-14   2.8400698452e-06   2.0000000000e-02 
  1.5578250759e+21   1.9325399057e+18   5.8862248158e+61   2.2245872600e-24   5.1871390089e-14   2.8919753520e-06   2.0000000000e-02 
  1.5597576158e+21   1.9325399057e+18   5.9008471091e+61   2.2245872600e-24   5.1871390089e-14   2.8151118970e-06   2.0000000000e-02 
  1.5616901557e+21   1.9325399057e+18   5.9154875419e+61   2.2245872600e-24   5.1871390089e-14   2.7515911647e-06   2.0000000000e-02 
  1.5636226956e+21   1.9325399057e+18   5.9301461142e+61   2.2245872600e-24   5.1871390089e-14   2.7468101498e-06   2.0000000000e-02 
  1.5655552355e+21   1.9325399057e+18   5.9448228260e+61   2.2245872600e-24   5.1871390089e-14   2.8293057870e-06   2.0000000000e-02 
  1.5674877754e+21   1.9325399057e+18   5.9595176773e+61   2.2245872600e-24   5.1871390089e-14   3.0179841746e-06   2.0000000000e-02 
  1.5694203153e+21   1.9325399057e+18   5.9742306681e+61   2.2245872600e-24   5.1871390089e-14   3.4870938365e-06   2.0000000000e-02 
  1.5713528552e+21   1.9325399057e+18   5.9889617984e+61   2.2245872600e-24   5.1871390089e-14   4.5501906570e-06   2.0000000000e-02 
  1.5732853951e+21   1.9325399057e+18   6.0037110682e+61   2.2245872600e-24   5.1871390089e-14   5.4339177483e-06   2.0000000000e-02 
  1.5752179350e+21   1.9325399057e+18   6.0184784775e+61   2.2245872600e-24   5.1871390089e-14   5.8308511834e-06   2.0000000000e-02 
  1.5771504749e+21   1.9325399057e+18   6.0332640263e+61   2.2245872600e-24   5.1871390090e-14   6.0759932708e-06   2.0000000000e-02 
  1.5790830148e+21   1.9325399057e+18   6.0480677146e+61   2.2245872600e-24   5.1871390089e-14   6.3005552663e-06   2.0000000000e-02 
  1.5810155547e+21   1.9325399057e+18   6.0628895424e+61   2.2245872600e-24   5.1871390089e-14   6.4249612811e-06   2.0000000000e-02 
  1.5829480947e+21   1.9325399057e+18   6.0777295096e+61   2.2245872600e-24   5.1871390089e-14   6.3843631297e-06   2.0000000000e-02 
  1.5848806346e+21   1.9325399057e+18   6.0925876164e+61   2.2245872600e-24   5.1871390089e-14   6.0947489662e-06   2.0000000000e-02 
  1.5868131745e+21   1.9325399057e+18   6.1074638627e+61   2.2245872600e-24   5.1871390089e-14   5.5836900169e-06   2.0000000000e-02 
  1.5887457144e+21   1.9325399057e+18   6.1223582485e+61   2.2245872600e-24   5.1871390089e-14   5.1992714018e-06   2.0000000000e-02 
  1.5906782543e+21   1.9325399057e+18   6.1372707738e+61   2.2245872600e-24   5.1871390089e-14   4.9824714585e-06   2.0000000000e-02 
  1.5926107942e+21   1.9325399057e+18   6.1522014386e+61   2.2245872600e-24   5.1871390088e-14   4.8804473522e-06   2.0000000000e-02 
  1.5945433341e+21   1.9325399057e+18   6.1671502428e+61   2.2245872600e-24   5.1871390088e-14   4.8937745075e-06   2.0000000000e-02 
  1.5964758740e+21   1.9325399057e+18   6.1821171866e+61   2.2245872600e-24   5.1871390088e-14   5.0165611685e-06   2.0000000000e-02 
  1.5984084139e+21   1.9325399057e+18   6.1971022699e+61   2.2245872600e-24   5.1871390088e-14   5.1694311139e-06   2.0000000000e-02 
  1.6003409538e+21   1.9325399057e+18   6.2121054927e+61   2.2245872600e-24   5.1871390088e-14   5.0590267777e-06   2.0000000000e-02 
  1.6022734937e+21   1.9325399057e+18   6.2271268549e+61   2.2245872600e-24   5.1871390088e-14   4.6988687555e-06   2.0000000000e-02 
  1.6042060336e+21   1.9325399057e+18   6.2421663567e+61   2.2245872600e-24   5.1871390088e-14   4.1949563393e-06   2.0000000000e-02 
  1.6061385735e+21   1.9325399057e+18   6.2572239980e+61   2.2245872600e-24   5.1871390088e-14   3.5718327515e-06   2.0000000000e-02 
  1.6080711134e+21   1.9325399057e+18   6.2722997787e+61   2.2245872600e-24   5.1871390088e-14   2.9755237638e-06   2.0000000000e-02 
  1.6100036533e+21   1.9325399057e+18   6.2873936990e+61   2.2245872600e-24   5.1871390088e-14   2.5299572700e-06   2.0000000000e-02 
  1.6119361932e+21   1.9325399057e+18   6.3025057587e+61   2.2245872600e-24   5.1871390088e-14   2.1012030086e-06   2.0000000000e-02 
  1.6138687331e+21   1.9325399057e+18   6.3176359580e+61   2.2245872600e-24   5.1871390089e-14   1.8814496440e-06   2.0000000000e-02 
  1.6158012731e+21   1.9325399057e+18   6.3327842968e+61   2.2245872600e-24   5.1871390089e-14   1.8481915823e-06   2.0000000000e-02 
  1.6177338130e+21   1.9325399057e+18   6.3479507750e+61   2.2245872600e-24   5.1871390089e-14   1.8842514377e-06   2.0000000000e-02 
  1.6196663529e+21   1.9325399057e+18   6.3631353928e+61   2.2245872600e-24   5.1871390089e-14   1.9320599077e-06   2.0000000000e-02 
  1.6215988928e+21   1.9325399057e+18   6.3783381500e+61   2.2245872600e-24   5.1871390089e-14   2.0381177863e-06   2.0000000000e-02 
  1.6235314327e+21   1.9325399057e+18   6.3935590468e+61   2.2245872600e-24   5.1871390089e-14   2.2107909346e-06   2.0000000000e-02 
  1.6254639726e+21   1.9325399057e+18   6.4087980830e+61   2.2245872600e-24   5.1871390089e-14   2.4444859580e-06   2.0000000000e-02 
  1.6273965125e+21   1.9325399057e+18   6.4240552588e+61   2.2245872600e-24   5.1871390089e-14   2.5906364604e-06   2.0000000000e-02 
  1.6293290524e+21   1.9325399057e+18   6.4393305740e+61   2.2245872600e-24   5.1871390089e-14   2.6937773873e-06   2.0000000000e-02 
  1.6312615923e+21   1.9325399057e+18   6.4546240288e+61   2.2245872600e-24   5.1871390089e-14   2.8441713705e-06   2.0000000000e-02 
  1.6331941322e+21   1.9325399057e+18   6.4699356230e+61   2.2245872600e-24   5.1871390089e-14   3.0027177687e-06   2.0000000000e-02 
  1.6351266721e+21   1.9325399057e+18   6.4852653568e+61   2.2245872600e-24   5.1871390089e-14   3.1130147418e-06   2.0000000000e-02 
  1.6370592120e+21   1.9325399057e+18   6.5006132300e+61   2.2245872600e-24   5.1871390089e-14   3.1128043275e-06   2.0000000000e-02 
  1.6389917519e+21   1.9325399057e+18   6.5159792427e+61   2.2245872600e-24   5.1871390089e-14   2.9698833124e-06   2.0000000000e-02 
  1.6409242918e+21   1.9325399057e+18   6.5313633950e+61   2.2245872600e-24   5.1871390089e-14   2.7449629086e-06   2.0000000000e-02 
  1.6428568317e+21   1.9325399057e+18   6.5467656867e+61   2.2245872600e-24   5.1871390089e-14   2.5837034009e-06   2.0000000000e-02 
  1.6447893716e+21   1.9325399057e+18   6.5621861179e+61   2.2245872600e-24   5.1871390089e-14   2.4667793857e-06   2.0000000000e-02 
  1.6467219115e+21   1.9325399057e+18   6.5776246887e+61   2.2245872600e-24   5.1871390089e-14   2.2682802136e-06   2.0000000000e-02 
  1.6486544514e+21   1.9325399057e+18   6.5930813989e+61   2.2245872600e-24   5.1871390089e-14   1.9804985683e-06   2.0000000000e-02 
  1.6505869914e+21   1.9325399057e+18   6.6085562486e+61   2.2245872600e-24   5.1871390089e-14   1.6576428933e-06   2.0000000000e-02 
  1.6525195313e+21   1.9325399057e+18   6.6240492379e+61   2.2245872600e-24   5.1871390089e-14   1.4097982960e-06   2.0000000000e-02 
  1.6544520712e+21   1.9325399057e+18   6.6395603666e+61   2.2245872600e-24   5.1871390088e-14   1.2279249652e-06   2.0000000000e-02 
  1.6563846111e+21   1.9325399057e+18   6.6550896348e+61   2.2245872600e-24   5.1871390088e-14   1.0810800399e-06   2.0000000000e-02 
  1.6583171510e+21   1.9325399057e+18   6.6706370425e+61   2.2245872600e-24   5.1871390088e-14   9.3162356168e-07   2.0000000000e-02 
  1.6602496909e+21   1.9325399057e+18   6.6862025897e+61   2.2245872600e-24   5.1871390088e-14   8.3255749451e-07   2.0000000000e-02 
  1.6621822308e+21   1.9325399057e+18   6.7017862765e+61   2.2245872600e-24   5.1871390088e-14   7.5883470704e-07   2.0000000000e-02 
  1.6641147707e+21   1.9325399057e+18   6.7173881027e+61   2.2245872600e-24   5.1871390088e-14   6.1804502811e-07   2.0000000000e-02 
  1.6660473106e+21   1.9325399057e+18   6.7330080684e+61   2.2245872600e-24   5.1871390088e-14   6.1607901551e-08   2.0000000000e-02 
  1.6679798505e+21   1.9325399057e+18   6.7486461736e+61   2.2245872600e-24   5.1871390088e-14  -6.0439451645e-07   2.0000000000e-02 
  1.6699123904e+21   1.9325399057e+18   6.7643024183e+61   2.2245872600e-24   5.1871390089e-14  -8.5321240370e-07   2.0000000000e-02 
  1.6718449303e+21   1.9325399057e+18   6.7799768025e+61   2.2245872600e-24   5.1871390088e-14  -9.7896549046e-07   2.0000000000e-02 
  1.6737774702e+21   1.9325399057e+18   6.7956693262e+61   2.2245872600e-24   5.1871390088e-14  -1.0844999612e-06   2.0000000000e-02 
  1.6757100101e+21   1.9325399057e+18   6.8113799894e+61   2.2245872600e-24   5.1871390088e-14  -1.1814586702e-06   2.0000000000e-02 
  1.6776425500e+21   1.9325399057e+18   6.8271087921e+61   2.2245872600e-24   5.1871390088e-14  -1.3866099865e-06   2.0000000000e-02 
  1.6795750899e+21   1.9325399057e+18   6.8428557343e+61   2.2245872600e-24   5.1871390088e-14  -1.6770179506e-06   2.0000000000e-02 
  1.6815076298e+21   1.9325399057e+18   6.8586208160e+61   2.2245872600e-24   5.1871390088e-14  -1.8815913351e-06   2.0000000000e-02 
  1.6834401697e+21   1.9325399057e+18   6.8744040372e+61   2.2245872600e-24   5.1871390088e-14  -2.1551306771e-06   2.0000000000e-02 
  1.6853727097e+21   1.9325399057e+18   6.8902053979e+61   2.2245872600e-24   5.1871390088e-14  -2.3588234244e-06   2.0000000000e-02 
  1.6873052496e+21   1.9325399057e+18   6.9060248981e+61   2.2245872600e-24   5.1871390088e-14  -2.5388139024e-06   2.0000000000e-02 
  1.6892377895e+21   1.9325399057e+18   6.9218625378e+61   2.2245872600e-24   5.1871390088e-14  -2.6853157528e-06   2.0000000000e-02 
  1.6911703294e+21   1.9325399057e+18   6.9377183170e+61   2.2245872600e-24   5.1871390088e-14  -3.0768808438e-06   2.0000000000e-02 
  1.6931028693e+21   1.9325399057e+18   6.9535922357e+61   2.2245872600e-24   5.1871390088e-14  -3.4330798131e-06   2.0000000000e-02 
  1.6950354092e+21   1.9325399057e+18   6.9694842939e+61   2.2245872600e-24   5.1871390088e-14  -3.7706766089e-06   2.0000000000e-02 
  1.6969679491e+21   1.9325399057e+18   6.9853944916e+61   2.2245872600e-24   5.1871390088e-14  -4.1842374268e-06   2.0000000000e-02 
  1.6989004890e+21   1.9325399057e+18   7.0013228288e+61   2.2245872600e-24   5.1871390088e-14  -4.2733142523e-06   2.0000000000e-02 
  1.7008330289e+21   1.9325399057e+18   7.0172693055e+61   2.2245872600e-24   5.1871390088e-14  -4.3326613115e-06   2.0000000000e-02 
  1.7027655688e+21   1.9325399057e+18   7.0332339216e+61   2.2245872600e-24   5.1871390088e-14  -4.4482126409e-06   2.0000000000e-02 
  1.7046981087e+21   1.9325399057e+18   7.0492166773e+61   2.2245872600e-24   5.1871390088e-14  -4.6969711003e-06   2.0000000000e-02 
  1.7066306486e+21   1.9325399057e+18   7.0652175725e+61   2.2245872600e-24   5.1871390088e-14  -4.9499326380e-06   2.0000000000e-02 
  1.7085631885e+21   1.9325399057e+18   7.0812366072e+61   2.2245872600e-24   5.1871390088e-14  -5.2865328799e-06   2.0000000000e-02 
  1.7104957284e+21   1.9325399057e+18   7.0972737814e+61   2.2245872600e-24   5.1871390088e-14  -5.5192637690e-06   2.0000000000e-02 
  1.7124282683e+21   1.9325399057e+18   7.1133290950e+61   2.2245872600e-24   5.1871390088e-14  -5.5254468077e-06   2.0000000000e-02 
  1.7143608082e+21   1.9325399057e+18   7.1294025482e+61   2.2245872600e-24   5.1871390088e-14  -5.4528774860e-06   2.0000000000e-02 
  1.7162933481e+21   1.9325399057e+18   7.1454941409e+61   2.2245872600e-24   5.1871390088e-14  -5.2243397336e-06   2.0000000000e-02 
  1.7182258881e+21   1.9325399057e+18   7.1616038730e+61   2.2245872600e-24   5.1871390088e-14  -4.8663056529e-06   2.0000000000e-02 
  1.7201584280e+21   1.9325399057e+18   7.1777317447e+61   2.2245872600e-24   5.1871390088e-14  -4.2967040411e-06   2.0000000000e-02 
  1.7220909679e+21   1.9325399057e+18   7.1938777559e+61   2.2245872600e-24   5.1871390088e-14  -3.6099652408e-06   2.0000000000e-02 
  1.7240235078e+21   1.9325399057e+18   7.2100419065e+61   2.2245872600e-24   5.1871390088e-14  -2.9936524119e-06   2.0000000000e-02 
  1.7259560477e+21   1.9325399057e+18   7.2262241967e+61   2.2245872600e-24   5.1871390088e-14  -2.5410276532e-06   2.0000000000e-02 
  1.7278885876e+21   1.9325399057e+18   7.2424246264e+61   2.2245872600e-24   5.1871390088e-14  -2.2209633708e-06   2.0000000000e-02 
  1.7298211275e+21   1.9325399057e+18   7.2586431955e+61   2.2245872600e-24   5.1871390088e-14  -1.9402656909e-06   2.0000000000e-02 
  1.7317536674e+21   1.9325399057e+18   7.2748799042e+61   2.2245872600e-24   5.1871390088e-14  -1.6377469354e-06   2.0000000000e-02 
  1.7336862073e+21   1.9325399057e+18   7.2911347523e+61   2.2245872600e-24   5.1871390088e-14  -1.2780504338e-06   2.0000000000e-02 
  1.7356187472e+21   1.9325399057e+18   7.3074077400e+61   2.2245872600e-24   5.1871390089e-14  -7.8889696681e-07   2.0000000000e-02 
  1.7375512871e+21   1.9325399057e+18   7.3236988671e+61   2.2245872600e-24   5.1871390089e-14  -2.2359016131e-07   2.0000000000e-02 
  1.7394838270e+21   1.9325399057e+18   7.3400081338e+61   2.2245872600e-24   5.1871390089e-14   3.8772130339e-07   2.0000000000e-02 
  1.7414163669e+21   1.9325399057e+18   7.3563355399e+61   2.2245872600e-24   5.1871390089e-14   6.7451325879e-07   2.0000000000e-02 
  1.7433489068e+21   1.9325399057e+18   7.3726810856e+61   2.2245872600e-24   5.1871390089e-14   9.8923135789e-07   2.0000000000e-02 
  1.7452814467e+21   1.9325399057e+18   7.3890447707e+61   2.2245872600e-24   5.1871390089e-14   1.4018669335e-06   2.0000000000e-02 
  1.7472139866e+21   1.9325399057e+18   7.4054265954e+61   2.2245872600e-24   5.1871390089e-14   1.9336136812e-06   2.0000000000e-02 
  1.7491465265e+21   1.9325399057e+18   7.4218265595e+61   2.2245872600e-24   5.1871390089e-14   2.6137258413e-06   2.0000000000e-02 
  1.7510790664e+21   1.9325399057e+18   7.4382446632e+61   2.2245872600e-24   5.1871390089e-14   3.4268310117e-06   2.0000000000e-02 
  1.7530116064e+21   1.9325399057e+18   7.4546809063e+61   2.2245872600e-24   5.1871390089e-14   4.1541016166e-06   2.0000000000e-02 
  1.7549441463e+21   1.9325399057e+18   7.4711352889e+61   2.2245872600e-24   5.1871390089e-14   4.6482125803e-06   2.0000000000e-02 
  1.7568766862e+21   1.9325399057e+18   7.4876078111e+61   2.2245872600e-24   5.1871390089e-14   4.9788993127e-06   2.0000000000e-02 
  1.7588092261e+21   1.9325399057e+18   7.5040984727e+61   2.2245872600e-24   5.1871390089e-14   5.3141880468e-06   2.0000000000e-02 
  1.7607417660e+21   1.9325399057e+18   7.5206072738e+61   2.2245872600e-24   5.1871390090e-14   5.2604726645e-06   2.0000000000e-02 
  1.7626743059e+21   1.9325399057e+18   7.5371342145e+61   2.2245872600e-24   5.1871390090e-14   5.0225797750e-06   2.0000000000e-02 
  1.7646068458e+21   1.9325399057e+18   7.5536792946e+61   2.2245872600e-24   5.1871390090e-14   4.8729933151e-06   2.0000000000e-02 
  1.7665393857e+21   1.9325399057e+18   7.5702425142e+61   2.2245872600e-24   5.1871390090e-14   4.8471741930e-06   2.0000000000e-02 
  1.7684719256e+21   1.9325399057e+18   7.5868238733e+61   2.2245872600e-24   5.1871390090e-14   4.8286473386e-06   2.0000000000e-02 
  1.7704044655e+21   1.9325399057e+18   7.6034233720e+61   2.2245872600e-24   5.1871390089e-14   4.6636428542e-06   2.0000000000e-02 
  1.7723370054e+21   1.9325399057e+18   7.6200410101e+61   2.2245872600e-24   5.1871390089e-14   4.5138757796e-06   2.0000000000e-02 
  1.7742695453e+21   1.9325399057e+18   7.6366767877e+61   2.2245872600e-24   5.1871390089e-14   4.5381968570e-06   2.0000000000e-02 
  1.7762020852e+21   1.9325399057e+18   7.6533307048e+61   2.2245872600e-24   5.1871390089e-14   4.4908623883e-06   2.0000000000e-02 
  1.7781346251e+21   1.9325399057e+18   7.6700027614e+61   2.2245872600e-24   5.1871390089e-14   4.3941571275e-06   2.0000000000e-02 
  1.7800671650e+21   1.9325399057e+18   7.6866929575e+61   2.2245872600e-24   5.1871390089e-14   4.3229100952e-06   2.0000000000e-02 
  1.7819997049e+21   1.9325399057e+18   7.7034012932e+61   2.2245872600e-24   5.1871390089e-14   4.3216786138e-06   2.0000000000e-02 
  1.7839322448e+21   1.9325399057e+18   7.7201277683e+61   2.2245872600e-24   5.1871390089e-14   4.3207707112e-06   2.0000000000e-02 
  1.7858647848e+21   1.9325399057e+18   7.7368723829e+61   2.2245872600e-24   5.1871390089e-14   4.3924215596e-06   2.0000000000e-02 
  1.7877973247e+21   1.9325399057e+18   7.7536351370e+61   2.2245872600e-24   5.1871390089e-14   4.3689965866e-06   2.0000000000e-02 
  1.7897298646e+21   1.9325399057e+18   7.7704160306e+61   2.2245872600e-24   5.1871390089e-14   4.2841514670e-06   2.0000000000e-02 
  1.7916624045e+21   1.9325399057e+18   7.7872150637e+61   2.2245872600e-24   5.1871390089e-14   4.2427323964e-06   2.0000000000e-02 
  1.7935949444e+21   1.9325399057e+18   7.8040322363e+61   2.2245872600e-24   5.1871390089e-14   4.2201399199e-06   2.0000000000e-02 
  1.7955274843e+21   1.9325399057e+18   7.8208675484e+61   2.2245872600e-24   5.1871390088e-14   3.8805031518e-06   2.0000000000e-02 
  1.7974600242e+21   1.9325399057e+18   7.8377210000e+61   2.2245872600e-24   5.1871390088e-14   3.4207753874e-06   2.0000000000e-02 
  1.7993925641e+21   1.9325399057e+18   7.8545925911e+61   2.2245872600e-24   5.1871390088e-14   3.0758850585e-06   2.0000000000e-02 
  1.8013251040e+21   1.9325399057e+18   7.8714823217e+61   2.2245872600e-24   5.1871390088e-14   2.9377518383e-06   2.0000000000e-02 
  1.8032576439e+21   1.9325399057e+18   7.8883901918e+61   2.2245872600e-24   5.1871390088e-14   2.8895998938e-06   2.0000000000e-02 
  1.8051901838e+21   1.9325399057e+18   7.9053162014e+61   2.2245872600e-24   5.1871390088e-14   2.8918352208e-06   2.0000000000e-02 
  1.8071227237e+21   1.9325399057e+18   7.9222603505e+61   2.2245872600e-24   5.1871390088e-14   2.9136702589e-06   2.0000000000e-02 
  1.8090552636e+21   1.9325399057e+18   7.9392226391e+61   2.2245872600e-24   5.1871390088e-14   2.9408619422e-06   2.0000000000e-02 
  1.8109878035e+21   1.9325399057e+18   7.9562030672e+61   2.2245872600e-24   5.1871390088e-14   2.9589495378e-06   2.0000000000e-02 
  1.8129203434e+21   1.9325399057e+18   7.9732016347e+61   2.2245872600e-24   5.1871390088e-14   2.9661074102e-06   2.0000000000e-02 
  1.8148528833e+21   1.9325399057e+18   7.9902183418e+61   2.2245872600e-24   5.1871390088e-14   3.0319655331e-06   2.0000000000e-02 
  1.8167854232e+21   1.9325399057e+18   8.0072531884e+61   2.2245872600e-24   5.1871390088e-14   3.1722653974e-06   2.0000000000e-02 
  1.8187179631e+21   1.9325399057e+18   8.0243061745e+61   2.2245872600e-24   5.1871390088e-14   3.4084950811e-06   2.0000000000e-02 
  1.8206505031e+21   1.9325399057e+18   8.0413773001e+61   2.2245872600e-24   5.1871390088e-14   3.5313154716e-06   2.0000000000e-02 
  1.8225830430e+21   1.9325399057e+18   8.0584665651e+61   2.2245872600e-24   5.1871390088e-14   3.5709415378e-06   2.0000000000e-02 
  1.8245155829e+21   1.9325399057e+18   8.0755739697e+61   2.2245872600e-24   5.1871390088e-14   3.6300884542e-06   2.0000000000e-02 
  1.8264481228e+21   1.9325399057e+18   8.0926995138e+61   2.2245872600e-24   5.1871390088e-14   3.6768917659e-06   2.0000000000e-02 
  1.8283806627e+21   1.9325399057e+18   8.1098431974e+61   2.2245872600e-24   5.1871390088e-14   3.6564490353e-06   2.0000000000e-02 
  1.8303132026e+21   1.9325399057e+18   8.1270050204e+61   2.2245872600e-24   5.1871390088e-14   3.6076860843e-06   2.0000000000e-02 
  1.8322457425e+21   1.9325399057e+18   8.1441849830e+61   2.2245872600e-24   5.1871390088e-14   3.5367680856e-06   2.0000000000e-02 
  1.8341782824e+21   1.9325399057e+18   8.1613830851e+61   2.2245872600e-24   5.1871390089e-14   3.5681444504e-06   2.0000000000e-02 
  1.8361108223e+21   1.9325399057e+18   8.1785993266e+61   2.2245872600e-24   5.1871390089e-14   3.4579361672e-06   2.0000000000e-02 
  1.8380433622e+21   1.9325399057e+18   8.1958337077e+61   2.2245872600e-24   5.1871390089e-14   3.2944078248e-06   2.0000000000e-02 
  1.8399759021e+21   1.9325399057e+18   8.2130862283e+61   2.2245872600e-24   5.1871390089e-14   3.1898736004e-06   2.0000000000e-02 
  1.8419084420e+21   1.9325399057e+18   8.2303568883e+61   2.2245872600e-24   5.1871390089e-14   3.1310911269e-06   2.0000000000e-02 
  1.8438409819e+21   1.9325399057e+18   8.2476456879e+61   2.2245872600e-24   5.1871390089e-14   3.0739638444e-06   2.0000000000e-02 
  1.8457735218e+21   1.9325399057e+18   8.2649526269e+61   2.2245872600e-24   5.1871390089e-14   3.0319375337e-06   2.0000000000e-02 
  1.8477060617e+21   1.9325399057e+18   8.2822777055e+61   2.2245872600e-24   5.1871390089e-14   2.9986555237e-06   2.0000000000e-02 
  1.8496386016e+21   1.9325399057e+18   8.2996209236e+61   2.2245872600e-24   5.1871390089e-14   2.9439961526e-06   2.0000000000e-02 
  1.8515711415e+21   1.9325399057e+18   8.3169822811e+61   2.2245872600e-24   5.1871390089e-14   2.8265779734e-06   2.0000000000e-02 
  1.8535036815e+21   1.9325399057e+18   8.3343617782e+61   2.2245872600e-24   5.1871390088e-14   2.6721620714e-06   2.0000000000e-02 
  1.8554362214e+21   1.9325399057e+18   8.3517594147e+61   2.2245872600e-24   5.1871390088e-14   2.4247437715e-06   2.0000000000e-02 
  1.8573687613e+21   1.9325399057e+18   8.3691751907e+61   2.2245872600e-24   5.1871390088e-14   2.2817884093e-06   2.0000000000e-02 
  1.8593013012e+21   1.9325399057e+18   8.3866091063e+61   2.2245872600e-24   5.1871390088e-14   2.4617005012e-06   2.0000000000e-02 
  1.8612338411e+21   1.9325399057e+18   8.4040611613e+61   2.2245872600e-24   5.1871390088e-14   2.6390648763e-06   2.0000000000e-02 
  1.8631663810e+21   1.9325399057e+18   8.4215313559e+61   2.2245872600e-24   5.1871390088e-14   2.6832429622e-06   2.0000000000e-02 
  1.8650989209e+21   1.9325399057e+18   8.4390196899e+61   2.2245872600e-24   5.1871390088e-14   2.7143335795e-06   2.0000000000e-02 
  1.8670314608e+21   1.9325399057e+18   8.4565261635e+61   2.2245872600e-24   5.1871390088e-14   2.7622343303e-06   2.0000000000e-02 
  1.8689640007e+21   1.9325399057e+18   8.4740507765e+61   2.2245872600e-24   5.1871390088e-14   2.8062015862e-06   2.0000000000e-02 
  1.8708965406e+21   1.9325399057e+18   8.4915935290e+61   2.2245872600e-24   5.1871390088e-14   2.8437169092e-06   2.0000000000e-02 
  1.8728290805e+21   1.9325399057e+18   8.5091544211e+61   2.2245872600e-24   5.1871390088e-14   2.9032548864e-06   2.0000000000e-02 
  1.8747616204e+21   1.9325399057e+18   8.5267334526e+61   2.2245872600e-24   5.1871390088e-14   2.9512204002e-06   2.0000000000e-02 
  1.8766941603e+21   1.9325399057e+18   8.5443306236e+61   2.2245872600e-24   5.1871390088e-14   3.0953600023e-06   2.0000000000e-02 
  1.8786267002e+21   1.9325399057e+18   8.5619459342e+61   2.2245872600e-24   5.1871390088e-14   3.2916800056e-06   2.0000000000e-02 
  1.8805592401e+21   1.9325399057e+18   8.5795793842e+61   2.2245872600e-24   5.1871390088e-14   3.5624467481e-06   2.0000000000e-02 
  1.8824917800e+21   1.9325399057e+18   8.5972309737e+61   2.2245872600e-24   5.1871390088e-14   3.8320565723e-06   2.0000000000e-02 
  1.8844243199e+21   1.9325399057e+18   8.6149007027e+61   2.2245872600e-24   5.1871390088e-14   3.9472257036e-06   2.0000000000e-02 
  1.8863568598e+21   1.9325399057e+18   8.6325885712e+61   2.2245872600e-24   5.1871390088e-14   4.1116049684e-06   2.0000000000e-02 
  1.8882893998e+21   1.9325399057e+18   8.6502945793e+61   2.2245872600e-24   5.1871390088e-14   4.3756196892e-06   2.0000000000e-02 
  1.8902219397e+21   1.9325399057e+18   8.6680187268e+61   2.2245872600e-24   5.1871390088e-14   4.4671734106e-06   2.0000000000e-02 
  1.8921544796e+21   1.9325399057e+18   8.6857610138e+61   2.2245872600e-24   5.1871390088e-14   4.2080780941e-06   2.0000000000e-02 
  1.8940870195e+21   1.9325399057e+18   8.7035214403e+61   2.2245872600e-24   5.1871390089e-14   4.0499032057e-06   2.0000000000e-02 
  1.8960195594e+21   1.9325399057e+18   8.7213000063e+61   2.2245872600e-24   5.1871390089e-14   3.8721252997e-06   2.0000000000e-02 
  1.8979520993e+21   1.9325399057e+18   8.7390967118e+61   2.2245872600e-24   5.1871390089e-14   3.7718362058e-06   2.0000000000e-02 
  1.8998846392e+21   1.9325399057e+18   8.7569115569e+61   2.2245872600e-24   5.1871390089e-14   3.7739749849e-06   2.0000000000e-02 
  1.9018171791e+21   1.9325399057e+18   8.7747445414e+61   2.2245872600e-24   5.1871390089e-14   3.7808872292e-06   2.0000000000e-02 
  1.9037497190e+21   1.9325399057e+18   8.7925956654e+61   2.2245872600e-24   5.1871390089e-14   3.7812136631e-06   2.0000000000e-02 
  1.9056822589e+21   1.9325399057e+18   8.8104649289e+61   2.2245872600e-24   5.1871390089e-14   3.7387630440e-06   2.0000000000e-02 
  1.9076147988e+21   1.9325399057e+18   8.8283523319e+61   2.2245872600e-24   5.1871390089e-14   3.7015330964e-06   2.0000000000e-02 
  1.9095473387e+21   1.9325399057e+18   8.8462578744e+61   2.2245872600e-24   5.1871390089e-14   3.6910120988e-06   2.0000000000e-02 
  1.9114798786e+21   1.9325399057e+18   8.8641815564e+61   2.2245872600e-24   5.1871390089e-14   3.6507719898e-06   2.0000000000e-02 
  1.9134124185e+21   1.9325399057e+18   8.8821233779e+61   2.2245872600e-24   5.1871390089e-14   3.5915921562e-06   2.0000000000e-02 
  1.9153449584e+21   1.9325399057e+18   8.9000833389e+61   2.2245872600e-24   5.1871390089e-14   3.5711467779e-06   2.0000000000e-02 
  1.9172774983e+21   1.9325399057e+18   8.9180614394e+61   2.2245872600e-24   5.1871390089e-14   3.5104553650e-06   2.0000000000e-02 
  1.9192100382e+21   1.9325399057e+18   8.9360576794e+61   2.2245872600e-24   5.1871390089e-14   3.4392281425e-06   2.0000000000e-02 
  1.9211425782e+21   1.9325399057e+18   8.9540720589e+61   2.2245872600e-24   5.1871390089e-14   3.3773878598e-06   2.0000000000e-02 
  1.9230751181e+21   1.9325399057e+18   8.9721045778e+61   2.2245872600e-24   5.1871390088e-14   3.3567785818e-06   2.0000000000e-02 
  1.9250076580e+21   1.9325399057e+18   8.9901552363e+61   2.2245872600e-24   5.1871390088e-14   3.3608391578e-06   2.0000000000e-02 
  1.9269401979e+21   1.9325399057e+18   9.0082240343e+61   2.2245872600e-24   5.1871390088e-14   3.3808705147e-06   2.0000000000e-02 
  1.9288727378e+21   1.9325399057e+18   9.0263109718e+61   2.2245872600e-24   5.1871390088e-14   3.3402488375e-06   2.0000000000e-02 
  1.9308052777e+21   1.9325399057e+18   9.0444160488e+61   2.2245872600e-24   5.1871390088e-14   3.2856276945e-06   2.0000000000e-02 
  1.9327378176e+21   1.9325399057e+18   9.0625392653e+61   2.2245872600e-24   5.1871390088e-14   2.9653059065e-06   2.0000000000e-02 
  1.9346703575e+21   1.9325399057e+18   9.0806806212e+61   2.2245872600e-24   5.1871390088e-14   2.3776487330e-06   2.0000000000e-02 
  1.9366028974e+21   1.9325399057e+18   9.0988401167e+61   2.2245872600e-24   5.1871390088e-14   1.7276218474e-06   2.0000000000e-02 
  1.9385354373e+21   1.9325399057e+18   9.1170177517e+61   2.2245872600e-24   5.1871390087e-14   2.0841461486e-07   2.0000000000e-02 
  1.9404679772e+21   1.9325399057e+18   9.1352135262e+61   2.2245872600e-24   5.1871390087e-14  -5.3529597793e-07   2.0000000000e-02 
  1.9424005171e+21   1.9325399057e+18   9.1534274401e+61   2.2245872600e-24   5.1871390087e-14  -6.6428204945e-07   2.0000000000e-02 
  1.9443330570e+21   1.9325399057e+18   9.1716594936e+61   2.2245872600e-24   5.1871390087e-14  -6.8108815218e-07   2.0000000000e-02 
  1.9462655969e+21   1.9325399057e+18   9.1899096866e+61   2.2245872600e-24   5.1871390087e-14  -6.9384460504e-07   2.0000000000e-02 
  1.9481981368e+21   1.9325399057e+18   9.2081780190e+61   2.2245872600e-24   5.1871390087e-14  -7.1034965022e-07   2.0000000000e-02 
  1.9501306767e+21   1.9325399057e+18   9.2264644910e+61   2.2245872600e-24   5.1871390087e-14  -7.1081215561e-07   2.0000000000e-02 
  1.9520632166e+21   1.9325399057e+18   9.2447691025e+61   2.2245872600e-24   5.1871390087e-14  -7.2107227595e-07   2.0000000000e-02 
  1.9539957565e+21   1.9325399057e+18   9.2630918534e+61   2.2245872600e-24   5.1871390087e-14  -7.9028995970e-07   2.0000000000e-02 
  1.9559282965e+21   1.9325399057e+18   9.2814327439e+61   2.2245872600e-24   5.1871390087e-14  -8.6774954176e-07   2.0000000000e-02 
  1.9578608364e+21   1.9325399057e+18   9.2997917739e+61   2.2245872600e-24   5.1871390087e-14  -8.8211416300e-07   2.0000000000e-02 
  1.9597933763e+21   1.9325399057e+18   9.3181689433e+61   2.2245872600e-24   5.1871390087e-14  -8.7113646109e-07   2.0000000000e-02 
  1.9617259162e+21   1.9325399057e+18   9.3365642523e+61   2.2245872600e-24   5.1871390087e-14  -8.5614181908e-07   2.0000000000e-02 
  1.9636584561e+21   1.9325399057e+18   9.3549777007e+61   2.2245872600e-24   5.1871390087e-14  -7.9698275238e-07   2.0000000000e-02 
  1.9655909960e+21   1.9325399057e+18   9.3734092887e+61   2.2245872600e-24   5.1871390087e-14  -7.3526966550e-07   2.0000000000e-02 
  1.9675235359e+21   1.9325399057e+18   9.3918590161e+61   2.2245872600e-24   5.1871390087e-14  -7.1923246352e-07   2.0000000000e-02 
  1.9694560758e+21   1.9325399057e+18   9.4103268831e+61   2.2245872600e-24   5.1871390087e-14  -7.0272815411e-07   2.0000000000e-02 
  1.9713886157e+21   1.9325399057e+18   9.4288128895e+61   2.2245872600e-24   5.1871390087e-14  -6.3754455218e-07   2.0000000000e-02 
  1.9733211556e+21   1.9325399057e+18   9.4473170355e+61   2.2245872600e-24   5.1871390087e-14  -5.1558208696e-07   2.0000000000e-02 
  1.9752536955e+21   1.9325399057e+18   9.4658393209e+61   2.2245872600e-24   5.1871390087e-14  -3.2561450934e-07   2.0000000000e-02 
  1.9771862354e+21   1.9325399057e+18   9.4843797459e+61   2.2245872600e-24   5.1871390087e-14  -1.1721039884e-07   2.0000000000e-02 
  1.9791187753e+21   1.9325399057e+18   9.5029383103e+61   2.2245872600e-24   5.1871390087e-14   0.0000000000e+00   2.0000000000e-02 
