# time = 1.224402e+15 [s] 
# r                  dr                 dV                 Density            Pressure           Velocity           Z
  2.1304517832e+18   2.1304517832e+18   4.0504543152e+55   2.6601518936e-31   3.1704801076e-13   0.0000000000e+00   9.9248591688e-02 
  3.0437070779e+18   9.1325529462e+17   7.7608313105e+55   2.6601518936e-31   3.1704801076e-13  -2.0893230448e+05   9.9248591688e-02 
  3.9305014397e+18   8.8679436179e+17   1.3623758087e+56   2.6610731224e-31   3.1704213263e-13  -3.6333453215e+05   9.9248591688e-02 
  4.4694271738e+18   5.3892573413e+17   1.1962596982e+56   2.6632129237e-31   3.1704516432e-13  -4.9520797571e+05   9.9248591688e-02 
  4.8213563036e+18   3.5192912982e+17   9.5481104025e+55   2.6662451340e-31   3.1704521732e-13  -5.6973763008e+05   9.9248591688e-02 
  5.4602581213e+18   6.3890181767e+17   2.1245416977e+56   2.6728022384e-31   3.1704511403e-13  -6.4784882099e+05   9.9248591688e-02 
  6.0060223913e+18   5.4576427001e+17   2.2559420466e+56   2.6830882368e-31   3.1704511195e-13  -7.3818437528e+05   9.9248591688e-02 
  6.7944774080e+18   7.8845501670e+17   4.0637739484e+56   2.6982744950e-31   3.1704506794e-13  -8.3640490740e+05   9.9248591688e-02 
  7.5222577726e+18   7.2778036465e+17   4.6904241710e+56   2.7187842593e-31   3.1704505074e-13  -9.4567079528e+05   9.9248591688e-02 
  8.4764968442e+18   9.5423907150e+17   7.6823504496e+56   2.7458977110e-31   3.1704501174e-13  -1.0645543019e+06   9.9248591688e-02 
  9.4146390576e+18   9.3814221348e+17   9.4426139847e+56   2.7806465410e-31   3.1704497430e-13  -1.1966720279e+06   9.9248591688e-02 
  1.0573896457e+19   1.1592573993e+18   1.4567276126e+57   2.8244951441e-31   3.1704492128e-13  -1.3415596108e+06   9.9248591688e-02 
  1.1769601943e+19   1.1957054859e+18   1.8771147561e+57   2.8791924618e-31   3.1704485838e-13  -1.5030885107e+06   9.9248591688e-02 
  1.3168164498e+19   1.3985625554e+18   2.7352810186e+57   2.9459682778e-31   3.1704477565e-13  -1.6799940551e+06   9.9248591688e-02 
  1.4652091406e+19   1.4839269077e+18   3.6115722200e+57   3.0271354580e-31   3.1704466838e-13  -1.8757552297e+06   9.9248591688e-02 
  1.6316845117e+19   1.6647537106e+18   5.0207727923e+57   3.1238643091e-31   3.1704452455e-13  -2.0889252814e+06   9.9248591688e-02 
  1.8139766090e+19   1.8229209731e+18   6.8056221880e+57   3.2400171637e-31   3.1704432803e-13  -2.3245224372e+06   9.9248591688e-02 
  2.0127829033e+19   1.9880629438e+18   9.1544632188e+57   3.3771667889e-31   3.1704405890e-13  -2.5815341422e+06   9.9248591688e-02 
  2.2333002222e+19   2.2051731890e+18   1.2501434233e+58   3.5398897199e-31   3.1704368852e-13  -2.8639585492e+06   9.9248591688e-02 
  2.4691531989e+19   2.3585297665e+18   1.6398504773e+58   3.7303827594e-31   3.1704318748e-13  -3.1709799600e+06   9.9248591688e-02 
  2.7331075843e+19   2.6395438544e+18   2.2461332321e+58   3.9548985556e-31   3.1704251903e-13  -3.5068188544e+06   9.9248591688e-02 
  3.0100707554e+19   2.7696317107e+18   2.8721891585e+58   4.2158288167e-31   3.1704164703e-13  -3.8698118645e+06   9.9248591688e-02 
  3.3243790441e+19   3.1430828865e+18   3.9653339991e+58   4.5228233034e-31   3.1704051677e-13  -4.2660619385e+06   9.9248591688e-02 
  3.6482979096e+19   3.2391886554e+18   4.9510522631e+58   4.8785041340e-31   3.1703908562e-13  -4.6932356381e+06   9.9248591688e-02 
  4.0085778139e+19   3.6027990430e+18   6.6406944565e+58   5.2892778818e-31   3.1703731030e-13  -5.1506542030e+06   9.9248591688e-02 
  4.3771709708e+19   3.6859315691e+18   8.1481766286e+58   5.7599349142e-31   3.1703514092e-13  -5.6374639386e+06   9.9248591688e-02 
  4.7944853384e+19   4.1731436757e+18   1.1035915222e+59   6.3079510168e-31   3.1703253021e-13  -6.1619131613e+06   9.9248591688e-02 
  5.1833226675e+19   3.8883732915e+18   1.2167683526e+59   6.9130404228e-31   3.1702954922e-13  -6.6994294441e+06   9.9248591688e-02 
  5.7218214170e+19   5.3849874949e+18   2.0134935395e+59   7.6699507640e-31   3.1702535690e-13  -7.3173487241e+06   9.9248591688e-02 
  6.6022229782e+19   8.8040156113e+18   4.2079962332e+59   8.9089696871e-31   3.1701880348e-13  -8.2614591952e+06   9.9248591688e-02 
  6.8894786550e+19   2.8725567681e+18   1.6429243597e+59   9.9788741937e-31   3.1701157101e-13  -9.0364817163e+06   9.9248591688e-02 
  7.1847565584e+19   2.9527790341e+18   1.8377826457e+59   1.0595039065e-30   3.1700855577e-13  -9.4243632976e+06   9.9248591688e-02 
  7.4771912656e+19   2.9243470723e+18   1.9752392733e+59   1.1305124993e-30   3.1700395502e-13  -9.8150752577e+06   9.9248591688e-02 
  7.7829101741e+19   3.0571890847e+18   2.2368924952e+59   1.2127938629e-30   3.1699944701e-13  -1.0213000088e+07   9.9248591688e-02 
  8.0500932639e+19   2.6718308984e+18   2.1043921604e+59   1.3017655127e-30   3.1699452304e-13  -1.0593914710e+07   9.9248591688e-02 
  8.4035287762e+19   3.5343551225e+18   3.0064215986e+59   1.4118566324e-30   3.1698846864e-13  -1.1006139249e+07   9.9248591688e-02 
  8.7326332093e+19   3.2910443313e+18   3.0364358813e+59   1.5455768787e-30   3.1698165702e-13  -1.1458762075e+07   9.9248591688e-02 
  9.0487619571e+19   3.1612874777e+18   3.1404456796e+59   1.6859179564e-30   3.1697278772e-13  -1.1886114397e+07   9.9248591688e-02 
  9.3407344883e+19   2.9197253119e+18   3.1021874270e+59   1.8327779359e-30   3.1696546411e-13  -1.2290082388e+07   9.9248591688e-02 
  9.7134821544e+19   3.7274766610e+18   4.2520895242e+59   2.0116684680e-30   3.1695461349e-13  -1.2731023264e+07   9.9248591688e-02 
  1.0073785995e+20   3.6030384093e+18   4.4323948231e+59   2.2262923260e-30   3.1694187123e-13  -1.3218699871e+07   9.9248591688e-02 
  1.0412644664e+20   3.3885866841e+18   4.4682830211e+59   2.4497126035e-30   3.1692799588e-13  -1.3684219285e+07   9.9248591688e-02 
  1.0744079299e+20   3.3143463566e+18   4.6610110144e+59   2.6845179708e-30   3.1691355101e-13  -1.4131199125e+07   9.9248591688e-02 
  1.1151974889e+20   4.0789558963e+18   6.1444191689e+59   2.9682162975e-30   3.1689582028e-13  -1.4625031735e+07   9.9248591688e-02 
  1.1551487680e+20   3.9951279052e+18   6.4700789603e+59   3.3014641084e-30   3.1687362209e-13  -1.5164840941e+07   9.9248591688e-02 
  1.1921701884e+20   3.7021420496e+18   6.4088952284e+59   3.6433846625e-30   3.1685064105e-13  -1.5680872235e+07   9.9248591688e-02 
  1.2324798976e+20   4.0309709146e+18   7.4455655439e+59   4.0148147948e-30   3.1682578366e-13  -1.6201142347e+07   9.9248591688e-02 
  1.2795320176e+20   4.7052120047e+18   9.3287455233e+59   4.4661480803e-30   3.1679507554e-13  -1.6790268838e+07   9.9248591688e-02 
  1.3251510920e+20   4.5619074383e+18   9.7241250171e+59   4.9779059804e-30   3.1676236260e-13  -1.7417048822e+07   9.9248591688e-02 
  1.3625059073e+20   3.7354815302e+18   8.4775842741e+59   5.4711568139e-30   3.1673291934e-13  -1.7979148198e+07   9.9248591688e-02 
  1.4151309336e+20   5.2625026233e+18   1.2756898078e+60   6.0586596519e-30   3.1670218782e-13  -1.8590178038e+07   9.9248591688e-02 
  1.4800425852e+20   6.4911651620e+18   1.7095999355e+60   6.8875006211e-30   3.1666582374e-13  -1.9389568949e+07   9.9248591688e-02 
  1.5453087090e+20   6.5266123789e+18   1.8769671966e+60   7.8825994342e-30   3.1663252857e-13  -2.0278184086e+07   9.9248591688e-02 
  1.6017895060e+20   5.6480797011e+18   1.7575913545e+60   8.9116507379e-30   3.1662060634e-13  -2.1103597621e+07   9.9248591688e-02 
  1.6769743768e+20   7.5184870826e+18   2.5396667303e+60   1.0185006692e-29   3.1663264723e-13  -2.1993518505e+07   9.9248591688e-02 
  1.7330167683e+20   5.6042391520e+18   2.0474444823e+60   1.1624776538e-29   3.1667445144e-13  -2.2881785645e+07   9.9248591688e-02 
  1.8165586938e+20   8.3541925445e+18   3.3074048778e+60   1.3456945146e-29   3.1675566590e-13  -2.3825815679e+07   9.9248591688e-02 
  1.9298012038e+20   1.1324250998e+19   4.9947137286e+60   1.6452300771e-29   3.1695909731e-13  -2.5167953245e+07   9.9248591688e-02 
  2.0485415323e+20   1.1874032853e+19   5.9058369125e+60   2.0519769199e-29   3.1731022212e-13  -2.6774077911e+07   9.9248591688e-02 
  2.1318542824e+20   8.3312750121e+18   4.5746054791e+60   2.4548161531e-29   3.1763191215e-13  -2.8195615381e+07   9.9248591688e-02 
  2.2070438246e+20   7.5189542191e+18   4.4474357923e+60   2.8182651358e-29   3.1780435293e-13  -2.9342902044e+07   9.9248591688e-02 
  2.3135179556e+20   1.0647413105e+19   6.8368979406e+60   3.2148356027e-29   3.1774720702e-13  -3.0722936685e+07   9.9248591688e-02 
  2.3903655750e+20   7.6847619379e+18   5.3423464294e+60   3.5412373415e-29   3.1740685052e-13  -3.2158046825e+07   9.9248591688e-02 
  2.4804491941e+20   9.0083619041e+18   6.7150374686e+60   3.7479608975e-29   3.1702101735e-13  -3.3491972425e+07   9.9248591688e-02 
  2.5713206089e+20   9.0871414876e+18   7.2863680887e+60   3.9006028842e-29   3.1706696893e-13  -3.4848272694e+07   9.9248591688e-02 
  2.6844144670e+20   1.1309385807e+19   9.8157355558e+60   4.0048871073e-29   3.1785747140e-13  -3.6332344326e+07   9.9248591688e-02 
  2.7762750410e+20   9.1860574023e+18   8.6062698428e+60   4.0659614909e-29   3.1965541658e-13  -3.7771180602e+07   9.9248591688e-02 
  2.8866756380e+20   1.1040059695e+19   1.1124022772e+61   4.0814719234e-29   3.2268380285e-13  -3.9151223143e+07   9.9248591688e-02 
  2.9878468926e+20   1.0117125465e+19   1.0969708598e+61   4.0696362618e-29   3.2703424555e-13  -4.0649472735e+07   9.9248591688e-02 
  3.0414906975e+20   5.3643804859e+18   6.1266082084e+60   4.0423798332e-29   3.3117511346e-13  -4.1875376179e+07   9.9248591688e-02 
  3.0934253865e+20   5.1934689028e+18   6.1409425676e+60   3.9928089743e-29   3.3421555884e-13  -4.2720404292e+07   9.9248591688e-02 
  3.2071575227e+20   1.1373213621e+19   1.4185403656e+61   3.8590658122e-29   3.3869052056e-13  -4.3963247845e+07   9.9248591688e-02 
  3.2959665876e+20   8.8809064915e+18   1.1799897974e+61   3.6819789236e-29   3.4378020494e-13  -4.5398023235e+07   9.9248591688e-02 
  3.3556282180e+20   5.9661630400e+18   8.2929339717e+60   3.5693778394e-29   3.4683776320e-13  -4.6366369128e+07   9.9248591688e-02 
  3.4091508490e+20   5.3522630962e+18   7.6949113889e+60   3.5158279291e-29   3.4892063488e-13  -4.7000804206e+07   9.9248591688e-02 
  3.4495617074e+20   4.0410858434e+18   5.9722527456e+60   3.4948122133e-29   3.5038903970e-13  -4.7476214419e+07   9.9248591687e-02 
  3.5682694262e+20   1.1870771878e+19   1.8368600891e+61   3.4898556023e-29   3.5233400370e-13  -4.8133277631e+07   9.9248591683e-02 
  3.6359072514e+20   6.7637825172e+18   1.1028615051e+61   3.5169590477e-29   3.5447186633e-13  -4.8757086038e+07   9.9248591670e-02 
  3.6521189060e+20   1.6211654636e+18   2.7051900264e+60   3.5545838405e-29   3.5513109946e-13  -4.8946503084e+07   9.9248591637e-02 
  3.6627469391e+20   1.0628033053e+18   1.7865525939e+60   3.6007816441e-29   3.5526411067e-13  -4.8989974503e+07   9.9248591303e-02 
  3.7166085794e+20   5.3861640275e+18   9.2145478177e+60   3.7104422636e-29   3.5547604423e-13  -4.9061096903e+07   9.9248590027e-02 
  3.7624240714e+20   4.5815492043e+18   8.0511611346e+60   3.8392703266e-29   3.5575603665e-13  -4.9148140122e+07   9.9248584128e-02 
  3.8127828581e+20   5.0358786676e+18   9.0786344541e+60   3.9088630266e-29   3.5589609450e-13  -4.9164736860e+07   9.9248562941e-02 
  3.9229770152e+20   1.1019415709e+19   2.0717806581e+61   3.9377491525e-29   3.5585417611e-13  -4.9125207631e+07   9.9248493473e-02 
  4.0768786204e+20   1.5390160527e+19   3.0946454291e+61   3.9170917074e-29   3.5532624486e-13  -4.8912481469e+07   9.9248169839e-02 
  4.1668303705e+20   8.9951750105e+18   1.9205341355e+61   3.8576643432e-29   3.5383255491e-13  -4.8486103950e+07   9.9246777313e-02 
  4.2514445143e+20   8.4614143797e+18   1.8838818740e+61   3.7971055647e-29   3.5287352633e-13  -4.8196138600e+07   9.9246690980e-02 
  4.4214766709e+20   1.7003215657e+19   4.0185314611e+61   3.6601731914e-29   3.5171503376e-13  -4.7615232963e+07   9.9238992766e-02 
  4.5071657585e+20   8.5689087556e+18   2.1461475953e+61   3.4757870537e-29   3.5028989530e-13  -4.6866556549e+07   9.9208290649e-02 
  4.5815074129e+20   7.4341654467e+18   1.9292688543e+61   3.2909699925e-29   3.4860264443e-13  -4.6153306772e+07   9.8999851963e-02 
  4.6232132875e+20   4.1705874603e+18   1.1101235303e+61   3.1013609027e-29   3.4733419220e-13  -4.5604393683e+07   9.8404968555e-02 
  4.6635398450e+20   4.0326557459e+18   1.0926260577e+61   2.9077948083e-29   3.4646043831e-13  -4.5200328187e+07   9.7348609154e-02 
  4.7282349695e+20   6.4695124522e+18   1.7927661233e+61   2.5759062165e-29   3.4529694017e-13  -4.4644270135e+07   9.6801775573e-02 
  4.7510218847e+20   2.2786915220e+18   6.4325745520e+60   2.2859065248e-29   3.4433692484e-13  -4.4157493114e+07   9.6626278706e-02 
  4.7628719150e+20   1.1850030287e+18   3.3696605702e+60   2.1758892004e-29   3.4388486424e-13  -4.3974099060e+07   9.6588934287e-02 
  4.7801150277e+20   1.7243112726e+18   4.9332675768e+60   2.1200482178e-29   3.4363474078e-13  -4.3817186707e+07   9.6582248175e-02 
  4.8337564411e+20   5.3641413326e+18   1.5575830579e+61   2.0411554712e-29   3.4294696690e-13  -4.3412543936e+07   9.6581780381e-02 
  4.8763230606e+20   4.2566619484e+18   1.2608615098e+61   1.9538766348e-29   3.4195735625e-13  -4.2882253585e+07   9.6581676979e-02 
  4.9061394410e+20   2.9816380421e+18   8.9640139154e+60   1.9011720104e-29   3.4124475649e-13  -4.2481370964e+07   9.6581671774e-02 
  4.9336210843e+20   2.7481643277e+18   8.3591623054e+60   1.8711190910e-29   3.4065103280e-13  -4.2161338859e+07   9.6581671430e-02 
  4.9642516417e+20   3.0630557402e+18   9.4273556035e+60   1.8539311421e-29   3.4002465922e-13  -4.1843353002e+07   9.6581671422e-02 
  4.9901748470e+20   2.5923205306e+18   8.0699722511e+60   1.8426019662e-29   3.3942011645e-13  -4.1527283008e+07   9.6581671421e-02 
  5.0982057769e+20   1.0803092998e+19   3.4542797458e+61   1.8303047349e-29   3.3795997181e-13  -4.0778188740e+07   9.6581671420e-02 
  5.1969875581e+20   9.8781781192e+18   3.2893422722e+61   1.8202336059e-29   3.3554097308e-13  -3.9625997840e+07   9.6581671417e-02 
  5.2298018276e+20   3.2814269469e+18   1.1207667779e+61   1.8222332988e-29   3.3394661293e-13  -3.8902093782e+07   9.6581671415e-02 
  5.2540195332e+20   2.4217705571e+18   8.3622445556e+60   1.8306673734e-29   3.3329358060e-13  -3.8593376257e+07   9.6581671413e-02 
  5.2770588398e+20   2.3039306589e+18   8.0272291219e+60   1.8513119151e-29   3.3270935566e-13  -3.8327955998e+07   9.6581671412e-02 
  5.2942733854e+20   1.7214545595e+18   6.0437329062e+60   1.8809193223e-29   3.3218800987e-13  -3.8112090256e+07   9.6581671410e-02 
  5.3781999127e+20   8.3926527360e+18   3.0032275014e+61   1.9836753066e-29   3.3090710312e-13  -3.7574666988e+07   9.6581671403e-02 
  5.4293433877e+20   5.1143474998e+18   1.8767106400e+61   2.1417418613e-29   3.2893649011e-13  -3.6801996071e+07   9.6581671355e-02 
  5.4483352696e+20   1.8991881843e+18   7.0597734328e+60   2.2405393933e-29   3.2794757595e-13  -3.6440937379e+07   9.6581671126e-02 
  5.4699986297e+20   2.1663360107e+18   8.1131406443e+60   2.3054981073e-29   3.2726915470e-13  -3.6213501469e+07   9.6581667190e-02 
  5.5135760418e+20   4.3577412102e+18   1.6515852698e+61   2.3850517232e-29   3.2615736588e-13  -3.5840429255e+07   9.6581649857e-02 
  5.5539929234e+20   4.0416881627e+18   1.5553175745e+61   2.4555771783e-29   3.2470429754e-13  -3.5394698957e+07   9.6581489876e-02 
  5.6073989967e+20   5.3406073348e+18   2.0901649046e+61   2.4986765022e-29   3.2313161084e-13  -3.4894713650e+07   9.6580741520e-02 
  5.7385831552e+20   1.3118415842e+19   5.3056037391e+61   2.5271220858e-29   3.1982010693e-13  -3.3886458181e+07   9.6578320523e-02 
  5.8272457505e+20   8.8662595375e+18   3.7260814735e+61   2.5433117522e-29   3.1592093644e-13  -3.2705379178e+07   9.6569914261e-02 
  5.9121903460e+20   8.4944595484e+18   3.6777963447e+61   2.5393451016e-29   3.1292427196e-13  -3.1800534696e+07   9.6569405777e-02 
  6.0724226759e+20   1.6023232983e+19   7.2305931822e+61   2.5102568355e-29   3.0870279871e-13  -3.0584309876e+07   9.6536476283e-02 
  6.1686761541e+20   9.6253478211e+18   4.5312295503e+61   2.4647704145e-29   3.0435199005e-13  -2.9356982697e+07   9.6441566374e-02 
  6.2369538931e+20   6.8277739007e+18   3.3011939500e+61   2.4218605015e-29   3.0186738552e-13  -2.8553263988e+07   9.5936866491e-02 
  6.2956582231e+20   5.8704330039e+18   2.8967190936e+61   2.3677925382e-29   2.9994816742e-13  -2.7975269263e+07   9.2180371529e-02 
  6.3220195790e+20   2.6361355927e+18   1.3184908376e+61   2.3121614477e-29   2.9879735525e-13  -2.7578012386e+07   8.6578410824e-02 
  6.3721516069e+20   5.0132027861e+18   2.5379093407e+61   2.2207167652e-29   2.9775866588e-13  -2.7245129088e+07   7.9171577000e-02 
  6.3875914307e+20   1.5439823793e+18   7.8972571758e+60   2.1309416474e-29   2.9687661214e-13  -2.6975257944e+07   7.4950258808e-02 
  6.4064824376e+20   1.8891006882e+18   9.7145570314e+60   2.0703668386e-29   2.9650348861e-13  -2.6822507847e+07   7.3482103364e-02 
  6.4493940290e+20   4.2911591437e+18   2.2280733704e+61   1.9939479142e-29   2.9581720144e-13  -2.6553083534e+07   7.3353235054e-02 
  6.4784025376e+20   2.9008508606e+18   1.5230880884e+61   1.9217056976e-29   2.9496941222e-13  -2.6264521767e+07   7.3317772231e-02 
  6.5042969376e+20   2.5894399976e+18   1.3711542333e+61   1.8796946396e-29   2.9439458502e-13  -2.6031850028e+07   7.3313236184e-02 
  6.5410084794e+20   3.6711541815e+18   1.9627371653e+61   1.8480639680e-29   2.9375843232e-13  -2.5769179090e+07   7.3313037637e-02 
  6.5810816299e+20   4.0073150533e+18   2.1677577225e+61   1.8241180409e-29   2.9300705965e-13  -2.5450215699e+07   7.3313013258e-02 
  6.6172908264e+20   3.6209196511e+18   1.9815754359e+61   1.8079650616e-29   2.9223606286e-13  -2.5142831328e+07   7.3313011854e-02 
  6.7037814290e+20   8.6490602556e+18   4.8217342001e+61   1.7947163733e-29   2.9109150819e-13  -2.4640265701e+07   7.3313011785e-02 
  6.7670297197e+20   6.3248290714e+18   3.6056980296e+61   1.7834423582e-29   2.8972990061e-13  -2.4020172888e+07   7.3313011756e-02 
  6.8046487020e+20   3.7618982241e+18   2.1768331771e+61   1.7800840768e-29   2.8880768675e-13  -2.3615887769e+07   7.3313011750e-02 
  6.9119681191e+20   1.0731941717e+19   6.3435308046e+61   1.7823127666e-29   2.8751421129e-13  -2.3046797391e+07   7.3313011740e-02 
  6.9900744707e+20   7.8106351528e+18   4.7423982674e+61   1.7901868049e-29   2.8588138712e-13  -2.2311625223e+07   7.3313011679e-02 
  7.0960560617e+20   1.0598159100e+19   6.6065073038e+61   1.8045655074e-29   2.8429733110e-13  -2.1569341139e+07   7.3313011338e-02 
  7.1619437343e+20   6.5887672606e+18   4.2079865144e+61   1.8239745255e-29   2.8281081578e-13  -2.0866843335e+07   7.3313010205e-02 
  7.2247873298e+20   6.2843595555e+18   4.0863721000e+61   1.8467436128e-29   2.8170344896e-13  -2.0339973692e+07   7.3312995105e-02 
  7.3558033434e+20   1.3101601361e+19   8.7505666747e+61   1.8810548055e-29   2.8006985359e-13  -1.9550809945e+07   7.3312955530e-02 
  7.5173194253e+20   1.6151608184e+19   1.1225017865e+62   1.9252795438e-29   2.7764466417e-13  -1.8369641875e+07   7.3312759159e-02 
  7.5745625983e+20   5.7243173031e+18   4.0960236687e+61   1.9526203192e-29   2.7589771383e-13  -1.7492290807e+07   7.3312382236e-02 
  7.6233493327e+20   4.8786734445e+18   3.5401442696e+61   1.9600567396e-29   2.7506934911e-13  -1.7080940171e+07   7.3304993537e-02 
  7.7541208370e+20   1.3077150422e+19   9.7150099035e+61   1.9632661128e-29   2.7373192808e-13  -1.6386007999e+07   7.3282684169e-02 
  7.8272682619e+20   7.3147424976e+18   5.5791039224e+61   1.9641482774e-29   2.7224042312e-13  -1.5603104689e+07   7.3208818501e-02 
  7.8555857268e+20   2.8317464852e+18   2.1880382660e+61   1.9622128381e-29   2.7152404983e-13  -1.5218036171e+07   7.3053054210e-02 
  7.8991867223e+20   4.3600995536e+18   3.3999431618e+61   1.9584555071e-29   2.7102371709e-13  -1.4947622520e+07   7.2277171433e-02 
  7.9260640720e+20   2.6877349724e+18   2.1146472662e+61   1.9520887361e-29   2.7054580917e-13  -1.4681918300e+07   7.1015244899e-02 
  7.9598076845e+20   3.3743612495e+18   2.6752489695e+61   1.9457451359e-29   2.7013631095e-13  -1.4455666532e+07   6.9442178137e-02 
  7.9806265979e+20   2.0818913341e+18   1.6619137286e+61   1.9380240836e-29   2.6977476534e-13  -1.4251809270e+07   6.8668397030e-02 
  8.0380111615e+20   5.7384563576e+18   4.6259184734e+61   1.9275118357e-29   2.6927129080e-13  -1.3959318504e+07   6.8526496862e-02 
  8.0732989066e+20   3.5287745182e+18   2.8776381841e+61   1.9160855839e-29   2.6867338798e-13  -1.3615433979e+07   6.8459448014e-02 
  8.1416963124e+20   6.8397405741e+18   5.6497044315e+61   1.9063883071e-29   2.6801816718e-13  -1.3233398947e+07   6.8448182732e-02 
  8.1732274080e+20   3.1531095598e+18   2.6366930223e+61   1.8983253160e-29   2.6739105152e-13  -1.2867561126e+07   6.8445659048e-02 
  8.1983584735e+20   2.5131065471e+18   2.1161313280e+61   1.8952932852e-29   2.6704247404e-13  -1.2661375774e+07   6.8445120469e-02 
  8.2283175347e+20   2.9959061260e+18   2.5396737963e+61   1.8940473738e-29   2.6670590613e-13  -1.2462484943e+07   6.8445085448e-02 
  8.2455805888e+20   1.7263054109e+18   1.4718393689e+61   1.8937408126e-29   2.6642035765e-13  -1.2292605875e+07   6.8445084634e-02 
  8.2957989360e+20   5.0218347146e+18   4.3167517514e+61   1.8952929344e-29   2.6601400816e-13  -1.2052950390e+07   6.8445087028e-02 
  8.3296749897e+20   3.3876053773e+18   2.9416524172e+61   1.8986081346e-29   2.6551340118e-13  -1.1754482890e+07   6.8445102021e-02 
  8.3617198537e+20   3.2044863974e+18   2.8047496345e+61   1.9026492160e-29   2.6512007422e-13  -1.1524593797e+07   6.8445455880e-02 
  8.3881705003e+20   2.6450646591e+18   2.3313660268e+61   1.9100607234e-29   2.6478016979e-13  -1.1321079095e+07   6.8446743718e-02 
  8.5301352431e+20   1.4196474279e+19   1.2765984242e+62   1.9378136222e-29   2.6380015820e-13  -1.0754904671e+07   6.8451102902e-02 
  8.6299377150e+20   9.9802471914e+18   9.2328191204e+61   1.9824124694e-29   2.6237856479e-13  -9.9536534951e+06   6.8461975086e-02 
  8.6968611444e+20   6.6923429347e+18   6.3119985057e+61   2.0173535096e-29   2.6142017897e-13  -9.4173721277e+06   6.8489204444e-02 
  8.8274970637e+20   1.3063591934e+19   1.2603894719e+62   2.0558724121e-29   2.6033991115e-13  -8.7930180326e+06   6.8556002068e-02 
  8.8971189872e+20   6.9621923532e+18   6.8715038917e+61   2.0908708108e-29   2.5927460177e-13  -8.1688112506e+06   6.8678710239e-02 
  8.9552467041e+20   5.8127716883e+18   5.8200433781e+61   2.1084498312e-29   2.5862312983e-13  -7.7792236396e+06   6.9445328030e-02 
  9.0174488838e+20   6.2202179638e+18   6.3122420913e+61   2.1206288637e-29   2.5802756754e-13  -7.4162025929e+06   7.2723136885e-02 
  9.0500286459e+20   3.2579762169e+18   3.3411294281e+61   2.1281328817e-29   2.5757452110e-13  -7.1318186101e+06   7.7261544740e-02 
  9.0753281662e+20   2.5299520232e+18   2.6111725391e+61   2.1310557107e-29   2.5730537817e-13  -6.9618552144e+06   8.7502971971e-02 
  9.1552139928e+20   7.9885826692e+18   8.3410659482e+61   2.1329435297e-29   2.5683759066e-13  -6.6590588776e+06   9.1503094974e-02 
  9.2160888688e+20   6.0874875957e+18   6.4546019540e+61   2.1349906399e-29   2.5622315784e-13  -6.2595506257e+06   9.5329995937e-02 
  9.2771813371e+20   6.1092468248e+18   6.5639695047e+61   2.1366038679e-29   2.5571417602e-13  -5.9232355692e+06   9.7043394941e-02 
  9.3582760355e+20   8.1094698441e+18   8.8475940842e+61   2.1388976261e-29   2.5515679772e-13  -5.5338802012e+06   9.7261758303e-02 
  9.4228053881e+20   6.4529352568e+18   7.1507250676e+61   2.1423365595e-29   2.5460559520e-13  -5.1417275517e+06   9.7326972139e-02 
  9.5224342944e+20   9.9628906370e+18   1.1234130055e+62   2.1491098777e-29   2.5403769300e-13  -4.7064435355e+06   9.7333880483e-02 
  9.5975128256e+20   7.5078531161e+18   8.6226596855e+61   2.1603436381e-29   2.5348229571e-13  -4.2495586400e+06   9.7329843070e-02 
  9.6343630955e+20   3.6850269927e+18   4.2818788401e+61   2.1723036860e-29   2.5314564094e-13  -3.9675193216e+06   9.7322501834e-02 
  9.6734239635e+20   3.9060867943e+18   4.5746445526e+61   2.1904804730e-29   2.5292370371e-13  -3.7813610089e+06   9.7307342743e-02 
  9.8105363301e+20   1.3711236662e+19   1.6352649958e+62   2.2543980330e-29   2.5245370822e-13  -3.3523227086e+06   9.7360009577e-02 
  9.9911152209e+20   1.8057889085e+19   2.2244964692e+62   2.3881052677e-29   2.5163371207e-13  -2.5959357851e+06   9.7769044276e-02 
  1.0051731751e+21   6.0616530432e+18   7.6499939674e+61   2.5039415392e-29   2.5106840371e-13  -2.0526845753e+06   9.8231820078e-02 
  1.0116296436e+21   6.4564685041e+18   8.2503670910e+61   2.5953696353e-29   2.5089743755e-13  -1.7774118702e+06   1.0015266205e-01 
  1.0226121621e+21   1.0982518416e+19   1.4277796341e+62   2.7828261837e-29   2.5052584439e-13  -1.3719528353e+06   1.0046273502e-01 
  1.0271887803e+21   4.5766182561e+18   6.0411366552e+61   2.9940788522e-29   2.5020364081e-13  -1.0368558188e+06   1.0033037349e-01 
  1.0370583377e+21   9.8695573863e+18   1.3212172413e+62   3.3441209572e-29   2.5018096200e-13  -7.5557282997e+05   9.9558016211e-02 
  1.0447992474e+21   7.7409097318e+18   1.0540128644e+62   4.0553227589e-29   2.4994655160e-13  -3.6949913519e+05   9.8601738908e-02 
  1.0507765646e+21   5.9773171884e+18   8.2463944947e+61   5.3818428567e-29   2.4952321700e-13  -7.1171916971e+04   9.9901798184e-02 
  1.0555957097e+21   4.8191450479e+18   6.7172403437e+61   8.6976342716e-29   2.4984545934e-13   1.6969330691e+05   8.5693042495e-02 
  1.0601023980e+21   4.5066883492e+18   6.3374632093e+61   1.8134854123e-28   2.5000326013e-13   4.0464009716e+05   4.1987997341e-02 
  1.0620021568e+21   1.8997587723e+18   2.6877074946e+61   1.7447473947e-23   2.0926632261e-13   4.7465788718e+05   2.0035421442e-02 
  1.0626523151e+21   6.5015828707e+17   9.2203118966e+60   3.3763486194e-23   3.3880242118e-13   4.2458435771e+05   2.0029126206e-02 
  1.0653991316e+21   2.7468165319e+18   3.9079051341e+61   4.3693927166e-23   4.1018727007e-13   4.3573375519e+05   2.0017464726e-02 
  1.0658661211e+21   4.6698946369e+17   6.6639536929e+60   4.9156294878e-23   4.4822869572e-13   4.3942487913e+05   2.0003218726e-02 
  1.0663539125e+21   4.8779139412e+17   6.9670359782e+60   5.0074838334e-23   4.5456681797e-13   4.3976732268e+05   2.0001223304e-02 
  1.0669433001e+21   5.8938763432e+17   8.4266243781e+60   5.0323472549e-23   4.5636015357e-13   4.3830890020e+05   2.0000492271e-02 
  1.0676130990e+21   6.6979892549e+17   9.5875932690e+60   4.9620633695e-23   4.5162169920e-13   4.3526307840e+05   2.0000183358e-02 
  1.0683037424e+21   6.9064333521e+17   9.8985685087e+60   4.9336230880e-23   4.4962033657e-13   4.3269589508e+05   2.0000060445e-02 
  1.0689869256e+21   6.8318323379e+17   9.8042475007e+60   4.9949309691e-23   4.5374095658e-13   4.3131383219e+05   2.0000019192e-02 
  1.0696537687e+21   6.6684314975e+17   9.5818470398e+60   5.1417506320e-23   4.6367719031e-13   4.3113446708e+05   2.0000005985e-02 
  1.0702596909e+21   6.0592211722e+17   8.7168407200e+60   5.3274723370e-23   4.7613877770e-13   4.3182405542e+05   2.0000001781e-02 
  1.0708762684e+21   6.1657749237e+17   8.8802673809e+60   5.5715964896e-23   4.9234451056e-13   4.3331282635e+05   2.0000000510e-02 
  1.0714263744e+21   5.5010602932e+17   7.9315475882e+60   5.8680839444e-23   5.1177697460e-13   4.3541070765e+05   2.0000000134e-02 
  1.0719776650e+21   5.5129062057e+17   7.9568024493e+60   6.2080423256e-23   5.3373959224e-13   4.3791587454e+05   2.0000000034e-02 
  1.0724603868e+21   4.8272183395e+17   6.9738697634e+60   6.5875326056e-23   5.5786687996e-13   4.4052358829e+05   2.0000000008e-02 
  1.0728707766e+21   4.1038972892e+17   5.9338292323e+60   6.9339231114e-23   5.7958288680e-13   4.4296127483e+05   2.0000000002e-02 
  1.0732781238e+21   4.0734722850e+17   5.8943286074e+60   7.1941057039e-23   5.9538393910e-13   4.4468674577e+05   2.0000000000e-02 
  1.0737027105e+21   4.2458665906e+17   6.1485478553e+60   7.3472741745e-23   6.0468986252e-13   4.4557481335e+05   2.0000000000e-02 
  1.0740681794e+21   3.6546892795e+17   5.2963446683e+60   7.3922510252e-23   6.0748901127e-13   4.4509786152e+05   2.0000000000e-02 
  1.0744520608e+21   3.8388146383e+17   5.5670602070e+60   7.3309219257e-23   6.0399994197e-13   4.4286714026e+05   2.0000000000e-02 
  1.0748849296e+21   4.3286870724e+17   6.2822482746e+60   6.8889084122e-23   5.7759194037e-13   4.3695409837e+05   2.0000000000e-02 
  1.0752916915e+21   4.0676197683e+17   5.9079729484e+60   6.0783396686e-23   5.2664249664e-13   4.2533779858e+05   2.0000000000e-02 
  1.0758977012e+21   6.0600971929e+17   8.8102203232e+60   5.3087953015e-23   4.7571150204e-13   4.1111332632e+05   2.0000000000e-02 
  1.0763414399e+21   4.4373865885e+17   6.4574075318e+60   3.5405259108e-23   3.5269517883e-13   3.8760805676e+05   2.0000000000e-02 
  1.0771124962e+21   7.7105624877e+17   1.1233293988e+61   1.2265309046e-23   1.6734687666e-13   2.6878526344e+05   2.0000000000e-02 
  1.0786141604e+21   1.5016642551e+18   2.1923514204e+61   3.0203940560e-24   6.5687214369e-14   5.8874234167e+04   2.0000000000e-02 
  1.0804916114e+21   1.8774510333e+18   2.7495804911e+61   2.2795845613e-24   5.2868077056e-14   4.5830196469e+03   2.0000000000e-02 
  1.0824204842e+21   1.9288727811e+18   2.8348580100e+61   2.2279473811e-24   5.1932038342e-14   2.6964289072e+02   2.0000000000e-02 
  1.0843528120e+21   1.9323277764e+18   2.8500844837e+61   2.2247813837e-24   5.1874895447e-14   1.5525271163e+01   2.0000000000e-02 
  1.0862853396e+21   1.9325276383e+18   2.8605567311e+61   2.2245984858e-24   5.1871592484e-14   8.9680517982e-01   2.0000000000e-02 
  1.0882178788e+21   1.9325391937e+18   2.8707700533e+61   2.2245879117e-24   5.1871401828e-14   5.2128121214e-02   2.0000000000e-02 
  1.0901504187e+21   1.9325398643e+18   2.8809854426e+61   2.2245872976e-24   5.1871390763e-14   3.0252743680e-03   2.0000000000e-02 
  1.0920829586e+21   1.9325399042e+18   2.8912180366e+61   2.2245872612e-24   5.1871390118e-14   1.5622920882e-04   2.0000000000e-02 
  1.0940154985e+21   1.9325399057e+18   2.9014687131e+61   2.2245872599e-24   5.1871390088e-14  -1.5726750927e-06   2.0000000000e-02 
  1.0959480384e+21   1.9325399057e+18   2.9117375268e+61   2.2245872600e-24   5.1871390089e-14  -8.0543402494e-06   2.0000000000e-02 
  1.0978805783e+21   1.9325399057e+18   2.9220244800e+61   2.2245872600e-24   5.1871390089e-14  -9.7861650823e-06   2.0000000000e-02 
  1.0998131182e+21   1.9325399057e+18   2.9323295727e+61   2.2245872600e-24   5.1871390088e-14  -1.1384115491e-05   2.0000000000e-02 
  1.1017456581e+21   1.9325399057e+18   2.9426528049e+61   2.2245872600e-24   5.1871390088e-14  -1.2283691283e-05   2.0000000000e-02 
  1.1036781980e+21   1.9325399057e+18   2.9529941766e+61   2.2245872600e-24   5.1871390089e-14  -1.2670297250e-05   2.0000000000e-02 
  1.1056107379e+21   1.9325399057e+18   2.9633536878e+61   2.2245872600e-24   5.1871390089e-14  -1.2671947982e-05   2.0000000000e-02 
  1.1075432778e+21   1.9325399057e+18   2.9737313386e+61   2.2245872600e-24   5.1871390089e-14  -1.2126390777e-05   2.0000000000e-02 
  1.1094758178e+21   1.9325399057e+18   2.9841271288e+61   2.2245872600e-24   5.1871390089e-14  -1.1264060681e-05   2.0000000000e-02 
  1.1114083577e+21   1.9325399057e+18   2.9945410585e+61   2.2245872600e-24   5.1871390089e-14  -9.8722113770e-06   2.0000000000e-02 
  1.1133408976e+21   1.9325399057e+18   3.0049731276e+61   2.2245872600e-24   5.1871390090e-14  -8.7127579690e-06   2.0000000000e-02 
  1.1152734375e+21   1.9325399057e+18   3.0154233363e+61   2.2245872600e-24   5.1871390090e-14  -7.9522246229e-06   2.0000000000e-02 
  1.1172059774e+21   1.9325399057e+18   3.0258916845e+61   2.2245872600e-24   5.1871390090e-14  -7.4780089921e-06   2.0000000000e-02 
  1.1191385173e+21   1.9325399057e+18   3.0363781722e+61   2.2245872600e-24   5.1871390090e-14  -7.1565843937e-06   2.0000000000e-02 
  1.1210710572e+21   1.9325399057e+18   3.0468827994e+61   2.2245872600e-24   5.1871390090e-14  -6.7819653981e-06   2.0000000000e-02 
  1.1230035971e+21   1.9325399057e+18   3.0574055661e+61   2.2245872600e-24   5.1871390090e-14  -6.4350875052e-06   2.0000000000e-02 
  1.1249361370e+21   1.9325399057e+18   3.0679464723e+61   2.2245872600e-24   5.1871390090e-14  -6.2070790612e-06   2.0000000000e-02 
  1.1268686769e+21   1.9325399057e+18   3.0785055180e+61   2.2245872600e-24   5.1871390090e-14  -6.1128317283e-06   2.0000000000e-02 
  1.1288012168e+21   1.9325399057e+18   3.0890827032e+61   2.2245872600e-24   5.1871390090e-14  -6.1197752362e-06   2.0000000000e-02 
  1.1307337567e+21   1.9325399057e+18   3.0996780279e+61   2.2245872600e-24   5.1871390090e-14  -6.1224764536e-06   2.0000000000e-02 
  1.1326662966e+21   1.9325399057e+18   3.1102914920e+61   2.2245872600e-24   5.1871390090e-14  -6.0544654148e-06   2.0000000000e-02 
  1.1345988365e+21   1.9325399057e+18   3.1209230957e+61   2.2245872600e-24   5.1871390090e-14  -5.8289585483e-06   2.0000000000e-02 
  1.1365313764e+21   1.9325399057e+18   3.1315728389e+61   2.2245872600e-24   5.1871390090e-14  -5.5374906637e-06   2.0000000000e-02 
  1.1384639163e+21   1.9325399057e+18   3.1422407216e+61   2.2245872600e-24   5.1871390090e-14  -5.3095015730e-06   2.0000000000e-02 
  1.1403964562e+21   1.9325399057e+18   3.1529267437e+61   2.2245872600e-24   5.1871390090e-14  -5.1806281998e-06   2.0000000000e-02 
  1.1423289962e+21   1.9325399057e+18   3.1636309054e+61   2.2245872600e-24   5.1871390090e-14  -5.1344778575e-06   2.0000000000e-02 
  1.1442615361e+21   1.9325399057e+18   3.1743532066e+61   2.2245872600e-24   5.1871390090e-14  -4.9052554784e-06   2.0000000000e-02 
  1.1461940760e+21   1.9325399057e+18   3.1850936473e+61   2.2245872600e-24   5.1871390090e-14  -3.9818818133e-06   2.0000000000e-02 
  1.1481266159e+21   1.9325399057e+18   3.1958522274e+61   2.2245872600e-24   5.1871390091e-14  -1.6926677576e-06   2.0000000000e-02 
  1.1500591558e+21   1.9325399057e+18   3.2066289471e+61   2.2245872600e-24   5.1871390091e-14   7.2118922262e-07   2.0000000000e-02 
  1.1519916957e+21   1.9325399057e+18   3.2174238063e+61   2.2245872600e-24   5.1871390091e-14   1.2902805278e-06   2.0000000000e-02 
  1.1539242356e+21   1.9325399057e+18   3.2282368049e+61   2.2245872600e-24   5.1871390091e-14   1.2721205305e-06   2.0000000000e-02 
  1.1558567755e+21   1.9325399057e+18   3.2390679431e+61   2.2245872600e-24   5.1871390092e-14   1.4099038090e-06   2.0000000000e-02 
  1.1577893154e+21   1.9325399057e+18   3.2499172207e+61   2.2245872600e-24   5.1871390092e-14   1.7807415659e-06   2.0000000000e-02 
  1.1597218553e+21   1.9325399057e+18   3.2607846379e+61   2.2245872600e-24   5.1871390092e-14   2.2381365838e-06   2.0000000000e-02 
  1.1616543952e+21   1.9325399057e+18   3.2716701946e+61   2.2245872600e-24   5.1871390092e-14   2.5201143028e-06   2.0000000000e-02 
  1.1635869351e+21   1.9325399057e+18   3.2825738907e+61   2.2245872600e-24   5.1871390092e-14   2.6533837807e-06   2.0000000000e-02 
  1.1655194750e+21   1.9325399057e+18   3.2934957264e+61   2.2245872600e-24   5.1871390092e-14   2.7556644442e-06   2.0000000000e-02 
  1.1674520149e+21   1.9325399057e+18   3.3044357015e+61   2.2245872600e-24   5.1871390092e-14   2.8281714682e-06   2.0000000000e-02 
  1.1693845548e+21   1.9325399057e+18   3.3153938162e+61   2.2245872600e-24   5.1871390092e-14   2.8603719628e-06   2.0000000000e-02 
  1.1713170947e+21   1.9325399057e+18   3.3263700703e+61   2.2245872600e-24   5.1871390092e-14   2.7838022263e-06   2.0000000000e-02 
  1.1732496346e+21   1.9325399057e+18   3.3373644640e+61   2.2245872600e-24   5.1871390092e-14   2.7735536239e-06   2.0000000000e-02 
  1.1751821745e+21   1.9325399057e+18   3.3483769971e+61   2.2245872600e-24   5.1871390092e-14   3.2955955009e-06   2.0000000000e-02 
  1.1771147145e+21   1.9325399057e+18   3.3594076697e+61   2.2245872600e-24   5.1871390091e-14   4.7432130648e-06   2.0000000000e-02 
  1.1790472544e+21   1.9325399057e+18   3.3704564819e+61   2.2245872600e-24   5.1871390090e-14   5.7118527994e-06   2.0000000000e-02 
  1.1809797943e+21   1.9325399057e+18   3.3815234335e+61   2.2245872600e-24   5.1871390090e-14   6.0415515404e-06   2.0000000000e-02 
  1.1829123342e+21   1.9325399057e+18   3.3926085247e+61   2.2245872600e-24   5.1871390090e-14   6.1827731910e-06   2.0000000000e-02 
  1.1848448741e+21   1.9325399057e+18   3.4037117553e+61   2.2245872600e-24   5.1871390090e-14   6.3457013232e-06   2.0000000000e-02 
  1.1867774140e+21   1.9325399057e+18   3.4148331254e+61   2.2245872600e-24   5.1871390090e-14   6.3579001295e-06   2.0000000000e-02 
  1.1887099539e+21   1.9325399057e+18   3.4259726351e+61   2.2245872600e-24   5.1871390090e-14   6.3421409844e-06   2.0000000000e-02 
  1.1906424938e+21   1.9325399057e+18   3.4371302842e+61   2.2245872600e-24   5.1871390090e-14   6.3809065549e-06   2.0000000000e-02 
  1.1925750337e+21   1.9325399057e+18   3.4483060728e+61   2.2245872600e-24   5.1871390090e-14   6.4774021514e-06   2.0000000000e-02 
  1.1945075736e+21   1.9325399057e+18   3.4595000009e+61   2.2245872600e-24   5.1871390090e-14   6.5762326119e-06   2.0000000000e-02 
  1.1964401135e+21   1.9325399057e+18   3.4707120686e+61   2.2245872600e-24   5.1871390090e-14   6.5760409441e-06   2.0000000000e-02 
  1.1983726534e+21   1.9325399057e+18   3.4819422757e+61   2.2245872600e-24   5.1871390090e-14   6.4878760675e-06   2.0000000000e-02 
  1.2003051933e+21   1.9325399057e+18   3.4931906223e+61   2.2245872600e-24   5.1871390090e-14   6.2426740457e-06   2.0000000000e-02 
  1.2022377332e+21   1.9325399057e+18   3.5044571084e+61   2.2245872600e-24   5.1871390090e-14   5.9238692987e-06   2.0000000000e-02 
  1.2041702731e+21   1.9325399057e+18   3.5157417341e+61   2.2245872600e-24   5.1871390090e-14   5.7544363299e-06   2.0000000000e-02 
  1.2061028130e+21   1.9325399057e+18   3.5270444992e+61   2.2245872600e-24   5.1871390090e-14   5.7889391263e-06   2.0000000000e-02 
  1.2080353529e+21   1.9325399057e+18   3.5383654038e+61   2.2245872600e-24   5.1871390090e-14   5.8690918295e-06   2.0000000000e-02 
  1.2099678929e+21   1.9325399057e+18   3.5497044479e+61   2.2245872600e-24   5.1871390090e-14   5.9617540071e-06   2.0000000000e-02 
  1.2119004328e+21   1.9325399057e+18   3.5610616315e+61   2.2245872600e-24   5.1871390090e-14   6.0546435855e-06   2.0000000000e-02 
  1.2138329727e+21   1.9325399057e+18   3.5724369546e+61   2.2245872600e-24   5.1871390090e-14   6.1721208224e-06   2.0000000000e-02 
  1.2157655126e+21   1.9325399057e+18   3.5838304172e+61   2.2245872600e-24   5.1871390090e-14   6.4415995808e-06   2.0000000000e-02 
  1.2176980525e+21   1.9325399057e+18   3.5952420193e+61   2.2245872600e-24   5.1871390090e-14   7.0589704127e-06   2.0000000000e-02 
  1.2196305924e+21   1.9325399057e+18   3.6066717609e+61   2.2245872600e-24   5.1871390090e-14   8.3418876446e-06   2.0000000000e-02 
  1.2215631323e+21   1.9325399057e+18   3.6181196420e+61   2.2245872600e-24   5.1871390089e-14   9.9836673210e-06   2.0000000000e-02 
  1.2234956722e+21   1.9325399057e+18   3.6295856626e+61   2.2245872600e-24   5.1871390089e-14   1.0826180162e-05   2.0000000000e-02 
  1.2254282121e+21   1.9325399057e+18   3.6410698227e+61   2.2245872600e-24   5.1871390089e-14   1.1354385391e-05   2.0000000000e-02 
  1.2273607520e+21   1.9325399057e+18   3.6525721223e+61   2.2245872600e-24   5.1871390089e-14   1.1357116614e-05   2.0000000000e-02 
  1.2292932919e+21   1.9325399057e+18   3.6640925614e+61   2.2245872600e-24   5.1871390089e-14   1.1109084002e-05   2.0000000000e-02 
  1.2312258318e+21   1.9325399057e+18   3.6756311400e+61   2.2245872600e-24   5.1871390089e-14   1.0628618670e-05   2.0000000000e-02 
  1.2331583717e+21   1.9325399057e+18   3.6871878581e+61   2.2245872600e-24   5.1871390089e-14   9.8225159518e-06   2.0000000000e-02 
  1.2350909116e+21   1.9325399057e+18   3.6987627157e+61   2.2245872600e-24   5.1871390089e-14   8.7434946372e-06   2.0000000000e-02 
  1.2370234515e+21   1.9325399057e+18   3.7103557128e+61   2.2245872600e-24   5.1871390089e-14   7.6894691933e-06   2.0000000000e-02 
  1.2389559914e+21   1.9325399057e+18   3.7219668494e+61   2.2245872600e-24   5.1871390089e-14   7.0563670329e-06   2.0000000000e-02 
  1.2408885313e+21   1.9325399057e+18   3.7335961255e+61   2.2245872600e-24   5.1871390089e-14   6.8527258520e-06   2.0000000000e-02 
  1.2428210712e+21   1.9325399057e+18   3.7452435411e+61   2.2245872600e-24   5.1871390089e-14   6.6443254376e-06   2.0000000000e-02 
  1.2447536112e+21   1.9325399057e+18   3.7569090962e+61   2.2245872600e-24   5.1871390089e-14   6.1163474961e-06   2.0000000000e-02 
  1.2466861511e+21   1.9325399057e+18   3.7685927907e+61   2.2245872600e-24   5.1871390089e-14   5.6836938091e-06   2.0000000000e-02 
  1.2486186910e+21   1.9325399057e+18   3.7802946248e+61   2.2245872600e-24   5.1871390090e-14   5.7743859912e-06   2.0000000000e-02 
  1.2505512309e+21   1.9325399057e+18   3.7920145984e+61   2.2245872600e-24   5.1871390090e-14   5.9537091502e-06   2.0000000000e-02 
  1.2524837708e+21   1.9325399057e+18   3.8037527115e+61   2.2245872600e-24   5.1871390090e-14   6.4838967501e-06   2.0000000000e-02 
  1.2544163107e+21   1.9325399057e+18   3.8155089640e+61   2.2245872600e-24   5.1871390090e-14   7.2934891043e-06   2.0000000000e-02 
  1.2563488506e+21   1.9325399057e+18   3.8272833561e+61   2.2245872600e-24   5.1871390090e-14   8.3608572621e-06   2.0000000000e-02 
  1.2582813905e+21   1.9325399057e+18   3.8390758877e+61   2.2245872600e-24   5.1871390091e-14   9.3952535557e-06   2.0000000000e-02 
  1.2602139304e+21   1.9325399057e+18   3.8508865588e+61   2.2245872600e-24   5.1871390090e-14   9.9179288038e-06   2.0000000000e-02 
  1.2621464703e+21   1.9325399057e+18   3.8627153693e+61   2.2245872600e-24   5.1871390090e-14   9.7874090814e-06   2.0000000000e-02 
  1.2640790102e+21   1.9325399057e+18   3.8745623194e+61   2.2245872600e-24   5.1871390090e-14   9.2671983294e-06   2.0000000000e-02 
  1.2660115501e+21   1.9325399057e+18   3.8864274090e+61   2.2245872600e-24   5.1871390090e-14   8.6366929792e-06   2.0000000000e-02 
  1.2679440900e+21   1.9325399057e+18   3.8983106380e+61   2.2245872600e-24   5.1871390090e-14   8.2764429202e-06   2.0000000000e-02 
  1.2698766299e+21   1.9325399057e+18   3.9102120066e+61   2.2245872600e-24   5.1871390089e-14   8.2082015293e-06   2.0000000000e-02 
  1.2718091698e+21   1.9325399057e+18   3.9221315146e+61   2.2245872600e-24   5.1871390089e-14   8.2105507681e-06   2.0000000000e-02 
  1.2737417097e+21   1.9325399057e+18   3.9340691622e+61   2.2245872600e-24   5.1871390089e-14   8.2206882309e-06   2.0000000000e-02 
  1.2756742496e+21   1.9325399057e+18   3.9460249492e+61   2.2245872600e-24   5.1871390089e-14   8.0780028246e-06   2.0000000000e-02 
  1.2776067896e+21   1.9325399057e+18   3.9579988758e+61   2.2245872600e-24   5.1871390089e-14   7.6890454837e-06   2.0000000000e-02 
  1.2795393295e+21   1.9325399057e+18   3.9699909419e+61   2.2245872600e-24   5.1871390089e-14   7.1334124716e-06   2.0000000000e-02 
  1.2814718694e+21   1.9325399057e+18   3.9820011474e+61   2.2245872600e-24   5.1871390090e-14   6.7633166614e-06   2.0000000000e-02 
  1.2834044093e+21   1.9325399057e+18   3.9940294925e+61   2.2245872600e-24   5.1871390090e-14   6.5797119275e-06   2.0000000000e-02 
  1.2853369492e+21   1.9325399057e+18   4.0060759770e+61   2.2245872600e-24   5.1871390090e-14   6.3922323778e-06   2.0000000000e-02 
  1.2872694891e+21   1.9325399057e+18   4.0181406010e+61   2.2245872600e-24   5.1871390089e-14   6.1683213761e-06   2.0000000000e-02 
  1.2892020290e+21   1.9325399057e+18   4.0302233646e+61   2.2245872600e-24   5.1871390089e-14   5.3194538486e-06   2.0000000000e-02 
  1.2911345689e+21   1.9325399057e+18   4.0423242676e+61   2.2245872600e-24   5.1871390089e-14   1.4106903881e-06   2.0000000000e-02 
  1.2930671088e+21   1.9325399057e+18   4.0544433102e+61   2.2245872600e-24   5.1871390088e-14  -1.8911621196e-06   2.0000000000e-02 
  1.2949996487e+21   1.9325399057e+18   4.0665804922e+61   2.2245872600e-24   5.1871390088e-14  -2.7532024955e-06   2.0000000000e-02 
  1.2969321886e+21   1.9325399057e+18   4.0787358138e+61   2.2245872600e-24   5.1871390088e-14  -2.8831057176e-06   2.0000000000e-02 
  1.2988647285e+21   1.9325399057e+18   4.0909092748e+61   2.2245872600e-24   5.1871390088e-14  -3.0618521633e-06   2.0000000000e-02 
  1.3007972684e+21   1.9325399057e+18   4.1031008753e+61   2.2245872600e-24   5.1871390088e-14  -3.2653283988e-06   2.0000000000e-02 
  1.3027298083e+21   1.9325399057e+18   4.1153106154e+61   2.2245872600e-24   5.1871390088e-14  -3.5115435583e-06   2.0000000000e-02 
  1.3046623482e+21   1.9325399057e+18   4.1275384949e+61   2.2245872600e-24   5.1871390088e-14  -3.7955220421e-06   2.0000000000e-02 
  1.3065948881e+21   1.9325399057e+18   4.1397845139e+61   2.2245872600e-24   5.1871390088e-14  -3.9838435895e-06   2.0000000000e-02 
  1.3085274280e+21   1.9325399057e+18   4.1520486724e+61   2.2245872600e-24   5.1871390089e-14  -3.8518005174e-06   2.0000000000e-02 
  1.3104599679e+21   1.9325399057e+18   4.1643309705e+61   2.2245872600e-24   5.1871390089e-14  -2.3208787784e-06   2.0000000000e-02 
  1.3123925079e+21   1.9325399057e+18   4.1766314080e+61   2.2245872600e-24   5.1871390089e-14  -7.3577945201e-07   2.0000000000e-02 
  1.3143250478e+21   1.9325399057e+18   4.1889499850e+61   2.2245872600e-24   5.1871390089e-14  -1.1558998532e-07   2.0000000000e-02 
  1.3162575877e+21   1.9325399057e+18   4.2012867015e+61   2.2245872600e-24   5.1871390089e-14   9.8078491193e-08   2.0000000000e-02 
  1.3181901276e+21   1.9325399057e+18   4.2136415576e+61   2.2245872600e-24   5.1871390089e-14   1.4189809566e-07   2.0000000000e-02 
  1.3201226675e+21   1.9325399057e+18   4.2260145531e+61   2.2245872600e-24   5.1871390089e-14   1.4070604216e-07   2.0000000000e-02 
  1.3220552074e+21   1.9325399057e+18   4.2384056881e+61   2.2245872600e-24   5.1871390089e-14   1.2677670625e-07   2.0000000000e-02 
  1.3239877473e+21   1.9325399057e+18   4.2508149626e+61   2.2245872600e-24   5.1871390089e-14   1.3095626226e-07   2.0000000000e-02 
  1.3259202872e+21   1.9325399057e+18   4.2632423766e+61   2.2245872600e-24   5.1871390089e-14   1.8232147163e-07   2.0000000000e-02 
  1.3278528271e+21   1.9325399057e+18   4.2756879301e+61   2.2245872600e-24   5.1871390089e-14   2.8062795923e-07   2.0000000000e-02 
  1.3297853670e+21   1.9325399057e+18   4.2881516231e+61   2.2245872600e-24   5.1871390089e-14   4.3714230139e-07   2.0000000000e-02 
  1.3317179069e+21   1.9325399057e+18   4.3006334556e+61   2.2245872600e-24   5.1871390089e-14   5.5080714921e-07   2.0000000000e-02 
  1.3336504468e+21   1.9325399057e+18   4.3131334276e+61   2.2245872600e-24   5.1871390089e-14   5.4826195693e-07   2.0000000000e-02 
  1.3355829867e+21   1.9325399057e+18   4.3256515391e+61   2.2245872600e-24   5.1871390089e-14   4.6513976605e-07   2.0000000000e-02 
  1.3375155266e+21   1.9325399057e+18   4.3381877901e+61   2.2245872600e-24   5.1871390089e-14   3.4802951277e-07   2.0000000000e-02 
  1.3394480665e+21   1.9325399057e+18   4.3507421806e+61   2.2245872600e-24   5.1871390089e-14   2.7601722009e-07   2.0000000000e-02 
  1.3413806064e+21   1.9325399057e+18   4.3633147106e+61   2.2245872600e-24   5.1871390089e-14   2.5404958310e-07   2.0000000000e-02 
  1.3433131463e+21   1.9325399057e+18   4.3759053801e+61   2.2245872600e-24   5.1871390089e-14   3.1413780252e-07   2.0000000000e-02 
  1.3452456863e+21   1.9325399057e+18   4.3885141891e+61   2.2245872600e-24   5.1871390089e-14   5.0635952105e-07   2.0000000000e-02 
  1.3471782262e+21   1.9325399057e+18   4.4011411376e+61   2.2245872600e-24   5.1871390089e-14   7.2363335682e-07   2.0000000000e-02 
  1.3491107661e+21   1.9325399057e+18   4.4137862256e+61   2.2245872600e-24   5.1871390089e-14   8.7575334890e-07   2.0000000000e-02 
  1.3510433060e+21   1.9325399057e+18   4.4264494531e+61   2.2245872600e-24   5.1871390089e-14   9.7594655921e-07   2.0000000000e-02 
  1.3529758459e+21   1.9325399057e+18   4.4391308201e+61   2.2245872600e-24   5.1871390089e-14   1.1274103260e-06   2.0000000000e-02 
  1.3549083858e+21   1.9325399057e+18   4.4518303266e+61   2.2245872600e-24   5.1871390089e-14   1.2239896232e-06   2.0000000000e-02 
  1.3568409257e+21   1.9325399057e+18   4.4645479726e+61   2.2245872600e-24   5.1871390089e-14   1.1993052217e-06   2.0000000000e-02 
  1.3587734656e+21   1.9325399057e+18   4.4772837581e+61   2.2245872600e-24   5.1871390089e-14   1.1275864177e-06   2.0000000000e-02 
  1.3607060055e+21   1.9325399057e+18   4.4900376830e+61   2.2245872600e-24   5.1871390089e-14   9.1182211025e-07   2.0000000000e-02 
  1.3626385454e+21   1.9325399057e+18   4.5028097475e+61   2.2245872600e-24   5.1871390089e-14   6.1084553548e-07   2.0000000000e-02 
  1.3645710853e+21   1.9325399057e+18   4.5155999515e+61   2.2245872600e-24   5.1871390089e-14   2.9315281988e-07   2.0000000000e-02 
  1.3665036252e+21   1.9325399057e+18   4.5284082950e+61   2.2245872600e-24   5.1871390089e-14   2.3520409231e-08   2.0000000000e-02 
  1.3684361651e+21   1.9325399057e+18   4.5412347779e+61   2.2245872600e-24   5.1871390089e-14  -1.2485348135e-07   2.0000000000e-02 
  1.3703687050e+21   1.9325399057e+18   4.5540794004e+61   2.2245872600e-24   5.1871390089e-14  -2.0430946948e-07   2.0000000000e-02 
  1.3723012449e+21   1.9325399057e+18   4.5669421624e+61   2.2245872600e-24   5.1871390089e-14  -2.6032471491e-07   2.0000000000e-02 
  1.3742337848e+21   1.9325399057e+18   4.5798230639e+61   2.2245872600e-24   5.1871390089e-14  -2.8745467531e-07   2.0000000000e-02 
  1.3761663247e+21   1.9325399057e+18   4.5927221048e+61   2.2245872600e-24   5.1871390089e-14  -2.7232851649e-07   2.0000000000e-02 
  1.3780988646e+21   1.9325399057e+18   4.6056392853e+61   2.2245872600e-24   5.1871390089e-14  -1.9641233640e-07   2.0000000000e-02 
  1.3800314046e+21   1.9325399057e+18   4.6185746053e+61   2.2245872600e-24   5.1871390089e-14  -1.0453702809e-07   2.0000000000e-02 
  1.3819639445e+21   1.9325399057e+18   4.6315280647e+61   2.2245872600e-24   5.1871390089e-14   1.9409274736e-08   2.0000000000e-02 
  1.3838964844e+21   1.9325399057e+18   4.6444996637e+61   2.2245872600e-24   5.1871390089e-14   2.1219847306e-07   2.0000000000e-02 
  1.3858290243e+21   1.9325399057e+18   4.6574894021e+61   2.2245872600e-24   5.1871390089e-14   4.9890886661e-07   2.0000000000e-02 
  1.3877615642e+21   1.9325399057e+18   4.6704972801e+61   2.2245872600e-24   5.1871390089e-14   8.1728909309e-07   2.0000000000e-02 
  1.3896941041e+21   1.9325399057e+18   4.6835232976e+61   2.2245872600e-24   5.1871390089e-14   1.0189184230e-06   2.0000000000e-02 
  1.3916266440e+21   1.9325399057e+18   4.6965674545e+61   2.2245872600e-24   5.1871390089e-14   1.0776521902e-06   2.0000000000e-02 
  1.3935591839e+21   1.9325399057e+18   4.7096297510e+61   2.2245872600e-24   5.1871390089e-14   9.7727532671e-07   2.0000000000e-02 
  1.3954917238e+21   1.9325399057e+18   4.7227101869e+61   2.2245872600e-24   5.1871390089e-14   8.4020672318e-07   2.0000000000e-02 
  1.3974242637e+21   1.9325399057e+18   4.7358087624e+61   2.2245872600e-24   5.1871390089e-14   7.8282594354e-07   2.0000000000e-02 
  1.3993568036e+21   1.9325399057e+18   4.7489254773e+61   2.2245872600e-24   5.1871390089e-14   8.9804564999e-07   2.0000000000e-02 
  1.4012893435e+21   1.9325399057e+18   4.7620603318e+61   2.2245872600e-24   5.1871390089e-14   1.1789562434e-06   2.0000000000e-02 
  1.4032218834e+21   1.9325399057e+18   4.7752133257e+61   2.2245872600e-24   5.1871390089e-14   1.3219383209e-06   2.0000000000e-02 
  1.4051544233e+21   1.9325399057e+18   4.7883844591e+61   2.2245872600e-24   5.1871390089e-14   1.3308444106e-06   2.0000000000e-02 
  1.4070869632e+21   1.9325399057e+18   4.8015737321e+61   2.2245872600e-24   5.1871390089e-14   1.1882739050e-06   2.0000000000e-02 
  1.4090195031e+21   1.9325399057e+18   4.8147811445e+61   2.2245872600e-24   5.1871390089e-14   9.6766137360e-07   2.0000000000e-02 
  1.4109520430e+21   1.9325399057e+18   4.8280066965e+61   2.2245872600e-24   5.1871390089e-14   8.9790648489e-07   2.0000000000e-02 
  1.4128845830e+21   1.9325399057e+18   4.8412503879e+61   2.2245872600e-24   5.1871390089e-14   8.9545402979e-07   2.0000000000e-02 
  1.4148171229e+21   1.9325399057e+18   4.8545122188e+61   2.2245872600e-24   5.1871390089e-14   9.1769004186e-07   2.0000000000e-02 
  1.4167496628e+21   1.9325399057e+18   4.8677921893e+61   2.2245872600e-24   5.1871390089e-14   9.1750415323e-07   2.0000000000e-02 
  1.4186822027e+21   1.9325399057e+18   4.8810902992e+61   2.2245872600e-24   5.1871390089e-14   8.8144246476e-07   2.0000000000e-02 
  1.4206147426e+21   1.9325399057e+18   4.8944065486e+61   2.2245872600e-24   5.1871390089e-14   6.7947524258e-07   2.0000000000e-02 
  1.4225472825e+21   1.9325399057e+18   4.9077409376e+61   2.2245872600e-24   5.1871390089e-14   3.3019027741e-07   2.0000000000e-02 
  1.4244798224e+21   1.9325399057e+18   4.9210934660e+61   2.2245872600e-24   5.1871390089e-14   9.9693153956e-08   2.0000000000e-02 
  1.4264123623e+21   1.9325399057e+18   4.9344641339e+61   2.2245872600e-24   5.1871390089e-14   6.1400064741e-09   2.0000000000e-02 
  1.4283449022e+21   1.9325399057e+18   4.9478529413e+61   2.2245872600e-24   5.1871390089e-14  -2.4126202638e-08   2.0000000000e-02 
  1.4302774421e+21   1.9325399057e+18   4.9612598883e+61   2.2245872600e-24   5.1871390089e-14  -3.1427919785e-08   2.0000000000e-02 
  1.4322099820e+21   1.9325399057e+18   4.9746849747e+61   2.2245872600e-24   5.1871390089e-14  -5.6464659876e-08   2.0000000000e-02 
  1.4341425219e+21   1.9325399057e+18   4.9881282006e+61   2.2245872600e-24   5.1871390089e-14  -1.3519672910e-07   2.0000000000e-02 
  1.4360750618e+21   1.9325399057e+18   5.0015895660e+61   2.2245872600e-24   5.1871390089e-14  -2.4535397011e-07   2.0000000000e-02 
  1.4380076017e+21   1.9325399057e+18   5.0150690709e+61   2.2245872600e-24   5.1871390089e-14  -3.2701086548e-07   2.0000000000e-02 
  1.4399401416e+21   1.9325399057e+18   5.0285667153e+61   2.2245872600e-24   5.1871390089e-14  -3.6221280914e-07   2.0000000000e-02 
  1.4418726815e+21   1.9325399057e+18   5.0420824992e+61   2.2245872600e-24   5.1871390089e-14  -3.7663277243e-07   2.0000000000e-02 
  1.4438052214e+21   1.9325399057e+18   5.0556164226e+61   2.2245872600e-24   5.1871390089e-14  -3.9005225327e-07   2.0000000000e-02 
  1.4457377613e+21   1.9325399057e+18   5.0691684856e+61   2.2245872600e-24   5.1871390089e-14  -3.9003258006e-07   2.0000000000e-02 
  1.4476703013e+21   1.9325399057e+18   5.0827386880e+61   2.2245872600e-24   5.1871390089e-14  -3.6864823550e-07   2.0000000000e-02 
  1.4496028412e+21   1.9325399057e+18   5.0963270299e+61   2.2245872600e-24   5.1871390089e-14  -3.4149410189e-07   2.0000000000e-02 
  1.4515353811e+21   1.9325399057e+18   5.1099335113e+61   2.2245872600e-24   5.1871390089e-14  -3.0407102651e-07   2.0000000000e-02 
  1.4534679210e+21   1.9325399057e+18   5.1235581322e+61   2.2245872600e-24   5.1871390089e-14  -2.2932057185e-07   2.0000000000e-02 
  1.4554004609e+21   1.9325399057e+18   5.1372008926e+61   2.2245872600e-24   5.1871390089e-14  -7.8225918645e-08   2.0000000000e-02 
  1.4573330008e+21   1.9325399057e+18   5.1508617925e+61   2.2245872600e-24   5.1871390089e-14   3.1591661460e-07   2.0000000000e-02 
  1.4592655407e+21   1.9325399057e+18   5.1645408319e+61   2.2245872600e-24   5.1871390089e-14   1.4023864971e-06   2.0000000000e-02 
  1.4611980806e+21   1.9325399057e+18   5.1782380108e+61   2.2245872600e-24   5.1871390088e-14   2.7316683006e-06   2.0000000000e-02 
  1.4631306205e+21   1.9325399057e+18   5.1919533291e+61   2.2245872600e-24   5.1871390088e-14   3.2636102618e-06   2.0000000000e-02 
  1.4650631604e+21   1.9325399057e+18   5.2056867870e+61   2.2245872600e-24   5.1871390088e-14   3.2721484820e-06   2.0000000000e-02 
  1.4669957003e+21   1.9325399057e+18   5.2194383844e+61   2.2245872600e-24   5.1871390088e-14   3.1356431671e-06   2.0000000000e-02 
  1.4689282402e+21   1.9325399057e+18   5.2332081213e+61   2.2245872600e-24   5.1871390088e-14   2.9454313242e-06   2.0000000000e-02 
  1.4708607801e+21   1.9325399057e+18   5.2469959977e+61   2.2245872600e-24   5.1871390088e-14   2.7589620463e-06   2.0000000000e-02 
  1.4727933200e+21   1.9325399057e+18   5.2608020136e+61   2.2245872600e-24   5.1871390088e-14   2.5477465507e-06   2.0000000000e-02 
  1.4747258599e+21   1.9325399057e+18   5.2746261690e+61   2.2245872600e-24   5.1871390088e-14   2.2531781570e-06   2.0000000000e-02 
  1.4766583998e+21   1.9325399057e+18   5.2884684638e+61   2.2245872600e-24   5.1871390088e-14   1.4855576512e-06   2.0000000000e-02 
  1.4785909397e+21   1.9325399057e+18   5.3023288982e+61   2.2245872600e-24   5.1871390089e-14  -9.5312758455e-07   2.0000000000e-02 
  1.4805234797e+21   1.9325399057e+18   5.3162074721e+61   2.2245872600e-24   5.1871390090e-14  -3.9711384803e-06   2.0000000000e-02 
  1.4824560196e+21   1.9325399057e+18   5.3301041855e+61   2.2245872600e-24   5.1871390090e-14  -5.8188466901e-06   2.0000000000e-02 
  1.4843885595e+21   1.9325399057e+18   5.3440190383e+61   2.2245872600e-24   5.1871390090e-14  -6.4845244713e-06   2.0000000000e-02 
  1.4863210994e+21   1.9325399057e+18   5.3579520307e+61   2.2245872600e-24   5.1871390090e-14  -6.4610187876e-06   2.0000000000e-02 
  1.4882536393e+21   1.9325399057e+18   5.3719031626e+61   2.2245872600e-24   5.1871390090e-14  -6.7933403176e-06   2.0000000000e-02 
  1.4901861792e+21   1.9325399057e+18   5.3858724340e+61   2.2245872600e-24   5.1871390090e-14  -7.5501784273e-06   2.0000000000e-02 
  1.4921187191e+21   1.9325399057e+18   5.3998598448e+61   2.2245872600e-24   5.1871390090e-14  -8.5656306549e-06   2.0000000000e-02 
  1.4940512590e+21   1.9325399057e+18   5.4138653952e+61   2.2245872600e-24   5.1871390090e-14  -9.1755408249e-06   2.0000000000e-02 
  1.4959837989e+21   1.9325399057e+18   5.4278890850e+61   2.2245872600e-24   5.1871390090e-14  -9.4539595566e-06   2.0000000000e-02 
  1.4979163388e+21   1.9325399057e+18   5.4419309144e+61   2.2245872600e-24   5.1871390090e-14  -9.5229989673e-06   2.0000000000e-02 
  1.4998488787e+21   1.9325399057e+18   5.4559908833e+61   2.2245872600e-24   5.1871390090e-14  -9.4336330889e-06   2.0000000000e-02 
  1.5017814186e+21   1.9325399057e+18   5.4700689916e+61   2.2245872600e-24   5.1871390090e-14  -9.2491485663e-06   2.0000000000e-02 
  1.5037139585e+21   1.9325399057e+18   5.4841652395e+61   2.2245872600e-24   5.1871390090e-14  -8.9956574881e-06   2.0000000000e-02 
  1.5056464984e+21   1.9325399057e+18   5.4982796268e+61   2.2245872600e-24   5.1871390090e-14  -8.7463914762e-06   2.0000000000e-02 
  1.5075790383e+21   1.9325399057e+18   5.5124121537e+61   2.2245872600e-24   5.1871390090e-14  -8.5432750148e-06   2.0000000000e-02 
  1.5095115782e+21   1.9325399057e+18   5.5265628200e+61   2.2245872600e-24   5.1871390090e-14  -8.5037041130e-06   2.0000000000e-02 
  1.5114441181e+21   1.9325399057e+18   5.5407316259e+61   2.2245872600e-24   5.1871390090e-14  -8.5909417042e-06   2.0000000000e-02 
  1.5133766580e+21   1.9325399057e+18   5.5549185712e+61   2.2245872600e-24   5.1871390090e-14  -8.8313053122e-06   2.0000000000e-02 
  1.5153091980e+21   1.9325399057e+18   5.5691236561e+61   2.2245872600e-24   5.1871390091e-14  -9.3386749649e-06   2.0000000000e-02 
  1.5172417379e+21   1.9325399057e+18   5.5833468804e+61   2.2245872600e-24   5.1871390091e-14  -1.0369973387e-05   2.0000000000e-02 
  1.5191742778e+21   1.9325399057e+18   5.5975882443e+61   2.2245872600e-24   5.1871390091e-14  -1.1617930520e-05   2.0000000000e-02 
  1.5211068177e+21   1.9325399057e+18   5.6118477476e+61   2.2245872600e-24   5.1871390091e-14  -1.2493700121e-05   2.0000000000e-02 
  1.5230393576e+21   1.9325399057e+18   5.6261253905e+61   2.2245872600e-24   5.1871390092e-14  -1.2414755135e-05   2.0000000000e-02 
  1.5249718975e+21   1.9325399057e+18   5.6404211728e+61   2.2245872600e-24   5.1871390092e-14  -1.1807970719e-05   2.0000000000e-02 
  1.5269044374e+21   1.9325399057e+18   5.6547350946e+61   2.2245872600e-24   5.1871390091e-14  -9.9552301008e-06   2.0000000000e-02 
  1.5288369773e+21   1.9325399057e+18   5.6690671560e+61   2.2245872600e-24   5.1871390091e-14  -7.3122689111e-06   2.0000000000e-02 
  1.5307695172e+21   1.9325399057e+18   5.6834173568e+61   2.2245872600e-24   5.1871390090e-14  -6.1546218188e-06   2.0000000000e-02 
  1.5327020571e+21   1.9325399057e+18   5.6977856971e+61   2.2245872600e-24   5.1871390090e-14  -5.6245244915e-06   2.0000000000e-02 
  1.5346345970e+21   1.9325399057e+18   5.7121721770e+61   2.2245872600e-24   5.1871390090e-14  -5.9139148177e-06   2.0000000000e-02 
  1.5365671369e+21   1.9325399057e+18   5.7265767963e+61   2.2245872600e-24   5.1871390090e-14  -6.4599018963e-06   2.0000000000e-02 
  1.5384996768e+21   1.9325399057e+18   5.7409995551e+61   2.2245872600e-24   5.1871390090e-14  -6.7424124826e-06   2.0000000000e-02 
  1.5404322167e+21   1.9325399057e+18   5.7554404534e+61   2.2245872600e-24   5.1871390090e-14  -6.6149667307e-06   2.0000000000e-02 
  1.5423647566e+21   1.9325399057e+18   5.7698994913e+61   2.2245872600e-24   5.1871390090e-14  -6.4279330893e-06   2.0000000000e-02 
  1.5442972965e+21   1.9325399057e+18   5.7843766686e+61   2.2245872600e-24   5.1871390090e-14  -6.5611100425e-06   2.0000000000e-02 
  1.5462298364e+21   1.9325399057e+18   5.7988719854e+61   2.2245872600e-24   5.1871390089e-14  -7.5706151747e-06   2.0000000000e-02 
  1.5481623764e+21   1.9325399057e+18   5.8133854417e+61   2.2245872600e-24   5.1871390089e-14  -9.5941199698e-06   2.0000000000e-02 
  1.5500949163e+21   1.9325399057e+18   5.8279170375e+61   2.2245872600e-24   5.1871390088e-14  -1.1696357192e-05   2.0000000000e-02 
  1.5520274562e+21   1.9325399057e+18   5.8424667728e+61   2.2245872600e-24   5.1871390088e-14  -1.2576669424e-05   2.0000000000e-02 
  1.5539599961e+21   1.9325399057e+18   5.8570346477e+61   2.2245872600e-24   5.1871390089e-14  -1.2952308985e-05   2.0000000000e-02 
  1.5558925360e+21   1.9325399057e+18   5.8716206620e+61   2.2245872600e-24   5.1871390089e-14  -1.2895707945e-05   2.0000000000e-02 
  1.5578250759e+21   1.9325399057e+18   5.8862248158e+61   2.2245872600e-24   5.1871390089e-14  -1.2311754985e-05   2.0000000000e-02 
  1.5597576158e+21   1.9325399057e+18   5.9008471091e+61   2.2245872600e-24   5.1871390089e-14  -1.1359116807e-05   2.0000000000e-02 
  1.5616901557e+21   1.9325399057e+18   5.9154875419e+61   2.2245872600e-24   5.1871390089e-14  -9.9035517234e-06   2.0000000000e-02 
  1.5636226956e+21   1.9325399057e+18   5.9301461142e+61   2.2245872600e-24   5.1871390090e-14  -8.7215098317e-06   2.0000000000e-02 
  1.5655552355e+21   1.9325399057e+18   5.9448228260e+61   2.2245872600e-24   5.1871390090e-14  -8.0290070281e-06   2.0000000000e-02 
  1.5674877754e+21   1.9325399057e+18   5.9595176773e+61   2.2245872600e-24   5.1871390090e-14  -7.6775319840e-06   2.0000000000e-02 
  1.5694203153e+21   1.9325399057e+18   5.9742306681e+61   2.2245872600e-24   5.1871390090e-14  -7.4630759696e-06   2.0000000000e-02 
  1.5713528552e+21   1.9325399057e+18   5.9889617984e+61   2.2245872600e-24   5.1871390090e-14  -7.3084855121e-06   2.0000000000e-02 
  1.5732853951e+21   1.9325399057e+18   6.0037110682e+61   2.2245872600e-24   5.1871390090e-14  -7.0670927939e-06   2.0000000000e-02 
  1.5752179350e+21   1.9325399057e+18   6.0184784775e+61   2.2245872600e-24   5.1871390090e-14  -6.8261724106e-06   2.0000000000e-02 
  1.5771504749e+21   1.9325399057e+18   6.0332640263e+61   2.2245872600e-24   5.1871390090e-14  -6.6726647015e-06   2.0000000000e-02 
  1.5790830148e+21   1.9325399057e+18   6.0480677146e+61   2.2245872600e-24   5.1871390090e-14  -6.6082012567e-06   2.0000000000e-02 
  1.5810155547e+21   1.9325399057e+18   6.0628895424e+61   2.2245872600e-24   5.1871390090e-14  -6.5425571829e-06   2.0000000000e-02 
  1.5829480947e+21   1.9325399057e+18   6.0777295096e+61   2.2245872600e-24   5.1871390090e-14  -6.3949975288e-06   2.0000000000e-02 
  1.5848806346e+21   1.9325399057e+18   6.0925876164e+61   2.2245872600e-24   5.1871390090e-14  -6.1390440094e-06   2.0000000000e-02 
  1.5868131745e+21   1.9325399057e+18   6.1074638627e+61   2.2245872600e-24   5.1871390090e-14  -5.8180400990e-06   2.0000000000e-02 
  1.5887457144e+21   1.9325399057e+18   6.1223582485e+61   2.2245872600e-24   5.1871390090e-14  -5.5627261207e-06   2.0000000000e-02 
  1.5906782543e+21   1.9325399057e+18   6.1372707738e+61   2.2245872600e-24   5.1871390090e-14  -5.4111550883e-06   2.0000000000e-02 
  1.5926107942e+21   1.9325399057e+18   6.1522014386e+61   2.2245872600e-24   5.1871390090e-14  -5.3697401713e-06   2.0000000000e-02 
  1.5945433341e+21   1.9325399057e+18   6.1671502428e+61   2.2245872600e-24   5.1871390090e-14  -5.3481943225e-06   2.0000000000e-02 
  1.5964758740e+21   1.9325399057e+18   6.1821171866e+61   2.2245872600e-24   5.1871390090e-14  -4.6772984070e-06   2.0000000000e-02 
  1.5984084139e+21   1.9325399057e+18   6.1971022699e+61   2.2245872600e-24   5.1871390090e-14  -2.6690129060e-06   2.0000000000e-02 
  1.6003409538e+21   1.9325399057e+18   6.2121054927e+61   2.2245872600e-24   5.1871390091e-14   1.9004621424e-08   2.0000000000e-02 
  1.6022734937e+21   1.9325399057e+18   6.2271268549e+61   2.2245872600e-24   5.1871390091e-14   1.1609950195e-06   2.0000000000e-02 
  1.6042060336e+21   1.9325399057e+18   6.2421663567e+61   2.2245872600e-24   5.1871390092e-14   1.3945302493e-06   2.0000000000e-02 
  1.6061385735e+21   1.9325399057e+18   6.2572239980e+61   2.2245872600e-24   5.1871390092e-14   1.4753383338e-06   2.0000000000e-02 
  1.6080711134e+21   1.9325399057e+18   6.2722997787e+61   2.2245872600e-24   5.1871390092e-14   1.5607565439e-06   2.0000000000e-02 
  1.6100036533e+21   1.9325399057e+18   6.2873936990e+61   2.2245872600e-24   5.1871390092e-14   1.8561690369e-06   2.0000000000e-02 
  1.6119361932e+21   1.9325399057e+18   6.3025057587e+61   2.2245872600e-24   5.1871390092e-14   2.3314908482e-06   2.0000000000e-02 
  1.6138687331e+21   1.9325399057e+18   6.3176359580e+61   2.2245872600e-24   5.1871390092e-14   2.6720206668e-06   2.0000000000e-02 
  1.6158012731e+21   1.9325399057e+18   6.3327842968e+61   2.2245872600e-24   5.1871390092e-14   2.8416951966e-06   2.0000000000e-02 
  1.6177338130e+21   1.9325399057e+18   6.3479507750e+61   2.2245872600e-24   5.1871390092e-14   2.9476462147e-06   2.0000000000e-02 
  1.6196663529e+21   1.9325399057e+18   6.3631353928e+61   2.2245872600e-24   5.1871390092e-14   2.9990431632e-06   2.0000000000e-02 
  1.6215988928e+21   1.9325399057e+18   6.3783381500e+61   2.2245872600e-24   5.1871390092e-14   2.9697592544e-06   2.0000000000e-02 
  1.6235314327e+21   1.9325399057e+18   6.3935590468e+61   2.2245872600e-24   5.1871390092e-14   2.9273627359e-06   2.0000000000e-02 
  1.6254639726e+21   1.9325399057e+18   6.4087980830e+61   2.2245872600e-24   5.1871390092e-14   2.6104385755e-06   2.0000000000e-02 
  1.6273965125e+21   1.9325399057e+18   6.4240552588e+61   2.2245872600e-24   5.1871390091e-14   1.7519353472e-06   2.0000000000e-02 
  1.6293290524e+21   1.9325399057e+18   6.4393305740e+61   2.2245872600e-24   5.1871390091e-14   1.0571711718e-06   2.0000000000e-02 
  1.6312615923e+21   1.9325399057e+18   6.4546240288e+61   2.2245872600e-24   5.1871390091e-14   9.3924326297e-07   2.0000000000e-02 
  1.6331941322e+21   1.9325399057e+18   6.4699356230e+61   2.2245872600e-24   5.1871390091e-14   1.0390123393e-06   2.0000000000e-02 
  1.6351266721e+21   1.9325399057e+18   6.4852653568e+61   2.2245872600e-24   5.1871390091e-14   1.2634176624e-06   2.0000000000e-02 
  1.6370592120e+21   1.9325399057e+18   6.5006132300e+61   2.2245872600e-24   5.1871390091e-14   1.4580172265e-06   2.0000000000e-02 
  1.6389917519e+21   1.9325399057e+18   6.5159792427e+61   2.2245872600e-24   5.1871390091e-14   1.5192345999e-06   2.0000000000e-02 
  1.6409242918e+21   1.9325399057e+18   6.5313633950e+61   2.2245872600e-24   5.1871390091e-14   1.5376537535e-06   2.0000000000e-02 
  1.6428568317e+21   1.9325399057e+18   6.5467656867e+61   2.2245872600e-24   5.1871390091e-14   1.5033828360e-06   2.0000000000e-02 
  1.6447893716e+21   1.9325399057e+18   6.5621861179e+61   2.2245872600e-24   5.1871390091e-14   1.4210164428e-06   2.0000000000e-02 
  1.6467219115e+21   1.9325399057e+18   6.5776246887e+61   2.2245872600e-24   5.1871390091e-14   1.3281424114e-06   2.0000000000e-02 
  1.6486544514e+21   1.9325399057e+18   6.5930813989e+61   2.2245872600e-24   5.1871390091e-14   1.2342609760e-06   2.0000000000e-02 
  1.6505869914e+21   1.9325399057e+18   6.6085562486e+61   2.2245872600e-24   5.1871390091e-14   1.1408757817e-06   2.0000000000e-02 
  1.6525195313e+21   1.9325399057e+18   6.6240492379e+61   2.2245872600e-24   5.1871390091e-14   1.0773425278e-06   2.0000000000e-02 
  1.6544520712e+21   1.9325399057e+18   6.6395603666e+61   2.2245872600e-24   5.1871390091e-14   1.0695015219e-06   2.0000000000e-02 
  1.6563846111e+21   1.9325399057e+18   6.6550896348e+61   2.2245872600e-24   5.1871390091e-14   1.1220089896e-06   2.0000000000e-02 
  1.6583171510e+21   1.9325399057e+18   6.6706370425e+61   2.2245872600e-24   5.1871390091e-14   1.2627959893e-06   2.0000000000e-02 
  1.6602496909e+21   1.9325399057e+18   6.6862025897e+61   2.2245872600e-24   5.1871390091e-14   1.3789223012e-06   2.0000000000e-02 
  1.6621822308e+21   1.9325399057e+18   6.7017862765e+61   2.2245872600e-24   5.1871390091e-14   1.3797725150e-06   2.0000000000e-02 
  1.6641147707e+21   1.9325399057e+18   6.7173881027e+61   2.2245872600e-24   5.1871390091e-14   1.3040003899e-06   2.0000000000e-02 
  1.6660473106e+21   1.9325399057e+18   6.7330080684e+61   2.2245872600e-24   5.1871390091e-14   1.2320472757e-06   2.0000000000e-02 
  1.6679798505e+21   1.9325399057e+18   6.7486461736e+61   2.2245872600e-24   5.1871390091e-14   1.2232317179e-06   2.0000000000e-02 
  1.6699123904e+21   1.9325399057e+18   6.7643024183e+61   2.2245872600e-24   5.1871390091e-14   1.2513448016e-06   2.0000000000e-02 
  1.6718449303e+21   1.9325399057e+18   6.7799768025e+61   2.2245872600e-24   5.1871390091e-14   1.3415770974e-06   2.0000000000e-02 
  1.6737774702e+21   1.9325399057e+18   6.7956693262e+61   2.2245872600e-24   5.1871390091e-14   1.4573865985e-06   2.0000000000e-02 
  1.6757100101e+21   1.9325399057e+18   6.8113799894e+61   2.2245872600e-24   5.1871390091e-14   1.5316569041e-06   2.0000000000e-02 
  1.6776425500e+21   1.9325399057e+18   6.8271087921e+61   2.2245872600e-24   5.1871390091e-14   1.5202398630e-06   2.0000000000e-02 
  1.6795750899e+21   1.9325399057e+18   6.8428557343e+61   2.2245872600e-24   5.1871390091e-14   1.3586243302e-06   2.0000000000e-02 
  1.6815076298e+21   1.9325399057e+18   6.8586208160e+61   2.2245872600e-24   5.1871390091e-14   8.0472370442e-07   2.0000000000e-02 
  1.6834401697e+21   1.9325399057e+18   6.8744040372e+61   2.2245872600e-24   5.1871390091e-14  -5.1155966531e-07   2.0000000000e-02 
  1.6853727097e+21   1.9325399057e+18   6.8902053979e+61   2.2245872600e-24   5.1871390091e-14  -1.6547900552e-06   2.0000000000e-02 
  1.6873052496e+21   1.9325399057e+18   6.9060248981e+61   2.2245872600e-24   5.1871390091e-14  -1.6867850744e-06   2.0000000000e-02 
  1.6892377895e+21   1.9325399057e+18   6.9218625378e+61   2.2245872600e-24   5.1871390091e-14  -1.5172432252e-06   2.0000000000e-02 
  1.6911703294e+21   1.9325399057e+18   6.9377183170e+61   2.2245872600e-24   5.1871390091e-14  -6.4866531833e-07   2.0000000000e-02 
  1.6931028693e+21   1.9325399057e+18   6.9535922357e+61   2.2245872600e-24   5.1871390091e-14   2.1584382616e-06   2.0000000000e-02 
  1.6950354092e+21   1.9325399057e+18   6.9694842939e+61   2.2245872600e-24   5.1871390090e-14   4.7195678449e-06   2.0000000000e-02 
  1.6969679491e+21   1.9325399057e+18   6.9853944916e+61   2.2245872600e-24   5.1871390090e-14   5.6538222673e-06   2.0000000000e-02 
  1.6989004890e+21   1.9325399057e+18   7.0013228288e+61   2.2245872600e-24   5.1871390090e-14   6.0002500559e-06   2.0000000000e-02 
  1.7008330289e+21   1.9325399057e+18   7.0172693055e+61   2.2245872600e-24   5.1871390090e-14   6.1494460795e-06   2.0000000000e-02 
  1.7027655688e+21   1.9325399057e+18   7.0332339216e+61   2.2245872600e-24   5.1871390090e-14   6.0815475030e-06   2.0000000000e-02 
  1.7046981087e+21   1.9325399057e+18   7.0492166773e+61   2.2245872600e-24   5.1871390089e-14   5.9484683258e-06   2.0000000000e-02 
  1.7066306486e+21   1.9325399057e+18   7.0652175725e+61   2.2245872600e-24   5.1871390089e-14   5.9312128799e-06   2.0000000000e-02 
  1.7085631885e+21   1.9325399057e+18   7.0812366072e+61   2.2245872600e-24   5.1871390090e-14   6.0081243106e-06   2.0000000000e-02 
  1.7104957284e+21   1.9325399057e+18   7.0972737814e+61   2.2245872600e-24   5.1871390090e-14   6.1796254213e-06   2.0000000000e-02 
  1.7124282683e+21   1.9325399057e+18   7.1133290950e+61   2.2245872600e-24   5.1871390090e-14   6.2580501628e-06   2.0000000000e-02 
  1.7143608082e+21   1.9325399057e+18   7.1294025482e+61   2.2245872600e-24   5.1871390090e-14   6.1741412595e-06   2.0000000000e-02 
  1.7162933481e+21   1.9325399057e+18   7.1454941409e+61   2.2245872600e-24   5.1871390090e-14   5.9061335586e-06   2.0000000000e-02 
  1.7182258881e+21   1.9325399057e+18   7.1616038730e+61   2.2245872600e-24   5.1871390090e-14   5.6300049409e-06   2.0000000000e-02 
  1.7201584280e+21   1.9325399057e+18   7.1777317447e+61   2.2245872600e-24   5.1871390090e-14   5.4714614961e-06   2.0000000000e-02 
  1.7220909679e+21   1.9325399057e+18   7.1938777559e+61   2.2245872600e-24   5.1871390090e-14   5.4511058375e-06   2.0000000000e-02 
  1.7240235078e+21   1.9325399057e+18   7.2100419065e+61   2.2245872600e-24   5.1871390090e-14   5.5100103251e-06   2.0000000000e-02 
  1.7259560477e+21   1.9325399057e+18   7.2262241967e+61   2.2245872600e-24   5.1871390090e-14   5.6251154415e-06   2.0000000000e-02 
  1.7278885876e+21   1.9325399057e+18   7.2424246264e+61   2.2245872600e-24   5.1871390090e-14   5.7490400154e-06   2.0000000000e-02 
  1.7298211275e+21   1.9325399057e+18   7.2586431955e+61   2.2245872600e-24   5.1871390090e-14   5.9029045165e-06   2.0000000000e-02 
  1.7317536674e+21   1.9325399057e+18   7.2748799042e+61   2.2245872600e-24   5.1871390090e-14   6.2236732370e-06   2.0000000000e-02 
  1.7336862073e+21   1.9325399057e+18   7.2911347523e+61   2.2245872600e-24   5.1871390090e-14   6.8595318518e-06   2.0000000000e-02 
  1.7356187472e+21   1.9325399057e+18   7.3074077400e+61   2.2245872600e-24   5.1871390090e-14   7.9399816448e-06   2.0000000000e-02 
  1.7375512871e+21   1.9325399057e+18   7.3236988671e+61   2.2245872600e-24   5.1871390089e-14   9.4543157243e-06   2.0000000000e-02 
  1.7394838270e+21   1.9325399057e+18   7.3400081338e+61   2.2245872600e-24   5.1871390089e-14   1.0394973412e-05   2.0000000000e-02 
  1.7414163669e+21   1.9325399057e+18   7.3563355399e+61   2.2245872600e-24   5.1871390089e-14   1.0906570187e-05   2.0000000000e-02 
  1.7433489068e+21   1.9325399057e+18   7.3726810856e+61   2.2245872600e-24   5.1871390089e-14   1.0942878010e-05   2.0000000000e-02 
  1.7452814467e+21   1.9325399057e+18   7.3890447707e+61   2.2245872600e-24   5.1871390089e-14   1.0761360396e-05   2.0000000000e-02 
  1.7472139866e+21   1.9325399057e+18   7.4054265954e+61   2.2245872600e-24   5.1871390089e-14   1.0399347883e-05   2.0000000000e-02 
  1.7491465265e+21   1.9325399057e+18   7.4218265595e+61   2.2245872600e-24   5.1871390089e-14   9.6099296227e-06   2.0000000000e-02 
  1.7510790664e+21   1.9325399057e+18   7.4382446632e+61   2.2245872600e-24   5.1871390089e-14   8.4314125673e-06   2.0000000000e-02 
  1.7530116064e+21   1.9325399057e+18   7.4546809063e+61   2.2245872600e-24   5.1871390089e-14   7.4122250706e-06   2.0000000000e-02 
  1.7549441463e+21   1.9325399057e+18   7.4711352889e+61   2.2245872600e-24   5.1871390089e-14   6.9072258562e-06   2.0000000000e-02 
  1.7568766862e+21   1.9325399057e+18   7.4876078111e+61   2.2245872600e-24   5.1871390089e-14   6.8346783206e-06   2.0000000000e-02 
  1.7588092261e+21   1.9325399057e+18   7.5040984727e+61   2.2245872600e-24   5.1871390089e-14   6.6750905408e-06   2.0000000000e-02 
  1.7607417660e+21   1.9325399057e+18   7.5206072738e+61   2.2245872600e-24   5.1871390089e-14   6.0631759980e-06   2.0000000000e-02 
  1.7626743059e+21   1.9325399057e+18   7.5371342145e+61   2.2245872600e-24   5.1871390089e-14   5.4595440752e-06   2.0000000000e-02 
  1.7646068458e+21   1.9325399057e+18   7.5536792946e+61   2.2245872600e-24   5.1871390090e-14   5.3841905245e-06   2.0000000000e-02 
  1.7665393857e+21   1.9325399057e+18   7.5702425142e+61   2.2245872600e-24   5.1871390090e-14   5.8387474534e-06   2.0000000000e-02 
  1.7684719256e+21   1.9325399057e+18   7.5868238733e+61   2.2245872600e-24   5.1871390090e-14   6.3311476804e-06   2.0000000000e-02 
  1.7704044655e+21   1.9325399057e+18   7.6034233720e+61   2.2245872600e-24   5.1871390090e-14   6.8805945470e-06   2.0000000000e-02 
  1.7723370054e+21   1.9325399057e+18   7.6200410101e+61   2.2245872600e-24   5.1871390090e-14   7.8207186274e-06   2.0000000000e-02 
  1.7742695453e+21   1.9325399057e+18   7.6366767877e+61   2.2245872600e-24   5.1871390090e-14   8.9099137475e-06   2.0000000000e-02 
  1.7762020852e+21   1.9325399057e+18   7.6533307048e+61   2.2245872600e-24   5.1871390090e-14   9.5605625675e-06   2.0000000000e-02 
  1.7781346251e+21   1.9325399057e+18   7.6700027614e+61   2.2245872600e-24   5.1871390090e-14   9.5860616976e-06   2.0000000000e-02 
  1.7800671650e+21   1.9325399057e+18   7.6866929575e+61   2.2245872600e-24   5.1871390090e-14   9.1577983387e-06   2.0000000000e-02 
  1.7819997049e+21   1.9325399057e+18   7.7034012932e+61   2.2245872600e-24   5.1871390090e-14   8.6263201169e-06   2.0000000000e-02 
  1.7839322448e+21   1.9325399057e+18   7.7201277683e+61   2.2245872600e-24   5.1871390090e-14   8.2812007393e-06   2.0000000000e-02 
  1.7858647848e+21   1.9325399057e+18   7.7368723829e+61   2.2245872600e-24   5.1871390089e-14   8.1538368578e-06   2.0000000000e-02 
  1.7877973247e+21   1.9325399057e+18   7.7536351370e+61   2.2245872600e-24   5.1871390089e-14   8.1071036904e-06   2.0000000000e-02 
  1.7897298646e+21   1.9325399057e+18   7.7704160306e+61   2.2245872600e-24   5.1871390089e-14   8.0651293492e-06   2.0000000000e-02 
  1.7916624045e+21   1.9325399057e+18   7.7872150637e+61   2.2245872600e-24   5.1871390089e-14   7.9473515948e-06   2.0000000000e-02 
  1.7935949444e+21   1.9325399057e+18   7.8040322363e+61   2.2245872600e-24   5.1871390089e-14   7.5603823978e-06   2.0000000000e-02 
  1.7955274843e+21   1.9325399057e+18   7.8208675484e+61   2.2245872600e-24   5.1871390090e-14   7.1469041970e-06   2.0000000000e-02 
  1.7974600242e+21   1.9325399057e+18   7.8377210000e+61   2.2245872600e-24   5.1871390090e-14   6.8195167289e-06   2.0000000000e-02 
  1.7993925641e+21   1.9325399057e+18   7.8545925911e+61   2.2245872600e-24   5.1871390090e-14   6.6802497672e-06   2.0000000000e-02 
  1.8013251040e+21   1.9325399057e+18   7.8714823217e+61   2.2245872600e-24   5.1871390090e-14   6.5518189988e-06   2.0000000000e-02 
  1.8032576439e+21   1.9325399057e+18   7.8883901918e+61   2.2245872600e-24   5.1871390089e-14   6.3595232766e-06   2.0000000000e-02 
  1.8051901838e+21   1.9325399057e+18   7.9053162014e+61   2.2245872600e-24   5.1871390089e-14   5.4328602728e-06   2.0000000000e-02 
  1.8071227237e+21   1.9325399057e+18   7.9222603505e+61   2.2245872600e-24   5.1871390089e-14   1.4641933616e-06   2.0000000000e-02 
  1.8090552636e+21   1.9325399057e+18   7.9392226391e+61   2.2245872600e-24   5.1871390088e-14  -1.9658722814e-06   2.0000000000e-02 
  1.8109878035e+21   1.9325399057e+18   7.9562030672e+61   2.2245872600e-24   5.1871390088e-14  -2.8879537985e-06   2.0000000000e-02 
  1.8129203434e+21   1.9325399057e+18   7.9732016347e+61   2.2245872600e-24   5.1871390088e-14  -3.0566917995e-06   2.0000000000e-02 
  1.8148528833e+21   1.9325399057e+18   7.9902183418e+61   2.2245872600e-24   5.1871390088e-14  -3.1868885247e-06   2.0000000000e-02 
  1.8167854232e+21   1.9325399057e+18   8.0072531884e+61   2.2245872600e-24   5.1871390088e-14  -3.3535905486e-06   2.0000000000e-02 
  1.8187179631e+21   1.9325399057e+18   8.0243061745e+61   2.2245872600e-24   5.1871390088e-14  -3.5967337541e-06   2.0000000000e-02 
  1.8206505031e+21   1.9325399057e+18   8.0413773001e+61   2.2245872600e-24   5.1871390088e-14  -3.8343178069e-06   2.0000000000e-02 
  1.8225830430e+21   1.9325399057e+18   8.0584665651e+61   2.2245872600e-24   5.1871390089e-14  -3.9538812694e-06   2.0000000000e-02 
  1.8245155829e+21   1.9325399057e+18   8.0755739697e+61   2.2245872600e-24   5.1871390089e-14  -3.2798076905e-06   2.0000000000e-02 
  1.8264481228e+21   1.9325399057e+18   8.0926995138e+61   2.2245872600e-24   5.1871390089e-14  -1.7365256529e-06   2.0000000000e-02 
  1.8283806627e+21   1.9325399057e+18   8.1098431974e+61   2.2245872600e-24   5.1871390089e-14  -6.5929234668e-07   2.0000000000e-02 
  1.8303132026e+21   1.9325399057e+18   8.1270050204e+61   2.2245872600e-24   5.1871390089e-14  -2.4804411482e-07   2.0000000000e-02 
  1.8322457425e+21   1.9325399057e+18   8.1441849830e+61   2.2245872600e-24   5.1871390089e-14  -7.5843251776e-08   2.0000000000e-02 
  1.8341782824e+21   1.9325399057e+18   8.1613830851e+61   2.2245872600e-24   5.1871390089e-14  -9.4630470688e-09   2.0000000000e-02 
  1.8361108223e+21   1.9325399057e+18   8.1785993266e+61   2.2245872600e-24   5.1871390089e-14   4.1860906168e-08   2.0000000000e-02 
  1.8380433622e+21   1.9325399057e+18   8.1958337077e+61   2.2245872600e-24   5.1871390089e-14   7.0856256419e-08   2.0000000000e-02 
  1.8399759021e+21   1.9325399057e+18   8.2130862283e+61   2.2245872600e-24   5.1871390089e-14   2.6203520085e-08   2.0000000000e-02 
  1.8419084420e+21   1.9325399057e+18   8.2303568883e+61   2.2245872600e-24   5.1871390089e-14  -6.0394809960e-08   2.0000000000e-02 
  1.8438409819e+21   1.9325399057e+18   8.2476456879e+61   2.2245872600e-24   5.1871390089e-14  -1.4986572896e-07   2.0000000000e-02 
  1.8457735218e+21   1.9325399057e+18   8.2649526269e+61   2.2245872600e-24   5.1871390089e-14  -2.1454971949e-07   2.0000000000e-02 
  1.8477060617e+21   1.9325399057e+18   8.2822777055e+61   2.2245872600e-24   5.1871390089e-14  -2.4330089469e-07   2.0000000000e-02 
  1.8496386016e+21   1.9325399057e+18   8.2996209236e+61   2.2245872600e-24   5.1871390089e-14  -2.3737255915e-07   2.0000000000e-02 
  1.8515711415e+21   1.9325399057e+18   8.3169822811e+61   2.2245872600e-24   5.1871390089e-14  -1.6047162651e-07   2.0000000000e-02 
  1.8535036815e+21   1.9325399057e+18   8.3343617782e+61   2.2245872600e-24   5.1871390089e-14  -9.4295592021e-08   2.0000000000e-02 
  1.8554362214e+21   1.9325399057e+18   8.3517594147e+61   2.2245872600e-24   5.1871390089e-14  -6.0532372043e-08   2.0000000000e-02 
  1.8573687613e+21   1.9325399057e+18   8.3691751907e+61   2.2245872600e-24   5.1871390089e-14  -1.8525026396e-08   2.0000000000e-02 
  1.8593013012e+21   1.9325399057e+18   8.3866091063e+61   2.2245872600e-24   5.1871390089e-14   5.3330173328e-08   2.0000000000e-02 
  1.8612338411e+21   1.9325399057e+18   8.4040611613e+61   2.2245872600e-24   5.1871390089e-14   1.2885857237e-07   2.0000000000e-02 
  1.8631663810e+21   1.9325399057e+18   8.4215313559e+61   2.2245872600e-24   5.1871390089e-14   1.5695219080e-07   2.0000000000e-02 
  1.8650989209e+21   1.9325399057e+18   8.4390196899e+61   2.2245872600e-24   5.1871390089e-14   1.3134438450e-07   2.0000000000e-02 
  1.8670314608e+21   1.9325399057e+18   8.4565261635e+61   2.2245872600e-24   5.1871390089e-14   6.9900894616e-08   2.0000000000e-02 
  1.8689640007e+21   1.9325399057e+18   8.4740507765e+61   2.2245872600e-24   5.1871390089e-14   3.9769053050e-08   2.0000000000e-02 
  1.8708965406e+21   1.9325399057e+18   8.4915935290e+61   2.2245872600e-24   5.1871390089e-14   3.4344470473e-08   2.0000000000e-02 
  1.8728290805e+21   1.9325399057e+18   8.5091544211e+61   2.2245872600e-24   5.1871390089e-14   6.6156639146e-08   2.0000000000e-02 
  1.8747616204e+21   1.9325399057e+18   8.5267334526e+61   2.2245872600e-24   5.1871390089e-14   1.4511031323e-07   2.0000000000e-02 
  1.8766941603e+21   1.9325399057e+18   8.5443306236e+61   2.2245872600e-24   5.1871390089e-14   2.4662881313e-07   2.0000000000e-02 
  1.8786267002e+21   1.9325399057e+18   8.5619459342e+61   2.2245872600e-24   5.1871390089e-14   3.9607794615e-07   2.0000000000e-02 
  1.8805592401e+21   1.9325399057e+18   8.5795793842e+61   2.2245872600e-24   5.1871390089e-14   5.5185890483e-07   2.0000000000e-02 
  1.8824917800e+21   1.9325399057e+18   8.5972309737e+61   2.2245872600e-24   5.1871390089e-14   6.3352200793e-07   2.0000000000e-02 
  1.8844243199e+21   1.9325399057e+18   8.6149007027e+61   2.2245872600e-24   5.1871390089e-14   6.2895178564e-07   2.0000000000e-02 
  1.8863568598e+21   1.9325399057e+18   8.6325885712e+61   2.2245872600e-24   5.1871390089e-14   5.6241655010e-07   2.0000000000e-02 
  1.8882893998e+21   1.9325399057e+18   8.6502945793e+61   2.2245872600e-24   5.1871390089e-14   4.0916980434e-07   2.0000000000e-02 
  1.8902219397e+21   1.9325399057e+18   8.6680187268e+61   2.2245872600e-24   5.1871390089e-14   1.8014573132e-07   2.0000000000e-02 
  1.8921544796e+21   1.9325399057e+18   8.6857610138e+61   2.2245872600e-24   5.1871390089e-14  -1.6030642659e-08   2.0000000000e-02 
  1.8940870195e+21   1.9325399057e+18   8.7035214403e+61   2.2245872600e-24   5.1871390089e-14  -1.1386972094e-07   2.0000000000e-02 
  1.8960195594e+21   1.9325399057e+18   8.7213000063e+61   2.2245872600e-24   5.1871390089e-14  -1.3590118431e-07   2.0000000000e-02 
  1.8979520993e+21   1.9325399057e+18   8.7390967118e+61   2.2245872600e-24   5.1871390089e-14  -1.3162811801e-07   2.0000000000e-02 
  1.8998846392e+21   1.9325399057e+18   8.7569115569e+61   2.2245872600e-24   5.1871390089e-14  -9.2952999707e-08   2.0000000000e-02 
  1.9018171791e+21   1.9325399057e+18   8.7747445414e+61   2.2245872600e-24   5.1871390089e-14  -6.9758938060e-10   2.0000000000e-02 
  1.9037497190e+21   1.9325399057e+18   8.7925956654e+61   2.2245872600e-24   5.1871390089e-14   1.8412410251e-07   2.0000000000e-02 
  1.9056822589e+21   1.9325399057e+18   8.8104649289e+61   2.2245872600e-24   5.1871390089e-14   5.0788620135e-07   2.0000000000e-02 
  1.9076147988e+21   1.9325399057e+18   8.8283523319e+61   2.2245872600e-24   5.1871390089e-14   8.1253037354e-07   2.0000000000e-02 
  1.9095473387e+21   1.9325399057e+18   8.8462578744e+61   2.2245872600e-24   5.1871390089e-14   9.3155742556e-07   2.0000000000e-02 
  1.9114798786e+21   1.9325399057e+18   8.8641815564e+61   2.2245872600e-24   5.1871390089e-14   9.1111030902e-07   2.0000000000e-02 
  1.9134124185e+21   1.9325399057e+18   8.8821233779e+61   2.2245872600e-24   5.1871390089e-14   8.9159318492e-07   2.0000000000e-02 
  1.9153449584e+21   1.9325399057e+18   8.9000833389e+61   2.2245872600e-24   5.1871390089e-14   9.3291492455e-07   2.0000000000e-02 
  1.9172774983e+21   1.9325399057e+18   8.9180614394e+61   2.2245872600e-24   5.1871390089e-14   9.3386666692e-07   2.0000000000e-02 
  1.9192100382e+21   1.9325399057e+18   8.9360576794e+61   2.2245872600e-24   5.1871390089e-14   9.0783816000e-07   2.0000000000e-02 
  1.9211425782e+21   1.9325399057e+18   8.9540720589e+61   2.2245872600e-24   5.1871390089e-14   8.9497763959e-07   2.0000000000e-02 
  1.9230751181e+21   1.9325399057e+18   8.9721045778e+61   2.2245872600e-24   5.1871390089e-14   8.0819060227e-07   2.0000000000e-02 
  1.9250076580e+21   1.9325399057e+18   8.9901552363e+61   2.2245872600e-24   5.1871390089e-14   7.1288753073e-07   2.0000000000e-02 
  1.9269401979e+21   1.9325399057e+18   9.0082240343e+61   2.2245872600e-24   5.1871390089e-14   6.2986720010e-07   2.0000000000e-02 
  1.9288727378e+21   1.9325399057e+18   9.0263109718e+61   2.2245872600e-24   5.1871390089e-14   4.6087325388e-07   2.0000000000e-02 
  1.9308052777e+21   1.9325399057e+18   9.0444160488e+61   2.2245872600e-24   5.1871390089e-14   1.8103479581e-07   2.0000000000e-02 
  1.9327378176e+21   1.9325399057e+18   9.0625392653e+61   2.2245872600e-24   5.1871390089e-14  -8.6674217450e-08   2.0000000000e-02 
  1.9346703575e+21   1.9325399057e+18   9.0806806212e+61   2.2245872600e-24   5.1871390089e-14  -2.2876513782e-07   2.0000000000e-02 
  1.9366028974e+21   1.9325399057e+18   9.0988401167e+61   2.2245872600e-24   5.1871390089e-14  -2.4968626111e-07   2.0000000000e-02 
  1.9385354373e+21   1.9325399057e+18   9.1170177517e+61   2.2245872600e-24   5.1871390089e-14  -2.4199988274e-07   2.0000000000e-02 
  1.9404679772e+21   1.9325399057e+18   9.1352135262e+61   2.2245872600e-24   5.1871390089e-14  -2.4450273670e-07   2.0000000000e-02 
  1.9424005171e+21   1.9325399057e+18   9.1534274401e+61   2.2245872600e-24   5.1871390089e-14  -2.4856574664e-07   2.0000000000e-02 
  1.9443330570e+21   1.9325399057e+18   9.1716594936e+61   2.2245872600e-24   5.1871390089e-14  -2.3229794955e-07   2.0000000000e-02 
  1.9462655969e+21   1.9325399057e+18   9.1899096866e+61   2.2245872600e-24   5.1871390089e-14  -2.0037187583e-07   2.0000000000e-02 
  1.9481981368e+21   1.9325399057e+18   9.2081780190e+61   2.2245872600e-24   5.1871390089e-14  -1.6224724709e-07   2.0000000000e-02 
  1.9501306767e+21   1.9325399057e+18   9.2264644910e+61   2.2245872600e-24   5.1871390089e-14  -9.4742538463e-08   2.0000000000e-02 
  1.9520632166e+21   1.9325399057e+18   9.2447691025e+61   2.2245872600e-24   5.1871390089e-14  -4.0556679105e-08   2.0000000000e-02 
  1.9539957565e+21   1.9325399057e+18   9.2630918534e+61   2.2245872600e-24   5.1871390089e-14  -3.8924827038e-08   2.0000000000e-02 
  1.9559282965e+21   1.9325399057e+18   9.2814327439e+61   2.2245872600e-24   5.1871390089e-14  -4.8230652919e-08   2.0000000000e-02 
  1.9578608364e+21   1.9325399057e+18   9.2997917739e+61   2.2245872600e-24   5.1871390089e-14  -6.5862064445e-08   2.0000000000e-02 
  1.9597933763e+21   1.9325399057e+18   9.3181689433e+61   2.2245872600e-24   5.1871390089e-14  -1.1554830667e-07   2.0000000000e-02 
  1.9617259162e+21   1.9325399057e+18   9.3365642523e+61   2.2245872600e-24   5.1871390089e-14  -1.6639925025e-07   2.0000000000e-02 
  1.9636584561e+21   1.9325399057e+18   9.3549777007e+61   2.2245872600e-24   5.1871390089e-14  -1.7244140642e-07   2.0000000000e-02 
  1.9655909960e+21   1.9325399057e+18   9.3734092887e+61   2.2245872600e-24   5.1871390089e-14  -1.6536620153e-07   2.0000000000e-02 
  1.9675235359e+21   1.9325399057e+18   9.3918590161e+61   2.2245872600e-24   5.1871390089e-14  -2.0178829139e-07   2.0000000000e-02 
  1.9694560758e+21   1.9325399057e+18   9.4103268831e+61   2.2245872600e-24   5.1871390089e-14  -2.3430594623e-07   2.0000000000e-02 
  1.9713886157e+21   1.9325399057e+18   9.4288128895e+61   2.2245872600e-24   5.1871390089e-14  -2.2307110170e-07   2.0000000000e-02 
  1.9733211556e+21   1.9325399057e+18   9.4473170355e+61   2.2245872600e-24   5.1871390089e-14  -1.9647950018e-07   2.0000000000e-02 
  1.9752536955e+21   1.9325399057e+18   9.4658393209e+61   2.2245872600e-24   5.1871390089e-14  -1.4850140866e-07   2.0000000000e-02 
  1.9771862354e+21   1.9325399057e+18   9.4843797459e+61   2.2245872600e-24   5.1871390089e-14  -6.5046043512e-08   2.0000000000e-02 
  1.9791187753e+21   1.9325399057e+18   9.5029383103e+61   2.2245872600e-24   5.1871390089e-14   0.0000000000e+00   2.0000000000e-02 
