# time = 4.487817e+15 [s] 
# r                  dr                 dV                 Density            Pressure           Velocity           Z
  2.1304517832e+18   2.1304517832e+18   4.0504543150e+55   4.5670388490e-31   3.0894365318e-14   0.0000000000e+00   9.9248591688e-02 
  2.5228035125e+18   3.9235172934e+17   2.6752673444e+55   4.5670388490e-31   3.0894365318e-14  -3.1760957217e+03   9.9248591688e-02 
  3.3597951329e+18   8.3699162036e+17   9.1607334236e+55   4.5672373347e-31   3.0894281252e-14  -6.5381336323e+03   9.9248591688e-02 
  4.2869759163e+18   9.2718078345e+17   1.7115657418e+56   4.5679309978e-31   3.0894326265e-14  -1.1618126093e+04   9.9248591688e-02 
  4.7084396884e+18   4.2146377204e+17   1.0721863243e+56   4.5688818741e-31   3.0894358615e-14  -1.4804066313e+04   9.9248591688e-02 
  5.0834625412e+18   3.7502285281e+17   1.1301967057e+56   4.5700644253e-31   3.0894369268e-14  -1.6578073926e+04   9.9248591688e-02 
  5.7575471438e+18   6.7408460256e+17   2.4920863162e+56   4.5726381296e-31   3.0894381129e-14  -1.8827841509e+04   9.9248591688e-02 
  6.3675383131e+18   6.0999116933e+17   2.8197413292e+56   4.5765939532e-31   3.0894395034e-14  -2.1506429855e+04   9.9248591688e-02 
  7.1937710958e+18   8.2623278275e+17   4.7796112187e+56   4.5821369560e-31   3.0894407301e-14  -2.4419454371e+04   9.9248591688e-02 
  7.9934255967e+18   7.9965450082e+17   5.7997416557e+56   4.5894843589e-31   3.0894417125e-14  -2.7667131163e+04   9.9248591688e-02 
  8.9987024661e+18   1.0052768695e+18   9.1293004111e+56   4.5990287750e-31   3.0894425664e-14  -3.1209692391e+04   9.9248591688e-02 
  1.0039221596e+19   1.0405191299e+18   1.1859635603e+57   4.6112782626e-31   3.0894435305e-14  -3.5164205834e+04   9.9248591688e-02 
  1.1271900222e+19   1.2326786256e+18   1.7607448681e+57   4.6266373214e-31   3.0894446107e-14  -3.9499314648e+04   9.9248591688e-02 
  1.2595229455e+19   1.3233292330e+18   2.3706256337e+57   4.6458120336e-31   3.0894460871e-14  -4.4326827227e+04   9.9248591688e-02 
  1.4111541817e+19   1.5163123620e+18   3.4013218464e+57   4.6693490146e-31   3.0894474820e-14  -4.9679055226e+04   9.9248591688e-02 
  1.5823623439e+19   1.7120816219e+18   4.8251512502e+57   4.6986376012e-31   3.0894489962e-14  -5.5758964944e+04   9.9248591688e-02 
  1.7736377260e+19   1.9127538216e+18   6.7752118305e+57   4.7343908876e-31   3.0894508010e-14  -6.2563487988e+04   9.9248591688e-02 
  1.9898216025e+19   2.1618387646e+18   9.6299723949e+57   4.7778465708e-31   3.0894531790e-14  -7.0163248321e+04   9.9248591688e-02 
  2.2240261677e+19   2.3420456527e+18   1.3078257304e+58   4.8294882980e-31   3.0894566566e-14  -7.8523596017e+04   9.9248591688e-02 
  2.4904476796e+19   2.6642151187e+18   1.8622916204e+58   4.8910554442e-31   3.0894611586e-14  -8.7824787856e+04   9.9248591688e-02 
  2.7766183416e+19   2.8617066196e+18   2.4965463714e+58   4.9635606857e-31   3.0894675912e-14  -9.8185890930e+04   9.9248591688e-02 
  3.1099004736e+19   3.3328213203e+18   3.6319744474e+58   5.0502033061e-31   3.0894754038e-14  -1.0980621045e+05   9.9248591688e-02 
  3.4644405871e+19   3.5454011352e+18   4.8188179138e+58   5.1522455985e-31   3.0894850919e-14  -1.2263576414e+05   9.9248591688e-02 
  3.8675333609e+19   4.0309277382e+18   6.8145007714e+58   5.2715587605e-31   3.0894954018e-14  -1.3675354804e+05   9.9248591688e-02 
  4.2963109126e+19   4.2877755170e+18   8.9860842999e+58   5.4102444378e-31   3.0895120787e-14  -1.5241701913e+05   9.9248591688e-02 
  4.7870377690e+19   4.9072685635e+18   1.2732215735e+59   5.5726890702e-31   3.0895330767e-14  -1.6968413010e+05   9.9248591688e-02 
  5.2663455241e+19   4.7930775508e+18   1.5230625499e+59   5.7537457779e-31   3.0895580594e-14  -1.8795271259e+05   9.9248591688e-02 
  6.0032178016e+19   7.3687227748e+18   2.9442504141e+59   5.9948378541e-31   3.0895935893e-14  -2.1096868596e+05   9.9248591688e-02 
  7.1118164462e+19   1.1085986447e+19   6.0047676448e+59   6.3773539015e-31   3.0896584883e-14  -2.4627159992e+05   9.9248591688e-02 
  7.5179140741e+19   4.0609762787e+18   2.7312692128e+59   6.7027512405e-31   3.0897235131e-14  -2.7579923207e+05   9.9248591688e-02 
  7.8878998318e+19   3.6998575772e+18   2.7592284664e+59   6.8867909690e-31   3.0897627004e-14  -2.9117708748e+05   9.9248591688e-02 
  8.2785988344e+19   3.9069900264e+18   3.2085488737e+59   7.0872051045e-31   3.0898016135e-14  -3.0624013922e+05   9.9248591688e-02 
  8.6982085982e+19   4.1960976376e+18   3.8001079378e+59   7.3225772233e-31   3.0898487638e-14  -3.2257669796e+05   9.9248591688e-02 
  9.0861010451e+19   3.8789244687e+18   3.8548197896e+59   7.5793597232e-31   3.0898968516e-14  -3.3891972372e+05   9.9248591688e-02 
  9.5843535320e+19   4.9825248689e+18   5.4577321511e+59   7.8899784703e-31   3.0899547544e-14  -3.5708003907e+05   9.9248591688e-02 
  1.0074589467e+20   4.9023593529e+18   5.9534040136e+59   8.2644232996e-31   3.0900217202e-14  -3.7737602139e+05   9.9248591688e-02 
  1.0547426017e+20   4.7283654944e+18   6.3182852548e+59   8.6597295879e-31   3.0900916061e-14  -3.9733627895e+05   9.9248591688e-02 
  1.1000243002e+20   4.5281698530e+18   6.6059776409e+59   9.0728245605e-31   3.0901630081e-14  -4.1678408147e+05   9.9248591688e-02 
  1.1560504607e+20   5.6026160458e+18   8.9605976072e+59   9.5662527463e-31   3.0902454393e-14  -4.3847932855e+05   9.9248591688e-02 
  1.2128560169e+20   5.6805556200e+18   1.0016586721e+60   1.0157519241e-30   3.0903427846e-14  -4.6319599026e+05   9.9248591688e-02 
  1.2675694020e+20   5.4713385142e+18   1.0577090873e+60   1.0787455573e-30   3.0904446516e-14  -4.8825001549e+05   9.9248591688e-02 
  1.3222763230e+20   5.4706921014e+18   1.1529342061e+60   1.1456899178e-30   3.0905485610e-14  -5.1353175372e+05   9.9248591688e-02 
  1.3872150825e+20   6.4938759515e+18   1.4980025925e+60   1.2250817196e-30   3.0906656061e-14  -5.4233009005e+05   9.9248591688e-02 
  1.4527454584e+20   6.5530375856e+18   1.6607115777e+60   1.3180590233e-30   3.0907976569e-14  -5.7539706124e+05   9.9248591688e-02 
  1.5157484938e+20   6.3003035388e+18   1.7444112876e+60   1.4167125746e-30   3.0909305276e-14  -6.0980402383e+05   9.9248591688e-02 
  1.5836975357e+20   6.7949041948e+18   2.0510249244e+60   1.5256027262e-30   3.0910586957e-14  -6.4681411553e+05   9.9248591688e-02 
  1.6612975532e+20   7.7600017517e+18   2.5675715696e+60   1.6563551055e-30   3.0911849105e-14  -6.9038870669e+05   9.9248591688e-02 
  1.7373872905e+20   7.6089737302e+18   2.7616605766e+60   1.8047593718e-30   3.0913106400e-14  -7.3876597448e+05   9.9248591688e-02 
  1.8047474626e+20   6.7360172091e+18   2.6554343464e+60   1.9545835670e-30   3.0914349473e-14  -7.8538000452e+05   9.9248591688e-02 
  1.8931409670e+20   8.8393504415e+18   3.7980488102e+60   2.1328143267e-30   3.0915181380e-14  -8.3502292371e+05   9.9248591688e-02 
  2.0006944959e+20   1.0755352889e+19   5.1243662613e+60   2.3743317952e-30   3.0915802713e-14  -8.9397538633e+05   9.9248591688e-02 
  2.1104688756e+20   1.0977437965e+19   5.8302011114e+60   2.6608507830e-30   3.0915628313e-14  -9.5526613363e+05   9.9248591688e-02 
  2.2119282864e+20   1.0145941079e+19   5.9562278433e+60   2.9599294009e-30   3.0914578071e-14  -1.0084765620e+06   9.9248591688e-02 
  2.3373112259e+20   1.2538293954e+19   8.1540970907e+60   3.3079328316e-30   3.0912404632e-14  -1.0580230131e+06   9.9248591688e-02 
  2.4477875445e+20   1.1047631863e+19   7.9483693104e+60   3.6959376696e-30   3.0910019888e-14  -1.1030812842e+06   9.9248591688e-02 
  2.6088318798e+20   1.6104433526e+19   1.2940846164e+61   4.1809078542e-30   3.0907147571e-14  -1.1476800802e+06   9.9248591688e-02 
  2.7258802833e+20   1.1704840347e+19   1.0466633938e+61   4.7098107064e-30   3.0905571899e-14  -1.1870457568e+06   9.9248591688e-02 
  2.8299639100e+20   1.0408362678e+19   1.0094462754e+61   5.1669433478e-30   3.0905523810e-14  -1.2142420110e+06   9.9248591688e-02 
  2.9395038388e+20   1.0953992880e+19   1.1456342998e+61   5.6100804793e-30   3.0906167113e-14  -1.2408900847e+06   9.9248591688e-02 
  3.0406490156e+20   1.0114517681e+19   1.1364779934e+61   6.0102471385e-30   3.0908073295e-14  -1.2710059124e+06   9.9248591688e-02 
  3.1916255571e+20   1.5097654141e+19   1.8426270776e+61   6.4365436223e-30   3.0911821848e-14  -1.3161788889e+06   9.9248591688e-02 
  3.3476260902e+20   1.5600053311e+19   2.0961117639e+61   6.9096590037e-30   3.0918260717e-14  -1.3806318161e+06   9.9248591688e-02 
  3.4503589468e+20   1.0273285664e+19   1.4916011378e+61   7.2651069542e-30   3.0927900565e-14  -1.4434629708e+06   9.9248591688e-02 
  3.5468121364e+20   9.6453189575e+18   1.4836756135e+61   7.4911481495e-30   3.0930444570e-14  -1.4857868240e+06   9.9248591688e-02 
  3.7035104219e+20   1.5669828550e+19   2.5881913946e+61   7.7217328942e-30   3.0930073899e-14  -1.5265285176e+06   9.9248591688e-02 
  3.8786587106e+20   1.7514828874e+19   3.1638795986e+61   7.9774588239e-30   3.0931539598e-14  -1.5598092044e+06   9.9248591688e-02 
  4.0629925991e+20   1.8433388851e+19   3.6530420566e+61   8.2137799336e-30   3.0935295241e-14  -1.5746410287e+06   9.9248591688e-02 
  4.1667795765e+20   1.0378697737e+19   2.2084693959e+61   8.3753219919e-30   3.0934648632e-14  -1.5876670186e+06   9.9248591688e-02 
  4.2665116272e+20   9.9732050729e+18   2.2284303322e+61   8.4613603479e-30   3.0935497857e-14  -1.6024103510e+06   9.9248591688e-02 
  4.4388755498e+20   1.7236392260e+19   4.1042062047e+61   8.5410540321e-30   3.0939408502e-14  -1.6324058153e+06   9.9248591688e-02 
  4.6326045141e+20   1.9372896432e+19   5.0091812748e+61   8.6247577726e-30   3.0950880445e-14  -1.6848049577e+06   9.9248591688e-02 
  4.8011301965e+20   1.6852568232e+19   4.7122625654e+61   8.6898633511e-30   3.0961877190e-14  -1.7327458148e+06   9.9248591688e-02 
  4.8913300593e+20   9.0199862834e+18   2.6621734305e+61   8.7246776694e-30   3.0961597805e-14  -1.7481563764e+06   9.9248591688e-02 
  4.9813031280e+20   8.9973068727e+18   2.7551194437e+61   8.7392393677e-30   3.0958790198e-14  -1.7451437857e+06   9.9248591688e-02 
  5.1608852541e+20   1.7958212603e+19   5.8039239258e+61   8.7487543910e-30   3.0952788561e-14  -1.7310370052e+06   9.9248591688e-02 
  5.3120522090e+20   1.5116695493e+19   5.2092346125e+61   8.7540931014e-30   3.0947421474e-14  -1.7134097257e+06   9.9248591688e-02 
  5.4102586245e+20   9.8206415519e+18   3.5471427179e+61   8.7534701282e-30   3.0948004594e-14  -1.7081684028e+06   9.9248591688e-02 
  5.4912545174e+20   8.0995892865e+18   3.0240880114e+61   8.7492366832e-30   3.0953592352e-14  -1.7158429686e+06   9.9248591687e-02 
  5.5611133834e+20   6.9858866078e+18   2.6809446887e+61   8.7431842606e-30   3.0964969646e-14  -1.7321242619e+06   9.9248591684e-02 
  5.7338094508e+20   1.7269606731e+19   6.9220175809e+61   8.7246804068e-30   3.0980888292e-14  -1.7541354315e+06   9.9248591673e-02 
  5.8448629216e+20   1.1105347085e+19   4.6774898833e+61   8.6970159660e-30   3.0994412792e-14  -1.7740591805e+06   9.9248591639e-02 
  5.8729146946e+20   2.8051773042e+18   1.2100450014e+61   8.6790811624e-30   3.0998021348e-14  -1.7729318483e+06   9.9248591562e-02 
  5.8961957044e+20   2.3281009727e+18   1.0130701636e+61   8.6662655300e-30   3.0997602093e-14  -1.7710011466e+06   9.9248590806e-02 
  5.9787974064e+20   8.2601702068e+18   3.6594229393e+61   8.6231574778e-30   3.0996073806e-14  -1.7651734267e+06   9.9248588336e-02 
  6.0558401581e+20   7.7042751695e+18   3.5055294703e+61   8.5525660026e-30   3.0991623480e-14  -1.7520493605e+06   9.9248577656e-02 
  6.1392705287e+20   8.3430370602e+18   3.8980940553e+61   8.4740614005e-30   3.0982692396e-14  -1.7297681081e+06   9.9248537088e-02 
  6.3122512304e+20   1.7298070167e+19   8.4259781595e+61   8.3374684197e-30   3.0970049946e-14  -1.6925854530e+06   9.9248424480e-02 
  6.4566543904e+20   1.4440316002e+19   7.3969458215e+61   8.1633345608e-30   3.0961291308e-14  -1.6535970330e+06   9.9248192163e-02 
  6.5939470727e+20   1.3729268228e+19   7.3463960618e+61   8.0030933937e-30   3.0965583983e-14  -1.6373215879e+06   9.9247865345e-02 
  6.7714777950e+20   1.7753072234e+19   9.9635584140e+61   7.8158366611e-30   3.0980640041e-14  -1.6425973230e+06   9.9246990907e-02 
  6.9354871283e+20   1.6400933327e+19   9.6810344199e+61   7.6050150271e-30   3.1003821541e-14  -1.6556145504e+06   9.9244639664e-02 
  7.0939693515e+20   1.5848222323e+19   9.8001019321e+61   7.3947069601e-30   3.1017856028e-14  -1.6431095288e+06   9.9238198464e-02 
  7.2475547424e+20   1.5358539089e+19   9.9244625204e+61   7.1769997023e-30   3.1011470818e-14  -1.6058498502e+06   9.9217228754e-02 
  7.4191189507e+20   1.7156420828e+19   1.1594703062e+62   6.9338389639e-30   3.0980797373e-14  -1.5181322340e+06   9.9135061948e-02 
  7.5615973531e+20   1.4247840243e+19   1.0045629658e+62   6.6866802506e-30   3.0947675681e-14  -1.4245776938e+06   9.8868768817e-02 
  7.6426026683e+20   8.1005315192e+18   5.8829430870e+61   6.5021645190e-30   3.0939114060e-14  -1.3863180940e+06   9.8438393727e-02 
  7.7118922614e+20   6.9289593106e+18   5.1320620943e+61   6.3659698310e-30   3.0944712975e-14  -1.3761063650e+06   9.7617549521e-02 
  7.8036663358e+20   9.1774074340e+18   6.9408040220e+61   6.2033340189e-30   3.0955868966e-14  -1.3752329706e+06   9.6996343022e-02 
  7.8401406021e+20   3.6474266276e+18   2.8042848079e+61   6.0650010367e-30   3.0966226471e-14  -1.3786002272e+06   9.6714265156e-02 
  7.8567778893e+20   1.6637287205e+18   1.2878383552e+61   6.0023087471e-30   3.0971745768e-14  -1.3830677779e+06   9.6622702897e-02 
  7.8829816901e+20   2.6203800785e+18   2.0394391485e+61   5.9592057675e-30   3.0976135284e-14  -1.3866616109e+06   9.6590715084e-02 
  7.9485174145e+20   6.5535724448e+18   5.1602951142e+61   5.8849531222e-30   3.0985477221e-14  -1.3945079659e+06   9.6584589414e-02 
  8.0004890074e+20   5.1971592900e+18   4.1532177709e+61   5.8007698635e-30   3.0998168195e-14  -1.4056157938e+06   9.6582074443e-02 
  8.0375471349e+20   3.7058127510e+18   2.9945839501e+61   5.7464021839e-30   3.1006454436e-14  -1.4099011147e+06   9.6581728008e-02 
  8.0718653017e+20   3.4318166745e+18   2.7979117417e+61   5.7117831834e-30   3.1011752260e-14  -1.4121320171e+06   9.6581675278e-02 
  8.1089732931e+20   3.7107991463e+18   3.0522502196e+61   5.6862139969e-30   3.1016946304e-14  -1.4123449661e+06   9.6581671632e-02 
  8.1428147172e+20   3.3841424094e+18   2.8080279631e+61   5.6681843221e-30   3.1021326432e-14  -1.4085047034e+06   9.6581671431e-02 
  8.2710888172e+20   1.2827410000e+19   1.0857290138e+62   5.6436032683e-30   3.1024763527e-14  -1.3917169036e+06   9.6581671422e-02 
  8.3939396676e+20   1.2285085041e+19   1.0718845902e+62   5.6119134312e-30   3.1025136038e-14  -1.3605186325e+06   9.6581671417e-02 
  8.4386531540e+20   4.4713486333e+18   3.9800769029e+61   5.5921438411e-30   3.1015150203e-14  -1.3219559943e+06   9.6581671415e-02 
  8.4690584577e+20   3.0405303716e+18   2.7306708234e+61   5.5840834152e-30   3.1007612001e-14  -1.2994444137e+06   9.6581671414e-02 
  8.4983081768e+20   2.9249719092e+18   2.6454581222e+61   5.5795525981e-30   3.1001384141e-14  -1.2814123395e+06   9.6581671407e-02 
  8.5291375074e+20   3.0829330585e+18   2.8081056879e+61   5.5762868035e-30   3.0993220788e-14  -1.2599461374e+06   9.6581671353e-02 
  8.6403598147e+20   1.1122230740e+19   1.0300611529e+62   5.5717972805e-30   3.0974556561e-14  -1.2077761245e+06   9.6581671156e-02 
  8.7132511049e+20   7.2891290145e+18   6.8961670950e+61   5.5672998434e-30   3.0949526753e-14  -1.1368972078e+06   9.6581670320e-02 
  8.7439422725e+20   3.0691167599e+18   2.9384112387e+61   5.5659535946e-30   3.0940386789e-14  -1.1036943377e+06   9.6581668196e-02 
  8.7835140097e+20   3.9571737250e+18   3.8192097684e+61   5.5657177817e-30   3.0935933196e-14  -1.0868441478e+06   9.6581647011e-02 
  8.8536363997e+20   7.0122389918e+18   6.8527629266e+61   5.5659612812e-30   3.0931854330e-14  -1.0638975185e+06   9.6581574836e-02 
  8.9251356445e+20   7.1499244877e+18   7.0999810930e+61   5.5665634125e-30   3.0929421585e-14  -1.0394856924e+06   9.6581057145e-02 
  9.0214882601e+20   9.6352615594e+18   9.7495164719e+61   5.5672735232e-30   3.0931149086e-14  -1.0204958433e+06   9.6579672639e-02 
  9.1258929045e+20   1.0440464441e+19   1.0801956030e+62   5.5680790587e-30   3.0939905996e-14  -1.0128421599e+06   9.6577321078e-02 
  9.2290685397e+20   1.0317563519e+19   1.0920400124e+62   5.5685857917e-30   3.0955063246e-14  -1.0180677422e+06   9.6575809893e-02 
  9.3907967249e+20   1.6172818518e+19   1.7615686605e+62   5.5688414520e-30   3.0983966405e-14  -1.0349174428e+06   9.6570606535e-02 
  9.5364017665e+20   1.4560504155e+19   1.6387304582e+62   5.5677454023e-30   3.1015659815e-14  -1.0449397304e+06   9.6556530467e-02 
  9.6680673324e+20   1.3166556598e+19   1.5255747748e+62   5.5635047693e-30   3.1030947900e-14  -1.0275901624e+06   9.6525336227e-02 
  9.7973875139e+20   1.2932018145e+19   1.5394007010e+62   5.5547152517e-30   3.1026997117e-14  -9.8984725680e+05   9.6435820427e-02 
  9.9639545599e+20   1.6656704603e+19   2.0435351558e+62   5.5381023602e-30   3.0999253279e-14  -8.9662271106e+05   9.6091277844e-02 
  1.0088458740e+21   1.2450418035e+19   1.5727970342e+62   5.5149741543e-30   3.0942376012e-14  -7.4995708054e+05   9.5013060261e-02 
  1.0185355738e+21   9.6896997312e+18   1.2512221810e+62   5.4942905141e-30   3.0913185657e-14  -6.6509126195e+05   9.1937093767e-02 
  1.0237941274e+21   5.2585536005e+18   6.8907872889e+61   5.4767634680e-30   3.0903515672e-14  -6.2999016674e+05   8.8241583417e-02 
  1.0309081643e+21   7.1140369473e+18   9.4355133861e+61   5.4545157240e-30   3.0901876637e-14  -6.1129048338e+05   8.1785913793e-02 
  1.0337907905e+21   2.8826261446e+18   3.8605746264e+61   5.4321362605e-30   3.0904229119e-14  -6.0107470890e+05   7.6521167549e-02 
  1.0368331237e+21   3.0423332835e+18   4.0978817764e+61   5.4118883184e-30   3.0907609904e-14  -6.0002294229e+05   7.3884185391e-02 
  1.0425164472e+21   5.6833235084e+18   7.7198408339e+61   5.3709536900e-30   3.0914066642e-14  -5.9969652595e+05   7.3533102575e-02 
  1.0465963737e+21   4.0799264486e+18   5.5940526223e+61   5.3230153020e-30   3.0921270683e-14  -6.0045365304e+05   7.3373061891e-02 
  1.0502507039e+21   3.6543301958e+18   5.0476776917e+61   5.2891322719e-30   3.0928620550e-14  -6.0472412689e+05   7.3321347003e-02 
  1.0551401490e+21   4.8894451601e+18   6.8088802544e+61   5.2598865246e-30   3.0938254656e-14  -6.1274270548e+05   7.3314416249e-02 
  1.0604608581e+21   5.3207090123e+18   7.4814852955e+61   5.2326082869e-30   3.0953172538e-14  -6.2862344300e+05   7.3313144169e-02 
  1.0655016443e+21   5.0407862070e+18   7.1574803628e+61   5.2116905078e-30   3.0970927747e-14  -6.4919966505e+05   7.3313021075e-02 
  1.0762923252e+21   1.0790680910e+19   1.5550980626e+62   5.1894347485e-30   3.0994437499e-14  -6.7193170091e+05   7.3313013308e-02 
  1.0849003208e+21   8.6079956277e+18   1.2631099874e+62   5.1671505760e-30   3.1018295259e-14  -6.9161369806e+05   7.3313011947e-02 
  1.0906487604e+21   5.7484395576e+18   8.5474904425e+61   5.1546549658e-30   3.1031597753e-14  -6.9253735835e+05   7.3313011767e-02 
  1.1041456289e+21   1.3496868519e+19   2.0425657574e+62   5.1447424524e-30   3.1038771799e-14  -6.7482546312e+05   7.3313011657e-02 
  1.1152236893e+21   1.1078060401e+19   1.7142587066e+62   5.1357109228e-30   3.1038563292e-14  -6.4008519206e+05   7.3313011275e-02 
  1.1293021047e+21   1.4078415376e+19   2.2282224420e+62   5.1276146247e-30   3.1015164929e-14  -5.5869121557e+05   7.3313009041e-02 
  1.1392891474e+21   9.9870427738e+18   1.6147381063e+62   5.1183802059e-30   3.0960393761e-14  -4.1899923063e+05   7.3312998906e-02 
  1.1488046924e+21   9.5155449244e+18   1.5650697742e+62   5.1128348119e-30   3.0923583849e-14  -3.2109417503e+05   7.3312945169e-02 
  1.1664635895e+21   1.7658897140e+19   2.9738873619e+62   5.1099174227e-30   3.0897988832e-14  -2.3533675296e+05   7.3312803662e-02 
  1.1784365387e+21   1.1972949189e+19   2.0682521621e+62   5.1118335742e-30   3.0888381606e-14  -1.7497209047e+05   7.3312498649e-02 
  1.1899665950e+21   1.1530056352e+19   2.0318703249e+62   5.1197752772e-30   3.0899171894e-14  -1.6459353997e+05   7.3311224339e-02 
  1.1998068856e+21   9.8402905639e+18   1.7655244022e+62   5.1333554020e-30   3.0917591315e-14  -1.7614692227e+05   7.3305383327e-02 
  1.2077673515e+21   7.9604658558e+18   1.4496037840e+62   5.1529078376e-30   3.0944554685e-14  -2.0761349774e+05   7.3287224427e-02 
  1.2251363262e+21   1.7368974780e+19   3.2298419086e+62   5.1994373945e-30   3.0998358686e-14  -2.7912372075e+05   7.3232317521e-02 
  1.2368363298e+21   1.1700003562e+19   2.2279507500e+62   5.2720273292e-30   3.1068068722e-14  -3.7768776565e+05   7.3122414490e-02 
  1.2423200636e+21   5.4837338260e+18   1.0588508661e+62   5.3360520354e-30   3.1090220333e-14  -3.7741172507e+05   7.2970201595e-02 
  1.2484540444e+21   6.1339807378e+18   1.1955337576e+62   5.4142736921e-30   3.1072788493e-14  -3.3580965744e+05   7.2243334084e-02 
  1.2525681445e+21   4.1141001308e+18   8.0846311664e+61   5.5218736411e-30   3.1049319292e-14  -2.8043859763e+05   7.1143317144e-02 
  1.2570654441e+21   4.4972995636e+18   8.8986226525e+61   5.6752052402e-30   3.1039507344e-14  -2.5668268060e+05   6.9693848445e-02 
  1.2600505201e+21   2.9850760644e+18   5.9417165038e+61   5.8717525655e-30   3.1035582549e-14  -2.3198699356e+05   6.8952772667e-02 
  1.2666636370e+21   6.6131169039e+18   1.3263840532e+62   6.2716267757e-30   3.1011840328e-14  -1.7912609335e+05   6.8655007129e-02 
  1.2706744043e+21   4.0107672661e+18   8.1121198359e+61   6.8392479305e-30   3.0983424763e-14  -1.2424238945e+05   6.8525818572e-02 
  1.2774803805e+21   6.8059761910e+18   1.3883307449e+62   7.7059938373e-30   3.0968828301e-14  -9.4976929747e+04   6.8472195244e-02 
  1.2803001504e+21   2.8197699625e+18   5.7954916334e+61   8.7517365156e-30   3.0955845532e-14  -5.6131304472e+04   6.8453812313e-02 
  1.2821645093e+21   1.8643588544e+18   3.8458755624e+61   9.6477753460e-30   3.0894193385e-14   3.2054171757e+04   6.8448083876e-02 
  1.2845014082e+21   2.3368989440e+18   4.8364712716e+61   1.1153676071e-29   3.0858819859e-14   5.5893806392e+04   6.8445712904e-02 
  1.2850821595e+21   5.8075129608e+17   1.2046629690e+61   1.2717092327e-29   3.0876147396e-14   7.6480468628e+04   6.8445201830e-02 
  1.2878770109e+21   2.7948513262e+18   5.8126549462e+61   1.7574927481e-29   3.0823041838e-14   9.7802748697e+04   6.8442349972e-02 
  1.2887829955e+21   9.0598467070e+17   1.8896656703e+61   2.4679449447e-29   3.0794992562e-14   7.5632179706e+04   6.8410201078e-02 
  1.2892440509e+21   4.6105531986e+17   9.6267092075e+60   3.0034627597e-29   3.0809710198e-14   5.3833962344e+04   6.8239384702e-02 
  1.2929583418e+21   3.7142909880e+18   7.7804847395e+61   7.0656572987e-29   3.0809011948e-14   4.0923534374e+04   6.5061120534e-02 
  1.2937194424e+21   7.6110056395e+17   1.5998401629e+61   1.4550144964e-28   3.0802840719e-14   7.7432176915e+03   5.7453419591e-02 
  1.2970635781e+21   3.3441356564e+18   7.0517366427e+61   5.2549846573e-28   3.0810322818e-14  -3.5950166996e+04   3.4100849783e-02 
  1.2980905083e+21   1.0269301930e+18   2.1727868102e+61   2.7646873702e-27   3.1003912132e-14  -6.2615184056e+04   2.4381328615e-02 
  1.2992423287e+21   1.1518204089e+18   2.4411242383e+61   1.9413252487e-26   3.1234221479e-14  -7.3057930137e+04   2.2000871672e-02 
  1.2994977948e+21   2.5546613269e+17   5.4201201182e+60   4.0870225358e-26   3.0987150235e-14  -6.8579503760e+04   2.0787928655e-02 
  1.3004628797e+21   9.6508492648e+17   2.0495050059e+61   5.6064008620e-26   3.1068336948e-14  -6.8131712406e+04   2.0404202775e-02 
  1.3020488302e+21   1.5859504915e+18   3.3746204724e+61   6.1856042089e-26   3.1207506543e-14  -6.7319159797e+04   2.0093286227e-02 
  1.3162369953e+21   1.4188165085e+19   3.0557263966e+62   6.3268035626e-26   3.1127645177e-14  -6.9155676265e+04   2.0050177276e-02 
  1.3277071930e+21   1.1470197648e+19   2.5189994072e+62   7.3389547982e-25   3.1218303874e-14  -6.8534532134e+04   2.0035422794e-02 
  1.3400040955e+21   1.2296902511e+19   2.7493265853e+62   7.5783924949e-25   3.1520041069e-14  -6.4968451103e+04   2.0032033536e-02 
  1.3534414891e+21   1.3437393612e+19   3.0625622607e+62   7.8298118382e-25   3.1880391485e-14  -6.1807396524e+04   2.0028741844e-02 
  1.3674319506e+21   1.3990461519e+19   3.2538866782e+62   8.0305190709e-25   3.2166563366e-14  -5.9304383221e+04   2.0028349289e-02 
  1.3875358490e+21   2.0103898359e+19   4.7937007081e+62   8.2222706571e-25   3.2446883432e-14  -5.6941521187e+04   2.0022762541e-02 
  1.4086061490e+21   2.1070300094e+19   5.1754397758e+62   8.4489576678e-25   3.2759034940e-14  -5.4238023176e+04   2.0022421027e-02 
  1.4223965516e+21   1.3790402512e+19   3.4722486485e+62   8.7144453341e-25   3.3134111030e-14  -5.1835453143e+04   2.0014616119e-02 
  1.4359711933e+21   1.3574641699e+19   3.4843174650e+62   8.9231990510e-25   3.3410509065e-14  -4.8897120749e+04   2.0014348137e-02 
  1.4546936254e+21   1.8722432122e+19   4.9148886593e+62   9.3246724473e-25   3.3956927901e-14  -4.4890217018e+04   2.0005280152e-02 
  1.4699281531e+21   1.5234527742e+19   4.0937584722e+62   9.7864050870e-25   3.4644753178e-14  -3.9742396792e+04   2.0001243509e-02 
  1.4845889866e+21   1.4660833530e+19   4.0205468507e+62   1.0278471303e-24   3.5355758839e-14  -3.4722599238e+04   2.0000447367e-02 
  1.4995409363e+21   1.4951949604e+19   4.1829896171e+62   1.0792851484e-24   3.6084456646e-14  -2.9824102764e+04   2.0000172875e-02 
  1.5143606106e+21   1.4819674386e+19   4.2291214496e+62   1.1303609629e-24   3.6792969861e-14  -2.5382016147e+04   2.0000059365e-02 
  1.5285926783e+21   1.4232067689e+19   4.1401074387e+62   1.1792360621e-24   3.7489321263e-14  -2.1278990795e+04   2.0000019165e-02 
  1.5419734703e+21   1.3380791942e+19   3.9634314862e+62   1.2276971588e-24   3.8212851130e-14  -1.7311925637e+04   2.0000006012e-02 
  1.5544375748e+21   1.2464104511e+19   3.7543133359e+62   1.2784009833e-24   3.8956357799e-14  -1.3333440121e+04   2.0000001769e-02 
  1.5661724417e+21   1.1734866929e+19   3.5901209930e+62   1.3311857228e-24   3.9716242807e-14  -9.2950922564e+03   2.0000000505e-02 
  1.5771820223e+21   1.1009580569e+19   3.4175048343e+62   1.3863964366e-24   4.0497060567e-14  -5.2775582220e+03   2.0000000135e-02 
  1.5875476548e+21   1.0365632511e+19   3.2615232060e+62   1.4423171297e-24   4.1273305599e-14  -1.4357951751e+03   2.0000000035e-02 
  1.5971073022e+21   9.5596473604e+18   3.0459152832e+62   1.4933023735e-24   4.1983809181e-14   2.0204631957e+03   2.0000000008e-02 
  1.6058790692e+21   8.7717670862e+18   2.8271459639e+62   1.5409542428e-24   4.2678132406e-14   5.1078955181e+03   2.0000000002e-02 
  1.6141706291e+21   8.2915598666e+18   2.7009231212e+62   1.5880053831e-24   4.3354987417e-14   8.0557789916e+03   2.0000000000e-02 
  1.6220741452e+21   7.9035161295e+18   2.6004817148e+62   1.6351352674e-24   4.4024843642e-14   1.0946754643e+04   2.0000000000e-02 
  1.6294422672e+21   7.3681219885e+18   2.4472555642e+62   1.6826584008e-24   4.4692500876e-14   1.3730660701e+04   2.0000000000e-02 
  1.6364179010e+21   6.9756337642e+18   2.3373802827e+62   1.7294843873e-24   4.5343014938e-14   1.6420239453e+04   2.0000000000e-02 
  1.6431018952e+21   6.6839941810e+18   2.2584321662e+62   1.7766783199e-24   4.5991530486e-14   1.9018143701e+04   2.0000000000e-02 
  1.6496016530e+21   6.4997578200e+18   2.2138738746e+62   1.8241645415e-24   4.6637176847e-14   2.1567193500e+04   2.0000000000e-02 
  1.6564560237e+21   6.8543706924e+18   2.3536340298e+62   1.8742570998e-24   4.7311404252e-14   2.4164709342e+04   2.0000000000e-02 
  1.6634981652e+21   7.0421415568e+18   2.4384814538e+62   1.9279563476e-24   4.8026810674e-14   2.6862330701e+04   2.0000000000e-02 
  1.6702429713e+21   6.7448061083e+18   2.3549608031e+62   1.9837700451e-24   4.8806114368e-14   2.9613653593e+04   2.0000000000e-02 
  1.6767380131e+21   6.4950417748e+18   2.2858033059e+62   2.0463853677e-24   4.9681632154e-14   3.2808027104e+04   2.0000000000e-02 
  1.6831098455e+21   6.3718323825e+18   2.2597165174e+62   2.1197798201e-24   5.0697178205e-14   3.5827796681e+04   2.0000000000e-02 
  1.6893928001e+21   6.2829546213e+18   2.2450131864e+62   2.1712423569e-24   5.1150543126e-14   3.8053947746e+04   2.0000000000e-02 
  1.6954711091e+21   6.0783089332e+18   2.1878398758e+62   2.2206314942e-24   5.1810632769e-14   4.0096618142e+04   2.0000000000e-02 
  1.7011166974e+21   5.6455883002e+18   2.0461862850e+62   2.2713442022e-24   5.2476906523e-14   4.2155165851e+04   2.0000000000e-02 
  1.7064845178e+21   5.3678204598e+18   1.9581490314e+62   2.3223376618e-24   5.3141057295e-14   4.4194500499e+04   2.0000000000e-02 
  1.7115701864e+21   5.0856686284e+18   1.8666215285e+62   2.3741572426e-24   5.3810429299e-14   4.6234775038e+04   2.0000000000e-02 
  1.7161956992e+21   4.6255128009e+18   1.7073884056e+62   2.4254233163e-24   5.4467287083e-14   4.8212190627e+04   2.0000000000e-02 
  1.7205871964e+21   4.3914971211e+18   1.6295470634e+62   2.4754561072e-24   5.5103942781e-14   5.0090408233e+04   2.0000000000e-02 
  1.7248858045e+21   4.2986080941e+18   1.6031555110e+62   2.5219007591e-24   5.5691393569e-14   5.1782825242e+04   2.0000000000e-02 
  1.7291032669e+21   4.2174624454e+18   1.5806773522e+62   2.5641592205e-24   5.6222083207e-14   5.3260008945e+04   2.0000000000e-02 
  1.7331259922e+21   4.0227253069e+18   1.5148934586e+62   2.6028391133e-24   5.6708345942e-14   5.4586087192e+04   2.0000000000e-02 
  1.7367251605e+21   3.5991683273e+18   1.3613627937e+62   2.6383639465e-24   5.7177005096e-14   5.5781480441e+04   2.0000000000e-02 
  1.7401342246e+21   3.4090640102e+18   1.2946710037e+62   2.6719042121e-24   5.7617379724e-14   5.6909671192e+04   2.0000000000e-02 
  1.7434886024e+21   3.3543778487e+18   1.2788636512e+62   2.7054074864e-24   5.8055332769e-14   5.8024833657e+04   2.0000000000e-02 
  1.7468222646e+21   3.3336622314e+18   1.2758505888e+62   2.7396004751e-24   5.8500363801e-14   5.9154611405e+04   2.0000000000e-02 
  1.7501400634e+21   3.3177987844e+18   1.2746235970e+62   2.7747257057e-24   5.8955530493e-14   6.0299687498e+04   2.0000000000e-02 
  1.7534424138e+21   3.3023503438e+18   1.2734967408e+62   2.8106565317e-24   5.9419068455e-14   6.1460387149e+04   2.0000000000e-02 
  1.7567283605e+21   3.2859467149e+18   1.2719411212e+62   2.8473830509e-24   5.9890751490e-14   6.2632667859e+04   2.0000000000e-02 
  1.7599940804e+21   3.2657199394e+18   1.2688349155e+62   2.8848076683e-24   6.0369325197e-14   6.3814584025e+04   2.0000000000e-02 
  1.7632120918e+21   3.2180113540e+18   1.2549131834e+62   2.9227083183e-24   6.0851801507e-14   6.4998884807e+04   2.0000000000e-02 
  1.7662608792e+21   3.0487874005e+18   1.1931549366e+62   2.9602142714e-24   6.1327122563e-14   6.6154187085e+04   2.0000000000e-02 
  1.7688834643e+21   2.6225851674e+18   1.0296600324e+62   2.9948920893e-24   6.1764732037e-14   6.7206544508e+04   2.0000000000e-02 
  1.7713283572e+21   2.4448928884e+18   9.6264968915e+61   3.0265929897e-24   6.2163248507e-14   6.8149321214e+04   2.0000000000e-02 
  1.7737272660e+21   2.3989088071e+18   9.4713041989e+61   3.0574921457e-24   6.2550294455e-14   6.9053006678e+04   2.0000000000e-02 
  1.7760871842e+21   2.3599182018e+18   9.3423942917e+61   3.0884504606e-24   6.2936717990e-14   6.9941916620e+04   2.0000000000e-02 
  1.7783125787e+21   2.2253944235e+18   8.8326183920e+61   3.1187662767e-24   6.3313813914e-14   7.0800766929e+04   2.0000000000e-02 
  1.7802388030e+21   1.9262243931e+18   7.6630785160e+61   3.1466311627e-24   6.3659301535e-14   7.1579854927e+04   2.0000000000e-02 
  1.7822847917e+21   2.0459886282e+18   8.1577169929e+61   3.1736534127e-24   6.3993325076e-14   7.2327659248e+04   2.0000000000e-02 
  1.7841624056e+21   1.8776139595e+18   7.5028768008e+61   3.2006771944e-24   6.4326380339e-14   7.3068270819e+04   2.0000000000e-02 
  1.7861936451e+21   2.0312394448e+18   8.1345605639e+61   3.2279285432e-24   6.4661254219e-14   7.3808624599e+04   2.0000000000e-02 
  1.7880550104e+21   1.8613653037e+18   7.4705237575e+61   3.2553985807e-24   6.4997989019e-14   7.4548083757e+04   2.0000000000e-02 
  1.7900657317e+21   2.0107213016e+18   8.0874531970e+61   3.2830924517e-24   6.5336473814e-14   7.5287062230e+04   2.0000000000e-02 
  1.7919076267e+21   1.8418950563e+18   7.4243680985e+61   3.3110243469e-24   6.5676874785e-14   7.6025492443e+04   2.0000000000e-02 
  1.7938830332e+21   1.9754064710e+18   7.9795105274e+61   3.3391562334e-24   6.6018702598e-14   7.6760527533e+04   2.0000000000e-02 
  1.7955635629e+21   1.6805297014e+18   6.8022265088e+61   3.3664374270e-24   6.6349235785e-14   7.7469393524e+04   2.0000000000e-02 
  1.7971024693e+21   1.5389063558e+18   6.2401609047e+61   3.3908445881e-24   6.6644208324e-14   7.8095749090e+04   2.0000000000e-02 
  1.7986266823e+21   1.5242129892e+18   6.1911239526e+61   3.4140506897e-24   6.6924148352e-14   7.8687292854e+04   2.0000000000e-02 
  1.8001129375e+21   1.4862552668e+18   6.0470582825e+61   3.4366540797e-24   6.7196252863e-14   7.9256265363e+04   2.0000000000e-02 
  1.8014648226e+21   1.3518850724e+18   5.5090315226e+61   3.4576774930e-24   6.7449093896e-14   7.9779341369e+04   2.0000000000e-02 
  1.8023914243e+21   9.2660169004e+17   3.7807493718e+61   3.4741795879e-24   6.7647245148e-14   8.0185208683e+04   2.0000000000e-02 
  1.8031649641e+21   7.7353978331e+17   3.1591999790e+61   3.4863039387e-24   6.7792648216e-14   8.0479158095e+04   2.0000000000e-02 
  1.8039082201e+21   7.4325598041e+17   3.0380729565e+61   3.4969540813e-24   6.7920262359e-14   8.0734331496e+04   2.0000000000e-02 
  1.8046541590e+21   7.4593895011e+17   3.0515577832e+61   3.5071865624e-24   6.8042780161e-14   8.0976829571e+04   2.0000000000e-02 
  1.8054031344e+21   7.4897535774e+17   3.0665185549e+61   3.5172107751e-24   6.8162679560e-14   8.1211657489e+04   2.0000000000e-02 
  1.8061525096e+21   7.4937526931e+17   3.0707033053e+61   3.5270565331e-24   6.8280296676e-14   8.1439576659e+04   2.0000000000e-02 
  1.8069009528e+21   7.4844313818e+17   3.0694281075e+61   3.5367577585e-24   6.8396064635e-14   8.1661528950e+04   2.0000000000e-02 
  1.8076485730e+21   7.4762026482e+17   3.0685930926e+61   3.5462689490e-24   6.8509685472e-14   8.1876922216e+04   2.0000000000e-02 
  1.8083955397e+21   7.4696661794e+17   3.0684461935e+61   3.5554557573e-24   6.8619564730e-14   8.2082057821e+04   2.0000000000e-02 
  1.8091420864e+21   7.4654675329e+17   3.0692552244e+61   3.5641630078e-24   6.8723724816e-14   8.2272170598e+04   2.0000000000e-02 
  1.8098883471e+21   7.4626069626e+17   3.0706118267e+61   3.5723706350e-24   6.8821727412e-14   8.2446531262e+04   2.0000000000e-02 
  1.8106343715e+21   7.4602438544e+17   3.0721715032e+61   3.5802364145e-24   6.8916060617e-14   8.2612580231e+04   2.0000000000e-02 
  1.8113801456e+21   7.4577408433e+17   3.0736721328e+61   3.5880685225e-24   6.9013976072e-14   8.2777493698e+04   2.0000000000e-02 
  1.8121256395e+21   7.4549395055e+17   3.0750481503e+61   3.5960684634e-24   6.9113835776e-14   8.2949724427e+04   2.0000000000e-02 
  1.8128708071e+21   7.4516757947e+17   3.0762313990e+61   3.6043705564e-24   6.9217384364e-14   8.3129070081e+04   2.0000000000e-02 
  1.8136156130e+21   7.4480587994e+17   3.0772663399e+61   3.6128911565e-24   6.9323612225e-14   8.3316976585e+04   2.0000000000e-02 
  1.8143600023e+21   7.4438927725e+17   3.0780715167e+61   3.6217044853e-24   6.9433439942e-14   8.3510612240e+04   2.0000000000e-02 
  1.8151039518e+21   7.4394957639e+17   3.0787778595e+61   3.6306569662e-24   6.9544954257e-14   8.3710962996e+04   2.0000000000e-02 
  1.8158474183e+21   7.4346647099e+17   3.0793009142e+61   3.6398484867e-24   6.9659379981e-14   8.3914496421e+04   2.0000000000e-02 
  1.8165903803e+21   7.4296200118e+17   3.0797314890e+61   3.6491153039e-24   6.9774669304e-14   8.4123181956e+04   2.0000000000e-02 
  1.8173328058e+21   7.4242552015e+17   3.0800251060e+61   3.6585992114e-24   6.9892570038e-14   8.4333809329e+04   2.0000000000e-02 
  1.8180746793e+21   7.4187348300e+17   3.0802496799e+61   3.6681367323e-24   7.0011045951e-14   8.4549275572e+04   2.0000000000e-02 
  1.8188159672e+21   7.4128792197e+17   3.0803303060e+61   3.6778926352e-24   7.0132138889e-14   8.4766384583e+04   2.0000000000e-02 
  1.8195566664e+21   7.4069914857e+17   3.0803926395e+61   3.6876944065e-24   7.0253706510e-14   8.4988226501e+04   2.0000000000e-02 
  1.8202967412e+21   7.4007481707e+17   3.0803019543e+61   3.6977070388e-24   7.0377794822e-14   8.5211379193e+04   2.0000000000e-02 
  1.8210361886e+21   7.3944739160e+17   3.0801930543e+61   3.7077517721e-24   7.0502184964e-14   8.5438788438e+04   2.0000000000e-02 
  1.8217749771e+21   7.3878850759e+17   3.0799476004e+61   3.7179905011e-24   7.0628880156e-14   8.5666963012e+04   2.0000000000e-02 
  1.8225131050e+21   7.3812792789e+17   3.0796893972e+61   3.7282461926e-24   7.0755683713e-14   8.5898807860e+04   2.0000000000e-02 
  1.8232505457e+21   7.3744071202e+17   3.0793142368e+61   3.7386778646e-24   7.0884561264e-14   8.6130979611e+04   2.0000000000e-02 
  1.8239873022e+21   7.3675642375e+17   3.0789453586e+61   3.7491184595e-24   7.1013441868e-14   8.6366308987e+04   2.0000000000e-02 
  1.8247233457e+21   7.3604353027e+17   3.0784508660e+61   3.7597202494e-24   7.1144205367e-14   8.6601725878e+04   2.0000000000e-02 
  1.8254586810e+21   7.3533530700e+17   3.0779697142e+61   3.7703264803e-24   7.1274913188e-14   8.6839945985e+04   2.0000000000e-02 
  1.8261932864e+21   7.3460539989e+17   3.0773915214e+61   3.7810858827e-24   7.1407397147e-14   8.7078086652e+04   2.0000000000e-02 
  1.8269271654e+21   7.3387902688e+17   3.0768217664e+61   3.7918468525e-24   7.1539786227e-14   8.7318840755e+04   2.0000000000e-02 
  1.8276603022e+21   7.3313675330e+17   3.0761789191e+61   3.8027549258e-24   7.1673871918e-14   8.7559438575e+04   2.0000000000e-02 
  1.8283926951e+21   7.3239289761e+17   3.0755229182e+61   3.8136687641e-24   7.1807909014e-14   8.7802451948e+04   2.0000000000e-02 
  1.8291243270e+21   7.3163193233e+17   3.0747884615e+61   3.8247166461e-24   7.1943479844e-14   8.8045412349e+04   2.0000000000e-02 
  1.8298551991e+21   7.3087212905e+17   3.0740522017e+61   3.8357841963e-24   7.2079167806e-14   8.8290425316e+04   2.0000000000e-02 
  1.8305852979e+21   7.3009876486e+17   3.0732521574e+61   3.8469636905e-24   7.2216115946e-14   8.8535642459e+04   2.0000000000e-02 
  1.8313146215e+21   7.2932364327e+17   3.0724378932e+61   3.8581818893e-24   7.2353411404e-14   8.8782397623e+04   2.0000000000e-02 
  1.8320431640e+21   7.2854248719e+17   3.0715913478e+61   3.8694854029e-24   7.2491637370e-14   8.9029638624e+04   2.0000000000e-02 
  1.8327709179e+21   7.2775389037e+17   3.0707065065e+61   3.8808445679e-24   7.2630416843e-14   8.9277847722e+04   2.0000000000e-02 
  1.8334978758e+21   7.2695785662e+17   3.0697832878e+61   3.8922634531e-24   7.2769809568e-14   8.9526711800e+04   2.0000000000e-02 
  1.8342240308e+21   7.2615498766e+17   3.0688241385e+61   3.9037457749e-24   7.2909851958e-14   8.9775997302e+04   2.0000000000e-02 
  1.8349493619e+21   7.2533111152e+17   3.0677690058e+61   3.9152680820e-24   7.3050261036e-14   9.0025869701e+04   2.0000000000e-02 
  1.8356738654e+21   7.2450353471e+17   3.0666908957e+61   3.9268417511e-24   7.3191157907e-14   9.0275686216e+04   2.0000000000e-02 
  1.8363975431e+21   7.2367772211e+17   3.0656129209e+61   3.9384454666e-24   7.3332288760e-14   9.0525225970e+04   2.0000000000e-02 
  1.8371204014e+21   7.2285828913e+17   3.0645546825e+61   3.9500473019e-24   7.3473397543e-14   9.0774738291e+04   2.0000000000e-02 
  1.8378424220e+21   7.2202053052e+17   3.0634114071e+61   3.9618029812e-24   7.3617124536e-14   9.1026709208e+04   2.0000000000e-02 
  1.8385635953e+21   7.2117339211e+17   3.0622208537e+61   3.9736739101e-24   7.3761087174e-14   9.1281210365e+04   2.0000000000e-02 
  1.8392839422e+21   7.2034680404e+17   3.0611101385e+61   3.9856662042e-24   7.3906377792e-14   9.1536763108e+04   2.0000000000e-02 
  1.8400035055e+21   7.1956332463e+17   3.0601755121e+61   3.9977091439e-24   7.4052164474e-14   9.1793979605e+04   2.0000000000e-02 
  1.8407222817e+21   7.1877624453e+17   3.0592186713e+61   4.0098523669e-24   7.4199038135e-14   9.2051431317e+04   2.0000000000e-02 
  1.8414402412e+21   7.1795943097e+17   3.0581282155e+61   4.0220244988e-24   7.4346130888e-14   9.2309927236e+04   2.0000000000e-02 
  1.8421573371e+21   7.1709593702e+17   3.0568314828e+61   4.0342806625e-24   7.4494124479e-14   9.2568226848e+04   2.0000000000e-02 
  1.8428735372e+21   7.1620016066e+17   3.0553893042e+61   4.0465561310e-24   7.4642221515e-14   9.2827307247e+04   2.0000000000e-02 
  1.8435888202e+21   7.1528300083e+17   3.0538478057e+61   4.0589136811e-24   7.4791172955e-14   9.3086054989e+04   2.0000000000e-02 
  1.8443031847e+21   7.1436440822e+17   3.0522919854e+61   4.0712878356e-24   7.4940184574e-14   9.3345605315e+04   2.0000000000e-02 
  1.8450166209e+21   7.1343623966e+17   3.0506869950e+61   4.0837484520e-24   7.5090098437e-14   9.3604846662e+04   2.0000000000e-02 
  1.8457291339e+21   7.1251300507e+17   3.0490948297e+61   4.0962300527e-24   7.5240123930e-14   9.3864990286e+04   2.0000000000e-02 
  1.8464407171e+21   7.1158316230e+17   3.0474661092e+61   4.1088016474e-24   7.5391090578e-14   9.4124982471e+04   2.0000000000e-02 
  1.8471513687e+21   7.1065167589e+17   3.0458220372e+61   4.1214020957e-24   7.5542261328e-14   9.4385961279e+04   2.0000000000e-02 
  1.8478610824e+21   7.0971368726e+17   3.0441417495e+61   4.1340943570e-24   7.5694392399e-14   9.4646949598e+04   2.0000000000e-02 
  1.8485698556e+21   7.0877315048e+17   3.0424421447e+61   4.1468221025e-24   7.5846805701e-14   9.4908947400e+04   2.0000000000e-02 
  1.8492776778e+21   7.0782225153e+17   3.0406896139e+61   4.1596405470e-24   7.6000163404e-14   9.5171046627e+04   2.0000000000e-02 
  1.8499845502e+21   7.0687232558e+17   3.0389327762e+61   4.1724982243e-24   7.6153846710e-14   9.5434096395e+04   2.0000000000e-02 
  1.8506904628e+21   7.0591267846e+17   3.0371256214e+61   4.1854429395e-24   7.6308427646e-14   9.5697266875e+04   2.0000000000e-02 
  1.8513954135e+21   7.0495069341e+17   3.0352998295e+61   4.1984284826e-24   7.6463351184e-14   9.5961279965e+04   2.0000000000e-02 
  1.8520993978e+21   7.0398423749e+17   3.0334461813e+61   4.2114966521e-24   7.6619116113e-14   9.6225400043e+04   2.0000000000e-02 
  1.8528024126e+21   7.0301488227e+17   3.0315714035e+61   4.2246067751e-24   7.6775234491e-14   9.6490260686e+04   2.0000000000e-02 
  1.8535044536e+21   7.0204091286e+17   3.0296680605e+61   4.2377961706e-24   7.6932150471e-14   9.6755224626e+04   2.0000000000e-02 
  1.8542055216e+21   7.0106799373e+17   3.0277605709e+61   4.2510292428e-24   7.7089437694e-14   9.7020862688e+04   2.0000000000e-02 
  1.8549056090e+21   7.0008746988e+17   3.0258115331e+61   4.2643396544e-24   7.7247495950e-14   9.7286622766e+04   2.0000000000e-02 
  1.8556047167e+21   6.9910766478e+17   3.0238568689e+61   4.2776959860e-24   7.7405949550e-14   9.7553016035e+04   2.0000000000e-02 
  1.8563028403e+21   6.9812363356e+17   3.0218751817e+61   4.2911282349e-24   7.7565154129e-14   9.7819557304e+04   2.0000000000e-02 
  1.8569999770e+21   6.9713672368e+17   3.0198722618e+61   4.3046085606e-24   7.7724777253e-14   9.8086692384e+04   2.0000000000e-02 
  1.8576961244e+21   6.9614734542e+17   3.0178498576e+61   4.3181629903e-24   7.7885126938e-14   9.8353991566e+04   2.0000000000e-02 
  1.8583912807e+21   6.9515629854e+17   3.0158114141e+61   4.3317672218e-24   7.8045913164e-14   9.8621832737e+04   2.0000000000e-02 
  1.8590854408e+21   6.9416008056e+17   3.0137417045e+61   4.3454431032e-24   7.8207394054e-14   9.8889844494e+04   2.0000000000e-02 
  1.8597786053e+21   6.9316457744e+17   3.0116662510e+61   4.3591704603e-24   7.8369328613e-14   9.9158334898e+04   2.0000000000e-02 
  1.8604707697e+21   6.9216433890e+17   3.0095613627e+61   4.3729664737e-24   7.8531919643e-14   9.9427006953e+04   2.0000000000e-02 
  1.8611619321e+21   6.9116246160e+17   3.0074404647e+61   4.3868162679e-24   7.8694988733e-14   9.9696089306e+04   2.0000000000e-02 
  1.8618520915e+21   6.9015934268e+17   3.0053052723e+61   4.4007315098e-24   7.8858673589e-14   9.9965378636e+04   2.0000000000e-02 
  1.8625412439e+21   6.8915238131e+17   3.0031444388e+61   4.4147035112e-24   7.9022868856e-14   1.0023501430e+05   2.0000000000e-02 
  1.8632293871e+21   6.8814319676e+17   3.0009649855e+61   4.4287382981e-24   7.9187645472e-14   1.0050489239e+05   2.0000000000e-02 
  1.8639165206e+21   6.8713349868e+17   2.9987743550e+61   4.4428327277e-24   7.9352963861e-14   1.0077507279e+05   2.0000000000e-02 
  1.8646026400e+21   6.8611939505e+17   2.9965555435e+61   4.4569890799e-24   7.9518850035e-14   1.0104552968e+05   2.0000000000e-02 
  1.8652877448e+21   6.8510478767e+17   2.9943255609e+61   4.4712071124e-24   7.9685299390e-14   1.0131628620e+05   2.0000000000e-02 
  1.8659718327e+21   6.8408799195e+17   2.9920770375e+61   4.4854890242e-24   7.9852335726e-14   1.0158734705e+05   2.0000000000e-02 
  1.8666549005e+21   6.8306772375e+17   2.9898043296e+61   4.4998340568e-24   8.0019949260e-14   1.0185876309e+05   2.0000000000e-02 
  1.8673369464e+21   6.8204598244e+17   2.9875161610e+61   4.5142480968e-24   8.0188205790e-14   1.0213052069e+05   2.0000000000e-02 
  1.8680179682e+21   6.8102171007e+17   2.9852078814e+61   4.5287274892e-24   8.0357062066e-14   1.0240275434e+05   2.0000000000e-02 
  1.8686979602e+21   6.7999204824e+17   2.9828669225e+61   4.5432841708e-24   8.0526653450e-14   1.0267540220e+05   2.0000000000e-02 
  1.8693769222e+21   6.7896203541e+17   2.9805153492e+61   4.5579074824e-24   8.0696767945e-14   1.0294859565e+05   2.0000000000e-02 
  1.8700548499e+21   6.7792770442e+17   2.9781357308e+61   4.5726013555e-24   8.0867534559e-14   1.0322194105e+05   2.0000000000e-02 
  1.8707317430e+21   6.7689306102e+17   2.9757456365e+61   4.5873470600e-24   8.1038739470e-14   1.0349554331e+05   2.0000000000e-02 
  1.8714076017e+21   6.7585864290e+17   2.9733474365e+61   4.6021562110e-24   8.1210515506e-14   1.0376911841e+05   2.0000000000e-02 
  1.8720824243e+21   6.7482262310e+17   2.9709330956e+61   4.6170130485e-24   8.1382677763e-14   1.0404283559e+05   2.0000000000e-02 
  1.8727562103e+21   6.7378601045e+17   2.9685070476e+61   4.6319306169e-24   8.1555376206e-14   1.0431647358e+05   2.0000000000e-02 
  1.8734289612e+21   6.7275094493e+17   2.9660787314e+61   4.6468965640e-24   8.1728465643e-14   1.0459022253e+05   2.0000000000e-02 
  1.8741006739e+21   6.7171266517e+17   2.9636271597e+61   4.6619229912e-24   8.1902085449e-14   1.0486392771e+05   2.0000000000e-02 
  1.8747713494e+21   6.7067553931e+17   2.9611715931e+61   4.6770015438e-24   8.2076136824e-14   1.0513775991e+05   2.0000000000e-02 
  1.8754409872e+21   6.6963773455e+17   2.9587039535e+61   4.6921420465e-24   8.2250732677e-14   1.0541162941e+05   2.0000000000e-02 
  1.8761095849e+21   6.6859777508e+17   2.9562177128e+61   4.7073397051e-24   8.2425815561e-14   1.0568567490e+05   2.0000000000e-02 
  1.8767771426e+21   6.6755761288e+17   2.9537214922e+61   4.7226018918e-24   8.2601469781e-14   1.0595985678e+05   2.0000000000e-02 
  1.8774436580e+21   6.6651548009e+17   2.9512074668e+61   4.7379266964e-24   8.2777671334e-14   1.0623427927e+05   2.0000000000e-02 
  1.8781091283e+21   6.6547031361e+17   2.9486709079e+61   4.7533194898e-24   8.2954480997e-14   1.0650893736e+05   2.0000000000e-02 
  1.8787735534e+21   6.6442502722e+17   2.9461247104e+61   4.7687801173e-24   8.3131895080e-14   1.0678391078e+05   2.0000000000e-02 
  1.8794369292e+21   6.6337579972e+17   2.9435519199e+61   4.7843125435e-24   8.3309957898e-14   1.0705921504e+05   2.0000000000e-02 
  1.8800992540e+21   6.6232477615e+17   2.9409620236e+61   4.7999179058e-24   8.3488680548e-14   1.0733490747e+05   2.0000000000e-02 
  1.8807605267e+21   6.6127274589e+17   2.9383585166e+61   4.8155990603e-24   8.3668094230e-14   1.0761101905e+05   2.0000000000e-02 
  1.8814207439e+21   6.6021715813e+17   2.9357300485e+61   4.8313579223e-24   8.3848218930e-14   1.0788759548e+05   2.0000000000e-02 
  1.8820799030e+21   6.5915917128e+17   2.9330817402e+61   4.8471972716e-24   8.4029084410e-14   1.0816467643e+05   2.0000000000e-02 
  1.8827380019e+21   6.5809884664e+17   2.9304138438e+61   4.8631198740e-24   8.4210719896e-14   1.0844231958e+05   2.0000000000e-02 
  1.8833950346e+21   6.5703270902e+17   2.9277108483e+61   4.8791301861e-24   8.4393172810e-14   1.0872059746e+05   2.0000000000e-02 
  1.8840509990e+21   6.5596441963e+17   2.9249890220e+61   4.8952325442e-24   8.4576383364e-14   1.0899954521e+05   2.0000000000e-02 
  1.8847058922e+21   6.5489317365e+17   2.9222447549e+61   4.9114125362e-24   8.4760182380e-14   1.0927879837e+05   2.0000000000e-02 
  1.8853597133e+21   6.5382108298e+17   2.9194874530e+61   4.9276546871e-24   8.4944506709e-14   1.0955808686e+05   2.0000000000e-02 
  1.8860124622e+21   6.5274892428e+17   2.9167205869e+61   4.9439599324e-24   8.5129358083e-14   1.0983741306e+05   2.0000000000e-02 
  1.8866641358e+21   6.5167363562e+17   2.9139304692e+61   4.9603415062e-24   8.5314877200e-14   1.1011702716e+05   2.0000000000e-02 
  1.8873147284e+21   6.5059258978e+17   2.9111053111e+61   4.9768285593e-24   8.5501374184e-14   1.1039751502e+05   2.0000000000e-02 
  1.8879642409e+21   6.4951249175e+17   2.9082750840e+61   4.9934477866e-24   8.5689235544e-14   1.1067884545e+05   2.0000000000e-02 
  1.8886126948e+21   6.4845391642e+17   2.9055320309e+61   5.0099219093e-24   8.5875486670e-14   1.1095640357e+05   2.0000000000e-02 
  1.8892601522e+21   6.4745733627e+17   2.9030579583e+61   5.0259770226e-24   8.6056940849e-14   1.1122393914e+05   2.0000000000e-02 
  1.8899066959e+21   6.4654372449e+17   2.9009477725e+61   5.0414239362e-24   8.6231476415e-14   1.1147764601e+05   2.0000000000e-02 
  1.8905524329e+21   6.4573701189e+17   2.8993099835e+61   5.0560850810e-24   8.6397104563e-14   1.1171400125e+05   2.0000000000e-02 
  1.8911974848e+21   6.4505192262e+17   2.8982120858e+61   5.0698185897e-24   8.6552090360e-14   1.1193007242e+05   2.0000000000e-02 
  1.8918419819e+21   6.4449707213e+17   2.8976943225e+61   5.0825610547e-24   8.6695559234e-14   1.1212466880e+05   2.0000000000e-02 
  1.8924860459e+21   6.4406403606e+17   2.8977203760e+61   5.0943461873e-24   8.6828147020e-14   1.1229867577e+05   2.0000000000e-02 
  1.8931297892e+21   6.4374326464e+17   2.8982487298e+61   5.1052773646e-24   8.6950988925e-14   1.1245450626e+05   2.0000000000e-02 
  1.8937732954e+21   6.4350617014e+17   2.8991519200e+61   5.1155193975e-24   8.7065921676e-14   1.1259585630e+05   2.0000000000e-02 
  1.8944166223e+21   6.4332694717e+17   2.9003145929e+61   5.1253394837e-24   8.7175908715e-14   1.1272739553e+05   2.0000000000e-02 
  1.8950597874e+21   6.4316504730e+17   2.9015544659e+61   5.1349710161e-24   8.7285711148e-14   1.1285614855e+05   2.0000000000e-02 
  1.8957027718e+21   6.4298441193e+17   2.9027089111e+61   5.1447397239e-24   8.7399428180e-14   1.1298874782e+05   2.0000000000e-02 
  1.8963455248e+21   6.4275303381e+17   2.9036330568e+61   5.1549445780e-24   8.7518072838e-14   1.1313036584e+05   2.0000000000e-02 
  1.8969879843e+21   6.4245950529e+17   2.9042746942e+61   5.1656991647e-24   8.7643015249e-14   1.1328308072e+05   2.0000000000e-02 
  1.8976300774e+21   6.4209305123e+17   2.9045843023e+61   5.1770511118e-24   8.7774823150e-14   1.1344795596e+05   2.0000000000e-02 
  1.8982717352e+21   6.4165785436e+17   2.9045799278e+61   5.1890146909e-24   8.7913670100e-14   1.1362498328e+05   2.0000000000e-02 
  1.8989128879e+21   6.4115271347e+17   2.9042552858e+61   5.2015584344e-24   8.8059191643e-14   1.1381362413e+05   2.0000000000e-02 
  1.8995534743e+21   6.4058638913e+17   2.9036492442e+61   5.2146425062e-24   8.8210920190e-14   1.1401270470e+05   2.0000000000e-02 
  1.9001934396e+21   6.3996531344e+17   2.9027902404e+61   5.2282003671e-24   8.8368074653e-14   1.1422098417e+05   2.0000000000e-02 
  1.9008327370e+21   6.3929740454e+17   2.9017135585e+61   5.2421733829e-24   8.8529964590e-14   1.1443693564e+05   2.0000000000e-02 
  1.9014713285e+21   6.3859148854e+17   2.9004587299e+61   5.2564898936e-24   8.8695747536e-14   1.1465921024e+05   2.0000000000e-02 
  1.9021091844e+21   6.3785585314e+17   2.8990629736e+61   5.2710922223e-24   8.8864744735e-14   1.1488638886e+05   2.0000000000e-02 
  1.9027462809e+21   6.3709648225e+17   2.8975531545e+61   5.2859189813e-24   8.9036234679e-14   1.1511730171e+05   2.0000000000e-02 
  1.9033826019e+21   6.3632103987e+17   2.8959638784e+61   5.3009222533e-24   8.9209654321e-14   1.1535083276e+05   2.0000000000e-02 
  1.9040181349e+21   6.3553297202e+17   2.8943106523e+61   5.3160566624e-24   8.9384470564e-14   1.1558609718e+05   2.0000000000e-02 
  1.9046528733e+21   6.3473839395e+17   2.8926212043e+61   5.3312876062e-24   8.9560276999e-14   1.1582233441e+05   2.0000000000e-02 
  1.9052868147e+21   6.3394143198e+17   2.8909142826e+61   5.3465868694e-24   8.9736740913e-14   1.1605898061e+05   2.0000000000e-02 
  1.9059199572e+21   6.3314250288e+17   2.8891917651e+61   5.3619343498e-24   8.9913630544e-14   1.1629553012e+05   2.0000000000e-02 
  1.9065523021e+21   6.3234487894e+17   2.8874685793e+61   5.3773025837e-24   9.0090626509e-14   1.1653160745e+05   2.0000000000e-02 
  1.9071838509e+21   6.3154886750e+17   2.8857461504e+61   5.3926841034e-24   9.0267629883e-14   1.1676702356e+05   2.0000000000e-02 
  1.9078146068e+21   6.3075591044e+17   2.8840310969e+61   5.4080866929e-24   9.0444726455e-14   1.1700188726e+05   2.0000000000e-02 
  1.9084445728e+21   6.2996595689e+17   2.8823232274e+61   5.4235209518e-24   9.0622040610e-14   1.1723637053e+05   2.0000000000e-02 
  1.9090737464e+21   6.2917362851e+17   2.8805979503e+61   5.4389918218e-24   9.0799628695e-14   1.1747062202e+05   2.0000000000e-02 
  1.9097021311e+21   6.2838463214e+17   2.8788813949e+61   5.4545052005e-24   9.0977558272e-14   1.1770474759e+05   2.0000000000e-02 
  1.9103297271e+21   6.2759600503e+17   2.8771600188e+61   5.4700672510e-24   9.1155898784e-14   1.1793887809e+05   2.0000000000e-02 
  1.9109565245e+21   6.2679746440e+17   2.8753866439e+61   5.4856843146e-24   9.1334722475e-14   1.1817312806e+05   2.0000000000e-02 
  1.9115825292e+21   6.2600464325e+17   2.8736329409e+61   5.5013611597e-24   9.1514083766e-14   1.1840759535e+05   2.0000000000e-02 
  1.9122077432e+21   6.2521400474e+17   2.8718827315e+61   5.5171012109e-24   9.1694021901e-14   1.1864233725e+05   2.0000000000e-02 
  1.9128321517e+21   6.2440856229e+17   2.8700579427e+61   5.5329050460e-24   9.1874543598e-14   1.1887736498e+05   2.0000000000e-02 
  1.9134557561e+21   6.2360431166e+17   2.8682319972e+61   5.5487710243e-24   9.2055630231e-14   1.1911263961e+05   2.0000000000e-02 
  1.9140785609e+21   6.2280487471e+17   2.8664215885e+61   5.5646954399e-24   9.2237239445e-14   1.1934808580e+05   2.0000000000e-02 
  1.9147005605e+21   6.2199953219e+17   2.8645773960e+61   5.5806729770e-24   9.2419310339e-14   1.1958359334e+05   2.0000000000e-02 
  1.9153217610e+21   6.2120055297e+17   2.8627559123e+61   5.5966970908e-24   9.2601774906e-14   1.1981904678e+05   2.0000000000e-02 
  1.9159421555e+21   6.2039449677e+17   2.8608952192e+61   5.6127658163e-24   9.2784667151e-14   1.2005441064e+05   2.0000000000e-02 
  1.9165617461e+21   6.1959058794e+17   2.8590378155e+61   5.6288830384e-24   9.2967962160e-14   1.2028974805e+05   2.0000000000e-02 
  1.9171805490e+21   6.1880293778e+17   2.8572489097e+61   5.6450506618e-24   9.3151681645e-14   1.2052507744e+05   2.0000000000e-02 
  1.9177985578e+21   6.1800872064e+17   2.8554232035e+61   5.6612700214e-24   9.3335839887e-14   1.2076042096e+05   2.0000000000e-02 
  1.9184157726e+21   6.1721482030e+17   2.8535924594e+61   5.6775424824e-24   9.3520451314e-14   1.2099579677e+05   2.0000000000e-02 
  1.9190321809e+21   6.1640836355e+17   2.8516971111e+61   5.6938680296e-24   9.3705483083e-14   1.2123119732e+05   2.0000000000e-02 
  1.9196477808e+21   6.1559986862e+17   2.8497857217e+61   5.7102429467e-24   9.3890921491e-14   1.2146654907e+05   2.0000000000e-02 
  1.9202625845e+21   6.1480366917e+17   2.8479246899e+61   5.7266649082e-24   9.4076743223e-14   1.2170181650e+05   2.0000000000e-02 
  1.9208766087e+21   6.1402425759e+17   2.8461349963e+61   5.7431326057e-24   9.4262932749e-14   1.2193697033e+05   2.0000000000e-02 
  1.9214898760e+21   6.1326721640e+17   2.8444427454e+61   5.7596449643e-24   9.4449477198e-14   1.2217198685e+05   2.0000000000e-02 
  1.9221024005e+21   6.1252449523e+17   2.8428108314e+61   5.7762008860e-24   9.4636363631e-14   1.2240684213e+05   2.0000000000e-02 
  1.9227141873e+21   6.1178683619e+17   2.8411964194e+61   5.7927991747e-24   9.4823577567e-14   1.2264150255e+05   2.0000000000e-02 
  1.9233252275e+21   6.1104021650e+17   2.8395343879e+61   5.8094364145e-24   9.5011083339e-14   1.2287589100e+05   2.0000000000e-02 
  1.9239355065e+21   6.1027898519e+17   2.8377983494e+61   5.8261041516e-24   9.5198784758e-14   1.2310989297e+05   2.0000000000e-02 
  1.9245450119e+21   6.0950536804e+17   2.8359984953e+61   5.8427973167e-24   9.5386622783e-14   1.2334341161e+05   2.0000000000e-02 
  1.9251537358e+21   6.0872389321e+17   2.8341557730e+61   5.8595134062e-24   9.5574568256e-14   1.2357639895e+05   2.0000000000e-02 
  1.9257616742e+21   6.0793848351e+17   2.8322883760e+61   5.8762512809e-24   9.5762607936e-14   1.2380883427e+05   2.0000000000e-02 
  1.9263688281e+21   6.0715383105e+17   2.8304181430e+61   5.8930103859e-24   9.5950735482e-14   1.2404070888e+05   2.0000000000e-02 
  1.9269751984e+21   6.0637033976e+17   2.8285469724e+61   5.9097902915e-24   9.6138946109e-14   1.2427201726e+05   2.0000000000e-02 
  1.9275807890e+21   6.0559060399e+17   2.8266869956e+61   5.9265905067e-24   9.6327234397e-14   1.2450275323e+05   2.0000000000e-02 
  1.9281856033e+21   6.0481430113e+17   2.8248367540e+61   5.9434104592e-24   9.6515594015e-14   1.2473290928e+05   2.0000000000e-02 
  1.9287896447e+21   6.0404142639e+17   2.8229962699e+61   5.9602495128e-24   9.6704017901e-14   1.2496247686e+05   2.0000000000e-02 
  1.9293929178e+21   6.0327309198e+17   2.8211707909e+61   5.9771070532e-24   9.6892499230e-14   1.2519144775e+05   2.0000000000e-02 
  1.9299954259e+21   6.0250811857e+17   2.8193548540e+61   5.9939825257e-24   9.7081031839e-14   1.2541981475e+05   2.0000000000e-02 
  1.9305971729e+21   6.0174692782e+17   2.8175504779e+61   6.0108754560e-24   9.7269610472e-14   1.2564757214e+05   2.0000000000e-02 
  1.9311981624e+21   6.0098952026e+17   2.8157577136e+61   6.0277854812e-24   9.7458231130e-14   1.2587471613e+05   2.0000000000e-02 
  1.9317983969e+21   6.0023449744e+17   2.8139700512e+61   6.0447123205e-24   9.7646890740e-14   1.2610124454e+05   2.0000000000e-02 
  1.9323978802e+21   5.9948328166e+17   2.8121941969e+61   6.0616557887e-24   9.7835587313e-14   1.2632715686e+05   2.0000000000e-02 
  1.9329966148e+21   5.9873464784e+17   2.8104244470e+61   6.0786157859e-24   9.8024319818e-14   1.2655245407e+05   2.0000000000e-02 
  1.9335946043e+21   5.9798943211e+17   2.8086647641e+61   6.0955922765e-24   9.8213087951e-14   1.2677713826e+05   2.0000000000e-02 
  1.9341918518e+21   5.9724754220e+17   2.8069147580e+61   6.1125852935e-24   9.8401892173e-14   1.2700121266e+05   2.0000000000e-02 
  1.9347883604e+21   5.9650861102e+17   2.8051727448e+61   6.1295949082e-24   9.8590733374e-14   1.2722468123e+05   2.0000000000e-02 
  1.9353841336e+21   5.9577314304e+17   2.8034411371e+61   6.1466212308e-24   9.8779612877e-14   1.2744754859e+05   2.0000000000e-02 
  1.9359791741e+21   5.9504055986e+17   2.8017172551e+61   6.1636644028e-24   9.8968532350e-14   1.2766981980e+05   2.0000000000e-02 
  1.9365734849e+21   5.9431075722e+17   2.8000006446e+61   6.1807245812e-24   9.9157493630e-14   1.2789150018e+05   2.0000000000e-02 
  1.9371670695e+21   5.9358460402e+17   2.7982954392e+61   6.1978019544e-24   9.9346498892e-14   1.2811259564e+05   2.0000000000e-02 
  1.9377599302e+21   5.9286074627e+17   2.7965952959e+61   6.2148967264e-24   9.9535550477e-14   1.2833311241e+05   2.0000000000e-02 
  1.9383520706e+21   5.9214042475e+17   2.7949061035e+61   6.2320091360e-24   9.9724651101e-14   1.2855305716e+05   2.0000000000e-02 
  1.9389434932e+21   5.9142253265e+17   2.7932226775e+61   6.2491394728e-24   9.9913804020e-14   1.2877243722e+05   2.0000000000e-02 
  1.9395342008e+21   5.9070764054e+17   2.7915477470e+61   6.2662880853e-24   1.0010301312e-13   1.2899126084e+05   2.0000000000e-02 
  1.9401241964e+21   5.8999562527e+17   2.7898807676e+61   6.2834554120e-24   1.0029228324e-13   1.2920953781e+05   2.0000000000e-02 
  1.9407134825e+21   5.8928604101e+17   2.7882196661e+61   6.3006419913e-24   1.0048162033e-13   1.2942727961e+05   2.0000000000e-02 
  1.9413020616e+21   5.8857908025e+17   2.7865653857e+61   6.3178484937e-24   1.0067103173e-13   1.2964449939e+05   2.0000000000e-02 
  1.9418899364e+21   5.8787485578e+17   2.7849184945e+61   6.3350757249e-24   1.0086052629e-13   1.2986121201e+05   2.0000000000e-02 
  1.9424771091e+21   5.8717266325e+17   2.7832756880e+61   6.3523245774e-24   1.0105011378e-13   1.3007743356e+05   2.0000000000e-02 
  1.9430635827e+21   5.8647359682e+17   2.7816421841e+61   6.3695959759e-24   1.0123980433e-13   1.3029318078e+05   2.0000000000e-02 
  1.9436493587e+21   5.8577601980e+17   2.7800102523e+61   6.3868907742e-24   1.0142960733e-13   1.3050846919e+05   2.0000000000e-02 
  1.9442344400e+21   5.8508130588e+17   2.7783864385e+61   6.4042096499e-24   1.0161953029e-13   1.3072331089e+05   2.0000000000e-02 
  1.9448188283e+21   5.8438824699e+17   2.7767650368e+61   6.4215529675e-24   1.0180957731e-13   1.3093771273e+05   2.0000000000e-02 
  1.9454025257e+21   5.8369747501e+17   2.7751490749e+61   6.4389206357e-24   1.0199974750e-13   1.3115167516e+05   2.0000000000e-02 
  1.9459855348e+21   5.8300904782e+17   2.7735388577e+61   6.4563120860e-24   1.0219003477e-13   1.3136519234e+05   2.0000000000e-02 
  1.9465678573e+21   5.8232252772e+17   2.7719323312e+61   6.4737263885e-24   1.0238042903e-13   1.3157825319e+05   2.0000000000e-02 
  1.9471494961e+21   5.8163874953e+17   2.7703334980e+61   6.4911625774e-24   1.0257091964e-13   1.3179084526e+05   2.0000000000e-02 
  1.9477304532e+21   5.8095711045e+17   2.7687395191e+61   6.5086201052e-24   1.0276150024e-13   1.3200296215e+05   2.0000000000e-02 
  1.9483107308e+21   5.8027760977e+17   2.7671504185e+61   6.5260993649e-24   1.0295217444e-13   1.3221461353e+05   2.0000000000e-02 
  1.9488903312e+21   5.7960047605e+17   2.7655673151e+61   6.5436022696e-24   1.0314296228e-13   1.3242583255e+05   2.0000000000e-02 
  1.9494692557e+21   5.7892448470e+17   2.7639843906e+61   6.5611326364e-24   1.0333390442e-13   1.3263667335e+05   2.0000000000e-02 
  1.9500475058e+21   5.7825004211e+17   2.7624036031e+61   6.5786953545e-24   1.0352505397e-13   1.3284720312e+05   2.0000000000e-02 
  1.9506250821e+21   5.7757632300e+17   2.7608210276e+61   6.5962950603e-24   1.0371646181e-13   1.3305748666e+05   2.0000000000e-02 
  1.9512019851e+21   5.7690302888e+17   2.7592352475e+61   6.6139340633e-24   1.0390815169e-13   1.3326759078e+05   2.0000000000e-02 
  1.9517782154e+21   5.7623024945e+17   2.7576467002e+61   6.6316192597e-24   1.0410019718e-13   1.3347759028e+05   2.0000000000e-02 
  1.9523537716e+21   5.7555623672e+17   2.7560470222e+61   6.6493576351e-24   1.0429267226e-13   1.3368762728e+05   2.0000000000e-02 
  1.9529286523e+21   5.7488069442e+17   2.7544347829e+61   6.6671642779e-24   1.0448583461e-13   1.3389792935e+05   2.0000000000e-02 
  1.9535028517e+21   5.7419943030e+17   2.7527898642e+61   6.6850748530e-24   1.0468004193e-13   1.3410909068e+05   2.0000000000e-02 
  1.9540763621e+21   5.7351035375e+17   2.7511021736e+61   6.7031330779e-24   1.0487568597e-13   1.3432170567e+05   2.0000000000e-02 
  1.9546491712e+21   5.7280906343e+17   2.7493504950e+61   6.7213783417e-24   1.0507318913e-13   1.3453638550e+05   2.0000000000e-02 
  1.9552212639e+21   5.7209272326e+17   2.7475210702e+61   6.7398556183e-24   1.0527303158e-13   1.3475378069e+05   2.0000000000e-02 
  1.9557926204e+21   5.7135653442e+17   2.7455906668e+61   6.7586151238e-24   1.0547574738e-13   1.3497463999e+05   2.0000000000e-02 
  1.9563632166e+21   5.7059622188e+17   2.7435385051e+61   6.7777167990e-24   1.0568197265e-13   1.3519982985e+05   2.0000000000e-02 
  1.9569330218e+21   5.6980517576e+17   2.7413325097e+61   6.7972318929e-24   1.0589246185e-13   1.3543039162e+05   2.0000000000e-02 
  1.9575019997e+21   5.6897787033e+17   2.7389457337e+61   6.8172469909e-24   1.0610813086e-13   1.3566757499e+05   2.0000000000e-02 
  1.9580701039e+21   5.6810421219e+17   2.7363291472e+61   6.8378665013e-24   1.0633008287e-13   1.3591288612e+05   2.0000000000e-02 
  1.9586372805e+21   5.6717662576e+17   2.7334457181e+61   6.8592158773e-24   1.0655964224e-13   1.3616812343e+05   2.0000000000e-02 
  1.9592034617e+21   5.6618120388e+17   2.7302277700e+61   6.8814443217e-24   1.0679838215e-13   1.3643541228e+05   2.0000000000e-02 
  1.9597685688e+21   5.6510708882e+17   2.7266221525e+61   6.9047261335e-24   1.0704813913e-13   1.3671725203e+05   2.0000000000e-02 
  1.9603325052e+21   5.6393634658e+17   2.7225413951e+61   6.9292676387e-24   1.0731109638e-13   1.3701637232e+05   2.0000000000e-02 
  1.9608951785e+21   5.6267338831e+17   2.7180057520e+61   6.9553223142e-24   1.0758984235e-13   1.3733594272e+05   2.0000000000e-02 
  1.9614565883e+21   5.6140976177e+17   2.7134568207e+61   6.9818979409e-24   1.0786816179e-13   1.3765884436e+05   2.0000000000e-02 
  1.9620168467e+21   5.6025841198e+17   2.7094409757e+61   7.0066076519e-24   1.0812578134e-13   1.3795299664e+05   2.0000000000e-02 
  1.9625760744e+21   5.5922770229e+17   2.7059999533e+61   7.0299156938e-24   1.0836833614e-13   1.3822498830e+05   2.0000000000e-02 
  1.9631343584e+21   5.5828397852e+17   2.7029721106e+61   7.0522381543e-24   1.0860025991e-13   1.3848119399e+05   2.0000000000e-02 
  1.9636917603e+21   5.5740190021e+17   2.7002356234e+61   7.0738624246e-24   1.0882461142e-13   1.3872601620e+05   2.0000000000e-02 
  1.9642483262e+21   5.5656586496e+17   2.6977155300e+61   7.0949898108e-24   1.0904352906e-13   1.3896252083e+05   2.0000000000e-02 
  1.9648040886e+21   5.5576240633e+17   2.6953470151e+61   7.1157656108e-24   1.0925855217e-13   1.3919290606e+05   2.0000000000e-02 
  1.9653590727e+21   5.5498410806e+17   2.6930944442e+61   7.1362978861e-24   1.0947082255e-13   1.3941879627e+05   2.0000000000e-02 
  1.9659132956e+21   5.5422290317e+17   2.6909189200e+61   7.1566692421e-24   1.0968121085e-13   1.3964142094e+05   2.0000000000e-02 
  1.9664667702e+21   5.5347465539e+17   2.6888005351e+61   7.1769436611e-24   1.0989038962e-13   1.3986172422e+05   2.0000000000e-02 
  1.9670195047e+21   5.5273448214e+17   2.6867156962e+61   7.1971695570e-24   1.1009886762e-13   1.4008043869e+05   2.0000000000e-02 
  1.9675715051e+21   5.5200038911e+17   2.6846547945e+61   7.2173792113e-24   1.1030698917e-13   1.4029810712e+05   2.0000000000e-02 
  1.9681227741e+21   5.5126902094e+17   2.6826015683e+61   7.2376045360e-24   1.1051525672e-13   1.4051506229e+05   2.0000000000e-02 
  1.9686733113e+21   5.5053714747e+17   2.6805403202e+61   7.2578977411e-24   1.1072428146e-13   1.4073218817e+05   2.0000000000e-02 
  1.9692231118e+21   5.4980050207e+17   2.6784502577e+61   7.2783161767e-24   1.1093439366e-13   1.4095017882e+05   2.0000000000e-02 
  1.9697721684e+21   5.4905657203e+17   2.6763190822e+61   7.2988969639e-24   1.1114597780e-13   1.4116954757e+05   2.0000000000e-02 
  1.9703204721e+21   5.4830371721e+17   2.6741387179e+61   7.3196788268e-24   1.1135941972e-13   1.4139070071e+05   2.0000000000e-02 
  1.9708680219e+21   5.4754979044e+17   2.6719474040e+61   7.3406315723e-24   1.1157454908e-13   1.4161300464e+05   2.0000000000e-02 
  1.9714148381e+21   5.4681627853e+17   2.6698500731e+61   7.3613074744e-24   1.1178685386e-13   1.4183108611e+05   2.0000000000e-02 
  1.9719609627e+21   5.4612454712e+17   2.6679513565e+61   7.3814651148e-24   1.1199372127e-13   1.4204123477e+05   2.0000000000e-02 
  1.9725064461e+21   5.4548340420e+17   2.6662947755e+61   7.4009890986e-24   1.1219397939e-13   1.4224195399e+05   2.0000000000e-02 
  1.9730513464e+21   5.4490032478e+17   2.6649174486e+61   7.4197767992e-24   1.1238658502e-13   1.4243193959e+05   2.0000000000e-02 
  1.9735957259e+21   5.4437944680e+17   2.6638402599e+61   7.4377542963e-24   1.1257078755e-13   1.4261026940e+05   2.0000000000e-02 
  1.9741396500e+21   5.4392409953e+17   2.6630801879e+61   7.4548751614e-24   1.1274611698e-13   1.4277640963e+05   2.0000000000e-02 
  1.9746831837e+21   5.4353374742e+17   2.6626353169e+61   7.4711300381e-24   1.1291248079e-13   1.4293030185e+05   2.0000000000e-02 
  1.9752263906e+21   5.4320687671e+17   2.6624989272e+61   7.4865401003e-24   1.1307009609e-13   1.4307232395e+05   2.0000000000e-02 
  1.9757693288e+21   5.4293818226e+17   2.6626456794e+61   7.5011634325e-24   1.1321955698e-13   1.4320333488e+05   2.0000000000e-02 
  1.9763120498e+21   5.4272106497e+17   2.6630438110e+61   7.5150958485e-24   1.1336183928e-13   1.4332457939e+05   2.0000000000e-02 
  1.9768545973e+21   5.4254743768e+17   2.6636541630e+61   7.5284367942e-24   1.1349842830e-13   1.4343780351e+05   2.0000000000e-02 
  1.9773970085e+21   5.4241118944e+17   2.6644471773e+61   7.5412723089e-24   1.1362985929e-13   1.4354394438e+05   2.0000000000e-02 
  1.9779393156e+21   5.4230717970e+17   2.6653979842e+61   7.5536689722e-24   1.1375670558e-13   1.4364389485e+05   2.0000000000e-02 
  1.9784815454e+21   5.4222972124e+17   2.6664789556e+61   7.5657027641e-24   1.1387974529e-13   1.4373869938e+05   2.0000000000e-02 
  1.9790237181e+21   5.4217274501e+17   2.6676605080e+61   7.5774567445e-24   1.1399983212e-13   1.4382948023e+05   2.0000000000e-02 
  1.9795658487e+21   5.4213057622e+17   2.6689149171e+61   7.5890090038e-24   1.1411776885e-13   1.4391728644e+05   2.0000000000e-02 
  1.9801079466e+21   5.4209794295e+17   2.6702163676e+61   7.6004319913e-24   1.1423429933e-13   1.4400310616e+05   2.0000000000e-02 
  1.9806500172e+21   5.4207057721e+17   2.6715439220e+61   7.6117844971e-24   1.1435003376e-13   1.4408778288e+05   2.0000000000e-02 
  1.9811920611e+21   5.4204390363e+17   2.6728750693e+61   7.6231210406e-24   1.1446554076e-13   1.4417196422e+05   2.0000000000e-02 
  1.9817340673e+21   5.4200620660e+17   2.6741519986e+61   7.6344911073e-24   1.1458383553e-13   1.4425719422e+05   2.0000000000e-02 
  1.9822759973e+21   5.4192996494e+17   2.6752386950e+61   7.6463900354e-24   1.1470941160e-13   1.4435035517e+05   2.0000000000e-02 
  1.9828177884e+21   5.4179115223e+17   2.6760160384e+61   7.6592446709e-24   1.1484493485e-13   1.4445642298e+05   2.0000000000e-02 
  1.9833593667e+21   5.4157829390e+17   2.6764266313e+61   7.6732199784e-24   1.1499221207e-13   1.4457727273e+05   2.0000000000e-02 
  1.9839006584e+21   5.4129167578e+17   2.6764710874e+61   7.6883092304e-24   1.1515120873e-13   1.4471302784e+05   2.0000000000e-02 
  1.9844415958e+21   5.4093736107e+17   2.6761786152e+61   7.7044203764e-24   1.1532097302e-13   1.4486203428e+05   2.0000000000e-02 
  1.9849821236e+21   5.4052780744e+17   2.6756101667e+61   7.7213670683e-24   1.1549953845e-13   1.4502190703e+05   2.0000000000e-02 
  1.9855221996e+21   5.4007600303e+17   2.6748294903e+61   7.7389531704e-24   1.1568482405e-13   1.4518972623e+05   2.0000000000e-02 
  1.9860617954e+21   5.3959582016e+17   2.6739048930e+61   7.7569751714e-24   1.1587466135e-13   1.4536281775e+05   2.0000000000e-02 
  1.9866008937e+21   5.3909833440e+17   2.6728909988e+61   7.7752715384e-24   1.1606732011e-13   1.4553889314e+05   2.0000000000e-02 
  1.9871394874e+21   5.3859363460e+17   2.6718376848e+61   7.7937206528e-24   1.1626151901e-13   1.4571610192e+05   2.0000000000e-02 
  1.9876775789e+21   5.3809149461e+17   2.6707934003e+61   7.8121224342e-24   1.1645515579e-13   1.4589231338e+05   2.0000000000e-02 
  1.9882151756e+21   5.3759673398e+17   2.6697821154e+61   7.8304338285e-24   1.1664768699e-13   1.4606666938e+05   2.0000000000e-02 
  1.9887522829e+21   5.3710730900e+17   2.6687937534e+61   7.8487079211e-24   1.1683968056e-13   1.4623990171e+05   2.0000000000e-02 
  1.9892889041e+21   5.3662116132e+17   2.6678181371e+61   7.8669719194e-24   1.1703143227e-13   1.4641242533e+05   2.0000000000e-02 
  1.9898250411e+21   5.3613702731e+17   2.6668490158e+61   7.8852416456e-24   1.1722310990e-13   1.4658443049e+05   2.0000000000e-02 
  1.9903606954e+21   5.3565433344e+17   2.6658835576e+61   7.9035333402e-24   1.1741488491e-13   1.4675609536e+05   2.0000000000e-02 
  1.9908958673e+21   5.3517191177e+17   2.6649159618e+61   7.9218595138e-24   1.1760689151e-13   1.4692754530e+05   2.0000000000e-02 
  1.9914305572e+21   5.3468991283e+17   2.6639469830e+61   7.9402257470e-24   1.1779918550e-13   1.4709886888e+05   2.0000000000e-02 
  1.9919647648e+21   5.3420754686e+17   2.6629726890e+61   7.9586263225e-24   1.1799169956e-13   1.4727036940e+05   2.0000000000e-02 
  1.9924984828e+21   5.3371802751e+17   2.6619592210e+61   7.9770847818e-24   1.1818472629e-13   1.4744246422e+05   2.0000000000e-02 
  1.9930316166e+21   5.3313378958e+17   2.6604694150e+61   7.9962340362e-24   1.1838463439e-13   1.4761423152e+05   2.0000000000e-02 
  1.9935638361e+21   5.3221948994e+17   2.6573268993e+61   8.0189249048e-24   1.1861902677e-13   1.4782829733e+05   2.0000000000e-02 
  1.9940955103e+21   5.3167419175e+17   2.6560213171e+61   8.0423855526e-24   1.1886814419e-13   1.4808617667e+05   2.0000000000e-02 
  1.9946294625e+21   5.3395223386e+17   2.6688272759e+61   8.0401668209e-24   1.1885429126e-13   1.4805002409e+05   2.0000000000e-02 
  1.9951816005e+21   5.5213799777e+17   2.7612273849e+61   7.9532713245e-24   1.1800348804e-13   1.4689444167e+05   2.0000000000e-02 
  1.9958653078e+21   6.8370727645e+17   3.4213203722e+61   7.2068272183e-24   1.1055110632e-13   1.3890386990e+05   2.0000000000e-02 
  1.9969566892e+21   1.0913814379e+18   5.4662104174e+61   4.6373770298e-24   8.2923895780e-14   9.3206440376e+04   2.0000000000e-02 
  1.9985452820e+21   1.5885927648e+18   7.9671900014e+61   2.7091490914e-24   5.8744320477e-14   2.8763553622e+04   2.0000000000e-02 
  2.0003953245e+21   1.8500425084e+18   9.2944034169e+61   2.3126625557e-24   5.3168329755e-14   5.8363911092e+03   2.0000000000e-02 
  2.0023124766e+21   1.9171521241e+18   9.6497098766e+61   2.2399316765e-24   5.2098934693e-14   1.0308858503e+03   2.0000000000e-02 
  2.0042423449e+21   1.9298682492e+18   9.7323954362e+61   2.2272170203e-24   5.1910438395e-14   1.7708395448e+02   2.0000000000e-02 
  2.0061744277e+21   1.9320828592e+18   9.7623566506e+61   2.2250360489e-24   5.1878056324e-14   3.0239540606e+01   2.0000000000e-02 
  2.0081068898e+21   1.9324620141e+18   9.7830997242e+61   2.2246636974e-24   5.1872525717e-14   5.1522213034e+00   2.0000000000e-02 
  2.0100394164e+21   1.9325266526e+18   9.8022751799e+61   2.2246002580e-24   5.1871583236e-14   8.7639916360e-01   2.0000000000e-02 
  2.0119719541e+21   1.9325376504e+18   9.8211978019e+61   2.2245894670e-24   5.1871422889e-14   1.4886518537e-01   2.0000000000e-02 
  2.0139044936e+21   1.9325395181e+18   9.8400923524e+61   2.2245876345e-24   5.1871395655e-14   2.5281299878e-02   2.0000000000e-02 
  2.0158370334e+21   1.9325398353e+18   9.8589971791e+61   2.2245873236e-24   5.1871391033e-14   4.3153830802e-03   2.0000000000e-02 
  2.0177695733e+21   1.9325398886e+18   9.8779188051e+61   2.2245872712e-24   5.1871390256e-14   7.4304533130e-04   2.0000000000e-02 
  2.0197021132e+21   1.9325399000e+18   9.8968583570e+61   2.2245872597e-24   5.1871390086e-14   1.1565871718e-04   2.0000000000e-02 
  2.0216346531e+21   1.9325399000e+18   9.9158159903e+61   2.2245872599e-24   5.1871390068e-14   1.3275398023e-05   2.0000000000e-02 
  2.0235671930e+21   1.9325399000e+18   9.9347917631e+61   2.2245872600e-24   5.1871390066e-14  -4.1757886888e-07   2.0000000000e-02 
  2.0254997329e+21   1.9325399000e+18   9.9537856754e+61   2.2245872600e-24   5.1871390066e-14  -1.9442370092e-06   2.0000000000e-02 
  2.0274322728e+21   1.9325399000e+18   9.9727977272e+61   2.2245872600e-24   5.1871390066e-14  -2.1119052118e-06   2.0000000000e-02 
  2.0293648127e+21   1.9325399000e+18   9.9918279185e+61   2.2245872600e-24   5.1871390066e-14  -2.1626064721e-06   2.0000000000e-02 
  2.0312973526e+21   1.9325399000e+18   1.0010876249e+62   2.2245872600e-24   5.1871390066e-14  -2.3798535013e-06   2.0000000000e-02 
  2.0332298925e+21   1.9325399000e+18   1.0029942720e+62   2.2245872600e-24   5.1871390066e-14  -2.8665424335e-06   2.0000000000e-02 
  2.0351624324e+21   1.9325399000e+18   1.0049027329e+62   2.2245872600e-24   5.1871390066e-14  -3.1469341996e-06   2.0000000000e-02 
  2.0370949723e+21   1.9325399000e+18   1.0068130079e+62   2.2245872600e-24   5.1871390066e-14  -3.2014476087e-06   2.0000000000e-02 
  2.0390275122e+21   1.9325399000e+18   1.0087250967e+62   2.2245872600e-24   5.1871390066e-14  -3.1667882392e-06   2.0000000000e-02 
  2.0409600521e+21   1.9325399000e+18   1.0106389996e+62   2.2245872600e-24   5.1871390066e-14  -3.0819374230e-06   2.0000000000e-02 
  2.0428925920e+21   1.9325399000e+18   1.0125547163e+62   2.2245872600e-24   5.1871390066e-14  -2.8541605380e-06   2.0000000000e-02 
  2.0448251319e+21   1.9325399000e+18   1.0144722471e+62   2.2245872600e-24   5.1871390065e-14  -2.4126804840e-06   2.0000000000e-02 
  2.0467576718e+21   1.9325399000e+18   1.0163915917e+62   2.2245872600e-24   5.1871390065e-14  -2.0658014337e-06   2.0000000000e-02 
  2.0486902117e+21   1.9325399000e+18   1.0183127504e+62   2.2245872600e-24   5.1871390065e-14  -2.0469001254e-06   2.0000000000e-02 
  2.0506227516e+21   1.9325399000e+18   1.0202357229e+62   2.2245872600e-24   5.1871390065e-14  -2.0540400632e-06   2.0000000000e-02 
  2.0525552915e+21   1.9325399000e+18   1.0221605095e+62   2.2245872600e-24   5.1871390065e-14  -1.9639227908e-06   2.0000000000e-02 
  2.0544878314e+21   1.9325399000e+18   1.0240871099e+62   2.2245872600e-24   5.1871390065e-14  -1.8637200479e-06   2.0000000000e-02 
  2.0564203713e+21   1.9325399000e+18   1.0260155244e+62   2.2245872600e-24   5.1871390065e-14  -1.6096192436e-06   2.0000000000e-02 
  2.0583529112e+21   1.9325399000e+18   1.0279457527e+62   2.2245872600e-24   5.1871390065e-14  -1.4542534186e-06   2.0000000000e-02 
  2.0602854511e+21   1.9325399000e+18   1.0298777951e+62   2.2245872600e-24   5.1871390065e-14  -1.4692637633e-06   2.0000000000e-02 
  2.0622179910e+21   1.9325399000e+18   1.0318116513e+62   2.2245872600e-24   5.1871390065e-14  -1.5084645593e-06   2.0000000000e-02 
  2.0641505309e+21   1.9325399000e+18   1.0337473216e+62   2.2245872600e-24   5.1871390065e-14  -1.5619042317e-06   2.0000000000e-02 
  2.0660830708e+21   1.9325399000e+18   1.0356848057e+62   2.2245872600e-24   5.1871390065e-14  -1.3192183103e-06   2.0000000000e-02 
  2.0680156107e+21   1.9325399000e+18   1.0376241039e+62   2.2245872600e-24   5.1871390065e-14  -1.0699048899e-06   2.0000000000e-02 
  2.0699481506e+21   1.9325399000e+18   1.0395652159e+62   2.2245872600e-24   5.1871390065e-14  -1.0749372974e-06   2.0000000000e-02 
  2.0718806905e+21   1.9325399000e+18   1.0415081420e+62   2.2245872600e-24   5.1871390065e-14  -1.1069261867e-06   2.0000000000e-02 
  2.0738132304e+21   1.9325399000e+18   1.0434528819e+62   2.2245872600e-24   5.1871390065e-14  -1.1478873855e-06   2.0000000000e-02 
  2.0757457703e+21   1.9325399000e+18   1.0453994359e+62   2.2245872600e-24   5.1871390065e-14  -1.2429217164e-06   2.0000000000e-02 
  2.0776783102e+21   1.9325399000e+18   1.0473478037e+62   2.2245872600e-24   5.1871390065e-14  -1.5644829718e-06   2.0000000000e-02 
  2.0796108501e+21   1.9325399000e+18   1.0492979856e+62   2.2245872600e-24   5.1871390065e-14  -1.8292475964e-06   2.0000000000e-02 
  2.0815433900e+21   1.9325399000e+18   1.0512499813e+62   2.2245872600e-24   5.1871390065e-14  -1.6234715042e-06   2.0000000000e-02 
  2.0834759299e+21   1.9325399000e+18   1.0532037911e+62   2.2245872600e-24   5.1871390065e-14  -1.1443961731e-06   2.0000000000e-02 
  2.0854084698e+21   1.9325399000e+18   1.0551594147e+62   2.2245872600e-24   5.1871390065e-14  -1.0024372963e-06   2.0000000000e-02 
  2.0873410097e+21   1.9325399000e+18   1.0571168524e+62   2.2245872600e-24   5.1871390065e-14  -9.6329306853e-07   2.0000000000e-02 
  2.0892735496e+21   1.9325399000e+18   1.0590761039e+62   2.2245872600e-24   5.1871390065e-14  -8.4281473552e-07   2.0000000000e-02 
  2.0912060895e+21   1.9325399000e+18   1.0610371695e+62   2.2245872600e-24   5.1871390065e-14  -6.5789191779e-07   2.0000000000e-02 
  2.0931386294e+21   1.9325399000e+18   1.0630000489e+62   2.2245872600e-24   5.1871390065e-14  -6.1511216941e-07   2.0000000000e-02 
  2.0950711693e+21   1.9325399000e+18   1.0649647423e+62   2.2245872600e-24   5.1871390065e-14  -6.2567268144e-07   2.0000000000e-02 
  2.0970037092e+21   1.9325399000e+18   1.0669312497e+62   2.2245872600e-24   5.1871390065e-14  -6.9967428762e-07   2.0000000000e-02 
  2.0989362491e+21   1.9325399000e+18   1.0688995710e+62   2.2245872600e-24   5.1871390065e-14  -8.5490269384e-07   2.0000000000e-02 
  2.1008687890e+21   1.9325399000e+18   1.0708697063e+62   2.2245872600e-24   5.1871390065e-14  -7.1784104883e-07   2.0000000000e-02 
  2.1028013289e+21   1.9325399000e+18   1.0728416555e+62   2.2245872600e-24   5.1871390064e-14   1.0803439488e-07   2.0000000000e-02 
  2.1047338688e+21   1.9325399000e+18   1.0748154187e+62   2.2245872600e-24   5.1871390064e-14   8.6103743787e-07   2.0000000000e-02 
  2.1066664087e+21   1.9325399000e+18   1.0767909958e+62   2.2245872600e-24   5.1871390064e-14   9.7641538293e-07   2.0000000000e-02 
  2.1085989486e+21   1.9325399000e+18   1.0787683869e+62   2.2245872600e-24   5.1871390064e-14   1.0219360678e-06   2.0000000000e-02 
  2.1105314885e+21   1.9325399000e+18   1.0807475919e+62   2.2245872600e-24   5.1871390064e-14   1.0332490495e-06   2.0000000000e-02 
  2.1124640284e+21   1.9325399000e+18   1.0827286109e+62   2.2245872600e-24   5.1871390064e-14   1.0399013648e-06   2.0000000000e-02 
  2.1143965683e+21   1.9325399000e+18   1.0847114438e+62   2.2245872600e-24   5.1871390064e-14   1.0498574850e-06   2.0000000000e-02 
  2.1163291082e+21   1.9325399000e+18   1.0866960907e+62   2.2245872600e-24   5.1871390064e-14   1.0537022034e-06   2.0000000000e-02 
  2.1182616481e+21   1.9325399000e+18   1.0886825515e+62   2.2245872600e-24   5.1871390064e-14   1.0777825399e-06   2.0000000000e-02 
  2.1201941880e+21   1.9325399000e+18   1.0906708263e+62   2.2245872600e-24   5.1871390064e-14   1.0585772632e-06   2.0000000000e-02 
  2.1221267279e+21   1.9325399000e+18   1.0926609150e+62   2.2245872600e-24   5.1871390064e-14   1.0395752962e-06   2.0000000000e-02 
  2.1240592678e+21   1.9325399000e+18   1.0946528177e+62   2.2245872600e-24   5.1871390064e-14   1.0720760221e-06   2.0000000000e-02 
  2.1259918077e+21   1.9325399000e+18   1.0966465343e+62   2.2245872600e-24   5.1871390064e-14   1.1982022621e-06   2.0000000000e-02 
  2.1279243476e+21   1.9325399000e+18   1.0986420648e+62   2.2245872600e-24   5.1871390064e-14   1.5689969995e-06   2.0000000000e-02 
  2.1298568875e+21   1.9325399000e+18   1.1006394094e+62   2.2245872600e-24   5.1871390064e-14   1.8259261151e-06   2.0000000000e-02 
  2.1317894274e+21   1.9325399000e+18   1.1026385678e+62   2.2245872600e-24   5.1871390064e-14   1.8651746320e-06   2.0000000000e-02 
  2.1337219673e+21   1.9325399000e+18   1.1046395402e+62   2.2245872600e-24   5.1871390064e-14   1.8656306779e-06   2.0000000000e-02 
  2.1356545072e+21   1.9325399000e+18   1.1066423266e+62   2.2245872600e-24   5.1871390064e-14   1.8614662808e-06   2.0000000000e-02 
  2.1375870471e+21   1.9325399000e+18   1.1086469269e+62   2.2245872600e-24   5.1871390064e-14   1.8073214018e-06   2.0000000000e-02 
  2.1395195870e+21   1.9325399000e+18   1.1106533412e+62   2.2245872600e-24   5.1871390064e-14   1.7608510726e-06   2.0000000000e-02 
  2.1414521269e+21   1.9325399000e+18   1.1126615694e+62   2.2245872600e-24   5.1871390064e-14   1.7707839075e-06   2.0000000000e-02 
  2.1433846668e+21   1.9325399000e+18   1.1146716116e+62   2.2245872600e-24   5.1871390064e-14   1.8187436517e-06   2.0000000000e-02 
  2.1453172067e+21   1.9325399000e+18   1.1166834677e+62   2.2245872600e-24   5.1871390064e-14   1.8659735277e-06   2.0000000000e-02 
  2.1472497466e+21   1.9325399000e+18   1.1186971378e+62   2.2245872600e-24   5.1871390064e-14   1.8722237994e-06   2.0000000000e-02 
  2.1491822865e+21   1.9325399000e+18   1.1207126218e+62   2.2245872600e-24   5.1871390064e-14   1.8732175811e-06   2.0000000000e-02 
  2.1511148264e+21   1.9325399000e+18   1.1227299198e+62   2.2245872600e-24   5.1871390064e-14   1.8670894235e-06   2.0000000000e-02 
  2.1530473663e+21   1.9325399000e+18   1.1247490317e+62   2.2245872600e-24   5.1871390064e-14   1.8693287021e-06   2.0000000000e-02 
  2.1549799062e+21   1.9325399000e+18   1.1267699575e+62   2.2245872600e-24   5.1871390064e-14   1.8731846904e-06   2.0000000000e-02 
  2.1569124461e+21   1.9325399000e+18   1.1287926974e+62   2.2245872600e-24   5.1871390064e-14   1.8769443058e-06   2.0000000000e-02 
  2.1588449860e+21   1.9325399000e+18   1.1308172511e+62   2.2245872600e-24   5.1871390064e-14   1.8768653836e-06   2.0000000000e-02 
  2.1607775259e+21   1.9325399000e+18   1.1328436188e+62   2.2245872600e-24   5.1871390064e-14   1.8764419625e-06   2.0000000000e-02 
  2.1627100658e+21   1.9325399000e+18   1.1348718005e+62   2.2245872600e-24   5.1871390064e-14   1.8872589553e-06   2.0000000000e-02 
  2.1646426057e+21   1.9325399000e+18   1.1369017961e+62   2.2245872600e-24   5.1871390064e-14   1.8864965429e-06   2.0000000000e-02 
  2.1665751456e+21   1.9325399000e+18   1.1389336057e+62   2.2245872600e-24   5.1871390064e-14   1.8798557575e-06   2.0000000000e-02 
  2.1685076855e+21   1.9325399000e+18   1.1409672292e+62   2.2245872600e-24   5.1871390064e-14   1.8808316685e-06   2.0000000000e-02 
  2.1704402254e+21   1.9325399000e+18   1.1430026667e+62   2.2245872600e-24   5.1871390064e-14   1.9182108845e-06   2.0000000000e-02 
  2.1723727653e+21   1.9325399000e+18   1.1450399181e+62   2.2245872600e-24   5.1871390064e-14   2.2246859240e-06   2.0000000000e-02 
  2.1743053052e+21   1.9325399000e+18   1.1470789834e+62   2.2245872600e-24   5.1871390064e-14   2.9251397639e-06   2.0000000000e-02 
  2.1762378451e+21   1.9325399000e+18   1.1491198628e+62   2.2245872600e-24   5.1871390064e-14   3.3604304283e-06   2.0000000000e-02 
  2.1781703850e+21   1.9325399000e+18   1.1511625560e+62   2.2245872600e-24   5.1871390064e-14   3.2160189134e-06   2.0000000000e-02 
  2.1801029249e+21   1.9325399000e+18   1.1532070632e+62   2.2245872600e-24   5.1871390065e-14   3.7145956239e-06   2.0000000000e-02 
  2.1820354648e+21   1.9325399000e+18   1.1552533844e+62   2.2245872600e-24   5.1871390065e-14   4.2883157107e-06   2.0000000000e-02 
  2.1839680047e+21   1.9325399000e+18   1.1573015195e+62   2.2245872600e-24   5.1871390065e-14   4.3990598859e-06   2.0000000000e-02 
  2.1859005446e+21   1.9325399000e+18   1.1593514686e+62   2.2245872600e-24   5.1871390065e-14   4.3898563247e-06   2.0000000000e-02 
  2.1878330845e+21   1.9325399000e+18   1.1614032316e+62   2.2245872600e-24   5.1871390065e-14   4.3370226374e-06   2.0000000000e-02 
  2.1897656244e+21   1.9325399000e+18   1.1634568085e+62   2.2245872600e-24   5.1871390065e-14   4.2585169318e-06   2.0000000000e-02 
  2.1916981643e+21   1.9325399000e+18   1.1655121995e+62   2.2245872600e-24   5.1871390065e-14   4.2945306187e-06   2.0000000000e-02 
  2.1936307042e+21   1.9325399000e+18   1.1675694043e+62   2.2245872600e-24   5.1871390065e-14   4.2159791630e-06   2.0000000000e-02 
  2.1955632441e+21   1.9325399000e+18   1.1696284231e+62   2.2245872600e-24   5.1871390065e-14   4.0904401418e-06   2.0000000000e-02 
  2.1974957840e+21   1.9325399000e+18   1.1716892559e+62   2.2245872600e-24   5.1871390065e-14   4.1680461061e-06   2.0000000000e-02 
  2.1994283239e+21   1.9325399000e+18   1.1737519026e+62   2.2245872600e-24   5.1871390065e-14   4.2678020345e-06   2.0000000000e-02 
  2.2013608638e+21   1.9325399000e+18   1.1758163633e+62   2.2245872600e-24   5.1871390065e-14   4.2158255814e-06   2.0000000000e-02 
  2.2032934037e+21   1.9325399000e+18   1.1778826379e+62   2.2245872600e-24   5.1871390065e-14   3.8214026773e-06   2.0000000000e-02 
  2.2052259436e+21   1.9325399000e+18   1.1799507264e+62   2.2245872600e-24   5.1871390065e-14   3.0431070304e-06   2.0000000000e-02 
  2.2071584835e+21   1.9325399000e+18   1.1820206290e+62   2.2245872600e-24   5.1871390065e-14   2.7068210584e-06   2.0000000000e-02 
  2.2090910234e+21   1.9325399000e+18   1.1840923454e+62   2.2245872600e-24   5.1871390065e-14   2.2965150419e-06   2.0000000000e-02 
  2.2110235633e+21   1.9325399000e+18   1.1861658758e+62   2.2245872600e-24   5.1871390066e-14   1.8403699774e-06   2.0000000000e-02 
  2.2129561032e+21   1.9325399000e+18   1.1882412202e+62   2.2245872600e-24   5.1871390066e-14   1.7728797356e-06   2.0000000000e-02 
  2.2148886431e+21   1.9325399000e+18   1.1903183785e+62   2.2245872600e-24   5.1871390066e-14   1.7799026358e-06   2.0000000000e-02 
  2.2168211830e+21   1.9325399000e+18   1.1923973508e+62   2.2245872600e-24   5.1871390066e-14   1.7800965096e-06   2.0000000000e-02 
  2.2187537229e+21   1.9325399000e+18   1.1944781370e+62   2.2245872600e-24   5.1871390066e-14   1.7726933795e-06   2.0000000000e-02 
  2.2206862628e+21   1.9325399000e+18   1.1965607371e+62   2.2245872600e-24   5.1871390066e-14   1.7653483345e-06   2.0000000000e-02 
  2.2226188027e+21   1.9325399000e+18   1.1986451512e+62   2.2245872600e-24   5.1871390066e-14   1.7651692380e-06   2.0000000000e-02 
  2.2245513426e+21   1.9325399000e+18   1.2007313793e+62   2.2245872600e-24   5.1871390066e-14   1.7599913528e-06   2.0000000000e-02 
  2.2264838825e+21   1.9325399000e+18   1.2028194213e+62   2.2245872600e-24   5.1871390066e-14   1.7528983539e-06   2.0000000000e-02 
  2.2284164224e+21   1.9325399000e+18   1.2049092773e+62   2.2245872600e-24   5.1871390066e-14   1.7572822462e-06   2.0000000000e-02 
  2.2303489623e+21   1.9325399000e+18   1.2070009472e+62   2.2245872600e-24   5.1871390066e-14   1.7449585767e-06   2.0000000000e-02 
  2.2322815022e+21   1.9325399000e+18   1.2090944310e+62   2.2245872600e-24   5.1871390066e-14   1.7341412734e-06   2.0000000000e-02 
  2.2342140421e+21   1.9325399000e+18   1.2111897288e+62   2.2245872600e-24   5.1871390066e-14   1.7060979767e-06   2.0000000000e-02 
  2.2361465820e+21   1.9325399000e+18   1.2132868406e+62   2.2245872600e-24   5.1871390066e-14   1.5772612341e-06   2.0000000000e-02 
  2.2380791219e+21   1.9325399000e+18   1.2153857663e+62   2.2245872600e-24   5.1871390066e-14   1.2346948867e-06   2.0000000000e-02 
  2.2400116618e+21   1.9325399000e+18   1.2174865060e+62   2.2245872600e-24   5.1871390066e-14   9.4040126506e-07   2.0000000000e-02 
  2.2419442017e+21   1.9325399000e+18   1.2195890596e+62   2.2245872600e-24   5.1871390066e-14   7.9611867239e-07   2.0000000000e-02 
  2.2438767416e+21   1.9325399000e+18   1.2216934271e+62   2.2245872600e-24   5.1871390066e-14   4.0902483938e-07   2.0000000000e-02 
  2.2458092815e+21   1.9325399000e+18   1.2237996086e+62   2.2245872600e-24   5.1871390066e-14   0.0000000000e+00   2.0000000000e-02 
