# time = 3.408422e+15 [s] 
# r                  dr                 dV                 Density            Pressure           Velocity           Z
  2.1304517832e+18   2.1304517832e+18   4.0504543150e+55   3.3053776545e-31   2.7751485747e-14   0.0000000000e+00   9.9248591688e-02 
  2.7142211018e+18   5.8376931864e+17   4.3253066999e+55   3.3053776545e-31   2.7751485747e-14  -5.5420786218e+03   9.9248591688e-02 
  3.6688996633e+18   9.5467856146e+17   1.2311172273e+56   3.3056026251e-31   2.7751411345e-14  -1.0578416839e+04   9.9248591688e-02 
  4.6841981539e+18   1.0152984906e+18   2.2365171144e+56   3.3063038432e-31   2.7751472494e-14  -1.7419738693e+04   9.9248591688e-02 
  5.1887707709e+18   5.0457261695e+17   1.5464897049e+56   3.3072483457e-31   2.7751520856e-14  -2.1737753204e+04   9.9248591688e-02 
  5.6311055109e+18   4.4233473999e+17   1.6277488290e+56   3.3083971481e-31   2.7751551509e-14  -2.4244661540e+04   9.9248591688e-02 
  6.3777614706e+18   7.4665595972e+17   3.3871446652e+56   3.3107119703e-31   2.7751596137e-14  -2.7305258328e+04   9.9248591688e-02 
  7.0696076027e+18   6.9184613211e+17   3.9338432814e+56   3.3142347593e-31   2.7751659121e-14  -3.0954429418e+04   9.9248591688e-02 
  7.9865673820e+18   9.1695977930e+17   6.5383186928e+56   3.3191664527e-31   2.7751744269e-14  -3.4970752493e+04   9.9248591688e-02 
  8.8866607668e+18   9.0009338479e+17   8.0583393518e+56   3.3257005996e-31   2.7751851925e-14  -3.9436599593e+04   9.9248591688e-02 
  1.0004237185e+19   1.1175764177e+18   1.2544075675e+57   3.3341895017e-31   2.7751979291e-14  -4.4309883691e+04   9.9248591688e-02 
  1.1168794064e+19   1.1645568794e+18   1.6417777969e+57   3.3451018774e-31   2.7752133114e-14  -4.9724113802e+04   9.9248591688e-02 
  1.2539562440e+19   1.3707683759e+18   2.4232627948e+57   3.3588165565e-31   2.7752322064e-14  -5.5662860283e+04   9.9248591688e-02 
  1.4014366779e+19   1.4748043387e+18   3.2703044907e+57   3.3759511708e-31   2.7752562474e-14  -6.2394032627e+04   9.9248591688e-02 
  1.5698591196e+19   1.6842244176e+18   4.6763443885e+57   3.3969968645e-31   2.7752838737e-14  -6.9862980746e+04   9.9248591688e-02 
  1.7594806735e+19   1.8962155385e+18   6.6103302451e+57   3.4231314522e-31   2.7753161047e-14  -7.8135162907e+04   9.9248591688e-02 
  1.9709936881e+19   2.1151301461e+18   9.2572122052e+57   3.4550145391e-31   2.7753524110e-14  -8.7300705644e+04   9.9248591688e-02 
  2.2094334545e+19   2.3843976646e+18   1.3105107196e+58   3.4936838875e-31   2.7753918407e-14  -9.7596530807e+04   9.9248591688e-02 
  2.4682983003e+19   2.5886484575e+18   1.7812984576e+58   3.5395963107e-31   2.7754301571e-14  -1.0932211937e+05   9.9248591688e-02 
  2.7620335958e+19   2.9373529556e+18   2.5270907871e+58   3.5942685573e-31   2.7754605518e-14  -1.2344088895e+05   9.9248591688e-02 
  3.0782703862e+19   3.1623679031e+18   3.3920121879e+58   3.6587507744e-31   2.7754763921e-14  -1.4102616459e+05   9.9248591688e-02 
  3.4440936397e+19   3.6582325355e+18   4.8942529658e+58   3.7357235449e-31   2.7754639814e-14  -1.6258228536e+05   9.9248591688e-02 
  3.8333048338e+19   3.8921119407e+18   6.4818859586e+58   3.8261156342e-31   2.7754185358e-14  -1.8938989709e+05   9.9248591688e-02 
  4.2735454633e+19   4.4024062952e+18   9.0985252165e+58   3.9313158142e-31   2.7753135882e-14  -2.2257899682e+05   9.9248591688e-02 
  4.7423566404e+19   4.6881117714e+18   1.1982776152e+59   4.0534802910e-31   2.7751361948e-14  -2.6321958122e+05   9.9248591688e-02 
  5.2764405787e+19   5.3408393822e+18   1.6857833333e+59   4.1966476169e-31   2.7750221671e-14  -3.0185738977e+05   9.9248591688e-02 
  5.8051012872e+19   5.2866070855e+18   2.0410640587e+59   4.3573861597e-31   2.7750197973e-14  -3.3475919973e+05   9.9248591688e-02 
  6.5976543601e+19   7.9255307292e+18   3.8353528995e+59   4.5698669170e-31   2.7751393579e-14  -3.7297191063e+05   9.9248591688e-02 
  7.7649609194e+19   1.1673065593e+19   7.5815331828e+59   4.9004202878e-31   2.7755110877e-14  -4.2441689040e+05   9.9248591688e-02 
  8.2175187712e+19   4.5255785178e+18   3.6326901360e+59   5.1838346848e-31   2.7758950036e-14  -4.6867255695e+05   9.9248591688e-02 
  8.6199725604e+19   4.0245378914e+18   3.5851172395e+59   5.3485255699e-31   2.7761327838e-14  -4.9376931370e+05   9.9248591688e-02 
  9.0397745831e+19   4.1980202273e+18   4.1138188073e+59   5.5249159325e-31   2.7763532682e-14  -5.1991857619e+05   9.9248591688e-02 
  9.4867320871e+19   4.4695750398e+18   4.8204482997e+59   5.7321804053e-31   2.7765904786e-14  -5.4946810793e+05   9.9248591688e-02 
  9.9032292720e+19   4.1649718493e+18   4.9201984351e+59   5.9608745826e-31   2.7768385780e-14  -5.7895066392e+05   9.9248591688e-02 
  1.0430988773e+20   5.2775950113e+18   6.8570669802e+59   6.2383603811e-31   2.7771736202e-14  -6.0973462190e+05   9.9248591688e-02 
  1.0949199275e+20   5.1821050158e+18   7.4432766531e+59   6.5712811169e-31   2.7776210098e-14  -6.4234828512e+05   9.9248591688e-02 
  1.1448798198e+20   4.9959892375e+18   7.8752032130e+59   6.9230084868e-31   2.7781207265e-14  -6.7443393030e+05   9.9248591688e-02 
  1.1929180607e+20   4.8038240814e+18   8.2492033612e+59   7.2932337310e-31   2.7786390599e-14  -7.0581118090e+05   9.9248591688e-02 
  1.2516584368e+20   5.8740376148e+18   1.1030048884e+60   7.7373427853e-31   2.7792146916e-14  -7.4001788829e+05   9.9248591688e-02 
  1.3109670791e+20   5.9308642324e+18   1.2238147434e+60   8.2696884853e-31   2.7798779540e-14  -7.7746414095e+05   9.9248591688e-02 
  1.3680636370e+20   5.7096557844e+18   1.2875999033e+60   8.8386045632e-31   2.7806001091e-14  -8.1194132058e+05   9.9248591688e-02 
  1.4251477899e+20   5.7084152896e+18   1.3993730696e+60   9.4461573788e-31   2.7813943531e-14  -8.4209502542e+05   9.9248591688e-02 
  1.4923853874e+20   6.7237597497e+18   1.7983347948e+60   1.0170169801e-30   2.7823611357e-14  -8.7065853352e+05   9.9248591688e-02 
  1.5600547962e+20   6.7669408812e+18   1.9811060305e+60   1.1021441819e-30   2.7834946409e-14  -8.9763890553e+05   9.9248591688e-02 
  1.6249714708e+20   6.4916674600e+18   2.0691515846e+60   1.1930049313e-30   2.7846898422e-14  -9.2134150552e+05   9.9248591688e-02 
  1.6947076222e+20   6.9736151390e+18   2.4147041785e+60   1.2939768186e-30   2.7860162468e-14  -9.4274581879e+05   9.9248591688e-02 
  1.7738905464e+20   7.9182924194e+18   2.9934004936e+60   1.4159643261e-30   2.7876236958e-14  -9.6168548331e+05   9.9248591688e-02 
  1.8512625742e+20   7.7372027794e+18   3.1948649266e+60   1.5552391820e-30   2.7895286042e-14  -9.7212172863e+05   9.9248591688e-02 
  1.9196122250e+20   6.8349650881e+18   3.0536408595e+60   1.6969370095e-30   2.7912016684e-14  -9.6662460320e+05   9.9248591688e-02 
  2.0089269439e+20   8.9314718844e+18   4.3312165895e+60   1.8677421379e-30   2.7930020577e-14  -9.5371958652e+05   9.9248591688e-02 
  2.1170823198e+20   1.0815537591e+19   5.7857257188e+60   2.0998828462e-30   2.7956162028e-14  -9.3731386790e+05   9.9248591688e-02 
  2.2268499284e+20   1.0976760858e+19   6.5085251659e+60   2.3773624974e-30   2.7986453807e-14  -9.1009582776e+05   9.9248591688e-02 
  2.3280774062e+20   1.0122747779e+19   6.5990692725e+60   2.6686779678e-30   2.8016268600e-14  -8.7566460463e+05   9.9248591688e-02 
  2.4523223726e+20   1.2424496638e+19   8.9218494247e+60   3.0092798268e-30   2.8049449016e-14  -8.3564652835e+05   9.9248591688e-02 
  2.5615541867e+20   1.0923181417e+19   8.6280965843e+60   3.3939774052e-30   2.8086315357e-14  -7.9319261326e+05   9.9248591688e-02 
  2.7205649245e+20   1.5901073773e+19   1.3941961386e+61   3.8740386023e-30   2.8121804495e-14  -7.7395402425e+05   9.9248591688e-02 
  2.8353155498e+20   1.1475062536e+19   1.1129418453e+61   4.3970604868e-30   2.8155694206e-14  -7.7523342900e+05   9.9248591688e-02 
  2.9379664036e+20   1.0265085378e+19   1.0749883013e+61   4.8542623198e-30   2.8179439379e-14  -7.9465325766e+05   9.9248591688e-02 
  3.0456884103e+20   1.0772200667e+19   1.2118093160e+61   5.3004432985e-30   2.8198170660e-14  -8.4029399469e+05   9.9248591688e-02 
  3.1452133328e+20   9.9524922583e+18   1.1984694137e+61   5.7053677017e-30   2.8219330976e-14  -9.0378851959e+05   9.9248591688e-02 
  3.2936104616e+20   1.4839712876e+19   1.9331490491e+61   6.1285870276e-30   2.8249856592e-14  -9.8430106894e+05   9.9248591688e-02 
  3.4467789535e+20   1.5316849186e+19   2.1865732556e+61   6.6021231458e-30   2.8308406118e-14  -1.0820832304e+06   9.9248591688e-02 
  3.5480262280e+20   1.0124727451e+19   1.5563769469e+61   6.9619663133e-30   2.8374218606e-14  -1.1575956906e+06   9.9248591688e-02 
  3.6432825522e+20   9.5256324206e+18   1.5476935209e+61   7.1981142709e-30   2.8435614704e-14  -1.2048985575e+06   9.9248591688e-02 
  3.7975796266e+20   1.5429707441e+19   2.6842090099e+61   7.4436191162e-30   2.8527807415e-14  -1.2426180533e+06   9.9248591688e-02 
  3.9692093540e+20   1.7162972736e+19   3.2530900268e+61   7.7172718591e-30   2.8664499925e-14  -1.2697386308e+06   9.9248591688e-02 
  4.1507407323e+20   1.8153137833e+19   3.7608035195e+61   7.9808902793e-30   2.8828451227e-14  -1.2860635864e+06   9.9248591688e-02 
  4.2529248647e+20   1.0218413241e+19   2.2672126850e+61   8.1645640613e-30   2.8967329364e-14  -1.3020123434e+06   9.9248591688e-02 
  4.3510894617e+20   9.8164597035e+18   2.2831048364e+61   8.2656975676e-30   2.9069577312e-14  -1.3161414848e+06   9.9248591688e-02 
  4.5206232800e+20   1.6953381831e+19   4.1925091551e+61   8.3606194295e-30   2.9194932606e-14  -1.3307540483e+06   9.9248591688e-02 
  4.7108687518e+20   1.9024547180e+19   5.0941235890e+61   8.4598190393e-30   2.9346094673e-14  -1.3479107535e+06   9.9248591688e-02 
  4.8771483464e+20   1.6627959457e+19   4.8027498445e+61   8.5373924417e-30   2.9480070497e-14  -1.3493260376e+06   9.9248591688e-02 
  4.9662308712e+20   8.9082524749e+18   2.7117064846e+61   8.5814292205e-30   2.9564360007e-14  -1.3382171432e+06   9.9248591688e-02 
  5.0549114204e+20   8.8680549289e+18   2.7978475141e+61   8.6045674115e-30   2.9624979558e-14  -1.3276039729e+06   9.9248591688e-02 
  5.2322893718e+20   1.7737795135e+19   5.8977584062e+61   8.6272168192e-30   2.9724951962e-14  -1.3244018285e+06   9.9248591688e-02 
  5.3812678406e+20   1.4897846880e+19   5.2725879309e+61   8.6468519659e-30   2.9860508554e-14  -1.3325323960e+06   9.9248591688e-02 
  5.4781619677e+20   9.6894127154e+18   3.5898218573e+61   8.6574770928e-30   2.9980580712e-14  -1.3576535615e+06   9.9248591688e-02 
  5.5582309753e+20   8.0069007585e+18   3.0639117185e+61   8.6601976923e-30   3.0076251900e-14  -1.3841239342e+06   9.9248591687e-02 
  5.6268127644e+20   6.8581789115e+18   2.6955010125e+61   8.6573511260e-30   3.0158855566e-14  -1.4066040613e+06   9.9248591685e-02 
  5.7974919271e+20   1.7067916265e+19   6.9987783860e+61   8.6405230311e-30   3.0292880209e-14  -1.4342223990e+06   9.9248591674e-02 
  5.9071727852e+20   1.0968085815e+19   4.7207541021e+61   8.6149006795e-30   3.0446829682e-14  -1.4563777664e+06   9.9248591642e-02 
  5.9349334962e+20   2.7760710960e+18   1.2230357773e+61   8.5989654764e-30   3.0519147962e-14  -1.4578620805e+06   9.9248591571e-02 
  5.9577684307e+20   2.2834934518e+18   1.0146382843e+61   8.5884441122e-30   3.0544377170e-14  -1.4560870588e+06   9.9248590843e-02 
  6.0395339388e+20   8.1765508061e+18   3.6973787899e+61   8.5549028799e-30   3.0594162107e-14  -1.4487024079e+06   9.9248588521e-02 
  6.1156407458e+20   7.6106807061e+18   3.5326568959e+61   8.5007841230e-30   3.0667344352e-14  -1.4341120574e+06   9.9248578530e-02 
  6.1974087942e+20   8.1768048384e+18   3.8946742806e+61   8.4417460723e-30   3.0737600428e-14  -1.4165466910e+06   9.9248539308e-02 
  6.3672647169e+20   1.6985592265e+19   8.4247968744e+61   8.3410707038e-30   3.0851778439e-14  -1.3908165733e+06   9.9248427659e-02 
  6.5081214282e+20   1.4085671131e+19   7.3361004333e+61   8.2122086544e-30   3.0993673665e-14  -1.3672264270e+06   9.9248193552e-02 
  6.6415473072e+20   1.3342587904e+19   7.2482718616e+61   8.0924204273e-30   3.1121971279e-14  -1.3614957713e+06   9.9247894301e-02 
  6.8141277657e+20   1.7258045843e+19   9.8169433984e+61   7.9482832388e-30   3.1267982323e-14  -1.3709513621e+06   9.9247048906e-02 
  6.9724321734e+20   1.5830440773e+19   9.4530900099e+61   7.7786534702e-30   3.1424011092e-14  -1.3848286844e+06   9.9244816332e-02 
  7.1250645559e+20   1.5263238248e+19   9.5301015922e+61   7.5984649239e-30   3.1556925148e-14  -1.3780243902e+06   9.9238869691e-02 
  7.2725640520e+20   1.4749949615e+19   9.6058883845e+61   7.3986917779e-30   3.1659814353e-14  -1.3388651863e+06   9.9220661138e-02 
  7.4380081175e+20   1.6544406549e+19   1.1248082851e+62   7.1605686712e-30   3.1750346995e-14  -1.2788352742e+06   9.9145755908e-02 
  7.5759828728e+20   1.3797475525e+19   9.7713379120e+61   6.9042958199e-30   3.1844946461e-14  -1.2269312965e+06   9.8880216756e-02 
  7.6544228469e+20   7.8439974150e+18   5.7162879751e+61   6.6992359438e-30   3.1919779484e-14  -1.2132455721e+06   9.8439725176e-02 
  7.7216724990e+20   6.7249652117e+18   4.9949921571e+61   6.5375313024e-30   3.1975477039e-14  -1.2132057646e+06   9.7589790820e-02 
  7.8117822474e+20   9.0109748358e+18   6.8306594585e+61   6.3323120651e-30   3.2036562219e-14  -1.2139024784e+06   9.6981788542e-02 
  7.8476272222e+20   3.5844974792e+18   2.7614022305e+61   6.1533846864e-30   3.2086115520e-14  -1.2165881797e+06   9.6707341954e-02 
  7.8641014654e+20   1.6474243223e+18   1.2776251359e+61   6.0679677551e-30   3.2107175179e-14  -1.2186243434e+06   9.6619152323e-02 
  7.8898581526e+20   2.5756687244e+18   2.0082589909e+61   6.0057650684e-30   3.2122981328e-14  -1.2204199682e+06   9.6589302364e-02 
  7.9549205573e+20   6.5062404618e+18   5.1316234384e+61   5.9091353431e-30   3.2156305880e-14  -1.2224904924e+06   9.6584081019e-02 
  8.0068536773e+20   5.1933120062e+18   4.1567906055e+61   5.8012225984e-30   3.2198599156e-14  -1.2223876744e+06   9.6581976837e-02 
  8.0439946671e+20   3.7140989762e+18   3.0060770191e+61   5.7329287693e-30   3.2227852094e-14  -1.2229815828e+06   9.6581711964e-02 
  8.0783104550e+20   3.4315787900e+18   2.8021977217e+61   5.6911672244e-30   3.2250699764e-14  -1.2193121989e+06   9.6581673857e-02 
  8.1154686817e+20   3.7158226726e+18   3.0612728421e+61   5.6644240677e-30   3.2271876643e-14  -1.2119701396e+06   9.6581671539e-02 
  8.1490785813e+20   3.3609899602e+18   2.7931976226e+61   5.6487839520e-30   3.2291618392e-14  -1.2028630170e+06   9.6581671427e-02 
  8.2769284019e+20   1.2784982063e+19   1.0837341826e+62   5.6392140181e-30   3.2333805360e-14  -1.1786914852e+06   9.6581671421e-02 
  8.3995080553e+20   1.2257965334e+19   1.0709830290e+62   5.6342353088e-30   3.2398050653e-14  -1.1386735071e+06   9.6581671417e-02 
  8.4439628305e+20   4.4454775256e+18   3.9621642994e+61   5.6341881699e-30   3.2439066721e-14  -1.1144397609e+06   9.6581671415e-02 
  8.4740961503e+20   3.0133319735e+18   2.7095575587e+61   5.6357450484e-30   3.2457764929e-14  -1.1060253885e+06   9.6581671414e-02 
  8.5030125602e+20   2.8916409887e+18   2.6183163886e+61   5.6384204283e-30   3.2472878501e-14  -1.1007205574e+06   9.6581671408e-02 
  8.5330324612e+20   3.0019901032e+18   2.7371407891e+61   5.6435594968e-30   3.2488257030e-14  -1.0966007340e+06   9.6581671365e-02 
  8.6427282689e+20   1.0969580766e+19   1.0166647609e+62   5.6616574036e-30   3.2525875157e-14  -1.0908684075e+06   9.6581671206e-02 
  8.7142214473e+20   7.1493178447e+18   6.7664946809e+61   5.6893541436e-30   3.2576661463e-14  -1.0865288289e+06   9.6581670497e-02 
  8.7439726917e+20   2.9751244359e+18   2.8487482105e+61   5.7091741521e-30   3.2606948799e-14  -1.0886302368e+06   9.6581668667e-02 
  8.7822309055e+20   3.8258213852e+18   3.6919087457e+61   5.7260646808e-30   3.2628491484e-14  -1.0912083320e+06   9.6581649989e-02 
  8.8503120256e+20   6.8081120057e+18   6.6498005994e+61   5.7477604122e-30   3.2661179815e-14  -1.0930317053e+06   9.6581588531e-02 
  8.9191075439e+20   6.8795518381e+18   6.8243088563e+61   5.7698353486e-30   3.2702101980e-14  -1.0940544651e+06   9.6581098658e-02 
  9.0121295233e+20   9.3021979308e+18   9.3963643716e+61   5.7886638200e-30   3.2746413715e-14  -1.0896393349e+06   9.6579735277e-02 
  9.1125828992e+20   1.0045337597e+19   1.0367191132e+62   5.8048162038e-30   3.2791919378e-14  -1.0730545701e+06   9.6577241230e-02 
  9.2110819375e+20   9.8499038298e+18   1.0389884622e+62   5.8157002157e-30   3.2829193811e-14  -1.0417509353e+06   9.6576174829e-02 
  9.3670420039e+20   1.5596006637e+19   1.6911307939e+62   5.8233325182e-30   3.2868922785e-14  -9.8384804124e+05   9.6570957846e-02 
  9.5070422474e+20   1.4000024352e+19   1.5668174779e+62   5.8281221226e-30   3.2914368327e-14  -9.1166534208e+05   9.6557273954e-02 
  9.6335979332e+20   1.2655568582e+19   1.4566351354e+62   5.8293565889e-30   3.2965643220e-14  -8.6017801451e+05   9.6527875849e-02 
  9.7576458682e+20   1.2404793499e+19   1.4654016265e+62   5.8278345466e-30   3.3026223048e-14  -8.3875054696e+05   9.6452020966e-02 
  9.9184901150e+20   1.6084424678e+19   1.9563416827e+62   5.8212096399e-30   3.3107717054e-14  -8.3558369265e+05   9.6154276624e-02 
  1.0037761107e+21   1.1927099211e+19   1.4922713477e+62   5.8089316639e-30   3.3195418770e-14  -8.4717894958e+05   9.5142570250e-02 
  1.0130947182e+21   9.3186074941e+18   1.1908584745e+62   5.7917389194e-30   3.3259597168e-14  -8.5182707812e+05   9.1837352847e-02 
  1.0180438048e+21   4.9490865723e+18   6.4143827251e+61   5.7724083410e-30   3.3296203056e-14  -8.4354959243e+05   8.8015063759e-02 
  1.0249264930e+21   6.8826882036e+18   9.0247195904e+61   5.7437927646e-30   3.3318636480e-14  -8.2553359152e+05   8.1626547682e-02 
  1.0276611095e+21   2.7346164931e+18   3.6195115045e+61   5.7125401926e-30   3.3332688906e-14  -8.0723519080e+05   7.6409504852e-02 
  1.0305652125e+21   2.9041030243e+18   3.8649905454e+61   5.6845749500e-30   3.3338764349e-14  -7.9361448687e+05   7.3818024130e-02 
  1.0360938044e+21   5.5285919029e+18   7.4182778637e+61   5.6268589888e-30   3.3347713958e-14  -7.7152411681e+05   7.3515187230e-02 
  1.0400402854e+21   3.9464810172e+18   5.3440586163e+61   5.5621512070e-30   3.3357703833e-14  -7.4628813056e+05   7.3365881728e-02 
  1.0435724139e+21   3.5321284853e+18   4.8174894619e+61   5.5195126024e-30   3.3365303878e-14  -7.2779895221e+05   7.3319407076e-02 
  1.0483302427e+21   4.7578287665e+18   6.5409732379e+61   5.4826838807e-30   3.3373989089e-14  -7.0996954263e+05   7.3314124480e-02 
  1.0535213137e+21   5.1910709993e+18   7.2046320523e+61   5.4483460259e-30   3.3385419379e-14  -6.9221435566e+05   7.3313100295e-02 
  1.0583956884e+21   4.8743747052e+18   6.8300400182e+61   5.4221793906e-30   3.3398927296e-14  -6.7872259878e+05   7.3313016724e-02 
  1.0689785053e+21   1.0582816945e+19   1.5046743322e+62   5.3954372881e-30   3.3423433280e-14  -6.6588913718e+05   7.3313012743e-02 
  1.0773949902e+21   8.4164849185e+18   1.2181294467e+62   5.3697107815e-30   3.3456167129e-14  -6.5675110928e+05   7.3313011865e-02 
  1.0829364054e+21   5.5414151895e+18   8.1247923524e+61   5.3560345490e-30   3.3480362592e-14  -6.5462845829e+05   7.3313011757e-02 
  1.0961911636e+21   1.3254758186e+19   1.9773900663e+62   5.3469559525e-30   3.3512182384e-14  -6.4656422288e+05   7.3313011678e-02 
  1.1070036622e+21   1.0812498560e+19   1.6488654877e+62   5.3400489207e-30   3.3549207834e-14  -6.2931819382e+05   7.3313011390e-02 
  1.1207874900e+21   1.3783827823e+19   2.1491869937e+62   5.3366866085e-30   3.3582260324e-14  -6.0469767900e+05   7.3313009842e-02 
  1.1304980400e+21   9.7105500001e+18   1.5461711116e+62   5.3360289306e-30   3.3615881577e-14  -5.8288072085e+05   7.3313002463e-02 
  1.1397530139e+21   9.2549739339e+18   1.4985638449e+62   5.3374226858e-30   3.3646052908e-14  -5.7358358641e+05   7.3312946790e-02 
  1.1570849280e+21   1.7331914069e+19   2.8725351419e+62   5.3415773583e-30   3.3686922033e-14  -5.4978481796e+05   7.3312818302e-02 
  1.1687293351e+21   1.1644407053e+19   1.9788867426e+62   5.3469370569e-30   3.3719234767e-14  -4.9941196387e+05   7.3312576150e-02 
  1.1799714213e+21   1.1242086265e+19   1.9482984191e+62   5.3516488728e-30   3.3723886728e-14  -4.3081237740e+05   7.3311708259e-02 
  1.1895683415e+21   9.5969201679e+18   1.6928252617e+62   5.3575979803e-30   3.3717323284e-14  -3.5074444605e+05   7.3306794627e-02 
  1.1974644334e+21   7.8960919553e+18   1.4134498961e+62   5.3658459709e-30   3.3714683628e-14  -2.8484842051e+05   7.3287515176e-02 
  1.2147638514e+21   1.7299417928e+19   3.1624642139e+62   5.3850322955e-30   3.3731417130e-14  -2.2843770487e+05   7.3238343016e-02 
  1.2261966288e+21   1.1432777452e+19   2.1400616986e+62   5.4118834480e-30   3.3765840472e-14  -2.0403084780e+05   7.3136126034e-02 
  1.2314702512e+21   5.2736224092e+18   1.0007039272e+62   5.4312056222e-30   3.3791822916e-14  -2.0641768650e+05   7.2994697885e-02 
  1.2375968292e+21   6.1265780060e+18   1.1733687290e+62   5.4471274292e-30   3.3798880245e-14  -1.8903836912e+05   7.2231841703e-02 
  1.2418237127e+21   4.2268835027e+18   8.1633978332e+61   5.4639489550e-30   3.3800758774e-14  -1.6708802088e+05   7.1108022954e-02 
  1.2465225895e+21   4.6988767935e+18   9.1404186626e+61   5.4814380054e-30   3.3800327537e-14  -1.4451877462e+05   6.9588750780e-02 
  1.2499837821e+21   3.4611925421e+18   6.7770590198e+61   5.5002426266e-30   3.3802136482e-14  -1.2490032798e+05   6.8856956399e-02 
  1.2574577323e+21   7.4739502190e+18   1.4762604459e+62   5.5308372749e-30   3.3809265004e-14  -1.0833453544e+05   6.8635913095e-02 
  1.2628859812e+21   5.4282488730e+18   1.0832528469e+62   5.5709415146e-30   3.3821027994e-14  -9.9727440679e+04   6.8506836279e-02 
  1.2716847280e+21   8.7987468322e+18   1.7757477064e+62   5.6233185739e-30   3.3843703553e-14  -1.1238050639e+05   6.8466025568e-02 
  1.2764423950e+21   4.7576670297e+18   9.7048002934e+61   5.6825727181e-30   3.3887965558e-14  -1.6487678702e+05   6.8451451227e-02 
  1.2800173742e+21   3.5749791207e+18   7.3400934778e+61   5.7295655047e-30   3.3917845295e-14  -2.0213653870e+05   6.8446457866e-02 
  1.2839253218e+21   3.9079476224e+18   8.0707811738e+61   5.7858204539e-30   3.3936020077e-14  -2.2367105226e+05   6.8445217091e-02 
  1.2865502057e+21   2.6248839157e+18   5.4486269261e+61   5.8506258947e-30   3.3949273868e-14  -2.3399579691e+05   6.8445116662e-02 
  1.2926550062e+21   6.1048005192e+18   1.2758333686e+62   5.9744204820e-30   3.3960582426e-14  -2.3669369211e+05   6.8445115566e-02 
  1.2970799279e+21   4.4249216752e+18   9.3232324749e+61   6.1565643323e-30   3.3968863925e-14  -2.2759393177e+05   6.8445210717e-02 
  1.3010809052e+21   4.0009772881e+18   8.4849319808e+61   6.3552085258e-30   3.3967809352e-14  -2.1541513484e+05   6.8445975010e-02 
  1.3041989605e+21   3.1180552868e+18   6.6487906381e+61   6.5936724001e-30   3.3966118039e-14  -2.0327892364e+05   6.8448200917e-02 
  1.3186681861e+21   1.4469225633e+19   3.1271747720e+62   7.4730042916e-30   3.3958045361e-14  -1.6504894512e+05   6.8456689772e-02 
  1.3283466117e+21   9.6784255693e+18   2.1304397710e+62   8.9631676738e-30   3.3908396324e-14  -6.1500931834e+04   6.8481046234e-02 
  1.3328716511e+21   4.5250394652e+18   1.0067778516e+62   1.0367832374e-29   3.3819390115e-14   7.5677884625e+04   6.8521851214e-02 
  1.3424348121e+21   9.5631609980e+18   2.1503060027e+62   1.3319345786e-29   3.3766230226e-14   1.3350889762e+05   6.8813839811e-02 
  1.3459799793e+21   3.5451671895e+18   8.0496944929e+61   1.7758058367e-29   3.3760214962e-14   8.3590617732e+04   6.9707892661e-02 
  1.3481404581e+21   2.1604788295e+18   4.9264490281e+61   2.2607856190e-29   3.3824994941e-14   4.0858377134e+04   7.1844807009e-02 
  1.3506442987e+21   2.5038405616e+18   5.7291892054e+61   3.2656821052e-29   3.3780948390e-14   3.8095706792e+04   7.5960915517e-02 
  1.3516724229e+21   1.0281241715e+18   2.3586742213e+61   4.8250032474e-29   3.3844065843e-14   5.6837441702e+03   7.5932652771e-02 
  1.3544696280e+21   2.7972050791e+18   6.4353995413e+61   1.0509770025e-28   3.3887944662e-14  -1.8240193226e+03   5.9118044623e-02 
  1.3559165570e+21   1.4469290421e+18   3.3393312192e+61   2.5802517372e-28   3.3996021173e-14  -2.0472593840e+04   3.7430932270e-02 
  1.3583467552e+21   2.4301982254e+18   5.6246517873e+61   9.9827224006e-28   3.4158041075e-14  -1.8701974605e+04   2.6365750172e-02 
  1.3600335391e+21   1.6867838342e+18   3.9158837023e+61   8.8762027210e-27   3.3897968925e-14  -1.6784763011e+04   2.1773290498e-02 
  1.3603447839e+21   3.1124486237e+17   7.2362019223e+60   2.5750045871e-26   3.4423078061e-14  -1.7860233678e+04   2.0771050595e-02 
  1.3613627789e+21   1.0179950152e+18   2.3690731164e+61   5.3863794919e-26   3.3844990530e-14  -1.4882678394e+04   2.0418928642e-02 
  1.3619940145e+21   6.3123557225e+17   1.4707891972e+61   6.5595423058e-26   3.3882220052e-14  -1.7248554623e+04   2.0074213091e-02 
  1.3735133061e+21   1.1519291562e+19   2.7080331300e+62   6.9180245146e-26   3.3112192306e-14  -2.9538208074e+04   2.0050369613e-02 
  1.3819133632e+21   8.4000571763e+18   2.0036007028e+62   8.9388794480e-25   3.3366758877e-14  -2.6257699614e+04   2.0035489864e-02 
  1.3911681641e+21   9.2548008303e+18   2.2358560421e+62   9.3187464719e-25   3.3882679326e-14  -2.2482243742e+04   2.0032213459e-02 
  1.4010694150e+21   9.9012509522e+18   2.4251940634e+62   1.0089748798e-24   3.5011511692e-14  -1.6700761433e+04   2.0028743976e-02 
  1.4108539477e+21   9.7845326549e+18   2.4305170537e+62   1.0240754457e-24   3.5238338757e-14  -1.3177009181e+04   2.0028679689e-02 
  1.4252251385e+21   1.4371190797e+19   3.6314746738e+62   1.1038167512e-24   3.6363221299e-14  -7.8449691469e+03   2.0022771807e-02 
  1.4393561398e+21   1.4131001298e+19   3.6429115794e+62   1.1962878427e-24   3.7685570341e-14   1.1585797465e+03   2.0022513539e-02 
  1.4572761817e+21   1.7920041968e+19   4.7236877355e+62   1.3133941987e-24   3.9420485296e-14   1.0524416133e+04   2.0014612176e-02 
  1.4693915292e+21   1.2115347505e+19   3.2601310741e+62   1.4353515826e-24   4.1157560085e-14   1.9414284993e+04   2.0005215445e-02 
  1.4787629612e+21   9.3714319182e+18   2.5589262278e+62   1.5309567514e-24   4.2523138580e-14   2.5824323951e+04   2.0001215064e-02 
  1.4879369964e+21   9.1740352098e+18   2.5366404317e+62   1.6209288819e-24   4.3815283801e-14   3.1580100873e+04   2.0000449968e-02 
  1.4973284888e+21   9.3914924248e+18   2.6293708116e+62   1.7218517779e-24   4.5229591772e-14   3.7487761965e+04   2.0000174004e-02 
  1.5065717282e+21   9.2432393581e+18   2.6202724301e+62   1.8294706300e-24   4.6701744071e-14   4.3586136351e+04   2.0000059590e-02 
  1.5153344173e+21   8.7626891758e+18   2.5139141394e+62   1.9456482179e-24   4.8262172895e-14   4.9399805455e+04   2.0000019200e-02 
  1.5234445368e+21   8.1101194674e+18   2.3527532141e+62   2.0700077308e-24   5.0002608240e-14   5.5372410235e+04   2.0000006015e-02 
  1.5308926839e+21   7.4481471253e+18   2.1828955198e+62   2.1983184204e-24   5.1507823238e-14   6.1024438897e+04   2.0000001767e-02 
  1.5378728618e+21   6.9801778958e+18   2.0651163820e+62   2.3179503433e-24   5.3076787288e-14   6.5816967139e+04   2.0000000504e-02 
  1.5443960801e+21   6.5232182957e+18   1.9469441506e+62   2.4348622173e-24   5.4582522946e-14   7.0322315088e+04   2.0000000135e-02 
  1.5505664414e+21   6.1703613186e+18   1.8568286673e+62   2.5411465492e-24   5.5928162490e-14   7.4084194000e+04   2.0000000035e-02 
  1.5562567689e+21   5.6903274632e+18   1.7255227911e+62   2.6373238157e-24   5.7158582790e-14   7.7341516324e+04   2.0000000008e-02 
  1.5614613357e+21   5.2045667615e+18   1.5893097577e+62   2.7283334776e-24   5.8349481170e-14   8.0254904922e+04   2.0000000002e-02 
  1.5664079503e+21   4.9466146781e+18   1.5203917617e+62   2.8175681291e-24   5.9503674613e-14   8.3010619713e+04   2.0000000000e-02 
  1.5711527290e+21   4.7447786352e+18   1.4674064598e+62   2.9073726177e-24   6.0652632974e-14   8.5664115056e+04   2.0000000000e-02 
  1.5755598741e+21   4.4071451000e+18   1.3709501554e+62   2.9962758452e-24   6.1778022635e-14   8.8182953403e+04   2.0000000000e-02 
  1.5797451745e+21   4.1853004582e+18   1.3090597601e+62   3.0834070402e-24   6.2869756638e-14   9.0547308866e+04   2.0000000000e-02 
  1.5837665573e+21   4.0213827980e+18   1.2643415815e+62   3.1696718777e-24   6.3940134374e-14   9.2803269771e+04   2.0000000000e-02 
  1.5876438119e+21   3.8772545907e+18   1.2251218670e+62   3.2556271641e-24   6.4996732589e-14   9.4977508577e+04   2.0000000000e-02 
  1.5918066547e+21   4.1628427950e+18   1.3220389734e+62   3.3467497511e-24   6.6106966411e-14   9.7192059623e+04   2.0000000000e-02 
  1.5961249794e+21   4.3183246867e+18   1.3787433473e+62   3.4423990663e-24   6.7262031200e-14   9.9443484214e+04   2.0000000000e-02 
  1.6002397762e+21   4.1147968279e+18   1.3207212806e+62   3.5347710868e-24   6.8368214436e-14   1.0149449106e+05   2.0000000000e-02 
  1.6042425123e+21   4.0027361022e+18   1.2912870867e+62   3.6219237174e-24   6.9432167126e-14   1.0337938427e+05   2.0000000000e-02 
  1.6082199282e+21   3.9774158233e+18   1.2895174074e+62   3.7093768550e-24   7.0518848076e-14   1.0525241641e+05   2.0000000000e-02 
  1.6121643728e+21   3.9444446047e+18   1.2851426975e+62   3.8021759800e-24   7.1663247257e-14   1.0716075537e+05   2.0000000000e-02 
  1.6159921926e+21   3.8278198809e+18   1.2531721930e+62   3.8970191848e-24   7.2824125738e-14   1.0914465694e+05   2.0000000000e-02 
  1.6195184257e+21   3.5262330481e+18   1.1597028244e+62   3.9935477782e-24   7.3997944807e-14   1.1107576847e+05   2.0000000000e-02 
  1.6228874908e+21   3.3690651563e+18   1.1127412952e+62   4.0883069265e-24   7.5140768884e-14   1.1298047816e+05   2.0000000000e-02 
  1.6260984530e+21   3.2109621052e+18   1.0648314244e+62   4.1845557713e-24   7.6293522560e-14   1.1484790537e+05   2.0000000000e-02 
  1.6289893320e+21   2.8908790635e+18   9.6228855701e+61   4.2776705395e-24   7.7401146601e-14   1.1664081148e+05   2.0000000000e-02 
  1.6317437387e+21   2.7544066629e+18   9.2004386252e+61   4.3681822894e-24   7.8470900910e-14   1.1833804412e+05   2.0000000000e-02 
  1.6344478555e+21   2.7041168201e+18   9.0627236043e+61   4.4592726004e-24   7.9540775225e-14   1.2002347530e+05   2.0000000000e-02 
  1.6371037786e+21   2.6559231212e+18   8.9304434743e+61   4.5526696505e-24   8.0630895971e-14   1.2171406318e+05   2.0000000000e-02 
  1.6396401255e+21   2.5363468834e+18   8.5554648098e+61   4.6468028486e-24   8.1722230872e-14   1.2338878214e+05   2.0000000000e-02 
  1.6418633749e+21   2.2232494367e+18   7.5211434812e+61   4.7364860550e-24   8.2755808950e-14   1.2495305561e+05   2.0000000000e-02 
  1.6439695003e+21   2.1061253755e+18   7.1437310196e+61   4.8213702727e-24   8.3728568028e-14   1.2640134422e+05   2.0000000000e-02 
  1.6460421593e+21   2.0726590321e+18   7.0481099040e+61   4.9053162621e-24   8.4686019882e-14   1.2780617001e+05   2.0000000000e-02 
  1.6480988330e+21   2.0566736716e+18   7.0113183139e+61   4.9857121139e-24   8.5597989678e-14   1.2910698661e+05   2.0000000000e-02 
  1.6501436683e+21   2.0448352343e+18   6.9883301727e+61   5.0615935452e-24   8.6454502122e-14   1.3028873365e+05   2.0000000000e-02 
  1.6521787236e+21   2.0350553815e+18   6.9721239421e+61   5.1341890184e-24   8.7270511022e-14   1.3139132974e+05   2.0000000000e-02 
  1.6542043335e+21   2.0256098735e+18   6.9568408132e+61   5.2062177732e-24   8.8108851463e-14   1.3246333031e+05   2.0000000000e-02 
  1.6562195893e+21   2.0152557604e+18   6.9382080911e+61   5.2797243378e-24   8.8960909199e-14   1.3355236555e+05   2.0000000000e-02 
  1.6582130532e+21   1.9934639792e+18   6.8798142489e+61   5.3549346516e-24   8.9829246152e-14   1.3465436746e+05   2.0000000000e-02 
  1.6601165461e+21   1.9034928427e+18   6.5847639404e+61   5.4302409727e-24   9.0695265856e-14   1.3574484442e+05   2.0000000000e-02 
  1.6617134895e+21   1.5969434023e+18   5.5359766014e+61   5.4995751687e-24   9.1489635605e-14   1.3673747317e+05   2.0000000000e-02 
  1.6632124323e+21   1.4989427587e+18   5.2059368801e+61   5.5621819492e-24   9.2204528483e-14   1.3762497291e+05   2.0000000000e-02 
  1.6646921793e+21   1.4797469982e+18   5.1484809246e+61   5.6235227569e-24   9.2902930313e-14   1.3848486189e+05   2.0000000000e-02 
  1.6661555968e+21   1.4634175507e+18   5.1006759168e+61   5.6851354731e-24   9.3602422631e-14   1.3933860918e+05   2.0000000000e-02 
  1.6675451386e+21   1.3895418456e+18   4.8514856316e+61   5.7457873900e-24   9.4288809209e-14   1.4016848143e+05   2.0000000000e-02 
  1.6686964066e+21   1.1512679419e+18   4.0256987599e+61   5.8004874635e-24   9.4906127840e-14   1.4090774967e+05   2.0000000000e-02 
  1.6699879750e+21   1.2915683693e+18   4.5229108326e+61   5.8535722095e-24   9.5503687433e-14   1.4161662392e+05   2.0000000000e-02 
  1.6711167183e+21   1.1287432940e+18   3.9584507070e+61   5.9064948022e-24   9.6097923556e-14   1.4231559448e+05   2.0000000000e-02 
  1.6724021632e+21   1.2854448999e+18   4.5145131226e+61   5.9595700467e-24   9.6692381383e-14   1.4300783253e+05   2.0000000000e-02 
  1.6735216704e+21   1.1195072195e+18   3.9373941207e+61   6.0126860347e-24   9.7285811900e-14   1.4369270352e+05   2.0000000000e-02 
  1.6747947949e+21   1.2731245273e+18   4.4840843726e+61   6.0657847455e-24   9.7877581213e-14   1.4436852370e+05   2.0000000000e-02 
  1.6759041968e+21   1.1094018845e+18   3.9129979263e+61   6.1188993187e-24   9.8468073874e-14   1.4503666442e+05   2.0000000000e-02 
  1.6771651509e+21   1.2609540709e+18   4.4538361127e+61   6.1720000824e-24   9.9056974870e-14   1.4569610435e+05   2.0000000000e-02 
  1.6781913631e+21   1.0262122354e+18   3.6296472346e+61   6.2234637474e-24   9.9626362896e-14   1.4632825203e+05   2.0000000000e-02 
  1.6791350561e+21   9.4369305650e+17   3.3417024704e+61   6.2679998371e-24   1.0011803772e-13   1.4686910796e+05   2.0000000000e-02 
  1.6800820064e+21   9.4695021831e+17   3.3570141189e+61   6.3109364716e-24   1.0059112566e-13   1.4738549116e+05   2.0000000000e-02 
  1.6810100992e+21   9.2809280086e+17   3.2938370874e+61   6.3537088541e-24   1.0106150441e-13   1.4789525752e+05   2.0000000000e-02 
  1.6818742813e+21   8.6418212500e+17   3.0702874215e+61   6.3947815249e-24   1.0151235188e-13   1.4838052491e+05   2.0000000000e-02 
  1.6824258311e+21   5.5154978314e+17   1.9612098010e+61   6.4273565315e-24   1.0186934224e-13   1.4876259247e+05   2.0000000000e-02 
  1.6828972182e+21   4.7138709629e+17   1.6771854479e+61   6.4509845792e-24   1.0212796422e-13   1.4903800958e+05   2.0000000000e-02 
  1.6833561776e+21   4.5895944971e+17   1.6338711360e+61   6.4725446176e-24   1.0236371830e-13   1.4928817534e+05   2.0000000000e-02 
  1.6838189807e+21   4.6280308783e+17   1.6484566875e+61   6.4939727846e-24   1.0259781054e-13   1.4953575584e+05   2.0000000000e-02 
  1.6842836749e+21   4.6469416240e+17   1.6561044793e+61   6.5156025966e-24   1.0283388379e-13   1.4978465178e+05   2.0000000000e-02 
  1.6847483781e+21   4.6470327695e+17   1.6570510804e+61   6.5373479643e-24   1.0307099565e-13   1.5003389591e+05   2.0000000000e-02 
  1.6852122505e+21   4.6387236163e+17   1.6550001090e+61   6.5591499645e-24   1.0330850362e-13   1.5028278955e+05   2.0000000000e-02 
  1.6856754461e+21   4.6319561441e+17   1.6534949853e+61   6.5809968506e-24   1.0354627949e-13   1.5053114390e+05   2.0000000000e-02 
  1.6861380224e+21   4.6257630394e+17   1.6521913319e+61   6.6028932512e-24   1.0378437221e-13   1.5077901602e+05   2.0000000000e-02 
  1.6866000726e+21   4.6205015058e+17   1.6512172901e+61   6.6248350651e-24   1.0402273860e-13   1.5102646563e+05   2.0000000000e-02 
  1.6870616127e+21   4.6154011933e+17   1.6502980678e+61   6.6468186588e-24   1.0426134226e-13   1.5127350025e+05   2.0000000000e-02 
  1.6875226278e+21   4.6101505599e+17   1.6493223052e+61   6.6688423427e-24   1.0450028879e-13   1.5152007059e+05   2.0000000000e-02 
  1.6879831036e+21   4.6047581074e+17   1.6482929308e+61   6.6909549373e-24   1.0474005798e-13   1.5176628509e+05   2.0000000000e-02 
  1.6884430406e+21   4.5993704248e+17   1.6472623508e+61   6.7131177735e-24   1.0498014586e-13   1.5201294916e+05   2.0000000000e-02 
  1.6889024420e+21   4.5940140296e+17   1.6462400758e+61   6.7354027599e-24   1.0522133722e-13   1.5225952309e+05   2.0000000000e-02 
  1.6893613097e+21   4.5886770148e+17   1.6452218620e+61   6.7577806115e-24   1.0546329515e-13   1.5250665217e+05   2.0000000000e-02 
  1.6898196392e+21   4.5832945487e+17   1.6441844627e+61   6.7802662048e-24   1.0570619753e-13   1.5275439944e+05   2.0000000000e-02 
  1.6902774282e+21   4.5778905953e+17   1.6431364482e+61   6.8029118752e-24   1.0595058536e-13   1.5300272209e+05   2.0000000000e-02 
  1.6907346727e+21   4.5724444701e+17   1.6420703734e+61   6.8256798386e-24   1.0619605323e-13   1.5325256395e+05   2.0000000000e-02 
  1.6911913565e+21   4.5668383824e+17   1.6409438721e+61   6.8486835121e-24   1.0644380696e-13   1.5350371949e+05   2.0000000000e-02 
  1.6916474742e+21   4.5611765744e+17   1.6397943084e+61   6.8719089496e-24   1.0669367152e-13   1.5375780564e+05   2.0000000000e-02 
  1.6921029995e+21   4.5552531479e+17   1.6385475591e+61   6.8955192798e-24   1.0694737477e-13   1.5401555869e+05   2.0000000000e-02 
  1.6925579046e+21   4.5490510684e+17   1.6371972915e+61   6.9196284338e-24   1.0720607633e-13   1.5427976964e+05   2.0000000000e-02 
  1.6930121448e+21   4.5424024631e+17   1.6356828270e+61   6.9445366081e-24   1.0747289938e-13   1.5455388930e+05   2.0000000000e-02 
  1.6934656605e+21   4.5351566691e+17   1.6339495275e+61   6.9706012145e-24   1.0774801847e-13   1.5484201034e+05   2.0000000000e-02 
  1.6939184144e+21   4.5275389777e+17   1.6320781706e+61   6.9975153545e-24   1.0802760979e-13   1.5513808606e+05   2.0000000000e-02 
  1.6943704022e+21   4.5198784115e+17   1.6301871748e+61   7.0245562896e-24   1.0830864059e-13   1.5543454304e+05   2.0000000000e-02 
  1.6948216438e+21   4.5124154279e+17   1.6283633074e+61   7.0512375012e-24   1.0858561055e-13   1.5572429831e+05   2.0000000000e-02 
  1.6952721592e+21   4.5051539903e+17   1.6266081567e+61   7.0777059055e-24   1.0885996084e-13   1.5600920287e+05   2.0000000000e-02 
  1.6957219652e+21   4.4980600136e+17   1.6249095657e+61   7.1040660900e-24   1.0913283847e-13   1.5629089122e+05   2.0000000000e-02 
  1.6961710684e+21   4.4910321479e+17   1.6232310255e+61   7.1303474542e-24   1.0940458402e-13   1.5656990894e+05   2.0000000000e-02 
  1.6966194837e+21   4.4841532143e+17   1.6216025496e+61   7.1565437911e-24   1.0967514825e-13   1.5684627109e+05   2.0000000000e-02 
  1.6970672219e+21   4.4773816791e+17   1.6200092241e+61   7.1826528783e-24   1.0994450734e-13   1.5711996583e+05   2.0000000000e-02 
  1.6975142935e+21   4.4707163167e+17   1.6184506911e+61   7.2086981868e-24   1.1021288672e-13   1.5739129663e+05   2.0000000000e-02 
  1.6979607089e+21   4.4641534390e+17   1.6169256992e+61   7.2347117353e-24   1.1048076447e-13   1.5766110901e+05   2.0000000000e-02 
  1.6984064674e+21   4.4575849940e+17   1.6153951626e+61   7.2607838473e-24   1.1074933400e-13   1.5793010685e+05   2.0000000000e-02 
  1.6988515693e+21   4.4510189975e+17   1.6138619876e+61   7.2869732779e-24   1.1101877783e-13   1.5819933163e+05   2.0000000000e-02 
  1.6992960157e+21   4.4444643670e+17   1.6123294156e+61   7.3133099302e-24   1.1128949512e-13   1.5846874494e+05   2.0000000000e-02 
  1.6997398191e+21   4.4380335627e+17   1.6108382882e+61   7.3395256939e-24   1.1155885624e-13   1.5873564307e+05   2.0000000000e-02 
  1.7001830034e+21   4.4318436343e+17   1.6094312206e+61   7.3653991046e-24   1.1182446378e-13   1.5899663283e+05   2.0000000000e-02 
  1.7006256005e+21   4.4259703838e+17   1.6081359476e+61   7.3908926730e-24   1.1208588537e-13   1.5925120008e+05   2.0000000000e-02 
  1.7010676307e+21   4.4203025778e+17   1.6069122644e+61   7.4160733268e-24   1.1234377334e-13   1.5950019899e+05   2.0000000000e-02 
  1.7015091103e+21   4.4147955475e+17   1.6057440778e+61   7.4410701642e-24   1.1259945107e-13   1.5974526894e+05   2.0000000000e-02 
  1.7019500498e+21   4.4093949330e+17   1.6046117243e+61   7.4659800061e-24   1.1285395328e-13   1.5998767645e+05   2.0000000000e-02 
  1.7023904472e+21   4.4039746072e+17   1.6034693521e+61   7.4907796124e-24   1.1310712352e-13   1.6022723084e+05   2.0000000000e-02 
  1.7028303254e+21   4.3987817954e+17   1.6024070322e+61   7.5152874286e-24   1.1335723801e-13   1.6046157987e+05   2.0000000000e-02 
  1.7032697297e+21   4.3940426186e+17   1.6015073739e+61   7.5391028632e-24   1.1360128849e-13   1.6068616586e+05   2.0000000000e-02 
  1.7037087397e+21   4.3901002790e+17   1.6008959049e+61   7.5616872202e-24   1.1383284703e-13   1.6089370582e+05   2.0000000000e-02 
  1.7041474529e+21   4.3871322734e+17   1.6006380012e+61   7.5825720008e-24   1.1404698615e-13   1.6107859415e+05   2.0000000000e-02 
  1.7045859726e+21   4.3851963711e+17   1.6007554888e+61   7.6016659307e-24   1.1424261937e-13   1.6123973331e+05   2.0000000000e-02 
  1.7050243993e+21   4.3842673072e+17   1.6012399136e+61   7.6194562856e-24   1.1442442877e-13   1.6138193337e+05   2.0000000000e-02 
  1.7054628019e+21   4.3840259654e+17   1.6019753931e+61   7.6366008855e-24   1.1460298725e-13   1.6151776709e+05   2.0000000000e-02 
  1.7059011844e+21   4.3838255751e+17   1.6027259241e+61   7.6537920872e-24   1.1478478907e-13   1.6165430209e+05   2.0000000000e-02 
  1.7063395127e+21   4.3832821385e+17   1.6033510394e+61   7.6712726717e-24   1.1496946707e-13   1.6179452540e+05   2.0000000000e-02 
  1.7067777419e+21   4.3822926997e+17   1.6038127921e+61   7.6891347156e-24   1.1515803326e-13   1.6193901534e+05   2.0000000000e-02 
  1.7072158304e+21   4.3808842268e+17   1.6041207239e+61   7.7073786453e-24   1.1535049549e-13   1.6208854132e+05   2.0000000000e-02 
  1.7076537461e+21   4.3791576354e+17   1.6043114997e+61   7.7260720412e-24   1.1554756262e-13   1.6224290312e+05   2.0000000000e-02 
  1.7080914674e+21   4.3772123673e+17   1.6044213390e+61   7.7451555025e-24   1.1574861236e-13   1.6240255839e+05   2.0000000000e-02 
  1.7085289694e+21   4.3750200968e+17   1.6044396869e+61   7.7646823779e-24   1.1595420146e-13   1.6256668800e+05   2.0000000000e-02 
  1.7089662376e+21   4.3726822796e+17   1.6044035929e+61   7.7845472421e-24   1.1616321995e-13   1.6273552451e+05   2.0000000000e-02 
  1.7094032537e+21   4.3701615933e+17   1.6042992431e+61   7.8047953533e-24   1.1637613816e-13   1.6290780943e+05   2.0000000000e-02 
  1.7098400038e+21   4.3675001221e+17   1.6041419612e+61   7.8252914824e-24   1.1659153093e-13   1.6308365983e+05   2.0000000000e-02 
  1.7102764754e+21   4.3647163514e+17   1.6039384364e+61   7.8460795925e-24   1.1680985387e-13   1.6326161349e+05   2.0000000000e-02 
  1.7107126603e+21   4.3618494811e+17   1.6037029934e+61   7.8670182095e-24   1.1702961403e-13   1.6344182164e+05   2.0000000000e-02 
  1.7111485478e+21   4.3588743208e+17   1.6034263012e+61   7.8881581632e-24   1.1725133849e-13   1.6362291698e+05   2.0000000000e-02 
  1.7115841369e+21   4.3558910887e+17   1.6031451727e+61   7.9093766781e-24   1.1747372922e-13   1.6380521471e+05   2.0000000000e-02 
  1.7120194201e+21   4.3528324044e+17   1.6028347845e+61   7.9307349721e-24   1.1769742291e-13   1.6398768551e+05   2.0000000000e-02 
  1.7124543953e+21   4.3497522170e+17   1.6025149611e+61   7.9521442008e-24   1.1792147840e-13   1.6417082667e+05   2.0000000000e-02 
  1.7128890602e+21   4.3466484468e+17   1.6021849200e+61   7.9736707625e-24   1.1814658850e-13   1.6435400827e+05   2.0000000000e-02 
  1.7133234114e+21   4.3435124668e+17   1.6018414615e+61   7.9952578864e-24   1.1837215185e-13   1.6453780337e+05   2.0000000000e-02 
  1.7137574457e+21   4.3403422491e+17   1.6014838135e+61   8.0169670420e-24   1.1859881128e-13   1.6472184895e+05   2.0000000000e-02 
  1.7141911623e+21   4.3371668506e+17   1.6011226802e+61   8.0387578214e-24   1.1882614161e-13   1.6490664960e+05   2.0000000000e-02 
  1.7146245546e+21   4.3339228356e+17   1.6007346223e+61   8.0606804257e-24   1.1905466764e-13   1.6509190058e+05   2.0000000000e-02 
  1.7150576215e+21   4.3306688691e+17   1.6003412732e+61   8.0826936098e-24   1.1928395913e-13   1.6527797389e+05   2.0000000000e-02 
  1.7154903590e+21   4.3273747376e+17   1.5999314525e+61   8.1048389514e-24   1.1951444857e-13   1.6546448701e+05   2.0000000000e-02 
  1.7159227633e+21   4.3240432539e+17   1.5995061715e+61   8.1270665346e-24   1.1974561654e-13   1.6565173567e+05   2.0000000000e-02 
  1.7163548323e+21   4.3206896148e+17   1.5990710285e+61   8.1494181631e-24   1.1997789496e-13   1.6583925097e+05   2.0000000000e-02 
  1.7167865641e+21   4.3173184193e+17   1.5986277108e+61   8.1718374243e-24   1.2021069657e-13   1.6602736014e+05   2.0000000000e-02 
  1.7172179542e+21   4.3139009766e+17   1.5981655741e+61   8.1943738477e-24   1.2044453175e-13   1.6621557474e+05   2.0000000000e-02 
  1.7176490035e+21   4.3104930370e+17   1.5977052540e+61   8.2169700532e-24   1.2067880297e-13   1.6640431781e+05   2.0000000000e-02 
  1.7180797074e+21   4.3070386678e+17   1.5972260106e+61   8.2396843398e-24   1.2091409797e-13   1.6659313042e+05   2.0000000000e-02 
  1.7185100648e+21   4.3035736689e+17   1.5967410961e+61   8.2624578874e-24   1.2114979558e-13   1.6678246152e+05   2.0000000000e-02 
  1.7189400741e+21   4.3000929513e+17   1.5962486135e+61   8.2853466490e-24   1.2138649907e-13   1.6697183333e+05   2.0000000000e-02 
  1.7193697327e+21   4.2965869508e+17   1.5957449987e+61   8.3082940006e-24   1.2162362056e-13   1.6716170457e+05   2.0000000000e-02 
  1.7197990382e+21   4.2930544148e+17   1.5952297681e+61   8.3313556906e-24   1.2186173560e-13   1.6735163054e+05   2.0000000000e-02 
  1.7202279908e+21   4.2895260382e+17   1.5947143168e+61   8.3544774914e-24   1.2210028242e-13   1.6754203648e+05   2.0000000000e-02 
  1.7206565856e+21   4.2859483464e+17   1.5941787536e+61   8.3777107025e-24   1.2233979000e-13   1.6773249169e+05   2.0000000000e-02 
  1.7210848233e+21   4.2823770136e+17   1.5936437661e+61   8.4010032227e-24   1.2257971932e-13   1.6792337579e+05   2.0000000000e-02 
  1.7215127015e+21   4.2787820223e+17   1.5930981807e+61   8.4244021612e-24   1.2282055511e-13   1.6811427603e+05   2.0000000000e-02 
  1.7219402184e+21   4.2751690498e+17   1.5925440961e+61   8.4478576450e-24   1.2306178216e-13   1.6830553997e+05   2.0000000000e-02 
  1.7223673730e+21   4.2715457819e+17   1.5919843647e+61   8.4714138232e-24   1.2330385379e-13   1.6849677647e+05   2.0000000000e-02 
  1.7227941648e+21   4.2679179336e+17   1.5914211112e+61   8.4950231900e-24   1.2354628013e-13   1.6868831402e+05   2.0000000000e-02 
  1.7232205905e+21   4.2642567489e+17   1.5908436024e+61   8.5187282906e-24   1.2378949712e-13   1.6887978214e+05   2.0000000000e-02 
  1.7236466519e+21   4.2606140048e+17   1.5902711449e+61   8.5424832699e-24   1.2403303297e-13   1.6907150058e+05   2.0000000000e-02 
  1.7240723460e+21   4.2569413601e+17   1.5896856964e+61   8.5663307271e-24   1.2427732333e-13   1.6926311130e+05   2.0000000000e-02 
  1.7244976729e+21   4.2532687478e+17   1.5890984218e+61   8.5902256038e-24   1.2452190544e-13   1.6945493520e+05   2.0000000000e-02 
  1.7249226324e+21   4.2495951638e+17   1.5885089464e+61   8.6142110130e-24   1.2476721940e-13   1.6964662536e+05   2.0000000000e-02 
  1.7253472229e+21   4.2459053778e+17   1.5879115730e+61   8.6382421506e-24   1.2501280599e-13   1.6983851062e+05   2.0000000000e-02 
  1.7257714436e+21   4.2422067327e+17   1.5873090386e+61   8.6623633647e-24   1.2525911702e-13   1.7003024972e+05   2.0000000000e-02 
  1.7261952957e+21   4.2385206934e+17   1.5867093749e+61   8.6865289828e-24   1.2550568563e-13   1.7022218635e+05   2.0000000000e-02 
  1.7266187756e+21   4.2347991044e+17   1.5860945513e+61   8.7107866370e-24   1.2575299600e-13   1.7041396909e+05   2.0000000000e-02 
  1.7270418848e+21   4.2310917168e+17   1.5854831901e+61   8.7350874868e-24   1.2600055020e-13   1.7060596932e+05   2.0000000000e-02 
  1.7274646219e+21   4.2273711516e+17   1.5848650353e+61   8.7594846078e-24   1.2624888658e-13   1.7079780810e+05   2.0000000000e-02 
  1.7278869855e+21   4.2236365048e+17   1.5842397390e+61   8.7839235666e-24   1.2649745144e-13   1.7098990213e+05   2.0000000000e-02 
  1.7283089753e+21   4.2198973152e+17   1.5836108720e+61   8.8084642579e-24   1.2674685135e-13   1.7118183046e+05   2.0000000000e-02 
  1.7287305909e+21   4.2161563889e+17   1.5829794858e+61   8.8330457460e-24   1.2699646721e-13   1.7137405979e+05   2.0000000000e-02 
  1.7291518295e+21   4.2123861621e+17   1.5823352232e+61   8.8577356759e-24   1.2724698534e-13   1.7156611473e+05   2.0000000000e-02 
  1.7295726928e+21   4.2086331433e+17   1.5816955470e+61   8.8824656634e-24   1.2749770821e-13   1.7175852302e+05   2.0000000000e-02 
  1.7299931773e+21   4.2048445797e+17   1.5810406302e+61   8.9073110469e-24   1.2774940178e-13   1.7195075593e+05   2.0000000000e-02 
  1.7304132833e+21   4.2010597686e+17   1.5803852347e+61   8.9321956836e-24   1.2800129021e-13   1.7214339493e+05   2.0000000000e-02 
  1.7308330101e+21   4.1972680677e+17   1.5797253575e+61   8.9572031294e-24   1.2825422139e-13   1.7233585652e+05   2.0000000000e-02 
  1.7312523566e+21   4.1934656886e+17   1.5790595676e+61   8.9822489504e-24   1.2850733658e-13   1.7252878188e+05   2.0000000000e-02 
  1.7316713214e+21   4.1896474640e+17   1.5783859109e+61   9.0074252560e-24   1.2876156900e-13   1.7272152972e+05   2.0000000000e-02 
  1.7320899050e+21   4.1858356127e+17   1.5777127535e+61   9.0326385743e-24   1.2901596960e-13   1.7291480271e+05   2.0000000000e-02 
  1.7325081033e+21   4.1819830831e+17   1.5770223534e+61   9.0579902837e-24   1.2927156393e-13   1.7310789876e+05   2.0000000000e-02 
  1.7329259176e+21   4.1781433368e+17   1.5763348568e+61   9.0833776681e-24   1.2952731123e-13   1.7330157975e+05   2.0000000000e-02 
  1.7333433445e+21   4.1742690114e+17   1.5756323922e+61   9.1089118944e-24   1.2978433371e-13   1.7349507713e+05   2.0000000000e-02 
  1.7337603838e+21   4.1703932956e+17   1.5749274718e+61   9.1344812688e-24   1.3004150163e-13   1.7368921737e+05   2.0000000000e-02 
  1.7341770332e+21   4.1664941591e+17   1.5742117700e+61   9.1602057275e-24   1.3030002393e-13   1.7388317318e+05   2.0000000000e-02 
  1.7345932922e+21   4.1625896126e+17   1.5734920805e+61   9.1859643318e-24   1.3055867938e-13   1.7407783065e+05   2.0000000000e-02 
  1.7350091572e+21   4.1586502484e+17   1.5727572760e+61   9.2118866644e-24   1.3081877184e-13   1.7427230116e+05   2.0000000000e-02 
  1.7354246296e+21   4.1547236449e+17   1.5720253389e+61   9.2378415978e-24   1.3107898013e-13   1.7446754059e+05   2.0000000000e-02 
  1.7358397041e+21   4.1507453587e+17   1.5712718784e+61   9.2639684858e-24   1.3134070113e-13   1.7466260127e+05   2.0000000000e-02 
  1.7362543822e+21   4.1467811762e+17   1.5705217796e+61   9.2901256763e-24   1.3160251483e-13   1.7485849584e+05   2.0000000000e-02 
  1.7366686599e+21   4.1427764689e+17   1.5697543491e+61   9.3164637439e-24   1.3186592828e-13   1.7505419989e+05   2.0000000000e-02 
  1.7370825364e+21   4.1387651730e+17   1.5689824269e+61   9.3428330793e-24   1.3212943893e-13   1.7525078620e+05   2.0000000000e-02 
  1.7374960085e+21   4.1347211552e+17   1.5681960951e+61   9.3693878629e-24   1.3239458988e-13   1.7544719791e+05   2.0000000000e-02 
  1.7379090758e+21   4.1306725488e+17   1.5674060093e+61   9.3959807944e-24   1.3265990504e-13   1.7564449467e+05   2.0000000000e-02 
  1.7383217340e+21   4.1265822414e+17   1.5665980744e+61   9.4227544718e-24   1.3292680818e-13   1.7584170188e+05   2.0000000000e-02 
  1.7387339843e+21   4.1225025058e+17   1.5657921205e+61   9.4495746641e-24   1.3319395539e-13   1.7603978733e+05   2.0000000000e-02 
  1.7391458212e+21   4.1183693000e+17   1.5649638148e+61   9.4765657759e-24   1.3346258926e-13   1.7623789640e+05   2.0000000000e-02 
  1.7395572448e+21   4.1142358694e+17   1.5641333673e+61   9.5036177533e-24   1.3373160775e-13   1.7643681882e+05   2.0000000000e-02 
  1.7399682519e+21   4.1100707936e+17   1.5632888254e+61   9.5308324996e-24   1.3400202830e-13   1.7663584684e+05   2.0000000000e-02 
  1.7403788403e+21   4.1058846853e+17   1.5624342069e+61   9.5581276336e-24   1.3427302364e-13   1.7683557690e+05   2.0000000000e-02 
  1.7407890083e+21   4.1016797280e+17   1.5615703294e+61   9.5855739190e-24   1.3454529958e-13   1.7703552246e+05   2.0000000000e-02 
  1.7411987536e+21   4.0974531674e+17   1.5606961314e+61   9.6131138448e-24   1.3481827644e-13   1.7723612079e+05   2.0000000000e-02 
  1.7416080736e+21   4.0931995764e+17   1.5598095300e+61   9.6407849404e-24   1.3509233067e-13   1.7743711976e+05   2.0000000000e-02 
  1.7420169671e+21   4.0889355537e+17   1.5589168369e+61   9.6685598340e-24   1.3536718486e-13   1.7763874085e+05   2.0000000000e-02 
  1.7424254320e+21   4.0846490205e+17   1.5580134376e+61   9.6964552768e-24   1.3564300988e-13   1.7784085613e+05   2.0000000000e-02 
  1.7428334655e+21   4.0803349639e+17   1.5570974039e+61   9.7244772144e-24   1.3591985744e-13   1.7804344504e+05   2.0000000000e-02 
  1.7432410666e+21   4.0760104738e+17   1.5561752438e+61   9.7526195797e-24   1.3619766733e-13   1.7824655080e+05   2.0000000000e-02 
  1.7436482311e+21   4.0716450577e+17   1.5552353013e+61   9.7808993183e-24   1.3647659759e-13   1.7845011977e+05   2.0000000000e-02 
  1.7440549588e+21   4.0672768003e+17   1.5542921059e+61   9.8092793581e-24   1.3675628210e-13   1.7865445404e+05   2.0000000000e-02 
  1.7444612471e+21   4.0628837326e+17   1.5533372558e+61   9.8377869084e-24   1.3703698673e-13   1.7885945078e+05   2.0000000000e-02 
  1.7448670950e+21   4.0584791742e+17   1.5523758306e+61   9.8663849247e-24   1.3731835113e-13   1.7906539563e+05   2.0000000000e-02 
  1.7452724999e+21   4.0540484386e+17   1.5514022023e+61   9.8951327759e-24   1.3760095834e-13   1.7927193822e+05   2.0000000000e-02 
  1.7456774589e+21   4.0495896146e+17   1.5504156216e+61   9.9239975508e-24   1.3788438816e-13   1.7947924403e+05   2.0000000000e-02 
  1.7460819687e+21   4.0450981624e+17   1.5494143308e+61   9.9530264313e-24   1.3816919117e-13   1.7968680218e+05   2.0000000000e-02 
  1.7464860289e+21   4.0406027234e+17   1.5484092866e+61   9.9821592019e-24   1.3845478103e-13   1.7989490212e+05   2.0000000000e-02 
  1.7468896352e+21   4.0360624872e+17   1.5473848379e+61   1.0011449646e-23   1.3874168272e-13   1.8010312885e+05   2.0000000000e-02 
  1.7472927861e+21   4.0315089598e+17   1.5463530418e+61   1.0040843314e-23   1.3902936236e-13   1.8031176456e+05   2.0000000000e-02 
  1.7476954771e+21   4.0269106024e+17   1.5453017850e+61   1.0070407427e-23   1.3931846943e-13   1.8052036067e+05   2.0000000000e-02 
  1.7480977082e+21   4.0223101912e+17   1.5442474639e+61   1.0100063153e-23   1.3960822694e-13   1.8072944438e+05   2.0000000000e-02 
  1.7484994782e+21   4.0177003568e+17   1.5431872474e+61   1.0129862510e-23   1.3989914399e-13   1.8093871421e+05   2.0000000000e-02 
  1.7489007839e+21   4.0130566914e+17   1.5421117492e+61   1.0159739469e-23   1.4019058642e-13   1.8114853799e+05   2.0000000000e-02 
  1.7493016243e+21   4.0084045014e+17   1.5410306784e+61   1.0189802492e-23   1.4048361268e-13   1.8135813614e+05   2.0000000000e-02 
  1.7497019985e+21   4.0037414113e+17   1.5399431167e+61   1.0219999902e-23   1.4077770078e-13   1.8156783624e+05   2.0000000000e-02 
  1.7501018955e+21   3.9989702553e+17   1.5388116601e+61   1.0250368152e-23   1.4107319754e-13   1.8177745268e+05   2.0000000000e-02 
  1.7505013210e+21   3.9942550347e+17   1.5376993857e+61   1.0280828074e-23   1.4136933579e-13   1.8198751320e+05   2.0000000000e-02 
  1.7509002763e+21   3.9895531264e+17   1.5365899144e+61   1.0311441948e-23   1.4166673268e-13   1.8219757882e+05   2.0000000000e-02 
  1.7512987482e+21   3.9847192460e+17   1.5354272623e+61   1.0342197815e-23   1.4196526545e-13   1.8240766710e+05   2.0000000000e-02 
  1.7516967362e+21   3.9798792739e+17   1.5342598772e+61   1.0373135997e-23   1.4226531386e-13   1.8261750746e+05   2.0000000000e-02 
  1.7520942438e+21   3.9750761934e+17   1.5331043384e+61   1.0404199874e-23   1.4256631968e-13   1.8282751020e+05   2.0000000000e-02 
  1.7524912634e+21   3.9701967090e+17   1.5319169479e+61   1.0435408488e-23   1.4286847624e-13   1.8303754246e+05   2.0000000000e-02 
  1.7528877999e+21   3.9653650040e+17   1.5307456037e+61   1.0466751176e-23   1.4317167754e-13   1.8324764680e+05   2.0000000000e-02 
  1.7532838444e+21   3.9604441266e+17   1.5295374378e+61   1.0498245893e-23   1.4347609326e-13   1.8345769581e+05   2.0000000000e-02 
  1.7536793961e+21   3.9555177556e+17   1.5283247290e+61   1.0529876191e-23   1.4378155893e-13   1.8366779523e+05   2.0000000000e-02 
  1.7540744670e+21   3.9507090790e+17   1.5271551046e+61   1.0561646693e-23   1.4408811869e-13   1.8387791988e+05   2.0000000000e-02 
  1.7544690492e+21   3.9458212945e+17   1.5259525230e+61   1.0593551156e-23   1.4439570654e-13   1.8408813440e+05   2.0000000000e-02 
  1.7548631437e+21   3.9409448277e+17   1.5247519246e+61   1.0625577339e-23   1.4470420632e-13   1.8429851443e+05   2.0000000000e-02 
  1.7552567395e+21   3.9359580796e+17   1.5235062410e+61   1.0657738586e-23   1.4501374594e-13   1.8450897029e+05   2.0000000000e-02 
  1.7556498336e+21   3.9309410458e+17   1.5222463827e+61   1.0690031377e-23   1.4532428596e-13   1.8471953203e+05   2.0000000000e-02 
  1.7560424333e+21   3.9259975695e+17   1.5210125707e+61   1.0722458267e-23   1.4563584489e-13   1.8493026319e+05   2.0000000000e-02 
  1.7564345476e+21   3.9211427804e+17   1.5198107238e+61   1.0755006859e-23   1.4594831797e-13   1.8514126657e+05   2.0000000000e-02 
  1.7568261882e+21   3.9164056102e+17   1.5186521265e+61   1.0787776578e-23   1.4626262656e-13   1.8535202375e+05   2.0000000000e-02 
  1.7572173635e+21   3.9117530732e+17   1.5175240628e+61   1.0820619164e-23   1.4657724226e-13   1.8556448329e+05   2.0000000000e-02 
  1.7576080759e+21   3.9071240394e+17   1.5164028625e+61   1.0853475758e-23   1.4689192655e-13   1.8577838003e+05   2.0000000000e-02 
  1.7579983055e+21   3.9022960107e+17   1.5152021316e+61   1.0886983095e-23   1.4721243509e-13   1.8598811805e+05   2.0000000000e-02 
  1.7583880288e+21   3.8972328373e+17   1.5139076893e+61   1.0920729846e-23   1.4753447809e-13   1.8619812075e+05   2.0000000000e-02 
  1.7587772072e+21   3.8917841897e+17   1.5124609402e+61   1.0953710356e-23   1.4784758372e-13   1.8643265415e+05   2.0000000000e-02 
  1.7591654494e+21   3.8824221607e+17   1.5094896648e+61   1.0995969473e-23   1.4825156338e-13   1.8670286528e+05   2.0000000000e-02 
  1.7595534725e+21   3.8802307362e+17   1.5093034988e+61   1.1034390100e-23   1.4862862669e-13   1.8689928967e+05   2.0000000000e-02 
  1.7599490176e+21   3.9554509143e+17   1.5392473961e+61   1.1010498103e-23   1.4842353064e-13   1.8643652386e+05   2.0000000000e-02 
  1.7604375122e+21   4.8849464218e+17   1.9019118368e+61   1.0231265457e-23   1.4117181889e-13   1.8279179011e+05   2.0000000000e-02 
  1.7613224695e+21   8.8495730476e+17   3.4481941336e+61   6.6214099162e-24   1.0576248453e-13   1.3601786318e+05   2.0000000000e-02 
  1.7627969107e+21   1.4744411588e+18   5.7527906151e+61   2.9870285984e-24   6.2882734685e-14   4.4230129649e+04   2.0000000000e-02 
  1.7646256403e+21   1.8287296412e+18   7.1484912506e+61   2.3367520004e-24   5.3571304683e-14   7.7883678230e+03   2.0000000000e-02 
  1.7665419961e+21   1.9163557462e+18   7.5069361073e+61   2.2403930076e-24   5.2112742180e-14   1.1093601690e+03   2.0000000000e-02 
  1.7684722821e+21   1.9302860098e+18   7.5779881784e+61   2.2267550455e-24   5.1904537480e-14   1.5232559457e+02   2.0000000000e-02 
  1.7704045140e+21   1.9322319310e+18   7.6022134097e+61   2.2248827871e-24   5.1875910749e-14   2.0774290953e+01   2.0000000000e-02 
  1.7723370120e+21   1.9324979904e+18   7.6198759739e+61   2.2246274585e-24   5.1872005157e-14   2.8266579301e+00   2.0000000000e-02 
  1.7742695462e+21   1.9325342082e+18   7.6366543053e+61   2.2245927185e-24   5.1871473628e-14   3.8394728902e-01   2.0000000000e-02 
  1.7762020853e+21   1.9325391282e+18   7.6533276298e+61   2.2245880000e-24   5.1871401416e-14   5.2068012969e-02   2.0000000000e-02 
  1.7781346251e+21   1.9325397953e+18   7.6700023235e+61   2.2245873604e-24   5.1871391626e-14   7.0591199306e-03   2.0000000000e-02 
  1.7800671650e+21   1.9325398856e+18   7.6866928775e+61   2.2245872738e-24   5.1871390301e-14   9.4854956538e-04   2.0000000000e-02 
  1.7819997049e+21   1.9325399000e+18   7.7034012701e+61   2.2245872597e-24   5.1871390087e-14   1.0433050074e-04   2.0000000000e-02 
  1.7839322448e+21   1.9325399000e+18   7.7201277451e+61   2.2245872599e-24   5.1871390087e-14   8.9147493450e-06   2.0000000000e-02 
  1.7858647848e+21   1.9325400000e+18   7.7368727604e+61   2.2245872600e-24   5.1871390088e-14   4.1261347067e-06   2.0000000000e-02 
  1.7877973247e+21   1.9325399000e+18   7.7536351145e+61   2.2245872600e-24   5.1871390088e-14   4.0434926852e-06   2.0000000000e-02 
  1.7897298646e+21   1.9325399000e+18   7.7704160080e+61   2.2245872600e-24   5.1871390088e-14   4.0030758221e-06   2.0000000000e-02 
  1.7916624045e+21   1.9325399000e+18   7.7872150410e+61   2.2245872600e-24   5.1871390088e-14   3.9182861345e-06   2.0000000000e-02 
  1.7935949444e+21   1.9325399000e+18   7.8040322135e+61   2.2245872600e-24   5.1871390088e-14   3.6315783506e-06   2.0000000000e-02 
  1.7955274843e+21   1.9325399000e+18   7.8208675255e+61   2.2245872600e-24   5.1871390088e-14   3.2079523383e-06   2.0000000000e-02 
  1.7974600242e+21   1.9325399000e+18   7.8377209770e+61   2.2245872600e-24   5.1871390088e-14   3.0300021961e-06   2.0000000000e-02 
  1.7993925641e+21   1.9325399000e+18   7.8545925680e+61   2.2245872600e-24   5.1871390088e-14   3.0218681695e-06   2.0000000000e-02 
  1.8013251040e+21   1.9325399000e+18   7.8714822985e+61   2.2245872600e-24   5.1871390088e-14   3.0196776116e-06   2.0000000000e-02 
  1.8032576439e+21   1.9325399000e+18   7.8883901685e+61   2.2245872600e-24   5.1871390088e-14   2.9676089671e-06   2.0000000000e-02 
  1.8051901838e+21   1.9325399000e+18   7.9053161780e+61   2.2245872600e-24   5.1871390088e-14   2.9500208793e-06   2.0000000000e-02 
  1.8071227237e+21   1.9325399000e+18   7.9222603270e+61   2.2245872600e-24   5.1871390088e-14   2.9227291937e-06   2.0000000000e-02 
  1.8090552636e+21   1.9325399000e+18   7.9392226155e+61   2.2245872600e-24   5.1871390088e-14   2.8938100898e-06   2.0000000000e-02 
  1.8109878035e+21   1.9325399000e+18   7.9562030434e+61   2.2245872600e-24   5.1871390088e-14   2.9192641307e-06   2.0000000000e-02 
  1.8129203434e+21   1.9325399000e+18   7.9732016109e+61   2.2245872600e-24   5.1871390088e-14   2.9230545703e-06   2.0000000000e-02 
  1.8148528833e+21   1.9325399000e+18   7.9902183179e+61   2.2245872600e-24   5.1871390088e-14   2.9185795293e-06   2.0000000000e-02 
  1.8167854232e+21   1.9325399000e+18   8.0072531644e+61   2.2245872600e-24   5.1871390088e-14   2.9078354855e-06   2.0000000000e-02 
  1.8187179631e+21   1.9325399000e+18   8.0243061504e+61   2.2245872600e-24   5.1871390088e-14   2.8994833825e-06   2.0000000000e-02 
  1.8206505031e+21   1.9325400000e+18   8.0413776924e+61   2.2245872600e-24   5.1871390088e-14   2.8824517900e-06   2.0000000000e-02 
  1.8225830430e+21   1.9325399000e+18   8.0584665417e+61   2.2245872600e-24   5.1871390089e-14   2.8856404010e-06   2.0000000000e-02 
  1.8245155829e+21   1.9325399000e+18   8.0755739462e+61   2.2245872600e-24   5.1871390088e-14   2.8770755645e-06   2.0000000000e-02 
  1.8264481228e+21   1.9325399000e+18   8.0926994902e+61   2.2245872600e-24   5.1871390088e-14   2.6308763471e-06   2.0000000000e-02 
  1.8283806627e+21   1.9325399000e+18   8.1098431736e+61   2.2245872600e-24   5.1871390088e-14   2.1227307304e-06   2.0000000000e-02 
  1.8303132026e+21   1.9325399000e+18   8.1270049966e+61   2.2245872600e-24   5.1871390088e-14   1.3949178665e-06   2.0000000000e-02 
  1.8322457425e+21   1.9325399000e+18   8.1441849591e+61   2.2245872600e-24   5.1871390088e-14   1.8983516569e-07   2.0000000000e-02 
  1.8341782824e+21   1.9325399000e+18   8.1613830610e+61   2.2245872600e-24   5.1871390088e-14  -6.3091762606e-07   2.0000000000e-02 
  1.8361108223e+21   1.9325399000e+18   8.1785993025e+61   2.2245872600e-24   5.1871390088e-14  -1.0552623531e-06   2.0000000000e-02 
  1.8380433622e+21   1.9325399000e+18   8.1958336835e+61   2.2245872600e-24   5.1871390088e-14  -1.2902624528e-06   2.0000000000e-02 
  1.8399759021e+21   1.9325399000e+18   8.2130862039e+61   2.2245872600e-24   5.1871390088e-14  -1.2257041619e-06   2.0000000000e-02 
  1.8419084420e+21   1.9325399000e+18   8.2303568639e+61   2.2245872600e-24   5.1871390088e-14  -6.3652808915e-07   2.0000000000e-02 
  1.8438409819e+21   1.9325399000e+18   8.2476456633e+61   2.2245872600e-24   5.1871390088e-14  -1.3292976161e-07   2.0000000000e-02 
  1.8457735218e+21   1.9325399000e+18   8.2649526023e+61   2.2245872600e-24   5.1871390088e-14  -4.4285279871e-08   2.0000000000e-02 
  1.8477060617e+21   1.9325399000e+18   8.2822776807e+61   2.2245872600e-24   5.1871390088e-14  -5.3514575699e-08   2.0000000000e-02 
  1.8496386016e+21   1.9325399000e+18   8.2996208987e+61   2.2245872600e-24   5.1871390089e-14   1.1682447215e-08   2.0000000000e-02 
  1.8515711415e+21   1.9325399000e+18   8.3169822561e+61   2.2245872600e-24   5.1871390089e-14   3.4096408860e-08   2.0000000000e-02 
  1.8535036815e+21   1.9325400000e+18   8.3343621848e+61   2.2245872600e-24   5.1871390089e-14  -2.4344130757e-08   2.0000000000e-02 
  1.8554362214e+21   1.9325399000e+18   8.3517593904e+61   2.2245872600e-24   5.1871390089e-14   1.1092668269e-07   2.0000000000e-02 
  1.8573687613e+21   1.9325399000e+18   8.3691751664e+61   2.2245872600e-24   5.1871390089e-14   1.4975657305e-07   2.0000000000e-02 
  1.8593013012e+21   1.9325399000e+18   8.3866090818e+61   2.2245872600e-24   5.1871390089e-14  -4.8855545362e-08   2.0000000000e-02 
  1.8612338411e+21   1.9325399000e+18   8.4040611368e+61   2.2245872600e-24   5.1871390089e-14  -3.6244569246e-07   2.0000000000e-02 
  1.8631663810e+21   1.9325399000e+18   8.4215313312e+61   2.2245872600e-24   5.1871390089e-14  -8.4671271471e-07   2.0000000000e-02 
  1.8650989209e+21   1.9325399000e+18   8.4390196651e+61   2.2245872600e-24   5.1871390089e-14  -1.4037591966e-06   2.0000000000e-02 
  1.8670314608e+21   1.9325399000e+18   8.4565261386e+61   2.2245872600e-24   5.1871390089e-14  -1.7036715023e-06   2.0000000000e-02 
  1.8689640007e+21   1.9325399000e+18   8.4740507515e+61   2.2245872600e-24   5.1871390089e-14  -1.8130560492e-06   2.0000000000e-02 
  1.8708965406e+21   1.9325399000e+18   8.4915935039e+61   2.2245872600e-24   5.1871390089e-14  -1.4386155026e-06   2.0000000000e-02 
  1.8728290805e+21   1.9325399000e+18   8.5091543959e+61   2.2245872600e-24   5.1871390089e-14  -7.1477104781e-07   2.0000000000e-02 
  1.8747616204e+21   1.9325399000e+18   8.5267334273e+61   2.2245872600e-24   5.1871390090e-14   3.5230093720e-08   2.0000000000e-02 
  1.8766941603e+21   1.9325399000e+18   8.5443305982e+61   2.2245872600e-24   5.1871390090e-14   5.3520760286e-07   2.0000000000e-02 
  1.8786267002e+21   1.9325399000e+18   8.5619459086e+61   2.2245872600e-24   5.1871390090e-14   9.4607132836e-07   2.0000000000e-02 
  1.8805592401e+21   1.9325399000e+18   8.5795793586e+61   2.2245872600e-24   5.1871390090e-14   1.1687804690e-06   2.0000000000e-02 
  1.8824917800e+21   1.9325399000e+18   8.5972309480e+61   2.2245872600e-24   5.1871390090e-14   1.2595485985e-06   2.0000000000e-02 
  1.8844243199e+21   1.9325399000e+18   8.6149006769e+61   2.2245872600e-24   5.1871390090e-14   1.3686704809e-06   2.0000000000e-02 
  1.8863568598e+21   1.9325399000e+18   8.6325885453e+61   2.2245872600e-24   5.1871390090e-14   1.5891089096e-06   2.0000000000e-02 
  1.8882893998e+21   1.9325400000e+18   8.6502950013e+61   2.2245872600e-24   5.1871390090e-14   1.7051509662e-06   2.0000000000e-02 
  1.8902219397e+21   1.9325399000e+18   8.6680187016e+61   2.2245872600e-24   5.1871390090e-14   1.6761227096e-06   2.0000000000e-02 
  1.8921544796e+21   1.9325399000e+18   8.6857609885e+61   2.2245872600e-24   5.1871390090e-14   1.7039231205e-06   2.0000000000e-02 
  1.8940870195e+21   1.9325399000e+18   8.7035214149e+61   2.2245872600e-24   5.1871390090e-14   1.8315808262e-06   2.0000000000e-02 
  1.8960195594e+21   1.9325399000e+18   8.7212999808e+61   2.2245872600e-24   5.1871390090e-14   1.9222362600e-06   2.0000000000e-02 
  1.8979520993e+21   1.9325399000e+18   8.7390966862e+61   2.2245872600e-24   5.1871390090e-14   1.9173336606e-06   2.0000000000e-02 
  1.8998846392e+21   1.9325399000e+18   8.7569115311e+61   2.2245872600e-24   5.1871390090e-14   1.8954529502e-06   2.0000000000e-02 
  1.9018171791e+21   1.9325399000e+18   8.7747445155e+61   2.2245872600e-24   5.1871390090e-14   1.9419545960e-06   2.0000000000e-02 
  1.9037497190e+21   1.9325399000e+18   8.7925956394e+61   2.2245872600e-24   5.1871390090e-14   2.0155264332e-06   2.0000000000e-02 
  1.9056822589e+21   1.9325399000e+18   8.8104649028e+61   2.2245872600e-24   5.1871390090e-14   2.1073451768e-06   2.0000000000e-02 
  1.9076147988e+21   1.9325399000e+18   8.8283523057e+61   2.2245872600e-24   5.1871390090e-14   2.0871942478e-06   2.0000000000e-02 
  1.9095473387e+21   1.9325399000e+18   8.8462578481e+61   2.2245872600e-24   5.1871390090e-14   2.0250104527e-06   2.0000000000e-02 
  1.9114798786e+21   1.9325399000e+18   8.8641815300e+61   2.2245872600e-24   5.1871390090e-14   2.0391127973e-06   2.0000000000e-02 
  1.9134124185e+21   1.9325399000e+18   8.8821233514e+61   2.2245872600e-24   5.1871390090e-14   1.8857114014e-06   2.0000000000e-02 
  1.9153449584e+21   1.9325399000e+18   8.9000833123e+61   2.2245872600e-24   5.1871390090e-14   1.5326897746e-06   2.0000000000e-02 
  1.9172774983e+21   1.9325399000e+18   8.9180614127e+61   2.2245872600e-24   5.1871390090e-14   1.3803519180e-06   2.0000000000e-02 
  1.9192100382e+21   1.9325399000e+18   8.9360576526e+61   2.2245872600e-24   5.1871390090e-14   1.3501940376e-06   2.0000000000e-02 
  1.9211425782e+21   1.9325400000e+18   8.9540724957e+61   2.2245872600e-24   5.1871390090e-14   1.3087331094e-06   2.0000000000e-02 
  1.9230751181e+21   1.9325399000e+18   8.9721045518e+61   2.2245872600e-24   5.1871390090e-14   1.2643591324e-06   2.0000000000e-02 
  1.9250076580e+21   1.9325399000e+18   8.9901552101e+61   2.2245872600e-24   5.1871390090e-14   1.2231268389e-06   2.0000000000e-02 
  1.9269401979e+21   1.9325399000e+18   9.0082240080e+61   2.2245872600e-24   5.1871390090e-14   1.1797516096e-06   2.0000000000e-02 
  1.9288727378e+21   1.9325399000e+18   9.0263109454e+61   2.2245872600e-24   5.1871390090e-14   1.1294322369e-06   2.0000000000e-02 
  1.9308052777e+21   1.9325399000e+18   9.0444160223e+61   2.2245872600e-24   5.1871390090e-14   1.0261906585e-06   2.0000000000e-02 
  1.9327378176e+21   1.9325399000e+18   9.0625392386e+61   2.2245872600e-24   5.1871390090e-14   5.6582484931e-07   2.0000000000e-02 
  1.9346703575e+21   1.9325399000e+18   9.0806805945e+61   2.2245872600e-24   5.1871390090e-14  -3.4479532128e-07   2.0000000000e-02 
  1.9366028974e+21   1.9325399000e+18   9.0988400899e+61   2.2245872600e-24   5.1871390091e-14  -9.8036350664e-07   2.0000000000e-02 
  1.9385354373e+21   1.9325399000e+18   9.1170177248e+61   2.2245872600e-24   5.1871390091e-14  -1.1271461195e-06   2.0000000000e-02 
  1.9404679772e+21   1.9325399000e+18   9.1352134991e+61   2.2245872600e-24   5.1871390091e-14  -1.1696372436e-06   2.0000000000e-02 
  1.9424005171e+21   1.9325399000e+18   9.1534274130e+61   2.2245872600e-24   5.1871390091e-14  -1.1822759676e-06   2.0000000000e-02 
  1.9443330570e+21   1.9325399000e+18   9.1716594664e+61   2.2245872600e-24   5.1871390091e-14  -1.1867116592e-06   2.0000000000e-02 
  1.9462655969e+21   1.9325399000e+18   9.1899096592e+61   2.2245872600e-24   5.1871390091e-14  -1.1908233459e-06   2.0000000000e-02 
  1.9481981368e+21   1.9325399000e+18   9.2081779916e+61   2.2245872600e-24   5.1871390091e-14  -1.1930785475e-06   2.0000000000e-02 
  1.9501306767e+21   1.9325399000e+18   9.2264644634e+61   2.2245872600e-24   5.1871390091e-14  -1.1853636889e-06   2.0000000000e-02 
  1.9520632166e+21   1.9325399000e+18   9.2447690748e+61   2.2245872600e-24   5.1871390091e-14  -1.1790321900e-06   2.0000000000e-02 
  1.9539957565e+21   1.9325399000e+18   9.2630918256e+61   2.2245872600e-24   5.1871390091e-14  -1.1786673190e-06   2.0000000000e-02 
  1.9559282965e+21   1.9325400000e+18   9.2814331967e+61   2.2245872600e-24   5.1871390091e-14  -1.1799631603e-06   2.0000000000e-02 
  1.9578608364e+21   1.9325399000e+18   9.2997917468e+61   2.2245872600e-24   5.1871390091e-14  -1.1790725555e-06   2.0000000000e-02 
  1.9597933763e+21   1.9325399000e+18   9.3181689161e+61   2.2245872600e-24   5.1871390091e-14  -1.1948030995e-06   2.0000000000e-02 
  1.9617259162e+21   1.9325399000e+18   9.3365642250e+61   2.2245872600e-24   5.1871390091e-14  -1.2014399363e-06   2.0000000000e-02 
  1.9636584561e+21   1.9325399000e+18   9.3549776733e+61   2.2245872600e-24   5.1871390091e-14  -1.2042134107e-06   2.0000000000e-02 
  1.9655909960e+21   1.9325399000e+18   9.3734092612e+61   2.2245872600e-24   5.1871390091e-14  -1.1966602450e-06   2.0000000000e-02 
  1.9675235359e+21   1.9325399000e+18   9.3918589885e+61   2.2245872600e-24   5.1871390091e-14  -1.1706873184e-06   2.0000000000e-02 
  1.9694560758e+21   1.9325399000e+18   9.4103268554e+61   2.2245872600e-24   5.1871390091e-14  -1.0457849923e-06   2.0000000000e-02 
  1.9713886157e+21   1.9325399000e+18   9.4288128617e+61   2.2245872600e-24   5.1871390091e-14  -5.4534551179e-07   2.0000000000e-02 
  1.9733211556e+21   1.9325399000e+18   9.4473170075e+61   2.2245872600e-24   5.1871390091e-14   1.0735879436e-08   2.0000000000e-02 
  1.9752536955e+21   1.9325399000e+18   9.4658392929e+61   2.2245872600e-24   5.1871390091e-14   1.5949669985e-07   2.0000000000e-02 
  1.9771862354e+21   1.9325399000e+18   9.4843797177e+61   2.2245872600e-24   5.1871390091e-14   1.0334737256e-07   2.0000000000e-02 
  1.9791187753e+21   1.9325399000e+18   9.5029382820e+61   2.2245872600e-24   5.1871390091e-14   0.0000000000e+00   2.0000000000e-02 
