# time = 3.527675e+15 [s] 
# r                  dr                 dV                 Density            Pressure           Velocity           Z
  2.1304517832e+18   2.1304517832e+18   4.0504543150e+55   3.8992095709e-31   3.4588331174e-14   0.0000000000e+00   9.9248591688e-02 
  2.6219087212e+18   4.9145693798e+17   3.4994476734e+55   3.8992095709e-31   3.4588331174e-14   2.3923256442e+04   9.9248591688e-02 
  3.5120224634e+18   8.9011374223e+17   1.0595243906e+56   3.8996376749e-31   3.4589779538e-14   4.4012485898e+04   9.9248591688e-02 
  4.4692066911e+18   9.5718422765e+17   1.9246960449e+56   3.9007918477e-31   3.4590915315e-14   7.4553000071e+04   9.9248591688e-02 
  4.9330089839e+18   4.6380229282e+17   1.2891258097e+56   3.9020006217e-31   3.4592047685e-14   9.2288698145e+04   9.9248591688e-02 
  5.3423493708e+18   4.0934038689e+17   1.3584951815e+56   3.9034333490e-31   3.4592876011e-14   1.0176450849e+05   9.9248591688e-02 
  6.0505964552e+18   7.0824708445e+17   2.8917838087e+56   3.9058824868e-31   3.4593986937e-14   1.1311004879e+05   9.9248591688e-02 
  6.6989579269e+18   6.4836147165e+17   3.3138381834e+56   3.9100270225e-31   3.4595206028e-14   1.2504451376e+05   9.9248591688e-02 
  7.5679202623e+18   8.6896233543e+17   5.5634660295e+56   3.9155112880e-31   3.4596476858e-14   1.3652523064e+05   9.9248591688e-02 
  8.4148745081e+18   8.4695424586e+17   6.8033308846e+56   3.9235254505e-31   3.4597863000e-14   1.4830905087e+05   9.9248591688e-02 
  9.4733585364e+18   1.0584840283e+18   1.0653091198e+57   3.9331873015e-31   3.4599454505e-14   1.6051984728e+05   9.9248591688e-02 
  1.0572232530e+19   1.0988739934e+18   1.3885781110e+57   3.9461330522e-31   3.4601382592e-14   1.7383710284e+05   9.9248591688e-02 
  1.1870058523e+19   1.2978259929e+18   2.0558176077e+57   3.9618961428e-31   3.4603870994e-14   1.8831849849e+05   9.9248591688e-02 
  1.3264042634e+19   1.3939841111e+18   2.7693604442e+57   3.9817258371e-31   3.4606575295e-14   2.0542540636e+05   9.9248591688e-02 
  1.4857839424e+19   1.5937967899e+18   3.9640244362e+57   4.0061339759e-31   3.4609342802e-14   2.2411657109e+05   9.9248591688e-02 
  1.6653172157e+19   1.7953327336e+18   5.6064658773e+57   4.0361822828e-31   3.4612147087e-14   2.4426182479e+05   9.9248591688e-02 
  1.8655684192e+19   2.0025120347e+18   7.8515914882e+57   4.0728440343e-31   3.4614954276e-14   2.6387312519e+05   9.9248591688e-02 
  2.0914809243e+19   2.2591250512e+18   1.1125119026e+58   4.1176689550e-31   3.4617965547e-14   2.8267962601e+05   9.9248591688e-02 
  2.3365281218e+19   2.4504719746e+18   1.5109835429e+58   4.1697269420e-31   3.4621445313e-14   3.0190984008e+05   9.9248591688e-02 
  2.6149831447e+19   2.7845502298e+18   2.1470297100e+58   4.2329104864e-31   3.4624435478e-14   3.2678931011e+05   9.9248591688e-02 
  2.9142671596e+19   2.9928401483e+18   2.8773309458e+58   4.3066882130e-31   3.4626913307e-14   3.5541504739e+05   9.9248591688e-02 
  3.2613931224e+19   3.4712596285e+18   4.1635223274e+58   4.3958590833e-31   3.4629216477e-14   3.8426026767e+05   9.9248591688e-02 
  3.6301412598e+19   3.6874813739e+18   5.5071363934e+58   4.4993905001e-31   3.4631856565e-14   4.1197649969e+05   9.9248591688e-02 
  4.0480414014e+19   4.1790014163e+18   7.7476125619e+58   4.6214848238e-31   3.4634100673e-14   4.4571919179e+05   9.9248591688e-02 
  4.4923672866e+19   4.4432588518e+18   1.0190616502e+59   4.7620267754e-31   3.4635284004e-14   4.8825574408e+05   9.9248591688e-02 
  4.9999587408e+19   5.0759145418e+18   1.4382130275e+59   4.9278698869e-31   3.4635695692e-14   5.3908997095e+05   9.9248591688e-02 
  5.4982212544e+19   4.9826251358e+18   1.7264821583e+59   5.1109677288e-31   3.4634968555e-14   5.9484020493e+05   9.9248591688e-02 
  6.2500705933e+19   7.5184933887e+18   3.2645448178e+59   5.3567616603e-31   3.4632617270e-14   6.6169552102e+05   9.9248591688e-02 
  7.3733956082e+19   1.1233250150e+19   6.5646815162e+59   5.7386848869e-31   3.4628669609e-14   7.5104180295e+05   9.9248591688e-02 
  7.7954052786e+19   4.2200967038e+18   3.0513133612e+59   6.0666321864e-31   3.4626065331e-14   8.1915662476e+05   9.9248591688e-02 
  8.1769567772e+19   3.8155149860e+18   3.0586087762e+59   6.2537544037e-31   3.4626428109e-14   8.4716866237e+05   9.9248591688e-02 
  8.5758123055e+19   3.9885552827e+18   3.5173917730e+59   6.4573933580e-31   3.4628064869e-14   8.6611788058e+05   9.9248591688e-02 
  9.0015998585e+19   4.2578755300e+18   4.1336875235e+59   6.6963207017e-31   3.4630836709e-14   8.7817161557e+05   9.9248591688e-02 
  9.3961029677e+19   3.9450310919e+18   4.1955998438e+59   6.9574599616e-31   3.4634639216e-14   8.9264206646e+05   9.9248591688e-02 
  9.8999890363e+19   5.0388606863e+18   5.8954865296e+59   7.2736779468e-31   3.4634869598e-14   9.1609040000e+05   9.9248591688e-02 
  1.0394035724e+20   4.9404668754e+18   6.3935199252e+59   7.6548350679e-31   3.4634206212e-14   9.4417899214e+05   9.9248591688e-02 
  1.0870408816e+20   4.7637309233e+18   6.7682723657e+59   8.0579796422e-31   3.4631052683e-14   9.7727473822e+05   9.9248591688e-02 
  1.1326892518e+20   4.5648370217e+18   7.0670265551e+59   8.4808188415e-31   3.4628543361e-14   1.0071878699e+06   9.9248591688e-02 
  1.1888319241e+20   5.6142672259e+18   9.5076439286e+59   8.9895449168e-31   3.4625129684e-14   1.0368154467e+06   9.9248591688e-02 
  1.2454672774e+20   5.6635353316e+18   1.0545416866e+60   9.6006833780e-31   3.4624940378e-14   1.0674477563e+06   9.9248591688e-02 
  1.2999671212e+20   5.4499843830e+18   1.1095204381e+60   1.0251873962e-30   3.4625643703e-14   1.0994417829e+06   9.9248591688e-02 
  1.3543839500e+20   5.4416828713e+18   1.2046493945e+60   1.0946330752e-30   3.4626182064e-14   1.1429872149e+06   9.9248591688e-02 
  1.4187431027e+20   6.4359152794e+18   1.5551693639e+60   1.1773737572e-30   3.4624340344e-14   1.2024652152e+06   9.9248591688e-02 
  1.4834870773e+20   6.4743974556e+18   1.7135034195e+60   1.2743131032e-30   3.4620412871e-14   1.2751334580e+06   9.9248591688e-02 
  1.5455359485e+20   6.2048871179e+18   1.7887500135e+60   1.3778641529e-30   3.4616143501e-14   1.3443322755e+06   9.9248591688e-02 
  1.6122520330e+20   6.6716084496e+18   2.0903113158e+60   1.4928467496e-30   3.4613040145e-14   1.3991446988e+06   9.9248591688e-02 
  1.6882427972e+20   7.5990764206e+18   2.6010310248e+60   1.6312816934e-30   3.4607382127e-14   1.4627872534e+06   9.9248591688e-02 
  1.7625430451e+20   7.4300247902e+18   2.7799901591e+60   1.7890858062e-30   3.4595545231e-14   1.5406811167e+06   9.9248591688e-02 
  1.8278695759e+20   6.5326530858e+18   2.6459163722e+60   1.9492628340e-30   3.4586019659e-14   1.6041619613e+06   9.9248591688e-02 
  1.9137102052e+20   8.5840629298e+18   3.7759738334e+60   2.1410147669e-30   3.4574625430e-14   1.6737860606e+06   9.9248591688e-02 
  2.0179477618e+20   1.0423755654e+19   5.0632258302e+60   2.4017222127e-30   3.4561472844e-14   1.7615559989e+06   9.9248591688e-02 
  2.1238888652e+20   1.0594110341e+19   5.7107742841e+60   2.7126483076e-30   3.4546807546e-14   1.8471588312e+06   9.9248591688e-02 
  2.2213925950e+20   9.7503729849e+18   5.7846862852e+60   3.0405676463e-30   3.4538733098e-14   1.9268292261e+06   9.9248591688e-02 
  2.3419093608e+20   1.2051676579e+19   7.8859989584e+60   3.4199163756e-30   3.4523302809e-14   2.0186891244e+06   9.9248591688e-02 
  2.4469444241e+20   1.0503506329e+19   7.5686245923e+60   3.8501592506e-30   3.4499732393e-14   2.1275432747e+06   9.9248591688e-02 
  2.6015062816e+20   1.5456185745e+19   1.2379528700e+61   4.3807433377e-30   3.4469169725e-14   2.2508190092e+06   9.9248591688e-02 
  2.7124135674e+20   1.1090728579e+19   9.8401791246e+60   4.9684225348e-30   3.4436320857e-14   2.3667859036e+06   9.9248591688e-02 
  2.8116787068e+20   9.9265139413e+18   9.5173320308e+60   5.4708422253e-30   3.4408865478e-14   2.4539780654e+06   9.9248591688e-02 
  2.9162612071e+20   1.0458250031e+19   1.0780876160e+61   5.9671254398e-30   3.4381058827e-14   2.5367090536e+06   9.9248591688e-02 
  3.0122980060e+20   9.6036798917e+18   1.0605321971e+61   6.4269821286e-30   3.4353403983e-14   2.6159189973e+06   9.9248591688e-02 
  3.1566704143e+20   1.4437240830e+19   1.7263881583e+61   6.8771445637e-30   3.4320552281e-14   2.7059060889e+06   9.9248591688e-02 
  3.3059045063e+20   1.4923409196e+19   1.9584220481e+61   7.4019243536e-30   3.4280859522e-14   2.8095806812e+06   9.9248591688e-02 
  3.4038926951e+20   9.7988188808e+18   1.3860320222e+61   7.7814847586e-30   3.4248285398e-14   2.8912531515e+06   9.9248591688e-02 
  3.4960244903e+20   9.2131795244e+18   1.3780753757e+61   8.0375474837e-30   3.4223318983e-14   2.9491491830e+06   9.9248591688e-02 
  3.6467030990e+20   1.5067860866e+19   2.4154278327e+61   8.2841294588e-30   3.4189931291e-14   3.0182878449e+06   9.9248591688e-02 
  3.8148048118e+20   1.6810171288e+19   2.9406862453e+61   8.5625337000e-30   3.4142090299e-14   3.1051821866e+06   9.9248591688e-02 
  3.9932618015e+20   1.7845698964e+19   3.4185825345e+61   8.8107481506e-30   3.4087075410e-14   3.1974223731e+06   9.9248591688e-02 
  4.0931385524e+20   9.9876750895e+18   2.0518558207e+61   8.9780118225e-30   3.4035075530e-14   3.2751364620e+06   9.9248591688e-02 
  4.1892259439e+20   9.6087391534e+18   2.0708299581e+61   9.0650128013e-30   3.3996020230e-14   3.3283643733e+06   9.9248591688e-02 
  4.3565843462e+20   1.6735840232e+19   3.8402491871e+61   9.1352448252e-30   3.3941938068e-14   3.3910983165e+06   9.9248591688e-02 
  4.5450518493e+20   1.8846750307e+19   4.6923556278e+61   9.2033417657e-30   3.3867800384e-14   3.4594077888e+06   9.9248591688e-02 
  4.7098897509e+20   1.6483790163e+19   4.4360888489e+61   9.2521231797e-30   3.3793551075e-14   3.5003519285e+06   9.9248591688e-02 
  4.7979020637e+20   8.8012312808e+18   2.4995684738e+61   9.2749925124e-30   3.3743085633e-14   3.5168250947e+06   9.9248591688e-02 
  4.8856236790e+20   8.7721615269e+18   2.5842551783e+61   9.2831415243e-30   3.3708466932e-14   3.5222708323e+06   9.9248591688e-02 
  5.0621457495e+20   1.7652207046e+19   5.4884016702e+61   9.2817281136e-30   3.3653729001e-14   3.5262491804e+06   9.9248591688e-02 
  5.2106142523e+20   1.4846850285e+19   4.9225339839e+61   9.2686714820e-30   3.3582513467e-14   3.5295286818e+06   9.9248591688e-02 
  5.3072220279e+20   9.6607775561e+18   3.3575847289e+61   9.2511650995e-30   3.3526522702e-14   3.5338535270e+06   9.9248591688e-02 
  5.3871753730e+20   7.9953345086e+18   2.8728122178e+61   9.2301400996e-30   3.3481259367e-14   3.5436462999e+06   9.9248591687e-02 
  5.4558775786e+20   6.8702205623e+18   2.5376371380e+61   9.2060942544e-30   3.3441357815e-14   3.5545993923e+06   9.9248591685e-02 
  5.6269502646e+20   1.7107268599e+19   6.6018585071e+61   9.1565506735e-30   3.3376000641e-14   3.5740830884e+06   9.9248591674e-02 
  5.7370507000e+20   1.1010043538e+19   4.4669904230e+61   9.0925163858e-30   3.3296414702e-14   3.6005191643e+06   9.9248591641e-02 
  5.7650452419e+20   2.7994541954e+18   1.1635312925e+61   9.0577147779e-30   3.3259620083e-14   3.6101040060e+06   9.9248591570e-02 
  5.7881133067e+20   2.3068064732e+18   9.6730421016e+60   9.0400273764e-30   3.3246786798e-14   3.6120918465e+06   9.9248590836e-02 
  5.8703616564e+20   8.2248349711e+18   3.5121071653e+61   8.9923532753e-30   3.3222112863e-14   3.6145373700e+06   9.9248588492e-02 
  5.9470859685e+20   7.6724312153e+18   3.3661723686e+61   8.9152236937e-30   3.3184870315e-14   3.6147988270e+06   9.9248578416e-02 
  6.0298561094e+20   8.2770140913e+18   3.7301163585e+61   8.8340965006e-30   3.3151970507e-14   3.6074141691e+06   9.9248538996e-02 
  6.2015319747e+20   1.7167586525e+19   8.0693606706e+61   8.6991093377e-30   3.3106751727e-14   3.5821628464e+06   9.9248427162e-02 
  6.3445302588e+20   1.4299828415e+19   7.0715461531e+61   8.5288598130e-30   3.3057382154e-14   3.5380213345e+06   9.9248193651e-02 
  6.4802170047e+20   1.3568674591e+19   7.0113417267e+61   8.3737341629e-30   3.3018893435e-14   3.4879412646e+06   9.9247889850e-02 
  6.6555704458e+20   1.7535344103e+19   9.5060958119e+61   8.1908272389e-30   3.2975104799e-14   3.4220363727e+06   9.9247041621e-02 
  6.8171192395e+20   1.6154879371e+19   9.2126170690e+61   7.9811687997e-30   3.2922615564e-14   3.3484659956e+06   9.9244798447e-02 
  6.9731933632e+20   1.5607412375e+19   9.3249721303e+61   7.7661998713e-30   3.2866030173e-14   3.2825523904e+06   9.9238805703e-02 
  7.1243643751e+20   1.5117101187e+19   9.4389308074e+61   7.5386957198e-30   3.2807045599e-14   3.2199779247e+06   9.9220258690e-02 
  7.2936088869e+20   1.6924451175e+19   1.1053322599e+62   7.2766013039e-30   3.2743957496e-14   3.1523823836e+06   9.9144618111e-02 
  7.4348253672e+20   1.4121648033e+19   9.6241354050e+61   6.9998277619e-30   3.2685492757e-14   3.0811018923e+06   9.8879675306e-02 
  7.5155334168e+20   8.0708049624e+18   5.6672735281e+61   6.7815474149e-30   3.2645639121e-14   3.0274403173e+06   9.8442029453e-02 
  7.5846905555e+20   6.9157138704e+18   4.9540080007e+61   6.6114296944e-30   3.2618725753e-14   2.9905146596e+06   9.7593656120e-02 
  7.6766003537e+20   9.1909798183e+18   6.7251113190e+61   6.4007790666e-30   3.2589199613e-14   2.9522324294e+06   9.6984423927e-02 
  7.7135373864e+20   3.6937032687e+18   2.7485125465e+61   6.2166189556e-30   3.2565191567e-14   2.9224757320e+06   9.6709222385e-02 
  7.7305746324e+20   1.7037245993e+18   1.2766602277e+61   6.1289342476e-30   3.2554925434e-14   2.9105464565e+06   9.6619762699e-02 
  7.7571477869e+20   2.6573154504e+18   2.0024815537e+61   6.0657208520e-30   3.2546419976e-14   2.9011976951e+06   9.6589486504e-02 
  7.8235152406e+20   6.6367453761e+18   5.0615033087e+61   5.9649166889e-30   3.2528100336e-14   2.8819810671e+06   9.6584146746e-02 
  7.8767276720e+20   5.3212431303e+18   4.1207605747e+61   5.8516738191e-30   3.2504390947e-14   2.8582424214e+06   9.6581989802e-02 
  7.9148616242e+20   3.8133952212e+18   2.9875433502e+61   5.7789497061e-30   3.2486211590e-14   2.8410782129e+06   9.6581714137e-02 
  7.9500762765e+20   3.5214652320e+18   2.7845225790e+61   5.7347040319e-30   3.2471632281e-14   2.8273537202e+06   9.6581674021e-02 
  7.9881241665e+20   3.8047889973e+18   3.0364060170e+61   5.7045745619e-30   3.2457191822e-14   2.8136000727e+06   9.6581671550e-02 
  8.0232078062e+20   3.5083639773e+18   2.8255964426e+61   5.6860406332e-30   3.2442966764e-14   2.7995511411e+06   9.6581671427e-02 
  8.1536929284e+20   1.3048512216e+19   1.0727806439e+62   5.6684200704e-30   3.2411970030e-14   2.7665231304e+06   9.6581671421e-02 
  8.2790620659e+20   1.2536913751e+19   1.0635788611e+62   5.6500247425e-30   3.2365561322e-14   2.7142170971e+06   9.6581671417e-02 
  8.3252258134e+20   4.6163747489e+18   3.9984581730e+61   5.6413214795e-30   3.2337419497e-14   2.6768043856e+06   9.6581671415e-02 
  8.3562921379e+20   3.1066324527e+18   2.7158850457e+61   5.6396233971e-30   3.2325961676e-14   2.6583160143e+06   9.6581671414e-02 
  8.3860313612e+20   2.9739223260e+18   2.6188547344e+61   5.6396520641e-30   3.2317168334e-14   2.6429432022e+06   9.6581671408e-02 
  8.4174645001e+20   3.1433138972e+18   2.7882866450e+61   5.6409701973e-30   3.2308551776e-14   2.6269679528e+06   9.6581671363e-02 
  8.5295416585e+20   1.1207715838e+19   1.0112517590e+62   5.6491963740e-30   3.2289290317e-14   2.5894592033e+06   9.6581671200e-02 
  8.6032120005e+20   7.3670341942e+18   6.7935937973e+61   5.6637139295e-30   3.2265266176e-14   2.5413873905e+06   9.6581670479e-02 
  8.6342921032e+20   3.1080102775e+18   2.9012259591e+61   5.6755584962e-30   3.2252372564e-14   2.5144213604e+06   9.6581668610e-02 
  8.6739523939e+20   3.9660290653e+18   3.7326095966e+61   5.6869733162e-30   3.2243807330e-14   2.4962505050e+06   9.6581649472e-02 
  8.7440344722e+20   7.0082078322e+18   6.6796715237e+61   5.7016595881e-30   3.2230874998e-14   2.4683030987e+06   9.6581587170e-02 
  8.8153288815e+20   7.1294409275e+18   6.9059791932e+61   5.7153120522e-30   3.2214637747e-14   2.4320129539e+06   9.6581092252e-02 
  8.9113713639e+20   9.6042482436e+18   9.4814181629e+61   5.7255014592e-30   3.2196640061e-14   2.3875327786e+06   9.6579727569e-02 
  9.0152313086e+20   1.0385994465e+19   1.0485733225e+62   5.7328584225e-30   3.2177367270e-14   2.3312832014e+06   9.6577254058e-02 
  9.1176261593e+20   1.0239485068e+19   1.0577063254e+62   5.7367735929e-30   3.2161022723e-14   2.2688822743e+06   9.6576120117e-02 
  9.2783721975e+20   1.6074603825e+19   1.7090230819e+62   5.7382402248e-30   3.2144392674e-14   2.1853701653e+06   9.6570940375e-02 
  9.4233000228e+20   1.4492782526e+19   1.5924698681e+62   5.7360494905e-30   3.2126333189e-14   2.0892104111e+06   9.6557258096e-02 
  9.5543735814e+20   1.3107355858e+19   1.4830569031e+62   5.7297892812e-30   3.2106609115e-14   2.0089829742e+06   9.6527779760e-02 
  9.6830720589e+20   1.2869847756e+19   1.4963203159e+62   5.7193982616e-30   3.2084099745e-14   1.9447426753e+06   9.6450186918e-02 
  9.8489774167e+20   1.6590535775e+19   1.9884577141e+62   5.7016701788e-30   3.2055921456e-14   1.8767820839e+06   9.6149142658e-02 
  9.9728653364e+20   1.2388791978e+19   1.5292290569e+62   5.6780300451e-30   3.2028576099e-14   1.8070153759e+06   9.5135779742e-02 
  1.0069438141e+21   9.6572805042e+18   1.2187183424e+62   5.6528856303e-30   3.2006580849e-14   1.7544832617e+06   9.1862809093e-02 
  1.0121482021e+21   5.2043879525e+18   6.6654998109e+61   5.6287852572e-30   3.1988713377e-14   1.7267155540e+06   8.8052879434e-02 
  1.0192360929e+21   7.0878907515e+18   9.1886737339e+61   5.5976469952e-30   3.1970244675e-14   1.7084802085e+06   8.1662296466e-02 
  1.0221154727e+21   2.8793798627e+18   3.7695085799e+61   5.5658656740e-30   3.1954518293e-14   1.6950672621e+06   7.6444897484e-02 
  1.0251514721e+21   3.0359994160e+18   3.9976136881e+61   5.5375384170e-30   3.1944857782e-14   1.6877127363e+06   7.3823941698e-02 
  1.0308457074e+21   5.6942352980e+18   7.5619085582e+61   5.4823635119e-30   3.1931003505e-14   1.6759866764e+06   7.3517671568e-02 
  1.0349481752e+21   4.1024677520e+18   5.5000874355e+61   5.4191645377e-30   3.1916096336e-14   1.6612812364e+06   7.3366991355e-02 
  1.0386243268e+21   3.6761516498e+18   4.9657196440e+61   5.3763977981e-30   3.1905343924e-14   1.6473068698e+06   7.3319604741e-02 
  1.0435468907e+21   4.9225638283e+18   6.7046315366e+61   5.3396415030e-30   3.1894680189e-14   1.6287382506e+06   7.3314161602e-02 
  1.0489174113e+21   5.3705206072e+18   7.3872590499e+61   5.3047396361e-30   3.1883521636e-14   1.6032088988e+06   7.3313104785e-02 
  1.0540188419e+21   5.1014305930e+18   7.0875302073e+61   5.2773874180e-30   3.1874175857e-14   1.5740408664e+06   7.3313017034e-02 
  1.0649097447e+21   1.0890902829e+19   1.5362087004e+62   5.2480344064e-30   3.1862330560e-14   1.5239022075e+06   7.3313012809e-02 
  1.0736262701e+21   8.7165254179e+18   1.2523589267e+62   5.2188241080e-30   3.1849284186e-14   1.4590947325e+06   7.3313011873e-02 
  1.0794638471e+21   5.8375769620e+18   8.5017429742e+61   5.2024512326e-30   3.1840592942e-14   1.4099079737e+06   7.3313011758e-02 
  1.0930996254e+21   1.3635778312e+19   2.0219967542e+62   5.1895508533e-30   3.1829509148e-14   1.3430433414e+06   7.3313011677e-02 
  1.1043506907e+21   1.1251065295e+19   1.7068110343e+62   5.1777596308e-30   3.1816246269e-14   1.2561009430e+06   7.3313011381e-02 
  1.1185766735e+21   1.4225982785e+19   2.2084553563e+62   5.1700975973e-30   3.1804011062e-14   1.1673005331e+06   7.3313009784e-02 
  1.1286785817e+21   1.0101908207e+19   1.6027324323e+62   5.1651231372e-30   3.1793095644e-14   1.0870356740e+06   7.3313002200e-02 
  1.1383377732e+21   9.6591915642e+18   1.5595617910e+62   5.1626587062e-30   3.1781677976e-14   1.0298766885e+06   7.3312946379e-02 
  1.1561665708e+21   1.7828797616e+19   2.9488890756e+62   5.1612564714e-30   3.1764079183e-14   9.5913180696e+05   7.3312817732e-02 
  1.1682899674e+21   1.2123396561e+19   2.0578844363e+62   5.1615890081e-30   3.1747772887e-14   8.8318590631e+05   7.3312572698e-02 
  1.1799374420e+21   1.1647474577e+19   2.0177414303e+62   5.1644535873e-30   3.1743393336e-14   8.1328849099e+05   7.3311672381e-02 
  1.1898835150e+21   9.9460730360e+18   1.7548303549e+62   5.1704450891e-30   3.1749514473e-14   7.3768538230e+05   7.3306683534e-02 
  1.1981276020e+21   8.2440870001e+18   1.4769536037e+62   5.1786003845e-30   3.1756361280e-14   6.7135316491e+05   7.3287421211e-02 
  1.2158918355e+21   1.7764233498e+19   3.2522633889e+62   5.1937653606e-30   3.1751082202e-14   6.0439345601e+05   7.3237938992e-02 
  1.2277698227e+21   1.1877987189e+19   2.2283237795e+62   5.2124713754e-30   3.1727703877e-14   5.6663670223e+05   7.3135796224e-02 
  1.2333270822e+21   5.5572595349e+18   1.0574716156e+62   5.2261525117e-30   3.1710346871e-14   5.6032107678e+05   7.2991086894e-02 
  1.2396591310e+21   6.3320487156e+18   1.2165738009e+62   5.2408901345e-30   3.1710563251e-14   5.3687832636e+05   7.2235954414e-02 
  1.2440587756e+21   4.3996446840e+18   8.5265328182e+61   5.2579468969e-30   3.1715704198e-14   5.0238315330e+05   7.1108778459e-02 
  1.2489054472e+21   4.8466715328e+18   9.4629402835e+61   5.2775704304e-30   3.1727654731e-14   4.5691646062e+05   6.9600158883e-02 
  1.2525203587e+21   3.6149114737e+18   7.1059654748e+61   5.2989350680e-30   3.1736704468e-14   4.1735298053e+05   6.8864683625e-02 
  1.2601816519e+21   7.6612932667e+18   1.5196209773e+62   5.3335393451e-30   3.1742029959e-14   3.7988303550e+05   6.8637035191e-02 
  1.2658181424e+21   5.6364904624e+18   1.1298635327e+62   5.3787962803e-30   3.1741548586e-14   3.4479686433e+05   6.8508572046e-02 
  1.2748255726e+21   9.0074301858e+18   1.8265860217e+62   5.4375450158e-30   3.1727412879e-14   3.3764209111e+05   6.8466477582e-02 
  1.2797491363e+21   4.9235637117e+18   1.0094090380e+62   5.5016876212e-30   3.1696763050e-14   3.6755840841e+05   6.8451662639e-02 
  1.2834293822e+21   3.6802459651e+18   7.5959959714e+61   5.5552218793e-30   3.1661962811e-14   4.1479584493e+05   6.8446553023e-02 
  1.2874173756e+21   3.9879934056e+18   8.2805089868e+61   5.6263968922e-30   3.1639429973e-14   4.3579967371e+05   6.8445233568e-02 
  1.2900988593e+21   2.6814836293e+18   5.5966480678e+61   5.7130367817e-30   3.1623497797e-14   4.4130775118e+05   6.8445119886e-02 
  1.2962379912e+21   6.1391319361e+18   1.2901132354e+62   5.8873742040e-30   3.1615696024e-14   4.3098454463e+05   6.8445118599e-02 
  1.3006546720e+21   4.4166808306e+18   9.3573808656e+61   6.1462017291e-30   3.1612969614e-14   4.0672295112e+05   6.8445224393e-02 
  1.3045993401e+21   3.9446680940e+18   8.4112553732e+61   6.4304178854e-30   3.1616234059e-14   3.7645431516e+05   6.8446011898e-02 
  1.3074128441e+21   2.8135040060e+18   6.0304257623e+61   6.7576110237e-30   3.1620802755e-14   3.4761744352e+05   6.8448172897e-02 
  1.3210843203e+21   1.3671476201e+19   2.9674555719e+62   7.9908099587e-30   3.1636545507e-14   2.6336483834e+05   6.8457317020e-02 
  1.3298073560e+21   8.7230356584e+18   1.9257639431e+62   1.0072893296e-29   3.1690655186e-14   9.9368700427e+04   6.8485119656e-02 
  1.3333894342e+21   3.5820781527e+18   7.9816321571e+61   1.1910067970e-29   3.1720710662e-14   1.9553299934e+04   6.8533189038e-02 
  1.3419152960e+21   8.5258618128e+18   1.9170619488e+62   1.5919096705e-29   3.1696499533e-14   2.7624222550e+04   6.8955002994e-02 
  1.3446791430e+21   2.7638470625e+18   6.2671235507e+61   2.1870936403e-29   3.1540794451e-14   1.2179581613e+05   7.0124372571e-02 
  1.3463790872e+21   1.6999441743e+18   3.8675040805e+61   2.8420861429e-29   3.1560947184e-14   7.9987749368e+04   7.2358532760e-02 
  1.3484772814e+21   2.0981941482e+18   4.7870380314e+61   4.2819299605e-29   3.1599358530e-14   3.1519115425e+04   7.4955367214e-02 
  1.3491653544e+21   6.8807301041e+17   1.5730888001e+61   6.5112200632e-29   3.1604744224e-14   7.5583375462e+03   7.3332801636e-02 
  1.3515577099e+21   2.3923554891e+18   5.4819592957e+61   1.5978171837e-28   3.1623710192e-14  -1.5666951844e+04   5.3097174495e-02 
  1.3525224117e+21   9.6470188516e+17   2.2160631364e+61   4.2366335307e-28   3.1649433775e-14  -3.6873906307e+04   3.3394162540e-02 
  1.3543923272e+21   1.8699155042e+18   4.3044838023e+61   1.9409596123e-27   3.1708985344e-14  -4.4642949358e+04   2.4880986277e-02 
  1.3555725850e+21   1.1802577202e+18   2.7230404057e+61   1.7434131975e-26   3.1717835126e-14  -5.1006101727e+04   2.1416221354e-02 
  1.3567603305e+21   1.1877455645e+18   2.7451071848e+61   4.7895350162e-26   3.1597718144e-14  -5.5894354029e+04   2.0424492497e-02 
  1.3575758053e+21   8.1547481327e+17   1.8875031918e+61   6.1810250230e-26   3.1525217378e-14  -5.7855253259e+04   2.0077462714e-02 
  1.3695385089e+21   1.1962703563e+19   2.7950442326e+62   6.7721627668e-26   3.2244752166e-14  -4.5344052029e+04   2.0050145115e-02 
  1.3784499804e+21   8.9114715244e+18   2.1141248802e+62   8.5212040346e-25   3.2812936591e-14  -3.6144607549e+04   2.0035476135e-02 
  1.3882819187e+21   9.8319383060e+18   2.3644220469e+62   8.8648408551e-25   3.3277933945e-14  -3.1331932888e+04   2.0032157998e-02 
  1.3988086140e+21   1.0526695265e+19   2.5688937420e+62   9.3888902242e-25   3.3989402278e-14  -2.5799353735e+04   2.0028743643e-02 
  1.4091528250e+21   1.0344210991e+19   2.5623089082e+62   9.8492573521e-25   3.4671695349e-14  -2.0762662350e+04   2.0028618795e-02 
  1.4242793756e+21   1.5126550638e+19   3.8152197219e+62   1.0491367643e-24   3.5603606487e-14  -1.5658375656e+04   2.0022770202e-02 
  1.4394457338e+21   1.5166358153e+19   3.9074901827e+62   1.1189852908e-24   3.6576324120e-14  -8.3478399804e+03   2.0022484659e-02 
  1.4584583302e+21   1.9012596453e+19   5.0160925637e+62   1.2242327256e-24   3.8121539318e-14   4.2637167846e+02   2.0014606907e-02 
  1.4714963102e+21   1.3037979976e+19   3.5162912734e+62   1.3341746903e-24   3.9739259220e-14   9.4356607146e+03   2.0005252816e-02 
  1.4815854733e+21   1.0089163131e+19   2.7641248532e+62   1.4241830880e-24   4.1013710333e-14   1.6022492644e+04   2.0001221714e-02 
  1.4914376539e+21   9.8521805657e+18   2.7357751503e+62   1.5051027441e-24   4.2149598593e-14   2.1592971349e+04   2.0000449395e-02 
  1.5015335862e+21   1.0095932324e+19   2.8412080594e+62   1.5919219282e-24   4.3404526737e-14   2.7198518636e+04   2.0000173797e-02 
  1.5114820224e+21   9.9484361414e+18   2.8373246458e+62   1.6881992745e-24   4.4763614061e-14   3.3081120613e+04   2.0000059565e-02 
  1.5209296233e+21   9.4476008818e+18   2.7292865032e+62   1.7928100508e-24   4.6205511782e-14   3.8869149928e+04   2.0000019192e-02 
  1.5297098370e+21   8.7802137474e+18   2.5670712786e+62   1.8982579590e-24   4.7625796279e-14   4.4423888109e+04   2.0000006009e-02 
  1.5377896348e+21   8.0797977745e+18   2.3884731386e+62   2.0040017967e-24   4.9084664404e-14   4.9768998173e+04   2.0000001769e-02 
  1.5453381838e+21   7.5485490583e+18   2.2542251044e+62   2.1254470572e-24   5.0521254092e-14   5.4942785146e+04   2.0000000505e-02 
  1.5523753782e+21   7.0371943919e+18   2.1214494215e+62   2.2322204958e-24   5.1957013237e-14   5.9443780284e+04   2.0000000135e-02 
  1.5590029999e+21   6.6276217000e+18   2.0156443220e+62   2.3390888606e-24   5.3352280453e-14   6.3718426953e+04   2.0000000035e-02 
  1.5650830703e+21   6.0800704120e+18   1.8642536867e+62   2.4429548222e-24   5.4686747982e-14   6.7607088101e+04   2.0000000008e-02 
  1.5706275864e+21   5.5445160282e+18   1.7127182779e+62   2.5352619851e-24   5.5855242604e-14   7.0818740096e+04   2.0000000002e-02 
  1.5758904578e+21   5.2628714435e+18   1.6369427566e+62   2.6180102161e-24   5.6904918241e-14   7.3564985422e+04   2.0000000000e-02 
  1.5809380226e+21   5.0475647601e+18   1.5802802577e+62   2.6983749230e-24   5.7959925710e-14   7.6089955342e+04   2.0000000000e-02 
  1.5856334762e+21   4.6954536303e+18   1.4791299948e+62   2.7778576565e-24   5.8992471393e-14   7.8525937712e+04   2.0000000000e-02 
  1.5900942307e+21   4.4607544664e+18   1.4133346078e+62   2.8561280952e-24   5.9999265468e-14   8.0856095137e+04   2.0000000000e-02 
  1.5943813502e+21   4.2871195181e+18   1.3658140381e+62   2.9341097735e-24   6.0993052639e-14   8.3114766336e+04   2.0000000000e-02 
  1.5985224458e+21   4.1410955650e+18   1.3262855425e+62   3.0124130382e-24   6.1981707905e-14   8.5307333594e+04   2.0000000000e-02 
  1.6029586781e+21   4.4362323138e+18   1.4284542077e+62   3.0950815852e-24   6.3015812237e-14   8.7555434073e+04   2.0000000000e-02 
  1.6075523746e+21   4.5936965142e+18   1.4875131293e+62   3.1853095599e-24   6.4133605531e-14   8.9937637232e+04   2.0000000000e-02 
  1.6119254678e+21   4.3730931930e+18   1.4239992259e+62   3.2789804599e-24   6.5282751306e-14   9.2307716595e+04   2.0000000000e-02 
  1.6161652968e+21   4.2398290687e+18   1.3880015311e+62   3.3718394079e-24   6.6411518965e-14   9.4579402650e+04   2.0000000000e-02 
  1.6203673330e+21   4.2020361522e+18   1.3828334644e+62   3.4608543745e-24   6.7484414945e-14   9.6678753324e+04   2.0000000000e-02 
  1.6245335914e+21   4.1662584059e+18   1.3781585905e+62   3.5460987188e-24   6.8503964991e-14   9.8586497619e+04   2.0000000000e-02 
  1.6285804092e+21   4.0468177733e+18   1.3454337291e+62   3.6280499809e-24   6.9509165460e-14   1.0037637299e+05   2.0000000000e-02 
  1.6323208801e+21   3.7404709241e+18   1.2495442815e+62   3.7085363276e-24   7.0508982092e-14   1.0208233456e+05   2.0000000000e-02 
  1.6359007749e+21   3.5798948488e+18   1.2012774463e+62   3.7867732483e-24   7.1474492530e-14   1.0375660923e+05   2.0000000000e-02 
  1.6393172619e+21   3.4164869405e+18   1.1513575925e+62   3.8664395873e-24   7.2451417046e-14   1.0539389918e+05   2.0000000000e-02 
  1.6424052686e+21   3.0880067322e+18   1.0447970958e+62   3.9430112503e-24   7.3384567396e-14   1.0698883879e+05   2.0000000000e-02 
  1.6453515946e+21   2.9463259891e+18   1.0005301303e+62   4.0184245682e-24   7.4299386052e-14   1.0850399302e+05   2.0000000000e-02 
  1.6482478873e+21   2.8962927228e+18   9.8703830943e+61   4.0941517298e-24   7.5211699615e-14   1.1003054144e+05   2.0000000000e-02 
  1.6510956401e+21   2.8477528094e+18   9.7388425096e+61   4.1725051425e-24   7.6150348141e-14   1.1156375175e+05   2.0000000000e-02 
  1.6538168616e+21   2.7212215044e+18   9.3375684188e+61   4.2511969682e-24   7.7087708300e-14   1.1309572967e+05   2.0000000000e-02 
  1.6562123468e+21   2.3954851882e+18   8.2453119381e+61   4.3265253504e-24   7.7980146929e-14   1.1452867788e+05   2.0000000000e-02 
  1.6584828306e+21   2.2704837289e+18   7.8371025102e+61   4.3974331329e-24   7.8815950238e-14   1.1586459190e+05   2.0000000000e-02 
  1.6607180943e+21   2.2352637663e+18   7.7365226664e+61   4.4683464038e-24   7.9647791199e-14   1.1717505589e+05   2.0000000000e-02 
  1.6629359524e+21   2.2178580754e+18   7.6968905982e+61   4.5406064611e-24   8.0491353005e-14   1.1849359757e+05   2.0000000000e-02 
  1.6651383542e+21   2.2024018184e+18   7.6635945812e+61   4.6147201270e-24   8.1351883543e-14   1.1982296799e+05   2.0000000000e-02 
  1.6673254598e+21   2.1871055980e+18   7.6304573947e+61   4.6906762730e-24   8.2229456813e-14   1.2116571463e+05   2.0000000000e-02 
  1.6694966260e+21   2.1711661772e+18   7.5946733875e+61   4.7686933108e-24   8.3126357230e-14   1.2252506483e+05   2.0000000000e-02 
  1.6716505382e+21   2.1539121993e+18   7.5538636061e+61   4.8494254810e-24   8.4049811039e-14   1.2389898357e+05   2.0000000000e-02 
  1.6737752967e+21   2.1247585347e+18   7.4707177083e+61   4.9299195021e-24   8.4966319097e-14   1.2524772338e+05   2.0000000000e-02 
  1.6757991737e+21   2.0238769733e+18   7.1336748489e+61   5.0044121606e-24   8.5810189203e-14   1.2645152224e+05   2.0000000000e-02 
  1.6775031588e+21   1.7039850598e+18   6.0195096465e+61   5.0681329691e-24   8.6528853781e-14   1.2744668847e+05   2.0000000000e-02 
  1.6791015542e+21   1.5983954136e+18   5.6576298490e+61   5.1224828417e-24   8.7138010416e-14   1.2827003844e+05   2.0000000000e-02 
  1.6806795207e+21   1.5779665328e+18   5.5958962192e+61   5.1739359867e-24   8.7734354954e-14   1.2903944114e+05   2.0000000000e-02 
  1.6822402686e+21   1.5607478939e+18   5.5451803956e+61   5.2257148102e-24   8.8335917175e-14   1.2981332263e+05   2.0000000000e-02 
  1.6837213403e+21   1.4810717230e+18   5.2716225563e+61   5.2771647270e-24   8.8932001335e-14   1.3057737388e+05   2.0000000000e-02 
  1.6849579532e+21   1.2366128631e+18   4.4086232429e+61   5.3241908046e-24   8.9475393944e-14   1.3127161314e+05   2.0000000000e-02 
  1.6863333078e+21   1.3753546591e+18   4.9108554320e+61   5.3704521360e-24   9.0008637210e-14   1.3195076745e+05   2.0000000000e-02 
  1.6875456622e+21   1.2123543454e+18   4.3354927397e+61   5.4171940835e-24   9.0546118236e-14   1.3263258814e+05   2.0000000000e-02 
  1.6889146198e+21   1.3689576393e+18   4.9030147178e+61   5.4647619697e-24   9.1091770113e-14   1.3332161276e+05   2.0000000000e-02 
  1.6901172776e+21   1.2026577906e+18   4.3139642608e+61   5.5129603019e-24   9.1643302309e-14   1.3401433570e+05   2.0000000000e-02 
  1.6914730586e+21   1.3557810122e+18   4.8705884066e+61   5.5617011798e-24   9.2199681403e-14   1.3470951627e+05   2.0000000000e-02 
  1.6926644987e+21   1.1914400355e+18   4.2866506942e+61   5.6109275901e-24   9.2760303269e-14   1.3540493332e+05   2.0000000000e-02 
  1.6940055203e+21   1.3410216371e+18   4.8320503031e+61   5.6605370916e-24   9.3324052373e-14   1.3609984264e+05   2.0000000000e-02 
  1.6951046372e+21   1.0991168680e+18   3.9661134329e+61   5.7089307772e-24   9.3872586201e-14   1.3677110331e+05   2.0000000000e-02 
  1.6961141527e+21   1.0095155463e+18   3.6473254469e+61   5.7512151106e-24   9.4350770751e-14   1.3735236299e+05   2.0000000000e-02 
  1.6971249510e+21   1.0107982313e+18   3.6563123146e+61   5.7921208534e-24   9.4812429635e-14   1.3791002496e+05   2.0000000000e-02 
  1.6981148643e+21   9.8991331189e+17   3.5849900920e+61   5.8329534573e-24   9.5272375387e-14   1.3846205680e+05   2.0000000000e-02 
  1.6990328750e+21   9.1801074123e+17   3.3283310365e+61   5.8721178396e-24   9.5712695452e-14   1.3898722810e+05   2.0000000000e-02 
  1.6996252439e+21   5.9236884871e+17   2.1495970064e+61   5.9032497925e-24   9.6062124838e-14   1.3940158317e+05   2.0000000000e-02 
  1.7001292326e+21   5.0398869622e+17   1.8300619034e+61   5.9259273865e-24   9.6316337754e-14   1.3970136160e+05   2.0000000000e-02 
  1.7006189891e+21   4.8975659551e+17   1.7794227071e+61   5.9465358691e-24   9.6547120583e-14   1.3997240914e+05   2.0000000000e-02 
  1.7011124551e+21   4.9346592241e+17   1.7939366038e+61   5.9669705725e-24   9.6775736497e-14   1.4023990620e+05   2.0000000000e-02 
  1.7016078626e+21   4.9540750968e+17   1.8020422534e+61   5.9875644797e-24   9.7005911734e-14   1.4050822033e+05   2.0000000000e-02 
  1.7021032256e+21   4.9536306157e+17   1.8029300341e+61   6.0082387814e-24   9.7236762364e-14   1.4077630297e+05   2.0000000000e-02 
  1.7025976509e+21   4.9442527407e+17   1.8005635898e+61   6.0289329735e-24   9.7467611999e-14   1.4104336526e+05   2.0000000000e-02 
  1.7030912880e+21   4.9363710879e+17   1.7987368560e+61   6.0496311361e-24   9.7698283523e-14   1.4130920781e+05   2.0000000000e-02 
  1.7035842038e+21   4.9291572863e+17   1.7971489953e+61   6.0703375539e-24   9.7928825401e-14   1.4157389541e+05   2.0000000000e-02 
  1.7040764986e+21   4.9229480560e+17   1.7959234490e+61   6.0910556716e-24   9.8159276617e-14   1.4183748138e+05   2.0000000000e-02 
  1.7045681930e+21   4.9169442126e+17   1.7947692670e+61   6.1117881238e-24   9.8389667019e-14   1.4210000761e+05   2.0000000000e-02 
  1.7050592744e+21   4.9108141037e+17   1.7935654613e+61   6.1325352671e-24   9.8620001048e-14   1.4236148685e+05   2.0000000000e-02 
  1.7055497330e+21   4.9045860357e+17   1.7923222754e+61   6.1532968585e-24   9.8850276479e-14   1.4262192557e+05   2.0000000000e-02 
  1.7060395729e+21   4.8983985810e+17   1.7910903131e+61   6.1740730560e-24   9.9080495576e-14   1.4288133603e+05   2.0000000000e-02 
  1.7065288045e+21   4.8923160578e+17   1.7898931490e+61   6.1948645485e-24   9.9310666495e-14   1.4313973593e+05   2.0000000000e-02 
  1.7070174359e+21   4.8863146462e+17   1.7887221517e+61   6.2156722217e-24   9.9540799486e-14   1.4339714398e+05   2.0000000000e-02 
  1.7075054694e+21   4.8803348009e+17   1.7875555754e+61   6.2364968334e-24   9.9770903279e-14   1.4365357832e+05   2.0000000000e-02 
  1.7079929125e+21   4.8744313531e+17   1.7864135412e+61   6.2573391459e-24   1.0000098663e-13   1.4390905992e+05   2.0000000000e-02 
  1.7084797690e+21   4.8685645386e+17   1.7852815300e+61   6.2782000505e-24   1.0023105977e-13   1.4416361202e+05   2.0000000000e-02 
  1.7089660372e+21   4.8626821843e+17   1.7841404267e+61   6.2990804458e-24   1.0046113297e-13   1.4441725539e+05   2.0000000000e-02 
  1.7094517262e+21   4.8568898135e+17   1.7830289707e+61   6.3199815252e-24   1.0069121959e-13   1.4467001300e+05   2.0000000000e-02 
  1.7099368346e+21   4.8510843922e+17   1.7819093821e+61   6.3409045446e-24   1.0092133355e-13   1.4492191187e+05   2.0000000000e-02 
  1.7104213680e+21   4.8453335831e+17   1.7808065273e+61   6.3618507313e-24   1.0115148850e-13   1.4517298302e+05   2.0000000000e-02 
  1.7109053335e+21   4.8396555881e+17   1.7797271496e+61   6.3828217322e-24   1.0138170279e-13   1.4542326090e+05   2.0000000000e-02 
  1.7113887322e+21   4.8339866376e+17   1.7786478412e+61   6.4038194552e-24   1.0161199752e-13   1.4567277711e+05   2.0000000000e-02 
  1.7118715690e+21   4.8283677478e+17   1.7775837165e+61   6.4248459779e-24   1.0184239533e-13   1.4592156448e+05   2.0000000000e-02 
  1.7123538452e+21   4.8227619369e+17   1.7765211925e+61   6.4459034123e-24   1.0207291901e-13   1.4616966425e+05   2.0000000000e-02 
  1.7128355638e+21   4.8171864083e+17   1.7754666247e+61   6.4669940404e-24   1.0230359338e-13   1.4641712540e+05   2.0000000000e-02 
  1.7133167265e+21   4.8116272299e+17   1.7744149010e+61   6.4881208065e-24   1.0253445055e-13   1.4666399815e+05   2.0000000000e-02 
  1.7137973382e+21   4.8061167430e+17   1.7733779737e+61   6.5092873611e-24   1.0276553010e-13   1.4691033060e+05   2.0000000000e-02 
  1.7142773954e+21   4.8005716492e+17   1.7723251236e+61   6.5304971072e-24   1.0299686880e-13   1.4715616968e+05   2.0000000000e-02 
  1.7147569029e+21   4.7950753580e+17   1.7712871439e+61   6.5517522087e-24   1.0322849044e-13   1.4740155722e+05   2.0000000000e-02 
  1.7152358615e+21   4.7895861076e+17   1.7702486374e+61   6.5730527767e-24   1.0346039739e-13   1.4764650953e+05   2.0000000000e-02 
  1.7157142737e+21   4.7841219863e+17   1.7692163029e+61   6.5943961197e-24   1.0369256247e-13   1.4789099298e+05   2.0000000000e-02 
  1.7161921448e+21   4.7787108069e+17   1.7682004573e+61   6.6157772116e-24   1.0392493257e-13   1.4813492194e+05   2.0000000000e-02 
  1.7166694737e+21   4.7732887996e+17   1.7671775306e+61   6.6371896091e-24   1.0415743454e-13   1.4837821188e+05   2.0000000000e-02 
  1.7171462634e+21   4.7678969691e+17   1.7661627092e+61   6.6586292150e-24   1.0439003959e-13   1.4862091199e+05   2.0000000000e-02 
  1.7176225157e+21   4.7625227265e+17   1.7651513528e+61   6.6801189044e-24   1.0462316610e-13   1.4886323550e+05   2.0000000000e-02 
  1.7180982309e+21   4.7571527347e+17   1.7641385305e+61   6.7016781506e-24   1.0485683057e-13   1.4910555415e+05   2.0000000000e-02 
  1.7185734073e+21   4.7517632861e+17   1.7631154486e+61   6.7233276434e-24   1.0509125487e-13   1.4934798129e+05   2.0000000000e-02 
  1.7190480471e+21   4.7463981228e+17   1.7620983369e+61   6.7450589168e-24   1.0532635185e-13   1.4959085454e+05   2.0000000000e-02 
  1.7195221431e+21   4.7409601172e+17   1.7610511286e+61   6.7669185192e-24   1.0556261512e-13   1.4983405963e+05   2.0000000000e-02 
  1.7199956918e+21   4.7354875103e+17   1.7599879826e+61   6.7888802551e-24   1.0579976029e-13   1.5007826564e+05   2.0000000000e-02 
  1.7204686856e+21   4.7299377822e+17   1.7588930568e+61   6.8110181444e-24   1.0603857682e-13   1.5032334510e+05   2.0000000000e-02 
  1.7209411023e+21   4.7241671185e+17   1.7577127664e+61   6.8333202987e-24   1.0627892271e-13   1.5057032655e+05   2.0000000000e-02 
  1.7214129280e+21   4.7182564800e+17   1.7564770811e+61   6.8558890440e-24   1.0652188499e-13   1.5081957634e+05   2.0000000000e-02 
  1.7218841452e+21   4.7121725629e+17   1.7551734809e+61   6.8787765462e-24   1.0676799221e-13   1.5107276320e+05   2.0000000000e-02 
  1.7223547298e+21   4.7058456811e+17   1.7537758493e+61   6.9021503088e-24   1.0701900772e-13   1.5133156899e+05   2.0000000000e-02 
  1.7228246365e+21   4.6990667059e+17   1.7522059893e+61   6.9262032951e-24   1.0727693944e-13   1.5159922260e+05   2.0000000000e-02 
  1.7232938025e+21   4.6916600447e+17   1.7503980075e+61   6.9512827896e-24   1.0754539552e-13   1.5187998393e+05   2.0000000000e-02 
  1.7237621856e+21   4.6838309659e+17   1.7484280436e+61   6.9776684165e-24   1.0782167762e-13   1.5217693558e+05   2.0000000000e-02 
  1.7242297813e+21   4.6759576202e+17   1.7464370347e+61   7.0048607928e-24   1.0810410786e-13   1.5248087555e+05   2.0000000000e-02 
  1.7246965977e+21   4.6681632579e+17   1.7444710210e+61   7.0320443530e-24   1.0838665374e-13   1.5278407735e+05   2.0000000000e-02 
  1.7251626465e+21   4.6604882838e+17   1.7425451831e+61   7.0586675895e-24   1.0866302235e-13   1.5307753325e+05   2.0000000000e-02 
  1.7256279359e+21   4.6528939157e+17   1.7406451104e+61   7.0848760257e-24   1.0893470083e-13   1.5336333082e+05   2.0000000000e-02 
  1.7260924698e+21   4.6453389603e+17   1.7387554501e+61   7.1107813551e-24   1.0920288446e-13   1.5364320320e+05   2.0000000000e-02 
  1.7265562604e+21   4.6379061432e+17   1.7369072284e+61   7.1364569111e-24   1.0946835861e-13   1.5391830424e+05   2.0000000000e-02 
  1.7270193240e+21   4.6306364170e+17   1.7351158974e+61   7.1619562755e-24   1.0973169123e-13   1.5418950019e+05   2.0000000000e-02 
  1.7274816724e+21   4.6234836853e+17   1.7333643067e+61   7.1873300571e-24   1.0999341420e-13   1.5445757670e+05   2.0000000000e-02 
  1.7279433188e+21   4.6164636630e+17   1.7316584507e+61   7.2126374539e-24   1.1025414290e-13   1.5472333339e+05   2.0000000000e-02 
  1.7284042696e+21   4.6095087760e+17   1.7299730726e+61   7.2379260638e-24   1.1051457075e-13   1.5498770842e+05   2.0000000000e-02 
  1.7288645258e+21   4.6025618243e+17   1.7282867438e+61   7.2632848157e-24   1.1077574967e-13   1.5525163014e+05   2.0000000000e-02 
  1.7293240901e+21   4.5956426306e+17   1.7266069244e+61   7.2887529330e-24   1.1103780193e-13   1.5551548090e+05   2.0000000000e-02 
  1.7297829702e+21   4.5888010595e+17   1.7249523898e+61   7.3141474910e-24   1.1129893590e-13   1.5577749965e+05   2.0000000000e-02 
  1.7302411803e+21   4.5821008637e+17   1.7233471900e+61   7.3393409455e-24   1.1155774096e-13   1.5603559106e+05   2.0000000000e-02 
  1.7306987388e+21   4.5755855442e+17   1.7218078152e+61   7.3643567024e-24   1.1181442138e-13   1.5629003538e+05   2.0000000000e-02 
  1.7311556545e+21   4.5691565415e+17   1.7202972987e+61   7.3892754835e-24   1.1206979605e-13   1.5654190302e+05   2.0000000000e-02 
  1.7316119325e+21   4.5627803246e+17   1.7188030779e+61   7.4141755907e-24   1.1232468729e-13   1.5679230873e+05   2.0000000000e-02 
  1.7320675772e+21   4.5564471014e+17   1.7173215064e+61   7.4391213393e-24   1.1257974064e-13   1.5704174878e+05   2.0000000000e-02 
  1.7325225909e+21   4.5501362798e+17   1.7158448544e+61   7.4641275114e-24   1.1283521121e-13   1.5729056091e+05   2.0000000000e-02 
  1.7329769891e+21   4.5439827268e+17   1.7144240410e+61   7.4889592704e-24   1.1308880605e-13   1.5753601990e+05   2.0000000000e-02 
  1.7334308091e+21   4.5382000975e+17   1.7131398681e+61   7.5132943536e-24   1.1333727996e-13   1.5777362295e+05   2.0000000000e-02 
  1.7338841076e+21   4.5329843015e+17   1.7120666444e+61   7.5367080442e-24   1.1357724114e-13   1.5799855501e+05   2.0000000000e-02 
  1.7343369726e+21   4.5286502407e+17   1.7113238487e+61   7.5587294673e-24   1.1380309837e-13   1.5820447937e+05   2.0000000000e-02 
  1.7347895104e+21   4.5253778689e+17   1.7109802342e+61   7.5789955382e-24   1.1401095715e-13   1.5838688481e+05   2.0000000000e-02 
  1.7352418268e+21   4.5231642873e+17   1.7110355425e+61   7.5974732856e-24   1.1420034054e-13   1.5854503034e+05   2.0000000000e-02 
  1.7356940093e+21   4.5218248101e+17   1.7114206908e+61   7.6145284042e-24   1.1437471496e-13   1.5868343643e+05   2.0000000000e-02 
  1.7361461035e+21   4.5209422617e+17   1.7119783527e+61   7.6307957305e-24   1.1454207431e-13   1.5881299087e+05   2.0000000000e-02 
  1.7365981151e+21   4.5201162172e+17   1.7125571380e+61   7.6469728082e-24   1.1471321332e-13   1.5894120688e+05   2.0000000000e-02 
  1.7370500341e+21   4.5191894482e+17   1.7130974748e+61   7.6633875387e-24   1.1488667814e-13   1.5907317733e+05   2.0000000000e-02 
  1.7375018387e+21   4.5180465348e+17   1.7135554969e+61   7.6801846831e-24   1.1506404602e-13   1.5920945215e+05   2.0000000000e-02 
  1.7379535079e+21   4.5166911821e+17   1.7139324399e+61   7.6973661851e-24   1.1524535212e-13   1.5935095226e+05   2.0000000000e-02 
  1.7384050183e+21   4.5151041595e+17   1.7142208329e+61   7.7150049183e-24   1.1543136238e-13   1.5949746590e+05   2.0000000000e-02 
  1.7388563461e+21   4.5132781560e+17   1.7144177150e+61   7.7330438220e-24   1.1562147545e-13   1.5964951747e+05   2.0000000000e-02 
  1.7393074670e+21   4.5112089637e+17   1.7145212981e+61   7.7515438621e-24   1.1581632759e-13   1.5980637347e+05   2.0000000000e-02 
  1.7397583620e+21   4.5089501059e+17   1.7145517480e+61   7.7704128177e-24   1.1601494410e-13   1.5996840057e+05   2.0000000000e-02 
  1.7402090068e+21   4.5064483465e+17   1.7144886559e+61   7.7897059009e-24   1.1621789961e-13   1.6013455732e+05   2.0000000000e-02 
  1.7406593862e+21   4.5037941167e+17   1.7143662620e+61   7.8093103324e-24   1.1642400234e-13   1.6030511119e+05   2.0000000000e-02 
  1.7411094823e+21   4.5009605244e+17   1.7141742019e+61   7.8292742569e-24   1.1663375367e-13   1.6047885288e+05   2.0000000000e-02 
  1.7415592815e+21   4.4979924738e+17   1.7139294491e+61   7.8494770993e-24   1.1684588001e-13   1.6065594957e+05   2.0000000000e-02 
  1.7420087719e+21   4.4949039468e+17   1.7136372301e+61   7.8699575976e-24   1.1706078486e-13   1.6083516413e+05   2.0000000000e-02 
  1.7424579457e+21   4.4917379005e+17   1.7133138397e+61   7.8906012875e-24   1.1727725904e-13   1.6101658978e+05   2.0000000000e-02 
  1.7429067930e+21   4.4884730563e+17   1.7129510948e+61   7.9114392577e-24   1.1749562575e-13   1.6119912227e+05   2.0000000000e-02 
  1.7433553121e+21   4.4851903227e+17   1.7125798191e+61   7.9323756249e-24   1.1771487156e-13   1.6138285572e+05   2.0000000000e-02 
  1.7438034968e+21   4.4818472646e+17   1.7121837836e+61   7.9534403585e-24   1.1793530711e-13   1.6156694617e+05   2.0000000000e-02 
  1.7442513458e+21   4.4784904808e+17   1.7117807571e+61   7.9745626011e-24   1.1815618313e-13   1.6175157630e+05   2.0000000000e-02 
  1.7446988579e+21   4.4751208864e+17   1.7113710792e+61   7.9957782561e-24   1.1837787151e-13   1.6193619625e+05   2.0000000000e-02 
  1.7451460308e+21   4.4717283103e+17   1.7109508477e+61   8.0170386910e-24   1.1859985864e-13   1.6212112403e+05   2.0000000000e-02 
  1.7455928625e+21   4.4683173328e+17   1.7105217990e+61   8.0383887636e-24   1.1882260975e-13   1.6230602702e+05   2.0000000000e-02 
  1.7460393533e+21   4.4649085047e+17   1.7100917923e+61   8.0597915709e-24   1.1904573731e-13   1.6249133392e+05   2.0000000000e-02 
  1.7464854982e+21   4.4614482333e+17   1.7096402875e+61   8.0812984796e-24   1.1926977473e-13   1.6267678941e+05   2.0000000000e-02 
  1.7469312966e+21   4.4579847274e+17   1.7091857329e+61   8.1028718815e-24   1.1949432998e-13   1.6286285935e+05   2.0000000000e-02 
  1.7473767454e+21   4.4544871497e+17   1.7087162944e+61   8.1245642253e-24   1.1971994784e-13   1.6304924246e+05   2.0000000000e-02 
  1.7478218408e+21   4.4509544166e+17   1.7082315300e+61   8.1463296959e-24   1.1994615229e-13   1.6323637566e+05   2.0000000000e-02 
  1.7482665805e+21   4.4473967481e+17   1.7077353380e+61   8.1682183155e-24   1.2017346241e-13   1.6342385936e+05   2.0000000000e-02 
  1.7487109623e+21   4.4438186496e+17   1.7072294309e+61   8.1901766675e-24   1.2040132312e-13   1.6361208122e+05   2.0000000000e-02 
  1.7491549819e+21   4.4401959678e+17   1.7067045071e+61   8.2122526685e-24   1.2063023041e-13   1.6380057874e+05   2.0000000000e-02 
  1.7495986396e+21   4.4365767019e+17   1.7061789961e+61   8.2343910567e-24   1.2085960501e-13   1.6398971664e+05   2.0000000000e-02 
  1.7500419311e+21   4.4329147364e+17   1.7056351532e+61   8.2566372287e-24   1.2108988778e-13   1.6417901000e+05   2.0000000000e-02 
  1.7504848560e+21   4.4292496045e+17   1.7050881682e+61   8.2789331193e-24   1.2132050965e-13   1.6436878078e+05   2.0000000000e-02 
  1.7509274140e+21   4.4255799458e+17   1.7045375153e+61   8.3013232500e-24   1.2155192885e-13   1.6455860050e+05   2.0000000000e-02 
  1.7513696037e+21   4.4218964984e+17   1.7039796218e+61   8.3237567838e-24   1.2178361731e-13   1.6474884885e+05   2.0000000000e-02 
  1.7518114242e+21   4.4182052996e+17   1.7034168057e+61   8.3462789839e-24   1.2201604164e-13   1.6493916817e+05   2.0000000000e-02 
  1.7522528760e+21   4.4145178368e+17   1.7028534941e+61   8.3688444461e-24   1.2224873171e-13   1.6512994060e+05   2.0000000000e-02 
  1.7526939561e+21   4.4108009021e+17   1.7022768713e+61   8.3914977898e-24   1.2248214752e-13   1.6532083369e+05   2.0000000000e-02 
  1.7531346654e+21   4.4070932996e+17   1.7017019021e+61   8.4141965128e-24   1.2271585012e-13   1.6551219575e+05   2.0000000000e-02 
  1.7535750020e+21   4.4033659361e+17   1.7011173525e+61   8.4369825781e-24   1.2295027129e-13   1.6570369553e+05   2.0000000000e-02 
  1.7540149654e+21   4.3996343921e+17   1.7005292315e+61   8.4598130150e-24   1.2318496808e-13   1.6589565261e+05   2.0000000000e-02 
  1.7544545554e+21   4.3958994008e+17   1.6999378201e+61   8.4827267750e-24   1.2342034113e-13   1.6608772917e+05   2.0000000000e-02 
  1.7548937711e+21   4.3921567543e+17   1.6993414881e+61   8.5056831250e-24   1.2365597252e-13   1.6628018940e+05   2.0000000000e-02 
  1.7553326110e+21   4.3883995108e+17   1.6987375423e+61   8.5287256014e-24   1.2389231042e-13   1.6647262477e+05   2.0000000000e-02 
  1.7557710757e+21   4.3846472530e+17   1.6981335584e+61   8.5518285007e-24   1.2412909163e-13   1.6666515820e+05   2.0000000000e-02 
  1.7562091616e+21   4.3808582320e+17   1.6975133599e+61   8.5750226105e-24   1.2436662516e-13   1.6685745282e+05   2.0000000000e-02 
  1.7566468694e+21   4.3770780622e+17   1.6968946073e+61   8.5982832306e-24   1.2460465312e-13   1.6704974716e+05   2.0000000000e-02 
  1.7570841969e+21   4.3732751341e+17   1.6962650447e+61   8.6216257903e-24   1.2484333669e-13   1.6724188366e+05   2.0000000000e-02 
  1.7575211433e+21   4.3694642568e+17   1.6956304038e+61   8.6450332328e-24   1.2508249885e-13   1.6743396615e+05   2.0000000000e-02 
  1.7579577073e+21   4.3656397147e+17   1.6949884595e+61   8.6685202960e-24   1.2532229009e-13   1.6762587302e+05   2.0000000000e-02 
  1.7583938884e+21   4.3618115936e+17   1.6943431208e+61   8.6920755894e-24   1.2556259206e-13   1.6781770053e+05   2.0000000000e-02 
  1.7588296839e+21   4.3579549119e+17   1.6936846747e+61   8.7157135280e-24   1.2580355111e-13   1.6800932232e+05   2.0000000000e-02 
  1.7592650950e+21   4.3541102345e+17   1.6930288768e+61   8.7394340406e-24   1.2604516787e-13   1.6820076072e+05   2.0000000000e-02 
  1.7597001165e+21   4.3502156537e+17   1.6923516476e+61   8.7632396919e-24   1.2628746416e-13   1.6839194283e+05   2.0000000000e-02 
  1.7601347492e+21   4.3463271814e+17   1.6916747559e+61   8.7871340308e-24   1.2653047377e-13   1.6858287868e+05   2.0000000000e-02 
  1.7605689896e+21   4.3424035812e+17   1.6909821452e+61   8.8111184032e-24   1.2677420903e-13   1.6877358184e+05   2.0000000000e-02 
  1.7610028369e+21   4.3384733779e+17   1.6902849058e+61   8.8351932478e-24   1.2701867261e-13   1.6896407134e+05   2.0000000000e-02 
  1.7614362884e+21   4.3345143132e+17   1.6895743551e+61   8.8593591240e-24   1.2726386826e-13   1.6915436958e+05   2.0000000000e-02 
  1.7618693437e+21   4.3305531417e+17   1.6888609084e+61   8.8836174457e-24   1.2750981126e-13   1.6934449224e+05   2.0000000000e-02 
  1.7623019984e+21   4.3265473155e+17   1.6881279597e+61   8.9079689525e-24   1.2775650322e-13   1.6953446280e+05   2.0000000000e-02 
  1.7627342535e+21   4.3225507607e+17   1.6873965322e+61   8.9324100363e-24   1.2800390976e-13   1.6972432748e+05   2.0000000000e-02 
  1.7631661049e+21   4.3185144301e+17   1.6866474731e+61   8.9569497774e-24   1.2825211900e-13   1.6991405700e+05   2.0000000000e-02 
  1.7635975523e+21   4.3144737790e+17   1.6858946109e+61   8.9815764159e-24   1.2850101171e-13   1.7010376033e+05   2.0000000000e-02 
  1.7640285933e+21   4.3104099077e+17   1.6851305526e+61   9.0063046093e-24   1.2875073176e-13   1.7029337693e+05   2.0000000000e-02 
  1.7644592265e+21   4.3063320608e+17   1.6843588983e+61   9.0311099491e-24   1.2900103264e-13   1.7048312013e+05   2.0000000000e-02 
  1.7648894500e+21   4.3022354699e+17   1.6835777720e+61   9.0560142574e-24   1.2925213255e-13   1.7067287855e+05   2.0000000000e-02 
  1.7653192635e+21   4.2981344005e+17   1.6827927471e+61   9.0809898927e-24   1.2950375528e-13   1.7086286641e+05   2.0000000000e-02 
  1.7657486638e+21   4.2940035095e+17   1.6819938916e+61   9.1060761181e-24   1.2975629355e-13   1.7105282270e+05   2.0000000000e-02 
  1.7661776505e+21   4.2898666220e+17   1.6811905232e+61   9.1312382955e-24   1.3000939680e-13   1.7124301360e+05   2.0000000000e-02 
  1.7666062201e+21   4.2856962157e+17   1.6803718448e+61   9.1565147476e-24   1.3026344497e-13   1.7143321925e+05   2.0000000000e-02 
  1.7670343723e+21   4.2815219241e+17   1.6795494593e+61   9.1818522758e-24   1.3051790506e-13   1.7162385436e+05   2.0000000000e-02 
  1.7674621059e+21   4.2773361642e+17   1.6787203882e+61   9.2073036716e-24   1.3077330751e-13   1.7181457142e+05   2.0000000000e-02 
  1.7678894187e+21   4.2731275699e+17   1.6778801598e+61   9.2328223847e-24   1.3102918648e-13   1.7200569600e+05   2.0000000000e-02 
  1.7683163077e+21   4.2688903489e+17   1.6770264820e+61   9.2584740751e-24   1.3128619385e-13   1.7219679327e+05   2.0000000000e-02 
  1.7687427712e+21   4.2646352380e+17   1.6761635552e+61   9.2841895208e-24   1.3154363343e-13   1.7238838980e+05   2.0000000000e-02 
  1.7691688074e+21   4.2603618597e+17   1.6752912186e+61   9.3100300839e-24   1.3180211902e-13   1.7258009719e+05   2.0000000000e-02 
  1.7695944170e+21   4.2560958772e+17   1.6744195585e+61   9.3359305468e-24   1.3206100150e-13   1.7277237374e+05   2.0000000000e-02 
  1.7700195941e+21   4.2517706805e+17   1.6735223572e+61   9.3619742569e-24   1.3232110984e-13   1.7296465182e+05   2.0000000000e-02 
  1.7704443406e+21   4.2474649010e+17   1.6726305434e+61   9.3880841153e-24   1.3258167062e-13   1.7315749042e+05   2.0000000000e-02 
  1.7708686549e+21   4.2431432125e+17   1.6717302118e+61   9.4143362558e-24   1.3284344098e-13   1.7335039899e+05   2.0000000000e-02 
  1.7712925286e+21   4.2387367457e+17   1.6707941988e+61   9.4406487302e-24   1.3310560376e-13   1.7354396715e+05   2.0000000000e-02 
  1.7717159652e+21   4.2343661399e+17   1.6698700285e+61   9.4671045389e-24   1.3336898772e-13   1.7373761671e+05   2.0000000000e-02 
  1.7721389674e+21   4.2300224721e+17   1.6689542081e+61   9.4936385301e-24   1.3363293752e-13   1.7393182742e+05   2.0000000000e-02 
  1.7725615215e+21   4.2255407105e+17   1.6679815992e+61   9.5203098399e-24   1.3389804292e-13   1.7412619242e+05   2.0000000000e-02 
  1.7729836290e+21   4.2210747722e+17   1.6670128998e+61   9.5470686115e-24   1.3416380218e-13   1.7432108396e+05   2.0000000000e-02 
  1.7734052929e+21   4.2166389090e+17   1.6660537557e+61   9.5739533529e-24   1.3443060127e-13   1.7451623782e+05   2.0000000000e-02 
  1.7738265060e+21   4.2121313321e+17   1.6650639440e+61   9.6009399153e-24   1.3469819413e-13   1.7471184641e+05   2.0000000000e-02 
  1.7742472728e+21   4.2076682685e+17   1.6640893898e+61   9.6280445356e-24   1.3496674457e-13   1.7490779196e+05   2.0000000000e-02 
  1.7746675845e+21   4.2031169655e+17   1.6630775884e+61   9.6552659077e-24   1.3523623318e-13   1.7510410934e+05   2.0000000000e-02 
  1.7750874405e+21   4.1985601250e+17   1.6620612215e+61   9.6825984968e-24   1.3550660643e-13   1.7530083523e+05   2.0000000000e-02 
  1.7755068524e+21   4.1941189112e+17   1.6610882854e+61   9.7100577201e-24   1.3577801154e-13   1.7549790305e+05   2.0000000000e-02 
  1.7759258122e+21   4.1895975513e+17   1.6600812769e+61   9.7376231415e-24   1.3605024718e-13   1.7569546467e+05   2.0000000000e-02 
  1.7763443193e+21   4.1850714927e+17   1.6590700539e+61   9.7653233083e-24   1.3632359174e-13   1.7589335656e+05   2.0000000000e-02 
  1.7767623624e+21   4.1804301902e+17   1.6580107607e+61   9.7931308524e-24   1.3659777492e-13   1.7609177070e+05   2.0000000000e-02 
  1.7771799366e+21   4.1757428625e+17   1.6569307849e+61   9.8210850638e-24   1.3687317843e-13   1.7629048942e+05   2.0000000000e-02 
  1.7775970497e+21   4.1711306282e+17   1.6558781878e+61   9.8491442043e-24   1.3714939057e-13   1.7648983423e+05   2.0000000000e-02 
  1.7780137092e+21   4.1665948781e+17   1.6548535794e+61   9.8773596979e-24   1.3742691487e-13   1.7668953316e+05   2.0000000000e-02 
  1.7784299292e+21   4.1622001541e+17   1.6538826705e+61   9.9056922507e-24   1.3770533300e-13   1.7688991023e+05   2.0000000000e-02 
  1.7788457158e+21   4.1578662040e+17   1.6529336562e+61   9.9341847233e-24   1.3798502064e-13   1.7709060888e+05   2.0000000000e-02 
  1.7792610712e+21   4.1535537475e+17   1.6519909567e+61   9.9627776787e-24   1.3826547097e-13   1.7729185288e+05   2.0000000000e-02 
  1.7796759852e+21   4.1491398934e+17   1.6510056776e+61   9.9915139059e-24   1.3854710016e-13   1.7749327923e+05   2.0000000000e-02 
  1.7800904454e+21   4.1446022377e+17   1.6499688238e+61   1.0020340948e-23   1.3882939155e-13   1.7769515938e+05   2.0000000000e-02 
  1.7805044394e+21   4.1399399195e+17   1.6488799623e+61   1.0049303811e-23   1.3911278442e-13   1.7789715045e+05   2.0000000000e-02 
  1.7809179595e+21   4.1352008686e+17   1.6477581053e+61   1.0078356450e-23   1.3939682541e-13   1.7809951498e+05   2.0000000000e-02 
  1.7813309989e+21   4.1303936011e+17   1.6466065936e+61   1.0107543004e-23   1.3968194357e-13   1.7830195722e+05   2.0000000000e-02 
  1.7817435560e+21   4.1255710439e+17   1.6454464930e+61   1.0136817265e-23   1.3996768535e-13   1.7850477120e+05   2.0000000000e-02 
  1.7821556274e+21   4.1207146155e+17   1.6442703777e+61   1.0166223339e-23   1.4025448011e-13   1.7870767902e+05   2.0000000000e-02 
  1.7825672136e+21   4.1158616910e+17   1.6430931487e+61   1.0195719080e-23   1.4054191465e-13   1.7891095516e+05   2.0000000000e-02 
  1.7829783128e+21   4.1109917099e+17   1.6419065968e+61   1.0225346629e-23   1.4083039908e-13   1.7911433305e+05   2.0000000000e-02 
  1.7833889246e+21   4.1061181113e+17   1.6407160826e+61   1.0255069635e-23   1.4111957663e-13   1.7931804753e+05   2.0000000000e-02 
  1.7837990482e+21   4.1012362771e+17   1.6395197588e+61   1.0284924378e-23   1.4140980002e-13   1.7952185847e+05   2.0000000000e-02 
  1.7842086830e+21   4.0963479191e+17   1.6383183061e+61   1.0314884361e-23   1.4170079843e-13   1.7972599124e+05   2.0000000000e-02 
  1.7846178285e+21   4.0914548255e+17   1.6371124374e+61   1.0344938502e-23   1.4199247417e-13   1.7993068071e+05   2.0000000000e-02 
  1.7850264815e+21   4.0865301360e+17   1.6358913962e+61   1.0375176975e-23   1.4228575716e-13   1.8013514246e+05   2.0000000000e-02 
  1.7854346376e+21   4.0815608119e+17   1.6346499382e+61   1.0405646560e-23   1.4258092592e-13   1.8033913360e+05   2.0000000000e-02 
  1.7858423004e+21   4.0766287535e+17   1.6334208559e+61   1.0435934071e-23   1.4287394645e-13   1.8054680701e+05   2.0000000000e-02 
  1.7862494265e+21   4.0712604379e+17   1.6320143181e+61   1.0466266019e-23   1.4316764677e-13   1.8076015773e+05   2.0000000000e-02 
  1.7866556236e+21   4.0619709399e+17   1.6290320792e+61   1.0504785287e-23   1.4353794000e-13   1.8097538505e+05   2.0000000000e-02 
  1.7870611720e+21   4.0554845242e+17   1.6271698535e+61   1.0545792882e-23   1.4393641570e-13   1.8126470554e+05   2.0000000000e-02 
  1.7874709531e+21   4.0978105915e+17   1.6449025137e+61   1.0531060187e-23   1.4380390769e-13   1.8129200470e+05   2.0000000000e-02 
  1.7879251916e+21   4.5423851756e+17   1.8242408134e+61   1.0174252346e-23   1.4055506219e-13   1.7938312042e+05   2.0000000000e-02 
  1.7886529122e+21   7.2772056796e+17   2.9244887519e+61   8.0160901150e-24   1.1963157825e-13   1.5362023264e+05   2.0000000000e-02 
  1.7899469393e+21   1.2940270707e+18   5.2061842323e+61   3.6316637207e-24   7.1320576203e-14   7.0036380693e+04   2.0000000000e-02 
  1.7916992740e+21   1.7523347100e+18   7.0620752500e+61   2.4375101390e-24   5.5066952799e-14   1.4452248354e+04   2.0000000000e-02 
  1.7936003099e+21   1.9010359612e+18   7.6769930451e+61   2.2559526102e-24   5.2347915262e-14   2.1855878476e+03   2.0000000000e-02 
  1.7955282423e+21   1.9279323536e+18   7.8022476944e+61   2.2290434789e-24   5.1939218582e-14   3.1125969213e+02   2.0000000000e-02 
  1.7974601306e+21   1.9318883509e+18   7.8350822859e+61   2.2252145890e-24   5.1880943678e-14   4.3844693041e+01   2.0000000000e-02 
  1.7993925790e+21   1.9324483784e+18   7.8542211185e+61   2.2246753112e-24   5.1872731418e-14   6.1562136947e+00   2.0000000000e-02 
  1.8013251061e+21   1.9325270753e+18   7.8714301363e+61   2.2245995952e-24   5.1871578044e-14   8.6271388621e-01   2.0000000000e-02 
  1.8032576442e+21   1.9325381060e+18   7.8883828559e+61   2.2245889853e-24   5.1871416383e-14   1.2069991114e-01   2.0000000000e-02 
  1.8051901838e+21   1.9325396497e+18   7.9053151554e+61   2.2245875008e-24   5.1871393759e-14   1.6850816192e-02   2.0000000000e-02 
  1.8071227237e+21   1.9325398650e+18   7.9222601835e+61   2.2245872936e-24   5.1871390601e-14   2.3618623397e-03   2.0000000000e-02 
  1.8090552636e+21   1.9325398962e+18   7.9392225998e+61   2.2245872636e-24   5.1871390146e-14   3.0036900079e-04   2.0000000000e-02 
  1.8109878035e+21   1.9325399000e+18   7.9562030434e+61   2.2245872598e-24   5.1871390087e-14   2.7723208453e-05   2.0000000000e-02 
  1.8129203434e+21   1.9325399000e+18   7.9732016109e+61   2.2245872600e-24   5.1871390088e-14   3.3294465337e-06   2.0000000000e-02 
  1.8148528833e+21   1.9325399000e+18   7.9902183179e+61   2.2245872600e-24   5.1871390088e-14   2.2921986347e-06   2.0000000000e-02 
  1.8167854232e+21   1.9325399000e+18   8.0072531644e+61   2.2245872600e-24   5.1871390088e-14   2.2927371956e-06   2.0000000000e-02 
  1.8187179631e+21   1.9325399000e+18   8.0243061504e+61   2.2245872600e-24   5.1871390088e-14   2.3496063594e-06   2.0000000000e-02 
  1.8206505031e+21   1.9325400000e+18   8.0413776924e+61   2.2245872600e-24   5.1871390088e-14   2.2885115690e-06   2.0000000000e-02 
  1.8225830430e+21   1.9325399000e+18   8.0584665417e+61   2.2245872600e-24   5.1871390089e-14   2.1264363726e-06   2.0000000000e-02 
  1.8245155829e+21   1.9325399000e+18   8.0755739462e+61   2.2245872600e-24   5.1871390089e-14   2.0261218325e-06   2.0000000000e-02 
  1.8264481228e+21   1.9325399000e+18   8.0926994902e+61   2.2245872600e-24   5.1871390089e-14   2.1559357294e-06   2.0000000000e-02 
  1.8283806627e+21   1.9325399000e+18   8.1098431736e+61   2.2245872600e-24   5.1871390089e-14   2.3147443199e-06   2.0000000000e-02 
  1.8303132026e+21   1.9325399000e+18   8.1270049966e+61   2.2245872600e-24   5.1871390089e-14   2.0828538185e-06   2.0000000000e-02 
  1.8322457425e+21   1.9325399000e+18   8.1441849591e+61   2.2245872600e-24   5.1871390089e-14   1.6632451771e-06   2.0000000000e-02 
  1.8341782824e+21   1.9325399000e+18   8.1613830610e+61   2.2245872600e-24   5.1871390089e-14   1.5137858771e-06   2.0000000000e-02 
  1.8361108223e+21   1.9325399000e+18   8.1785993025e+61   2.2245872600e-24   5.1871390089e-14   1.3190372110e-06   2.0000000000e-02 
  1.8380433622e+21   1.9325399000e+18   8.1958336835e+61   2.2245872600e-24   5.1871390089e-14   8.3103296695e-07   2.0000000000e-02 
  1.8399759021e+21   1.9325399000e+18   8.2130862039e+61   2.2245872600e-24   5.1871390088e-14  -3.4266171397e-07   2.0000000000e-02 
  1.8419084420e+21   1.9325399000e+18   8.2303568639e+61   2.2245872600e-24   5.1871390088e-14  -1.1665268675e-06   2.0000000000e-02 
  1.8438409819e+21   1.9325399000e+18   8.2476456633e+61   2.2245872600e-24   5.1871390088e-14  -1.3626723546e-06   2.0000000000e-02 
  1.8457735218e+21   1.9325399000e+18   8.2649526023e+61   2.2245872600e-24   5.1871390088e-14  -1.5542547314e-06   2.0000000000e-02 
  1.8477060617e+21   1.9325399000e+18   8.2822776807e+61   2.2245872600e-24   5.1871390088e-14  -2.0748825204e-06   2.0000000000e-02 
  1.8496386016e+21   1.9325399000e+18   8.2996208987e+61   2.2245872600e-24   5.1871390089e-14  -2.6124985535e-06   2.0000000000e-02 
  1.8515711415e+21   1.9325399000e+18   8.3169822561e+61   2.2245872600e-24   5.1871390089e-14  -2.6183794321e-06   2.0000000000e-02 
  1.8535036815e+21   1.9325400000e+18   8.3343621848e+61   2.2245872600e-24   5.1871390089e-14  -2.6578197032e-06   2.0000000000e-02 
  1.8554362214e+21   1.9325399000e+18   8.3517593904e+61   2.2245872600e-24   5.1871390089e-14  -2.6835703586e-06   2.0000000000e-02 
  1.8573687613e+21   1.9325399000e+18   8.3691751664e+61   2.2245872600e-24   5.1871390089e-14  -2.7017333214e-06   2.0000000000e-02 
  1.8593013012e+21   1.9325399000e+18   8.3866090818e+61   2.2245872600e-24   5.1871390089e-14  -2.7071852298e-06   2.0000000000e-02 
  1.8612338411e+21   1.9325399000e+18   8.4040611368e+61   2.2245872600e-24   5.1871390089e-14  -2.3597727504e-06   2.0000000000e-02 
  1.8631663810e+21   1.9325399000e+18   8.4215313312e+61   2.2245872600e-24   5.1871390089e-14  -2.3023735039e-06   2.0000000000e-02 
  1.8650989209e+21   1.9325399000e+18   8.4390196651e+61   2.2245872600e-24   5.1871390089e-14  -2.4585806613e-06   2.0000000000e-02 
  1.8670314608e+21   1.9325399000e+18   8.4565261386e+61   2.2245872600e-24   5.1871390089e-14  -2.4630834409e-06   2.0000000000e-02 
  1.8689640007e+21   1.9325399000e+18   8.4740507515e+61   2.2245872600e-24   5.1871390089e-14  -2.4067490554e-06   2.0000000000e-02 
  1.8708965406e+21   1.9325399000e+18   8.4915935039e+61   2.2245872600e-24   5.1871390089e-14  -2.3423942926e-06   2.0000000000e-02 
  1.8728290805e+21   1.9325399000e+18   8.5091543959e+61   2.2245872600e-24   5.1871390089e-14  -2.2812095181e-06   2.0000000000e-02 
  1.8747616204e+21   1.9325399000e+18   8.5267334273e+61   2.2245872600e-24   5.1871390089e-14  -2.2641442074e-06   2.0000000000e-02 
  1.8766941603e+21   1.9325399000e+18   8.5443305982e+61   2.2245872600e-24   5.1871390089e-14  -1.9217513661e-06   2.0000000000e-02 
  1.8786267002e+21   1.9325399000e+18   8.5619459086e+61   2.2245872600e-24   5.1871390089e-14  -1.4323557487e-06   2.0000000000e-02 
  1.8805592401e+21   1.9325399000e+18   8.5795793586e+61   2.2245872600e-24   5.1871390089e-14  -1.1683467313e-06   2.0000000000e-02 
  1.8824917800e+21   1.9325399000e+18   8.5972309480e+61   2.2245872600e-24   5.1871390090e-14  -9.0502372039e-09   2.0000000000e-02 
  1.8844243199e+21   1.9325399000e+18   8.6149006769e+61   2.2245872600e-24   5.1871390090e-14   8.6057627227e-07   2.0000000000e-02 
  1.8863568598e+21   1.9325399000e+18   8.6325885453e+61   2.2245872600e-24   5.1871390089e-14   5.8551496554e-07   2.0000000000e-02 
  1.8882893998e+21   1.9325400000e+18   8.6502950013e+61   2.2245872600e-24   5.1871390090e-14   1.1066168239e-07   2.0000000000e-02 
  1.8902219397e+21   1.9325399000e+18   8.6680187016e+61   2.2245872600e-24   5.1871390090e-14   2.1145833814e-07   2.0000000000e-02 
  1.8921544796e+21   1.9325399000e+18   8.6857609885e+61   2.2245872600e-24   5.1871390090e-14   3.4011263550e-07   2.0000000000e-02 
  1.8940870195e+21   1.9325399000e+18   8.7035214149e+61   2.2245872600e-24   5.1871390090e-14   2.1519517501e-07   2.0000000000e-02 
  1.8960195594e+21   1.9325399000e+18   8.7212999808e+61   2.2245872600e-24   5.1871390090e-14   4.1499672430e-07   2.0000000000e-02 
  1.8979520993e+21   1.9325399000e+18   8.7390966862e+61   2.2245872600e-24   5.1871390090e-14   6.2229934239e-07   2.0000000000e-02 
  1.8998846392e+21   1.9325399000e+18   8.7569115311e+61   2.2245872600e-24   5.1871390090e-14   5.9943092048e-07   2.0000000000e-02 
  1.9018171791e+21   1.9325399000e+18   8.7747445155e+61   2.2245872600e-24   5.1871390090e-14   6.5097009082e-07   2.0000000000e-02 
  1.9037497190e+21   1.9325399000e+18   8.7925956394e+61   2.2245872600e-24   5.1871390090e-14   6.4338351959e-07   2.0000000000e-02 
  1.9056822589e+21   1.9325399000e+18   8.8104649028e+61   2.2245872600e-24   5.1871390090e-14   5.3540162012e-07   2.0000000000e-02 
  1.9076147988e+21   1.9325399000e+18   8.8283523057e+61   2.2245872600e-24   5.1871390090e-14   6.5926929458e-07   2.0000000000e-02 
  1.9095473387e+21   1.9325399000e+18   8.8462578481e+61   2.2245872600e-24   5.1871390090e-14   8.7489896763e-07   2.0000000000e-02 
  1.9114798786e+21   1.9325399000e+18   8.8641815300e+61   2.2245872600e-24   5.1871390090e-14   1.0236408944e-06   2.0000000000e-02 
  1.9134124185e+21   1.9325399000e+18   8.8821233514e+61   2.2245872600e-24   5.1871390090e-14   1.1903583568e-06   2.0000000000e-02 
  1.9153449584e+21   1.9325399000e+18   8.9000833123e+61   2.2245872600e-24   5.1871390090e-14   1.4099928614e-06   2.0000000000e-02 
  1.9172774983e+21   1.9325399000e+18   8.9180614127e+61   2.2245872600e-24   5.1871390090e-14   1.7741646915e-06   2.0000000000e-02 
  1.9192100382e+21   1.9325399000e+18   8.9360576526e+61   2.2245872600e-24   5.1871390090e-14   1.7487255999e-06   2.0000000000e-02 
  1.9211425782e+21   1.9325400000e+18   8.9540724957e+61   2.2245872600e-24   5.1871390090e-14   1.3986767661e-06   2.0000000000e-02 
  1.9230751181e+21   1.9325399000e+18   8.9721045518e+61   2.2245872600e-24   5.1871390090e-14   1.2867616195e-06   2.0000000000e-02 
  1.9250076580e+21   1.9325399000e+18   8.9901552101e+61   2.2245872600e-24   5.1871390090e-14   1.2139571427e-06   2.0000000000e-02 
  1.9269401979e+21   1.9325399000e+18   9.0082240080e+61   2.2245872600e-24   5.1871390090e-14   1.1422453665e-06   2.0000000000e-02 
  1.9288727378e+21   1.9325399000e+18   9.0263109454e+61   2.2245872600e-24   5.1871390090e-14   1.0757114624e-06   2.0000000000e-02 
  1.9308052777e+21   1.9325399000e+18   9.0444160223e+61   2.2245872600e-24   5.1871390090e-14   8.6579050680e-07   2.0000000000e-02 
  1.9327378176e+21   1.9325399000e+18   9.0625392386e+61   2.2245872600e-24   5.1871390090e-14  -7.7652705378e-08   2.0000000000e-02 
  1.9346703575e+21   1.9325399000e+18   9.0806805945e+61   2.2245872600e-24   5.1871390090e-14  -9.4149285065e-07   2.0000000000e-02 
  1.9366028974e+21   1.9325399000e+18   9.0988400899e+61   2.2245872600e-24   5.1871390090e-14  -1.0918622033e-06   2.0000000000e-02 
  1.9385354373e+21   1.9325399000e+18   9.1170177248e+61   2.2245872600e-24   5.1871390090e-14  -1.1317036630e-06   2.0000000000e-02 
  1.9404679772e+21   1.9325399000e+18   9.1352134991e+61   2.2245872600e-24   5.1871390090e-14  -1.1480023924e-06   2.0000000000e-02 
  1.9424005171e+21   1.9325399000e+18   9.1534274130e+61   2.2245872600e-24   5.1871390090e-14  -1.1648893052e-06   2.0000000000e-02 
  1.9443330570e+21   1.9325399000e+18   9.1716594664e+61   2.2245872600e-24   5.1871390090e-14  -1.1825785365e-06   2.0000000000e-02 
  1.9462655969e+21   1.9325399000e+18   9.1899096592e+61   2.2245872600e-24   5.1871390090e-14  -1.2052424905e-06   2.0000000000e-02 
  1.9481981368e+21   1.9325399000e+18   9.2081779916e+61   2.2245872600e-24   5.1871390090e-14  -1.2286064299e-06   2.0000000000e-02 
  1.9501306767e+21   1.9325399000e+18   9.2264644634e+61   2.2245872600e-24   5.1871390090e-14  -1.2251578551e-06   2.0000000000e-02 
  1.9520632166e+21   1.9325399000e+18   9.2447690748e+61   2.2245872600e-24   5.1871390090e-14  -1.2301549453e-06   2.0000000000e-02 
  1.9539957565e+21   1.9325399000e+18   9.2630918256e+61   2.2245872600e-24   5.1871390090e-14  -1.2291397555e-06   2.0000000000e-02 
  1.9559282965e+21   1.9325400000e+18   9.2814331967e+61   2.2245872600e-24   5.1871390090e-14  -1.2193495116e-06   2.0000000000e-02 
  1.9578608364e+21   1.9325399000e+18   9.2997917468e+61   2.2245872600e-24   5.1871390090e-14  -1.2206400566e-06   2.0000000000e-02 
  1.9597933763e+21   1.9325399000e+18   9.3181689161e+61   2.2245872600e-24   5.1871390090e-14  -1.2350574751e-06   2.0000000000e-02 
  1.9617259162e+21   1.9325399000e+18   9.3365642250e+61   2.2245872600e-24   5.1871390090e-14  -1.2439941711e-06   2.0000000000e-02 
  1.9636584561e+21   1.9325399000e+18   9.3549776733e+61   2.2245872600e-24   5.1871390090e-14  -1.2535439133e-06   2.0000000000e-02 
  1.9655909960e+21   1.9325399000e+18   9.3734092612e+61   2.2245872600e-24   5.1871390090e-14  -1.2613982672e-06   2.0000000000e-02 
  1.9675235359e+21   1.9325399000e+18   9.3918589885e+61   2.2245872600e-24   5.1871390090e-14  -1.2753204811e-06   2.0000000000e-02 
  1.9694560758e+21   1.9325399000e+18   9.4103268554e+61   2.2245872600e-24   5.1871390090e-14  -1.3105295538e-06   2.0000000000e-02 
  1.9713886157e+21   1.9325399000e+18   9.4288128617e+61   2.2245872600e-24   5.1871390090e-14  -1.3430168678e-06   2.0000000000e-02 
  1.9733211556e+21   1.9325399000e+18   9.4473170075e+61   2.2245872600e-24   5.1871390090e-14  -1.3048804758e-06   2.0000000000e-02 
  1.9752536955e+21   1.9325399000e+18   9.4658392929e+61   2.2245872600e-24   5.1871390090e-14  -1.2678040254e-06   2.0000000000e-02 
  1.9771862354e+21   1.9325399000e+18   9.4843797177e+61   2.2245872600e-24   5.1871390090e-14  -1.2651441426e-06   2.0000000000e-02 
  1.9791187753e+21   1.9325399000e+18   9.5029382820e+61   2.2245872600e-24   5.1871390090e-14  -1.2256514655e-06   2.0000000000e-02 
  1.9810513152e+21   1.9325399000e+18   9.5215149859e+61   2.2245872600e-24   5.1871390090e-14  -1.0679515994e-06   2.0000000000e-02 
  1.9829838551e+21   1.9325399000e+18   9.5401098292e+61   2.2245872600e-24   5.1871390091e-14  -5.1873208536e-07   2.0000000000e-02 
  1.9849163950e+21   1.9325399000e+18   9.5587228120e+61   2.2245872600e-24   5.1871390091e-14   3.2387365130e-07   2.0000000000e-02 
  1.9868489349e+21   1.9325399000e+18   9.5773539343e+61   2.2245872600e-24   5.1871390090e-14   5.2685533589e-07   2.0000000000e-02 
  1.9887814748e+21   1.9325399000e+18   9.5960031962e+61   2.2245872600e-24   5.1871390090e-14  -8.2877031892e-08   2.0000000000e-02 
  1.9907140147e+21   1.9325399000e+18   9.6146705975e+61   2.2245872600e-24   5.1871390090e-14  -4.9511661335e-07   2.0000000000e-02 
  1.9926465546e+21   1.9325399000e+18   9.6333561383e+61   2.2245872600e-24   5.1871390090e-14  -5.8743897615e-07   2.0000000000e-02 
  1.9945790945e+21   1.9325399000e+18   9.6520598186e+61   2.2245872600e-24   5.1871390090e-14  -5.8544002984e-07   2.0000000000e-02 
  1.9965116344e+21   1.9325399000e+18   9.6707816384e+61   2.2245872600e-24   5.1871390090e-14  -5.7560254580e-07   2.0000000000e-02 
  1.9984441743e+21   1.9325399000e+18   9.6895215977e+61   2.2245872600e-24   5.1871390090e-14  -5.8537766455e-07   2.0000000000e-02 
  2.0003767142e+21   1.9325399000e+18   9.7082796965e+61   2.2245872600e-24   5.1871390090e-14  -5.9923024778e-07   2.0000000000e-02 
  2.0023092541e+21   1.9325399000e+18   9.7270559349e+61   2.2245872600e-24   5.1871390090e-14  -5.8221202699e-07   2.0000000000e-02 
  2.0042417940e+21   1.9325399000e+18   9.7458503127e+61   2.2245872600e-24   5.1871390090e-14  -5.5292533512e-07   2.0000000000e-02 
  2.0061743339e+21   1.9325399000e+18   9.7646628300e+61   2.2245872600e-24   5.1871390090e-14  -4.9061114189e-07   2.0000000000e-02 
  2.0081068738e+21   1.9325399000e+18   9.7834934868e+61   2.2245872600e-24   5.1871390090e-14  -5.1066620890e-07   2.0000000000e-02 
  2.0100394137e+21   1.9325399000e+18   9.8023422831e+61   2.2245872600e-24   5.1871390090e-14  -5.9724350448e-07   2.0000000000e-02 
  2.0119719536e+21   1.9325399000e+18   9.8212092189e+61   2.2245872600e-24   5.1871390090e-14  -5.7567768291e-07   2.0000000000e-02 
  2.0139044935e+21   1.9325399000e+18   9.8400942942e+61   2.2245872600e-24   5.1871390090e-14  -5.7369508891e-07   2.0000000000e-02 
  2.0158370334e+21   1.9325399000e+18   9.8589975090e+61   2.2245872600e-24   5.1871390090e-14  -6.0201404755e-07   2.0000000000e-02 
  2.0177695733e+21   1.9325399000e+18   9.8779188633e+61   2.2245872600e-24   5.1871390090e-14  -6.1851828063e-07   2.0000000000e-02 
  2.0197021132e+21   1.9325399000e+18   9.8968583570e+61   2.2245872600e-24   5.1871390090e-14  -6.0670279855e-07   2.0000000000e-02 
  2.0216346531e+21   1.9325399000e+18   9.9158159903e+61   2.2245872600e-24   5.1871390090e-14  -5.0194727161e-07   2.0000000000e-02 
  2.0235671930e+21   1.9325399000e+18   9.9347917631e+61   2.2245872600e-24   5.1871390090e-14  -3.3631114949e-07   2.0000000000e-02 
  2.0254997329e+21   1.9325399000e+18   9.9537856754e+61   2.2245872600e-24   5.1871390090e-14  -3.4492002027e-07   2.0000000000e-02 
  2.0274322728e+21   1.9325399000e+18   9.9727977272e+61   2.2245872600e-24   5.1871390090e-14  -4.9968294394e-07   2.0000000000e-02 
  2.0293648127e+21   1.9325399000e+18   9.9918279185e+61   2.2245872600e-24   5.1871390090e-14  -5.5960950942e-07   2.0000000000e-02 
  2.0312973526e+21   1.9325399000e+18   1.0010876249e+62   2.2245872600e-24   5.1871390090e-14  -5.4563187123e-07   2.0000000000e-02 
  2.0332298925e+21   1.9325399000e+18   1.0029942720e+62   2.2245872600e-24   5.1871390090e-14  -4.6691064809e-07   2.0000000000e-02 
  2.0351624324e+21   1.9325399000e+18   1.0049027329e+62   2.2245872600e-24   5.1871390090e-14  -4.6494223938e-07   2.0000000000e-02 
  2.0370949723e+21   1.9325399000e+18   1.0068130079e+62   2.2245872600e-24   5.1871390090e-14  -5.3787272369e-07   2.0000000000e-02 
  2.0390275122e+21   1.9325399000e+18   1.0087250967e+62   2.2245872600e-24   5.1871390090e-14  -5.6984635481e-07   2.0000000000e-02 
  2.0409600521e+21   1.9325399000e+18   1.0106389996e+62   2.2245872600e-24   5.1871390090e-14  -5.9457090059e-07   2.0000000000e-02 
  2.0428925920e+21   1.9325399000e+18   1.0125547163e+62   2.2245872600e-24   5.1871390090e-14  -6.2235384699e-07   2.0000000000e-02 
  2.0448251319e+21   1.9325399000e+18   1.0144722471e+62   2.2245872600e-24   5.1871390090e-14  -6.3509621509e-07   2.0000000000e-02 
  2.0467576718e+21   1.9325399000e+18   1.0163915917e+62   2.2245872600e-24   5.1871390090e-14  -6.0480892806e-07   2.0000000000e-02 
  2.0486902117e+21   1.9325399000e+18   1.0183127504e+62   2.2245872600e-24   5.1871390090e-14  -5.4151774736e-07   2.0000000000e-02 
  2.0506227516e+21   1.9325399000e+18   1.0202357229e+62   2.2245872600e-24   5.1871390090e-14  -5.2417546759e-07   2.0000000000e-02 
  2.0525552915e+21   1.9325399000e+18   1.0221605095e+62   2.2245872600e-24   5.1871390090e-14  -5.7097752861e-07   2.0000000000e-02 
  2.0544878314e+21   1.9325399000e+18   1.0240871099e+62   2.2245872600e-24   5.1871390090e-14  -6.3575777987e-07   2.0000000000e-02 
  2.0564203713e+21   1.9325399000e+18   1.0260155244e+62   2.2245872600e-24   5.1871390090e-14  -6.3459678337e-07   2.0000000000e-02 
  2.0583529112e+21   1.9325399000e+18   1.0279457527e+62   2.2245872600e-24   5.1871390091e-14  -6.1041945578e-07   2.0000000000e-02 
  2.0602854511e+21   1.9325399000e+18   1.0298777951e+62   2.2245872600e-24   5.1871390091e-14  -5.8545237482e-07   2.0000000000e-02 
  2.0622179910e+21   1.9325399000e+18   1.0318116513e+62   2.2245872600e-24   5.1871390091e-14  -5.5089145876e-07   2.0000000000e-02 
  2.0641505309e+21   1.9325399000e+18   1.0337473216e+62   2.2245872600e-24   5.1871390091e-14  -5.3270817644e-07   2.0000000000e-02 
  2.0660830708e+21   1.9325399000e+18   1.0356848057e+62   2.2245872600e-24   5.1871390091e-14  -4.9620088126e-07   2.0000000000e-02 
  2.0680156107e+21   1.9325399000e+18   1.0376241039e+62   2.2245872600e-24   5.1871390091e-14  -3.7670018454e-07   2.0000000000e-02 
  2.0699481506e+21   1.9325399000e+18   1.0395652159e+62   2.2245872600e-24   5.1871390090e-14  -3.8588990672e-07   2.0000000000e-02 
  2.0718806905e+21   1.9325399000e+18   1.0415081420e+62   2.2245872600e-24   5.1871390090e-14  -5.1353887958e-07   2.0000000000e-02 
  2.0738132304e+21   1.9325399000e+18   1.0434528819e+62   2.2245872600e-24   5.1871390091e-14  -5.6141930331e-07   2.0000000000e-02 
  2.0757457703e+21   1.9325399000e+18   1.0453994359e+62   2.2245872600e-24   5.1871390091e-14  -5.5986772815e-07   2.0000000000e-02 
  2.0776783102e+21   1.9325399000e+18   1.0473478037e+62   2.2245872600e-24   5.1871390091e-14  -5.4713931749e-07   2.0000000000e-02 
  2.0796108501e+21   1.9325399000e+18   1.0492979856e+62   2.2245872600e-24   5.1871390091e-14  -4.3645174129e-07   2.0000000000e-02 
  2.0815433900e+21   1.9325399000e+18   1.0512499813e+62   2.2245872600e-24   5.1871390091e-14  -2.1598399447e-07   2.0000000000e-02 
  2.0834759299e+21   1.9325399000e+18   1.0532037911e+62   2.2245872600e-24   5.1871390090e-14  -2.2591502355e-07   2.0000000000e-02 
  2.0854084698e+21   1.9325399000e+18   1.0551594147e+62   2.2245872600e-24   5.1871390090e-14  -4.4804796315e-07   2.0000000000e-02 
  2.0873410097e+21   1.9325399000e+18   1.0571168524e+62   2.2245872600e-24   5.1871390090e-14  -5.3780846396e-07   2.0000000000e-02 
  2.0892735496e+21   1.9325399000e+18   1.0590761039e+62   2.2245872600e-24   5.1871390090e-14  -5.4287983294e-07   2.0000000000e-02 
  2.0912060895e+21   1.9325399000e+18   1.0610371695e+62   2.2245872600e-24   5.1871390090e-14  -4.9203867442e-07   2.0000000000e-02 
  2.0931386294e+21   1.9325399000e+18   1.0630000489e+62   2.2245872600e-24   5.1871390090e-14  -4.9084660513e-07   2.0000000000e-02 
  2.0950711693e+21   1.9325399000e+18   1.0649647423e+62   2.2245872600e-24   5.1871390090e-14  -5.7653428699e-07   2.0000000000e-02 
  2.0970037092e+21   1.9325399000e+18   1.0669312497e+62   2.2245872600e-24   5.1871390090e-14  -6.2470293799e-07   2.0000000000e-02 
  2.0989362491e+21   1.9325399000e+18   1.0688995710e+62   2.2245872600e-24   5.1871390090e-14  -5.7652368570e-07   2.0000000000e-02 
  2.1008687890e+21   1.9325399000e+18   1.0708697063e+62   2.2245872600e-24   5.1871390090e-14  -5.4977802279e-07   2.0000000000e-02 
  2.1028013289e+21   1.9325399000e+18   1.0728416555e+62   2.2245872600e-24   5.1871390090e-14  -5.8349549563e-07   2.0000000000e-02 
  2.1047338688e+21   1.9325399000e+18   1.0748154187e+62   2.2245872600e-24   5.1871390091e-14  -6.2194446051e-07   2.0000000000e-02 
  2.1066664087e+21   1.9325399000e+18   1.0767909958e+62   2.2245872600e-24   5.1871390091e-14  -5.9234165305e-07   2.0000000000e-02 
  2.1085989486e+21   1.9325399000e+18   1.0787683869e+62   2.2245872600e-24   5.1871390091e-14  -5.7953055236e-07   2.0000000000e-02 
  2.1105314885e+21   1.9325399000e+18   1.0807475919e+62   2.2245872600e-24   5.1871390091e-14  -5.4963393007e-07   2.0000000000e-02 
  2.1124640284e+21   1.9325399000e+18   1.0827286109e+62   2.2245872600e-24   5.1871390091e-14  -4.7298123305e-07   2.0000000000e-02 
  2.1143965683e+21   1.9325399000e+18   1.0847114438e+62   2.2245872600e-24   5.1871390091e-14  -4.8189424231e-07   2.0000000000e-02 
  2.1163291082e+21   1.9325399000e+18   1.0866960907e+62   2.2245872600e-24   5.1871390091e-14  -5.5753246194e-07   2.0000000000e-02 
  2.1182616481e+21   1.9325399000e+18   1.0886825515e+62   2.2245872600e-24   5.1871390091e-14  -5.8300326682e-07   2.0000000000e-02 
  2.1201941880e+21   1.9325399000e+18   1.0906708263e+62   2.2245872600e-24   5.1871390091e-14  -5.7716632310e-07   2.0000000000e-02 
  2.1221267279e+21   1.9325399000e+18   1.0926609150e+62   2.2245872600e-24   5.1871390091e-14  -5.6971677897e-07   2.0000000000e-02 
  2.1240592678e+21   1.9325399000e+18   1.0946528177e+62   2.2245872600e-24   5.1871390091e-14  -5.6300592141e-07   2.0000000000e-02 
  2.1259918077e+21   1.9325399000e+18   1.0966465343e+62   2.2245872600e-24   5.1871390091e-14  -5.3155561727e-07   2.0000000000e-02 
  2.1279243476e+21   1.9325399000e+18   1.0986420648e+62   2.2245872600e-24   5.1871390091e-14  -4.5798170573e-07   2.0000000000e-02 
  2.1298568875e+21   1.9325399000e+18   1.1006394094e+62   2.2245872600e-24   5.1871390091e-14  -4.5607761207e-07   2.0000000000e-02 
  2.1317894274e+21   1.9325399000e+18   1.1026385678e+62   2.2245872600e-24   5.1871390091e-14  -5.3266428028e-07   2.0000000000e-02 
  2.1337219673e+21   1.9325399000e+18   1.1046395402e+62   2.2245872600e-24   5.1871390091e-14  -5.7017020686e-07   2.0000000000e-02 
  2.1356545072e+21   1.9325399000e+18   1.1066423266e+62   2.2245872600e-24   5.1871390091e-14  -5.7499841796e-07   2.0000000000e-02 
  2.1375870471e+21   1.9325399000e+18   1.1086469269e+62   2.2245872600e-24   5.1871390091e-14  -5.6071159939e-07   2.0000000000e-02 
  2.1395195870e+21   1.9325399000e+18   1.1106533412e+62   2.2245872600e-24   5.1871390091e-14  -5.6707968053e-07   2.0000000000e-02 
  2.1414521269e+21   1.9325399000e+18   1.1126615694e+62   2.2245872600e-24   5.1871390091e-14  -6.0340813735e-07   2.0000000000e-02 
  2.1433846668e+21   1.9325399000e+18   1.1146716116e+62   2.2245872600e-24   5.1871390091e-14  -6.2504220501e-07   2.0000000000e-02 
  2.1453172067e+21   1.9325399000e+18   1.1166834677e+62   2.2245872600e-24   5.1871390091e-14  -6.0652798367e-07   2.0000000000e-02 
  2.1472497466e+21   1.9325399000e+18   1.1186971378e+62   2.2245872600e-24   5.1871390091e-14  -5.9446853840e-07   2.0000000000e-02 
  2.1491822865e+21   1.9325399000e+18   1.1207126218e+62   2.2245872600e-24   5.1871390091e-14  -6.0621474790e-07   2.0000000000e-02 
  2.1511148264e+21   1.9325399000e+18   1.1227299198e+62   2.2245872600e-24   5.1871390091e-14  -6.0476284866e-07   2.0000000000e-02 
  2.1530473663e+21   1.9325399000e+18   1.1247490317e+62   2.2245872600e-24   5.1871390091e-14  -6.0872177197e-07   2.0000000000e-02 
  2.1549799062e+21   1.9325399000e+18   1.1267699575e+62   2.2245872600e-24   5.1871390091e-14  -5.9888646300e-07   2.0000000000e-02 
  2.1569124461e+21   1.9325399000e+18   1.1287926974e+62   2.2245872600e-24   5.1871390091e-14  -5.7784146428e-07   2.0000000000e-02 
  2.1588449860e+21   1.9325399000e+18   1.1308172511e+62   2.2245872600e-24   5.1871390091e-14  -5.7479845828e-07   2.0000000000e-02 
  2.1607775259e+21   1.9325399000e+18   1.1328436188e+62   2.2245872600e-24   5.1871390091e-14  -5.8030984029e-07   2.0000000000e-02 
  2.1627100658e+21   1.9325399000e+18   1.1348718005e+62   2.2245872600e-24   5.1871390091e-14  -5.8159896921e-07   2.0000000000e-02 
  2.1646426057e+21   1.9325399000e+18   1.1369017961e+62   2.2245872600e-24   5.1871390091e-14  -5.6764223300e-07   2.0000000000e-02 
  2.1665751456e+21   1.9325399000e+18   1.1389336057e+62   2.2245872600e-24   5.1871390091e-14  -5.0994111290e-07   2.0000000000e-02 
  2.1685076855e+21   1.9325399000e+18   1.1409672292e+62   2.2245872600e-24   5.1871390091e-14  -4.0969884777e-07   2.0000000000e-02 
  2.1704402254e+21   1.9325399000e+18   1.1430026667e+62   2.2245872600e-24   5.1871390091e-14  -2.5284926354e-08   2.0000000000e-02 
  2.1723727653e+21   1.9325399000e+18   1.1450399181e+62   2.2245872600e-24   5.1871390091e-14   7.0462726827e-07   2.0000000000e-02 
  2.1743053052e+21   1.9325399000e+18   1.1470789834e+62   2.2245872600e-24   5.1871390091e-14   1.2921109793e-06   2.0000000000e-02 
  2.1762378451e+21   1.9325399000e+18   1.1491198628e+62   2.2245872600e-24   5.1871390090e-14   1.2257444576e-06   2.0000000000e-02 
  2.1781703850e+21   1.9325399000e+18   1.1511625560e+62   2.2245872600e-24   5.1871390090e-14   7.0047216639e-07   2.0000000000e-02 
  2.1801029249e+21   1.9325399000e+18   1.1532070632e+62   2.2245872600e-24   5.1871390090e-14   5.0862980530e-08   2.0000000000e-02 
  2.1820354648e+21   1.9325399000e+18   1.1552533844e+62   2.2245872600e-24   5.1871390090e-14  -4.3870834558e-07   2.0000000000e-02 
  2.1839680047e+21   1.9325399000e+18   1.1573015195e+62   2.2245872600e-24   5.1871390090e-14  -5.6569530854e-07   2.0000000000e-02 
  2.1859005446e+21   1.9325399000e+18   1.1593514686e+62   2.2245872600e-24   5.1871390090e-14  -5.9348602720e-07   2.0000000000e-02 
  2.1878330845e+21   1.9325399000e+18   1.1614032316e+62   2.2245872600e-24   5.1871390090e-14  -5.8854313170e-07   2.0000000000e-02 
  2.1897656244e+21   1.9325399000e+18   1.1634568085e+62   2.2245872600e-24   5.1871390090e-14  -5.8379071984e-07   2.0000000000e-02 
  2.1916981643e+21   1.9325399000e+18   1.1655121995e+62   2.2245872600e-24   5.1871390090e-14  -5.8983545147e-07   2.0000000000e-02 
  2.1936307042e+21   1.9325399000e+18   1.1675694043e+62   2.2245872600e-24   5.1871390090e-14  -6.0667344264e-07   2.0000000000e-02 
  2.1955632441e+21   1.9325399000e+18   1.1696284231e+62   2.2245872600e-24   5.1871390090e-14  -6.1336639345e-07   2.0000000000e-02 
  2.1974957840e+21   1.9325399000e+18   1.1716892559e+62   2.2245872600e-24   5.1871390090e-14  -6.1153481435e-07   2.0000000000e-02 
  2.1994283239e+21   1.9325399000e+18   1.1737519026e+62   2.2245872600e-24   5.1871390090e-14  -6.1490345565e-07   2.0000000000e-02 
  2.2013608638e+21   1.9325399000e+18   1.1758163633e+62   2.2245872600e-24   5.1871390090e-14  -6.1604340219e-07   2.0000000000e-02 
  2.2032934037e+21   1.9325399000e+18   1.1778826379e+62   2.2245872600e-24   5.1871390090e-14  -6.1317927851e-07   2.0000000000e-02 
  2.2052259436e+21   1.9325399000e+18   1.1799507264e+62   2.2245872600e-24   5.1871390090e-14  -6.0889084790e-07   2.0000000000e-02 
  2.2071584835e+21   1.9325399000e+18   1.1820206290e+62   2.2245872600e-24   5.1871390090e-14  -5.9464898928e-07   2.0000000000e-02 
  2.2090910234e+21   1.9325399000e+18   1.1840923454e+62   2.2245872600e-24   5.1871390090e-14  -5.7687709623e-07   2.0000000000e-02 
  2.2110235633e+21   1.9325399000e+18   1.1861658758e+62   2.2245872600e-24   5.1871390090e-14  -5.7492035251e-07   2.0000000000e-02 
  2.2129561032e+21   1.9325399000e+18   1.1882412202e+62   2.2245872600e-24   5.1871390090e-14  -5.7036124704e-07   2.0000000000e-02 
  2.2148886431e+21   1.9325399000e+18   1.1903183785e+62   2.2245872600e-24   5.1871390090e-14  -5.5145908501e-07   2.0000000000e-02 
  2.2168211830e+21   1.9325399000e+18   1.1923973508e+62   2.2245872600e-24   5.1871390090e-14  -5.3689608214e-07   2.0000000000e-02 
  2.2187537229e+21   1.9325399000e+18   1.1944781370e+62   2.2245872600e-24   5.1871390090e-14  -4.9583254029e-07   2.0000000000e-02 
  2.2206862628e+21   1.9325399000e+18   1.1965607371e+62   2.2245872600e-24   5.1871390090e-14  -4.8511756841e-07   2.0000000000e-02 
  2.2226188027e+21   1.9325399000e+18   1.1986451512e+62   2.2245872600e-24   5.1871390090e-14  -5.3586677579e-07   2.0000000000e-02 
  2.2245513426e+21   1.9325399000e+18   1.2007313793e+62   2.2245872600e-24   5.1871390090e-14  -5.6966900366e-07   2.0000000000e-02 
  2.2264838825e+21   1.9325399000e+18   1.2028194213e+62   2.2245872600e-24   5.1871390090e-14  -5.7719729726e-07   2.0000000000e-02 
  2.2284164224e+21   1.9325399000e+18   1.2049092773e+62   2.2245872600e-24   5.1871390090e-14  -5.7046209399e-07   2.0000000000e-02 
  2.2303489623e+21   1.9325399000e+18   1.2070009472e+62   2.2245872600e-24   5.1871390090e-14  -5.4671569310e-07   2.0000000000e-02 
  2.2322815022e+21   1.9325399000e+18   1.2090944310e+62   2.2245872600e-24   5.1871390090e-14  -5.1746089675e-07   2.0000000000e-02 
  2.2342140421e+21   1.9325399000e+18   1.2111897288e+62   2.2245872600e-24   5.1871390090e-14  -5.2099842803e-07   2.0000000000e-02 
  2.2361465820e+21   1.9325399000e+18   1.2132868406e+62   2.2245872600e-24   5.1871390090e-14  -5.6136510345e-07   2.0000000000e-02 
  2.2380791219e+21   1.9325399000e+18   1.2153857663e+62   2.2245872600e-24   5.1871390090e-14  -5.4484818779e-07   2.0000000000e-02 
  2.2400116618e+21   1.9325399000e+18   1.2174865060e+62   2.2245872600e-24   5.1871390090e-14  -5.1537278654e-07   2.0000000000e-02 
  2.2419442017e+21   1.9325399000e+18   1.2195890596e+62   2.2245872600e-24   5.1871390090e-14  -4.6271378336e-07   2.0000000000e-02 
  2.2438767416e+21   1.9325399000e+18   1.2216934271e+62   2.2245872600e-24   5.1871390090e-14  -2.2415210892e-07   2.0000000000e-02 
  2.2458092815e+21   1.9325399000e+18   1.2237996086e+62   2.2245872600e-24   5.1871390090e-14   0.0000000000e+00   2.0000000000e-02 
