# time = 4.366032e+15 [s] 
# r                  dr                 dV                 Density            Pressure           Velocity           Z
  2.1304517832e+18   2.1304517832e+18   4.0504543150e+55   4.6715142451e-31   3.3477196914e-14   0.0000000000e+00   9.9248591688e-02 
  2.5152035274e+18   3.8475174416e+17   2.6146662472e+55   4.6715142451e-31   3.3477196914e-14  -2.5721937535e+03   9.9248591688e-02 
  3.3429145811e+18   8.2771105378e+17   8.9830815906e+55   4.6717328103e-31   3.3477121395e-14  -5.3118046105e+03   9.9248591688e-02 
  4.2589604981e+18   9.1604591698e+17   1.6711122212e+56   4.6724722793e-31   3.3477148732e-14  -9.4284658168e+03   9.9248591688e-02 
  4.6759674650e+18   4.1700696684e+17   1.0466235714e+56   4.6734760701e-31   3.3477165092e-14  -1.2016249286e+04   9.9248591688e-02 
  5.0473959303e+18   3.7142846533e+17   1.1037463529e+56   4.6747183667e-31   3.3477166067e-14  -1.3446137886e+04   9.9248591688e-02 
  5.7164166383e+18   6.6902070800e+17   2.4382631888e+56   4.6774216991e-31   3.3477165631e-14  -1.5244111051e+04   9.9248591688e-02 
  6.3207238858e+18   6.0430724755e+17   2.7530813751e+56   4.6815750723e-31   3.3477164978e-14  -1.7374407819e+04   9.9248591688e-02 
  7.1408097172e+18   8.2008583134e+17   4.6745003706e+56   4.6873996690e-31   3.3477163972e-14  -1.9679221724e+04   9.9248591688e-02 
  7.9336248632e+18   7.9281514601e+17   5.6650548315e+56   4.6951250628e-31   3.3477165931e-14  -2.2239072616e+04   9.9248591688e-02 
  8.9314445988e+18   9.9781973564e+17   8.9265713784e+56   4.7051601310e-31   3.3477173483e-14  -2.5037495975e+04   9.9248591688e-02 
  9.9635095520e+18   1.0320649532e+18   1.1587247293e+57   4.7180390366e-31   3.3477188757e-14  -2.8156952993e+04   9.9248591688e-02 
  1.1186865983e+19   1.2233564308e+18   1.7211673475e+57   4.7341683857e-31   3.3477216480e-14  -3.1532977498e+04   9.9248591688e-02 
  1.2499534920e+19   1.3126689373e+18   2.3160482932e+57   4.7542698696e-31   3.3477244542e-14  -3.5321292487e+04   9.9248591688e-02 
  1.4003681509e+19   1.5041465889e+18   3.3227925745e+57   4.7789011104e-31   3.3477291913e-14  -3.9596702845e+04   9.9248591688e-02 
  1.5701686026e+19   1.6980045169e+18   4.7122825971e+57   4.8095086382e-31   3.3477353544e-14  -4.4469821398e+04   9.9248591688e-02 
  1.7598287141e+19   1.8966011149e+18   6.6142862587e+57   4.8468071315e-31   3.3477432468e-14  -4.9998916972e+04   9.9248591688e-02 
  1.9742130980e+19   2.1438438395e+18   9.4010919678e+57   4.8921073051e-31   3.3477535020e-14  -5.6245667512e+04   9.9248591688e-02 
  2.2064545382e+19   2.3224144019e+18   1.2765192849e+58   4.9459284996e-31   3.3477660385e-14  -6.3092673027e+04   9.9248591688e-02 
  2.4707104676e+19   2.6425592942e+18   1.8180334231e+58   5.0101311707e-31   3.3477830763e-14  -7.0672503585e+04   9.9248591688e-02 
  2.7544512879e+19   2.8374082026e+18   2.4361153217e+58   5.0857792528e-31   3.3478046920e-14  -7.9030150327e+04   9.9248591688e-02 
  3.0849338393e+19   3.3048255142e+18   3.5440193710e+58   5.1762372148e-31   3.3478324944e-14  -8.8390934541e+04   9.9248591688e-02 
  3.4361076933e+19   3.5117385399e+18   4.6959731622e+58   5.2827675500e-31   3.3478671604e-14  -9.8765806543e+04   9.9248591688e-02 
  3.8354680193e+19   3.9936032603e+18   6.6406147352e+58   5.4072981094e-31   3.3479066228e-14  -1.1014653833e+05   9.9248591688e-02 
  4.2601697349e+19   4.2470171560e+18   8.7525429057e+58   5.5520387019e-31   3.3479571359e-14  -1.2275839839e+05   9.9248591688e-02 
  4.7465049216e+19   4.8633518664e+18   1.2406132087e+59   5.7216023254e-31   3.3480191221e-14  -1.3683508277e+05   9.9248591688e-02 
  5.2205597582e+19   4.7405483663e+18   1.4806089319e+59   5.9104988845e-31   3.3480911336e-14  -1.5180116724e+05   9.9248591688e-02 
  5.9492454041e+19   7.2868564585e+18   2.8602035909e+59   6.1619055772e-31   3.3481901586e-14  -1.7058725855e+05   9.9248591688e-02 
  7.0485479690e+19   1.0993025649e+19   5.8484483420e+59   6.5615626869e-31   3.3483595524e-14  -1.9922564106e+05   9.9248591688e-02 
  7.4483888970e+19   3.9984092805e+18   2.6405824070e+59   6.9012311358e-31   3.3485138201e-14  -2.2311535795e+05   9.9248591688e-02 
  7.8143904320e+19   3.6600153501e+18   2.6790651043e+59   7.0927408061e-31   3.3485989268e-14  -2.3538894464e+05   9.9248591688e-02 
  8.2009316249e+19   3.8654119286e+18   3.1153104376e+59   7.3016991981e-31   3.3486861816e-14  -2.4747158492e+05   9.9248591688e-02 
  8.6160826074e+19   4.1515098254e+18   3.6892827344e+59   7.5470984179e-31   3.3487839474e-14  -2.6044288202e+05   9.9248591688e-02 
  8.9991843246e+19   3.8310171722e+18   3.7351744930e+59   7.8147288769e-31   3.3488870541e-14  -2.7347696183e+05   9.9248591688e-02 
  9.4920207605e+19   4.9283643583e+18   5.2952434748e+59   8.1386994524e-31   3.3490064706e-14  -2.8781190831e+05   9.9248591688e-02 
  9.9764398499e+19   4.8441908944e+18   5.7693112009e+59   8.5295550068e-31   3.3491434604e-14  -3.0376411059e+05   9.9248591688e-02 
  1.0443471684e+20   4.6703183426e+18   6.1189906491e+59   8.9423492821e-31   3.3492865626e-14  -3.1938585919e+05   9.9248591688e-02 
  1.0890274982e+20   4.4680329762e+18   6.3894577579e+59   9.3740157450e-31   3.3494268101e-14  -3.3427506133e+05   9.9248591688e-02 
  1.1443647689e+20   5.5337270751e+18   8.6733423373e+59   9.8902674204e-31   3.3495895615e-14  -3.5067074921e+05   9.9248591688e-02 
  1.2004216106e+20   5.6056841643e+18   9.6842901971e+59   1.0509012383e-30   3.3497743930e-14  -3.6885395538e+05   9.9248591688e-02 
  1.2543871815e+20   5.3965570977e+18   1.0218142277e+60   1.1167708321e-30   3.3499594197e-14  -3.8682806024e+05   9.9248591688e-02 
  1.3083070277e+20   5.3919846147e+18   1.1126438555e+60   1.1867471697e-30   3.3501396130e-14  -4.0430248386e+05   9.9248591688e-02 
  1.3723442688e+20   6.4037241117e+18   1.4459249067e+60   1.2698083351e-30   3.3503291182e-14  -4.2329490266e+05   9.9248591688e-02 
  1.4369093478e+20   6.4565078971e+18   1.6010537688e+60   1.3671754293e-30   3.3505202624e-14  -4.4387547300e+05   9.9248591688e-02 
  1.4989248085e+20   6.2015460676e+18   1.6794902035e+60   1.4705278598e-30   3.3506804428e-14  -4.6403384774e+05   9.9248591688e-02 
  1.5657957430e+20   6.6870934565e+18   1.9735036913e+60   1.5847193097e-30   3.3508096523e-14  -4.8413557250e+05   9.9248591688e-02 
  1.6421728534e+20   7.6377110389e+18   2.4697634797e+60   1.7220892658e-30   3.3508925459e-14  -5.0618814291e+05   9.9248591688e-02 
  1.7170054841e+20   7.4832630675e+18   2.6532540971e+60   1.8781523496e-30   3.3509029903e-14  -5.3022816684e+05   9.9248591688e-02 
  1.7830611396e+20   6.6055655513e+18   2.5425181441e+60   2.0355105206e-30   3.3508124357e-14  -5.5100200595e+05   9.9248591688e-02 
  1.8698899699e+20   8.6828830257e+18   3.6406868516e+60   2.2226828626e-30   3.3505639337e-14  -5.7248922129e+05   9.9248591688e-02 
  1.9756529837e+20   1.0576301383e+19   4.9148301130e+60   2.4765743437e-30   3.3500004515e-14  -5.9820274835e+05   9.9248591688e-02 
  2.0836480164e+20   1.0799503275e+19   5.5918899511e+60   2.7776357168e-30   3.3490063695e-14  -6.2422509525e+05   9.9248591688e-02 
  2.1833739762e+20   9.9725959813e+18   5.7054108828e+60   3.0914540174e-30   3.3476293348e-14  -6.4652736948e+05   9.9248591688e-02 
  2.3068052752e+20   1.2343129891e+19   7.8200928174e+60   3.4568546112e-30   3.3456334195e-14  -6.6766878217e+05   9.9248591688e-02 
  2.4149533338e+20   1.0814805863e+19   7.5762116630e+60   3.8634166793e-30   3.3431253386e-14  -6.8640072647e+05   9.9248591688e-02 
  2.5734482650e+20   1.5849493123e+19   1.2394647669e+61   4.3711811097e-30   3.3397234269e-14  -7.0340579818e+05   9.9248591688e-02 
  2.6883136969e+20   1.1486543192e+19   9.9924181649e+60   4.9228179311e-30   3.3360231200e-14  -7.1798680576e+05   9.9248591688e-02 
  2.7906751573e+20   1.0236146033e+19   9.6546760259e+60   5.3984794717e-30   3.3330535493e-14  -7.3114649755e+05   9.9248591688e-02 
  2.8986553415e+20   1.0798018422e+19   1.0981670449e+61   5.8623210838e-30   3.3304872718e-14  -7.4951467902e+05   9.9248591688e-02 
  2.9981070910e+20   9.9451749505e+18   1.0865025213e+61   6.2823985965e-30   3.3281980256e-14  -7.7270789052e+05   9.9248591688e-02 
  3.1468484675e+20   1.4874137649e+19   1.7648344452e+61   6.7273649304e-30   3.3256111061e-14  -8.0675645993e+05   9.9248591688e-02 
  3.3005301330e+20   1.5368166557e+19   2.0073380706e+61   7.2165988349e-30   3.3224336907e-14  -8.5522513366e+05   9.9248591688e-02 
  3.4015895021e+20   1.0105936905e+19   1.4262107989e+61   7.5832593846e-30   3.3192661652e-14  -8.9564903467e+05   9.9248591688e-02 
  3.4966099704e+20   9.5020468352e+18   1.4205810058e+61   7.8176935173e-30   3.3161812105e-14  -9.2065067488e+05   9.9248591688e-02 
  3.6513859008e+20   1.5477593031e+19   2.4847903407e+61   8.0534778359e-30   3.3113529455e-14  -9.4558280014e+05   9.9248591688e-02 
  3.8242147601e+20   1.7282885931e+19   3.0348392508e+61   8.3117764621e-30   3.3043466053e-14  -9.6809954368e+05   9.9248591688e-02 
  4.0066150721e+20   1.8240031208e+19   3.5145486331e+61   8.5453448752e-30   3.2964938454e-14  -9.8284443007e+05   9.9248591688e-02 
  4.1092021432e+20   1.0258707106e+19   2.1229029845e+61   8.7036918816e-30   3.2904773025e-14  -1.0003130379e+06   9.9248591688e-02 
  4.2078618525e+20   9.8659709302e+18   2.1441252961e+61   8.7875564437e-30   3.2868053618e-14  -1.0174890252e+06   9.9248591688e-02 
  4.3787601717e+20   1.7089831921e+19   3.9590382459e+61   8.8616700501e-30   3.2819509080e-14  -1.0457597906e+06   9.9248591688e-02 
  4.5710137776e+20   1.9225360594e+19   4.8385506982e+61   8.9327303553e-30   3.2747757089e-14  -1.0808976366e+06   9.9248591688e-02 
  4.7384936402e+20   1.6747986253e+19   4.5605027638e+61   8.9838015872e-30   3.2667609240e-14  -1.1019076097e+06   9.9248591688e-02 
  4.8279803786e+20   8.9486738464e+18   2.5729124703e+61   9.0098641277e-30   3.2606313403e-14  -1.1019669282e+06   9.9248591688e-02 
  4.9174295400e+20   8.9449161330e+18   2.6689384869e+61   9.0168157545e-30   3.2555950147e-14  -1.0926404589e+06   9.9248591688e-02 
  5.0964433739e+20   1.7901383390e+19   5.6401009564e+61   9.0151798044e-30   3.2484259911e-14  -1.0837051423e+06   9.9248591688e-02 
  5.2470383942e+20   1.5059502034e+19   5.0620295537e+61   9.0075061750e-30   3.2401943399e-14  -1.0802857444e+06   9.9248591688e-02 
  5.3448364209e+20   9.7798026658e+18   3.4469738168e+61   8.9980742130e-30   3.2350978745e-14  -1.0926952394e+06   9.9248591688e-02 
  5.4255909093e+20   8.0754488429e+18   2.9430019561e+61   8.9873270440e-30   3.2320440365e-14  -1.1065940620e+06   9.9248591687e-02 
  5.4953239680e+20   6.9733058666e+18   2.6128383023e+61   8.9737480296e-30   3.2293446986e-14  -1.1181558575e+06   9.9248591684e-02 
  5.6679165051e+20   1.7259253710e+19   6.7575154704e+61   8.9424090258e-30   3.2246383668e-14  -1.1293985650e+06   9.9248591674e-02 
  5.7788509564e+20   1.1093445135e+19   4.5666279405e+61   8.8998856714e-30   3.2188400115e-14  -1.1363858438e+06   9.9248591639e-02 
  5.8068584214e+20   2.8007464978e+18   1.1810540704e+61   8.8743724786e-30   3.2157134426e-14  -1.1324896389e+06   9.9248591563e-02 
  5.8301595534e+20   2.3301131982e+18   9.9131318643e+60   8.8579574744e-30   3.2143633105e-14  -1.1278377732e+06   9.9248590809e-02 
  5.9128299066e+20   8.2670353277e+18   3.5814936297e+61   8.8110323806e-30   3.2115491054e-14  -1.1184168287e+06   9.9248588374e-02 
  5.9899729666e+20   7.7143059917e+18   3.4336126245e+61   8.7316668463e-30   3.2065361486e-14  -1.0922496543e+06   9.9248577825e-02 
  6.0736016287e+20   8.3628662101e+18   3.8235256380e+61   8.6451439263e-30   3.2015836017e-14  -1.0676529948e+06   9.9248537264e-02 
  6.2469325471e+20   1.7333091846e+19   8.2663471088e+61   8.4979068630e-30   3.1951277342e-14  -1.0432049871e+06   9.9248425152e-02 
  6.3916863123e+20   1.4475376520e+19   7.2643701542e+61   8.3117819729e-30   3.1883234496e-14  -1.0296606909e+06   9.9248192321e-02 
  6.5293471246e+20   1.3766081226e+19   7.2205641834e+61   8.1424202083e-30   3.1839221202e-14  -1.0411018725e+06   9.9247869413e-02 
  6.7073857649e+20   1.7803864033e+19   9.8005836708e+61   7.9453794940e-30   3.1801337695e-14  -1.0591822938e+06   9.9247004171e-02 
  6.8719993269e+20   1.6461356203e+19   9.5366746569e+61   7.7224869010e-30   3.1757330834e-14  -1.0713030748e+06   9.9244677908e-02 
  7.0310646136e+20   1.5906528668e+19   9.6597363773e+61   7.5009751217e-30   3.1706561521e-14  -1.0579572946e+06   9.9238349384e-02 
  7.1853299048e+20   1.5426529113e+19   9.7952173117e+61   7.2706761009e-30   3.1623198369e-14  -9.8918282954e+05   9.9217894313e-02 
  7.3577296551e+20   1.7239975031e+19   1.1455615111e+62   7.0153766286e-30   3.1523262180e-14  -8.9258936465e+05   9.9137417706e-02 
  7.5009621015e+20   1.4323244639e+19   9.9349544620e+61   6.7605186070e-30   3.1459630327e-14  -8.4316636550e+05   9.8870042890e-02 
  7.5824647982e+20   8.1502696781e+18   5.8254049994e+61   6.5700441401e-30   3.1432588394e-14  -8.4428877863e+05   9.8439777548e-02 
  7.6522052636e+20   6.9740465389e+18   5.0851510026e+61   6.4286403361e-30   3.1425276919e-14  -8.5559347702e+05   9.7609324821e-02 
  7.7444456781e+20   9.2240414442e+18   6.8695587492e+61   6.2600143037e-30   3.1422509209e-14  -8.7465246219e+05   9.6994167663e-02 
  7.7812093480e+20   3.6763669943e+18   2.7840011287e+61   6.1153018347e-30   3.1421908619e-14  -8.9098432976e+05   9.6713621587e-02 
  7.7980253242e+20   1.6815976231e+18   1.2822253672e+61   6.0499500120e-30   3.1421671820e-14  -8.9814233119e+05   9.6622171222e-02 
  7.8244902920e+20   2.6464967769e+18   2.0291941073e+61   6.0039963468e-30   3.1421091035e-14  -9.0312655475e+05   9.6590596032e-02 
  7.8904455341e+20   6.5955242076e+18   5.1171360652e+61   5.9258450454e-30   3.1418278368e-14  -9.1243635718e+05   9.6584536101e-02 
  7.9428332329e+20   5.2387698768e+18   4.1259360804e+61   5.8374784506e-30   3.1413597279e-14  -9.2204974294e+05   9.6582056442e-02 
  7.9802334959e+20   3.7400263090e+18   2.9790566289e+61   5.7802371545e-30   3.1408777685e-14  -9.2430629118e+05   9.6581725349e-02 
  8.0148567334e+20   3.4623237487e+18   2.7828616396e+61   5.7437163664e-30   3.1404753282e-14  -9.2417706211e+05   9.6581674998e-02 
  8.0522789988e+20   3.7422265411e+18   3.0349927481e+61   5.7164239334e-30   3.1400151814e-14  -9.2325373080e+05   9.6581671615e-02 
  8.0866159589e+20   3.4336960099e+18   2.8097000660e+61   5.6973538559e-30   3.1394541488e-14  -9.2111429922e+05   9.6581671430e-02 
  8.2157969681e+20   1.2918100911e+19   1.0786024781e+62   5.6718620705e-30   3.1380011104e-14  -9.1428587471e+05   9.6581671422e-02 
  8.3395749589e+20   1.2377799082e+19   1.0658087408e+62   5.6379954318e-30   3.1340805677e-14  -8.7022274421e+05   9.6581671417e-02 
  8.3847989797e+20   4.5224020821e+18   3.9739266094e+61   5.6152240097e-30   3.1287611787e-14  -7.9012619827e+05   9.6581671415e-02 
  8.4154986515e+20   3.0699671795e+18   2.7221875286e+61   5.6062174753e-30   3.1263404616e-14  -7.5340083821e+05   9.6581671414e-02 
  8.4450058858e+20   2.9507234284e+18   2.6352386641e+61   5.6009516524e-30   3.1246694212e-14  -7.2833801980e+05   9.6581671407e-02 
  8.4762465031e+20   3.1240617334e+18   2.8101854433e+61   5.5972358974e-30   3.1231585374e-14  -7.0751806064e+05   9.6581671354e-02 
  8.5881648408e+20   1.1191833767e+19   1.0238585786e+62   5.5924147372e-30   3.1204061571e-14  -6.7025738670e+05   9.6581671165e-02 
  8.6616934698e+20   7.3528628982e+18   6.8735332120e+61   5.5881540113e-30   3.1173653113e-14  -6.3168689463e+05   9.6581670345e-02 
  8.6927412916e+20   3.1047821815e+18   2.9376660189e+61   5.5872425983e-30   3.1162888816e-14  -6.2112987646e+05   9.6581668248e-02 
  8.7326591454e+20   3.9917853813e+18   3.8078808417e+61   5.5877013832e-30   3.1158009142e-14  -6.1825177250e+05   9.6581647265e-02 
  8.8032422571e+20   7.0583111751e+18   6.8188197258e+61   5.5889682385e-30   3.1151408510e-14  -6.1767838365e+05   9.6581578362e-02 
  8.8752713808e+20   7.2029123616e+18   7.0721571473e+61   5.5905048036e-30   3.1145493825e-14  -6.2243785741e+05   9.6581060507e-02 
  8.9722675031e+20   9.6996122348e+18   9.7065566767e+61   5.5919085780e-30   3.1143680533e-14  -6.3374778649e+05   9.6579685101e-02 
  9.0773244809e+20   1.0505697781e+19   1.0752623967e+62   5.5930551538e-30   3.1146351445e-14  -6.5288832398e+05   9.6577304323e-02 
  9.1811525466e+20   1.0382806565e+19   1.0874227529e+62   5.5935525838e-30   3.1153960452e-14  -6.8117815420e+05   9.6575851119e-02 
  9.3438013743e+20   1.6264882777e+19   1.7535826609e+62   5.5918326741e-30   3.1157861829e-14  -7.0472304765e+05   9.6570713529e-02 
  9.4903706300e+20   1.4656925567e+19   1.6334076555e+62   5.5874643432e-30   3.1153602451e-14  -7.1820105844e+05   9.6556728255e-02 
  9.6229069181e+20   1.3253628804e+19   1.5211147206e+62   5.5799578111e-30   3.1135104344e-14  -6.9371788608e+05   9.6526030058e-02 
  9.7532255352e+20   1.3031861713e+19   1.5370821288e+62   5.5656828924e-30   3.1078961947e-14  -6.0048862440e+05   9.6438601847e-02 
  9.9209741478e+20   1.6774861264e+19   2.0399216332e+62   5.5425717285e-30   3.0992579690e-14  -4.5201374769e+05   9.6106010567e-02 
  1.0046544559e+21   1.2557041132e+19   1.5728637910e+62   5.5188482296e-30   3.0934825202e-14  -3.5561211034e+05   9.5043395688e-02 
  1.0144119830e+21   9.7575270933e+18   1.2496668213e+62   5.4989012330e-30   3.0919066271e-14  -3.3347460120e+05   9.1916750078e-02 
  1.0197166483e+21   5.3046652513e+18   6.8954984600e+61   5.4812068623e-30   3.0916199228e-14  -3.3460495735e+05   8.8191233597e-02 
  1.0268696579e+21   7.1530096502e+18   9.4124044365e+61   5.4584485491e-30   3.0917771894e-14  -3.4044766363e+05   8.1774414181e-02 
  1.0297811217e+21   2.9114637552e+18   3.8688568403e+61   5.4357345721e-30   3.0924269504e-14  -3.5511169894e+05   7.6516446698e-02 
  1.0328487602e+21   3.0676385747e+18   4.1001240217e+61   5.4150441857e-30   3.0931714012e-14  -3.7039560137e+05   7.3870208333e-02 
  1.0385647466e+21   5.7159863768e+18   7.7050554345e+61   5.3744237484e-30   3.0944085634e-14  -3.9520988181e+05   7.3531552828e-02 
  1.0426747976e+21   4.1100509470e+18   5.5929608665e+61   5.3273270811e-30   3.0962967656e-14  -4.3278398236e+05   7.3371967220e-02 
  1.0463553883e+21   3.6805907224e+18   5.0461165831e+61   5.2939101394e-30   3.0974956331e-14  -4.5804437561e+05   7.3320917342e-02 
  1.0512761252e+21   4.9207369431e+18   6.8020405409e+61   5.2647742394e-30   3.0985302080e-14  -4.7902821295e+05   7.3314384446e-02 
  1.0566313513e+21   5.3552260910e+18   7.4753530141e+61   5.2366112689e-30   3.0994183563e-14  -4.9771077879e+05   7.3313135642e-02 
  1.0617158960e+21   5.0845446912e+18   7.1679848907e+61   5.2141048460e-30   3.0999744562e-14  -5.0877092596e+05   7.3313019823e-02 
  1.0725711474e+21   1.0855251378e+19   1.5534567209e+62   5.1892804987e-30   3.1002818138e-14  -5.1503150301e+05   7.3313013236e-02 
  1.0812453549e+21   8.6742074707e+18   1.2641523795e+62   5.1641140147e-30   3.1004057498e-14  -5.1511505974e+05   7.3313011929e-02 
  1.0870591474e+21   5.8137925489e+18   8.5871883263e+61   5.1489293033e-30   3.0997929026e-14  -5.0215693687e+05   7.3313011764e-02 
  1.1006498157e+21   1.3590668337e+19   2.0435034062e+62   5.1355416675e-30   3.0976229571e-14  -4.5721358859e+05   7.3313011662e-02 
  1.1118533989e+21   1.1203583159e+19   1.7229725067e+62   5.1199099360e-30   3.0915491762e-14  -3.3548035096e+05   7.3313011299e-02 
  1.1260628400e+21   1.4209441071e+19   2.2357351737e+62   5.1063268957e-30   3.0841556744e-14  -1.8838140484e+05   7.3313009236e-02 
  1.1361617080e+21   1.0098868035e+19   1.6236666718e+62   5.0977698195e-30   3.0797139954e-14  -9.7874448728e+04   7.3312999619e-02 
  1.1458046694e+21   9.6429613627e+18   1.5775435844e+62   5.0941659061e-30   3.0784038038e-14  -7.0319263242e+04   7.3312944850e-02 
  1.1636148650e+21   1.7810195650e+19   2.9842337850e+62   5.0929557609e-30   3.0782548718e-14  -6.3193545783e+04   7.3312807273e-02 
  1.1757242757e+21   1.2109410695e+19   2.0819156747e+62   5.0969361391e-30   3.0803148278e-14  -9.8807884963e+04   7.3312514484e-02 
  1.1873450385e+21   1.1620762822e+19   2.0386418359e+62   5.1089150187e-30   3.0873916061e-14  -2.2975446594e+05   7.3311300663e-02 
  1.1972479911e+21   9.9029525118e+18   1.7690723965e+62   5.1226713161e-30   3.0930755213e-14  -3.3335173317e+05   7.3305536969e-02 
  1.2053532695e+21   8.1052784437e+18   1.4698833157e+62   5.1360983200e-30   3.0952818842e-14  -3.6915917998e+05   7.3286923975e-02 
  1.2229248692e+21   1.7571599746e+19   3.2551095942e+62   5.1637289678e-30   3.0960298264e-14  -3.6638157813e+05   7.3232803170e-02 
  1.2347199356e+21   1.1795066351e+19   2.2381635947e+62   5.2037042791e-30   3.0932111517e-14  -2.9967184080e+05   7.3123867662e-02 
  1.2402764195e+21   5.5564839062e+18   1.0693005508e+62   5.2382424122e-30   3.0874536445e-14  -1.7944671942e+05   7.2968441196e-02 
  1.2465696447e+21   6.2932251565e+18   1.2227055297e+62   5.2844484951e-30   3.0847799642e-14  -1.2169279856e+05   7.2243111104e-02 
  1.2508538711e+21   4.2842264575e+18   8.3947373176e+61   5.3487944701e-30   3.0811468027e-14  -4.9323647301e+04   7.1120966106e-02 
  1.2555315773e+21   4.6777062324e+18   9.2316438585e+61   5.4377134159e-30   3.0761645674e-14   4.8598506525e+04   6.9672909519e-02 
  1.2588019715e+21   3.2703941853e+18   6.4952519208e+61   5.5555392882e-30   3.0724898753e-14   1.2272301387e+05   6.8933992655e-02 
  1.2658624662e+21   7.0604946774e+18   1.4138178489e+62   5.8008335099e-30   3.0699219690e-14   1.7959770737e+05   6.8649309534e-02 
  1.2705071028e+21   4.6446365739e+18   9.3870074750e+61   6.1614657293e-30   3.0678150214e-14   2.0896071912e+05   6.8521962143e-02 
  1.2780726325e+21   7.5655297027e+18   1.5437854383e+62   6.7203584035e-30   3.0681156967e-14   1.9660317419e+05   6.8470941907e-02 
  1.2815104994e+21   3.4378668918e+18   7.0758345620e+61   7.4120231512e-30   3.0704808620e-14   1.5518231355e+05   6.8453398985e-02 
  1.2838286491e+21   2.3181497215e+18   4.7927088894e+61   8.0298510511e-30   3.0714149046e-14   1.3831785202e+05   6.8447792903e-02 
  1.2865464512e+21   2.7178020806e+18   5.6410619903e+61   8.9917804007e-30   3.0723790918e-14   1.1822283839e+05   6.8445574498e-02 
  1.2875260130e+21   9.7956180475e+17   2.0390283963e+61   1.0068922617e-29   3.0732280227e-14   9.8144190704e+04   6.8445230772e-02 
  1.2909243159e+21   3.3983029356e+18   7.0978979995e+61   1.2866720642e-29   3.0743647105e-14   7.3628302264e+04   6.8445049060e-02 
  1.2923334463e+21   1.4091304183e+18   2.9541775388e+61   1.7042797180e-29   3.0757057188e-14   4.7951793717e+04   6.8442360731e-02 
  1.2934037868e+21   1.0703404856e+18   2.2482294299e+61   2.1172321873e-29   3.0774015446e-14   2.9385532553e+04   6.8395109659e-02 
  1.2983016102e+21   4.8978233528e+18   1.0335340129e+62   4.1277662182e-29   3.0822653848e-14  -1.3426795192e+04   6.7057957789e-02 
  1.3000573522e+21   1.7557420312e+18   3.7239937358e+61   8.0785825279e-29   3.0891248523e-14  -7.4039834701e+04   6.2231890447e-02 
  1.3039906624e+21   3.9333101881e+18   8.3792736797e+61   2.2138942602e-28   3.1031174286e-14  -1.0399311505e+05   4.1723556300e-02 
  1.3058662067e+21   1.8755442617e+18   4.0133833590e+61   8.6614946103e-28   3.1502963423e-14  -9.8584612573e+04   2.7610018256e-02 
  1.3078357005e+21   1.9694938563e+18   4.2268486248e+61   8.1569910128e-27   3.0627098689e-14  -6.5165122209e+04   2.2603173502e-02 
  1.3080680353e+21   2.3233475382e+17   4.9946788458e+60   2.2944023515e-26   3.0831508126e-14  -7.2270648844e+04   2.1100426616e-02 
  1.3083616226e+21   2.9358730191e+17   6.3140100513e+60   4.0156476698e-26   3.1031309047e-14  -7.3752731313e+04   2.0838610911e-02 
  1.3093102818e+21   9.4865922477e+17   2.0421636862e+61   5.7910940568e-26   3.0891813506e-14  -6.9837202270e+04   2.0407967187e-02 
  1.3107200750e+21   1.4097932311e+18   3.0403107997e+61   6.2396797606e-26   3.1100352516e-14  -6.5855155681e+04   2.0090632779e-02 
  1.3244950652e+21   1.3774990207e+19   3.0052269935e+62   6.4170734270e-26   3.1279446389e-14  -6.3522015207e+04   2.0050331751e-02 
  1.3355399202e+21   1.1044854959e+19   2.4552011723e+62   7.5157487347e-25   3.1520358042e-14  -6.3961575258e+04   2.0035427680e-02 
  1.3474798345e+21   1.1939914312e+19   2.7002357964e+62   7.7340861412e-25   3.1732410061e-14  -6.0788149094e+04   2.0032039310e-02 
  1.3606131103e+21   1.3133275838e+19   3.0258923596e+62   7.9322198616e-25   3.2027268798e-14  -5.8076327195e+04   2.0028741691e-02 
  1.3743541590e+21   1.3741048662e+19   3.2290715712e+62   8.0732259686e-25   3.2228273556e-14  -5.6481951938e+04   2.0028359067e-02 
  1.3941627663e+21   1.9808607315e+19   4.7698595588e+62   8.2665502105e-25   3.2508651852e-14  -5.4767509088e+04   2.0022762879e-02 
  1.4148968093e+21   2.0734042980e+19   5.1400063320e+62   8.5121436606e-25   3.2843304084e-14  -5.1678450535e+04   2.0022422679e-02 
  1.4283164457e+21   1.3419636434e+19   3.4081030503e+62   8.8551551412e-25   3.3318987091e-14  -4.8560869779e+04   2.0014616070e-02 
  1.4414057576e+21   1.3089311869e+19   3.3864870227e+62   9.1465028314e-25   3.3700674050e-14  -4.4701865508e+04   2.0014393324e-02 
  1.4595107206e+21   1.8104962997e+19   4.7865610556e+62   9.6150526157e-25   3.4383687020e-14  -3.9579190235e+04   2.0005291012e-02 
  1.4741000094e+21   1.4589288759e+19   3.9445053011e+62   1.0160137283e-24   3.5184088899e-14  -3.3702618659e+04   2.0001243426e-02 
  1.4881713503e+21   1.4071340913e+19   3.8791654543e+62   1.0656495353e-24   3.5892246954e-14  -2.8815070699e+04   2.0000447200e-02 
  1.5025763246e+21   1.4404974331e+19   4.0478579849e+62   1.1153232170e-24   3.6584972879e-14  -2.4383774592e+04   2.0000172801e-02 
  1.5168832806e+21   1.4306956050e+19   4.0978760094e+62   1.1660473102e-24   3.7289596739e-14  -2.0128794936e+04   2.0000059348e-02 
  1.5306140817e+21   1.3730801055e+19   4.0062252422e+62   1.2181096207e-24   3.8070129686e-14  -1.5953987093e+04   2.0000019171e-02 
  1.5434884221e+21   1.2874340418e+19   3.8222059960e+62   1.2728499799e-24   3.8874878703e-14  -1.1611539352e+04   2.0000006015e-02 
  1.5554430757e+21   1.1954653577e+19   3.6067245424e+62   1.3307167199e-24   3.9708905206e-14  -7.2451971441e+03   2.0000001770e-02 
  1.5666744409e+21   1.1231365176e+19   3.4394007843e+62   1.3903877486e-24   4.0552381051e-14  -2.9238986500e+03   2.0000000505e-02 
  1.5772059867e+21   1.0531545872e+19   3.2702101406e+62   1.4502853492e-24   4.1382417360e-14   1.1447663814e+03   2.0000000135e-02 
  1.5871357207e+21   9.9297339997e+18   3.1236017957e+62   1.5054937001e-24   4.2161830228e-14   4.8207283477e+03   2.0000000035e-02 
  1.5962968400e+21   9.1611192148e+18   2.9166943091e+62   1.5590539911e-24   4.2939020286e-14   8.2229134245e+03   2.0000000008e-02 
  1.6046924919e+21   8.3956519260e+18   2.7025500584e+62   1.6112880413e-24   4.3686417185e-14   1.1456342984e+04   2.0000000002e-02 
  1.6126204168e+21   7.9279249133e+18   2.5780829273e+62   1.6635388870e-24   4.4424296078e-14   1.4539535677e+04   2.0000000000e-02 
  1.6201709795e+21   7.5505626622e+18   2.4790503174e+62   1.7157790330e-24   4.5152861335e-14   1.7558462920e+04   2.0000000000e-02 
  1.6272000026e+21   7.0290231448e+18   2.3286774382e+62   1.7681757603e-24   4.5874716497e-14   2.0446753047e+04   2.0000000000e-02 
  1.6338495539e+21   6.6495513008e+18   2.2215577777e+62   1.8196070416e-24   4.6574982197e-14   2.3208215495e+04   2.0000000000e-02 
  1.6402182360e+21   6.3686821410e+18   2.1447433452e+62   1.8708343884e-24   4.7265086830e-14   2.5849939587e+04   2.0000000000e-02 
  1.6464048682e+21   6.1866321286e+18   2.0994449245e+62   1.9216461160e-24   4.7942655848e-14   2.8390413682e+04   2.0000000000e-02 
  1.6529309443e+21   6.5260761006e+18   2.2318017565e+62   1.9751123633e-24   4.8683997047e-14   3.1009652473e+04   2.0000000000e-02 
  1.6596090671e+21   6.6781228511e+18   2.3021156148e+62   2.0392799032e-24   4.9582251121e-14   3.4226202376e+04   2.0000000000e-02 
  1.6659750584e+21   6.3659912559e+18   2.2118329207e+62   2.1162428329e-24   5.0647786744e-14   3.7478642996e+04   2.0000000000e-02 
  1.6721403324e+21   6.1652739953e+18   2.1582683345e+62   2.1713978540e-24   5.1152173093e-14   3.9859086595e+04   2.0000000000e-02 
  1.6782386953e+21   6.0983629344e+18   2.1505596962e+62   2.2236067267e-24   5.1849504968e-14   4.1981576369e+04   2.0000000000e-02 
  1.6842586183e+21   6.0199229875e+18   2.1382829063e+62   2.2796925812e-24   5.2585500591e-14   4.4247861524e+04   2.0000000000e-02 
  1.6900691825e+21   5.8105641799e+18   2.0784670527e+62   2.3386124930e-24   5.3351409933e-14   4.6584982615e+04   2.0000000000e-02 
  1.6954490666e+21   5.3798841601e+18   1.9371956317e+62   2.3987246987e-24   5.4125342244e-14   4.8920832846e+04   2.0000000000e-02 
  1.7005563709e+21   5.1073042616e+18   1.8504556689e+62   2.4590052704e-24   5.4894676738e-14   5.1187429685e+04   2.0000000000e-02 
  1.7053966880e+21   4.8403171185e+18   1.7640110338e+62   2.5149070854e-24   5.5602899114e-14   5.3228618926e+04   2.0000000000e-02 
  1.7098042096e+21   4.4075216165e+18   1.6150169200e+62   2.5634791909e-24   5.6213145075e-14   5.4916976100e+04   2.0000000000e-02 
  1.7140045071e+21   4.2002974358e+18   1.5468532791e+62   2.6063872636e-24   5.6754868877e-14   5.6379974822e+04   2.0000000000e-02 
  1.7181291212e+21   4.1246141617e+18   1.5263769090e+62   2.6478596875e-24   5.7301527462e-14   5.7763525809e+04   2.0000000000e-02 
  1.7221814980e+21   4.0523767892e+18   1.5067985885e+62   2.6899199044e-24   5.7852794914e-14   5.9156113284e+04   2.0000000000e-02 
  1.7260469967e+21   3.8654986956e+18   1.4439350495e+62   2.7321214068e-24   5.8402892495e-14   6.0536978740e+04   2.0000000000e-02 
  1.7294982932e+21   3.4512964284e+18   1.2946889993e+62   2.7725049401e-24   5.8926525284e-14   6.1838233722e+04   2.0000000000e-02 
  1.7327652079e+21   3.2669147640e+18   1.2302915470e+62   2.8106952518e-24   5.9419284274e-14   6.3056172107e+04   2.0000000000e-02 
  1.7359781089e+21   3.2129009631e+18   1.2144836236e+62   2.8486304168e-24   5.9906458492e-14   6.4247904313e+04   2.0000000000e-02 
  1.7391691642e+21   3.1910553661e+18   1.2106838879e+62   2.8871190044e-24   6.0398532463e-14   6.5441928526e+04   2.0000000000e-02 
  1.7423431337e+21   3.1739694595e+18   1.2086167362e+62   2.9263308750e-24   6.0897520531e-14   6.6643644254e+04   2.0000000000e-02 
  1.7455005701e+21   3.1574364401e+18   1.2066981271e+62   2.9663188465e-24   6.1403988708e-14   6.7851473780e+04   2.0000000000e-02 
  1.7486407934e+21   3.1402232975e+18   1.2044574541e+62   3.0070048637e-24   6.1916848229e-14   6.9064777204e+04   2.0000000000e-02 
  1.7517604884e+21   3.1196949470e+18   1.2008749499e+62   3.0484146543e-24   6.2436366785e-14   7.0279290589e+04   2.0000000000e-02 
  1.7548343799e+21   3.0738915600e+18   1.1874346350e+62   3.0902477893e-24   6.2958715953e-14   7.1489744700e+04   2.0000000000e-02 
  1.7577472624e+21   2.9128824945e+18   1.1290828020e+62   3.1315381377e-24   6.3471888677e-14   7.2665825253e+04   2.0000000000e-02 
  1.7602469381e+21   2.4996756696e+18   9.7190506901e+61   3.1695327924e-24   6.3942023631e-14   7.3734808529e+04   2.0000000000e-02 
  1.7625779451e+21   2.3310069921e+18   9.0881528551e+61   3.2039699044e-24   6.4366455632e-14   7.4694259099e+04   2.0000000000e-02 
  1.7648661741e+21   2.2882289543e+18   8.9447806570e+61   3.2374261709e-24   6.4777341140e-14   7.5615659807e+04   2.0000000000e-02 
  1.7671181922e+21   2.2520181576e+18   8.8259073584e+61   3.2707907266e-24   6.5185782652e-14   7.6526761702e+04   2.0000000000e-02 
  1.7692426073e+21   2.1244150426e+18   8.3464621526e+61   3.3034805607e-24   6.5584574517e-14   7.7409971803e+04   2.0000000000e-02 
  1.7710747817e+21   1.8321744578e+18   7.2144151885e+61   3.3335604271e-24   6.5950327024e-14   7.8212471305e+04   2.0000000000e-02 
  1.7730291040e+21   1.9543223287e+18   7.7118575316e+61   3.3629708612e-24   6.6306825346e-14   7.8983919846e+04   2.0000000000e-02 
  1.7748155945e+21   1.7864904904e+18   7.0644738226e+61   3.3923461503e-24   6.6662015645e-14   7.9744809370e+04   2.0000000000e-02 
  1.7767560973e+21   1.9405027577e+18   7.6896283745e+61   3.4215024065e-24   6.7013612688e-14   8.0485513831e+04   2.0000000000e-02 
  1.7785275654e+21   1.7714680886e+18   7.0344760652e+61   3.4501810776e-24   6.7358726001e-14   8.1200086831e+04   2.0000000000e-02 
  1.7804497734e+21   1.9222080178e+18   7.6489310270e+61   3.4781286283e-24   6.7694392350e-14   8.1879855545e+04   2.0000000000e-02 
  1.7822054195e+21   1.7556460881e+18   7.0005871174e+61   3.5048289863e-24   6.8014376182e-14   8.2513048980e+04   2.0000000000e-02 
  1.7840992862e+21   1.8938666689e+18   7.5672173377e+61   3.5298640306e-24   6.8313700352e-14   8.3087610938e+04   2.0000000000e-02 
  1.7857077241e+21   1.6084378949e+18   6.4393743710e+61   3.5524248209e-24   6.8583140275e-14   8.3591984532e+04   2.0000000000e-02 
  1.7871837574e+21   1.4760333243e+18   5.9195093572e+61   3.5714024843e-24   6.8809497281e-14   8.4003033768e+04   2.0000000000e-02 
  1.7886499990e+21   1.4662416692e+18   5.8899294709e+61   3.5889643359e-24   6.9024570019e-14   8.4383272654e+04   2.0000000000e-02 
  1.7900828523e+21   1.4328532967e+18   5.7651443143e+61   3.6064787815e-24   6.9243328188e-14   8.4763337235e+04   2.0000000000e-02 
  1.7913897723e+21   1.3069200023e+18   5.2665009724e+61   3.6234168031e-24   6.9454549406e-14   8.5136756814e+04   2.0000000000e-02 
  1.7922824114e+21   8.9263908530e+17   3.6014909865e+61   3.6374216242e-24   6.9628962144e-14   8.5443885633e+04   2.0000000000e-02 
  1.7930290034e+21   7.4659196076e+17   3.0149974959e+61   3.6480249320e-24   6.9760884359e-14   8.5680388796e+04   2.0000000000e-02 
  1.7937473668e+21   7.1836338331e+17   2.9033718757e+61   3.6577745942e-24   6.9882084187e-14   8.5895038312e+04   2.0000000000e-02 
  1.7944688028e+21   7.2143602623e+17   2.9181317927e+61   3.6674420886e-24   7.0002174703e-14   8.6111616827e+04   2.0000000000e-02 
  1.7951933226e+21   7.2451977005e+17   2.9329675960e+61   3.6773898470e-24   7.0125652275e-14   8.6331148345e+04   2.0000000000e-02 
  1.7959182865e+21   7.2496397522e+17   2.9371363666e+61   3.6874130347e-24   7.0249971850e-14   8.6556249263e+04   2.0000000000e-02 
  1.7966423357e+21   7.2404912365e+17   2.9357976698e+61   3.6976565135e-24   7.0376925405e-14   8.6782587960e+04   2.0000000000e-02 
  1.7973655382e+21   7.2320254879e+17   2.9347281315e+61   3.7079190328e-24   7.0504014882e-14   8.7013110380e+04   2.0000000000e-02 
  1.7980879605e+21   7.2242223304e+17   2.9339204498e+61   3.7183786906e-24   7.0633442296e-14   8.7244103496e+04   2.0000000000e-02 
  1.7988097296e+21   7.2176911589e+17   2.9336232797e+61   3.7288446579e-24   7.0762840981e-14   8.7478851840e+04   2.0000000000e-02 
  1.7995308473e+21   7.2111776688e+17   2.9333278577e+61   3.7394955815e-24   7.0894419390e-14   8.7713755437e+04   2.0000000000e-02 
  1.8002512948e+21   7.2044743625e+17   2.9329497011e+61   3.7501491293e-24   7.1025917834e-14   8.7951986661e+04   2.0000000000e-02 
  1.8009710286e+21   7.1973382553e+17   2.9323895252e+61   3.7609753969e-24   7.1159435638e-14   8.8190192271e+04   2.0000000000e-02 
  1.8016900495e+21   7.1902094062e+17   2.9318262742e+61   3.7718005780e-24   7.1292823928e-14   8.8431451578e+04   2.0000000000e-02 
  1.8024083432e+21   7.1829370397e+17   2.9311984060e+61   3.7827907804e-24   7.1428130347e-14   8.8672580179e+04   2.0000000000e-02 
  1.8031259172e+21   7.1757394807e+17   2.9305949356e+61   3.7937825943e-24   7.1563336312e-14   8.8916520938e+04   2.0000000000e-02 
  1.8038427493e+21   7.1683215325e+17   2.9298952584e+61   3.8049312415e-24   7.1700352363e-14   8.9160357274e+04   2.0000000000e-02 
  1.8045588463e+21   7.1609700324e+17   2.9292164680e+61   3.8160822237e-24   7.1837275979e-14   8.9406837335e+04   2.0000000000e-02 
  1.8052741880e+21   7.1534163704e+17   2.9284486458e+61   3.8273865080e-24   7.1975960828e-14   8.9653120381e+04   2.0000000000e-02 
  1.8059887712e+21   7.1458322249e+17   2.9276618960e+61   3.8386941367e-24   7.2114560219e-14   8.9901891124e+04   2.0000000000e-02 
  1.8067025839e+21   7.1381269623e+17   2.9268190043e+61   3.8501399452e-24   7.2254735531e-14   9.0150512580e+04   2.0000000000e-02 
  1.8074156223e+21   7.1303838316e+17   2.9259539905e+61   3.8616055278e-24   7.2395019729e-14   9.0401130185e+04   2.0000000000e-02 
  1.8081278759e+21   7.1225365804e+17   2.9250395889e+61   3.8731779194e-24   7.2536494176e-14   9.0651916214e+04   2.0000000000e-02 
  1.8088393484e+21   7.1147247033e+17   2.9241330216e+61   3.8847936951e-24   7.2678363773e-14   9.0903988665e+04   2.0000000000e-02 
  1.8095500300e+21   7.1068158728e+17   2.9231798861e+61   3.8964821433e-24   7.2821001761e-14   9.1156545421e+04   2.0000000000e-02 
  1.8102599198e+21   7.0988982918e+17   2.9222163822e+61   3.9082294786e-24   7.2964226426e-14   9.1409675212e+04   2.0000000000e-02 
  1.8109690132e+21   7.0909333120e+17   2.9212265729e+61   3.9200238520e-24   7.3107895245e-14   9.1663321431e+04   2.0000000000e-02 
  1.8116773100e+21   7.0829686358e+17   2.9202300745e+61   3.9318625893e-24   7.3251955407e-14   9.1916960583e+04   2.0000000000e-02 
  1.8123848085e+21   7.0749849499e+17   2.9192189181e+61   3.9437319486e-24   7.3396264445e-14   9.2170234075e+04   2.0000000000e-02 
  1.8130915070e+21   7.0669851642e+17   2.9181942839e+61   3.9556316204e-24   7.3541994574e-14   9.2424294531e+04   2.0000000000e-02 
  1.8137973799e+21   7.0587281836e+17   2.9170564812e+61   3.9677255094e-24   7.3688676283e-14   9.2681375815e+04   2.0000000000e-02 
  1.8145024218e+21   7.0504192940e+17   2.9158901166e+61   3.9798988752e-24   7.3836231337e-14   9.2940619951e+04   2.0000000000e-02 
  1.8152066189e+21   7.0419713151e+17   2.9146590288e+61   3.9921926505e-24   7.3985116122e-14   9.3200486909e+04   2.0000000000e-02 
  1.8159099708e+21   7.0335188551e+17   2.9134188212e+61   4.0045247712e-24   7.4134331845e-14   9.3461832329e+04   2.0000000000e-02 
  1.8166124722e+21   7.0250140616e+17   2.9121496473e+61   4.0169556926e-24   7.4284608361e-14   9.3723175078e+04   2.0000000000e-02 
  1.8173141208e+21   7.0164864488e+17   2.9108636923e+61   4.0294078500e-24   7.4435013890e-14   9.3985492589e+04   2.0000000000e-02 
  1.8180149100e+21   7.0078919271e+17   2.9095426185e+61   4.0419496727e-24   7.4586376446e-14   9.4247493957e+04   2.0000000000e-02 
  1.8187148425e+21   6.9993248239e+17   2.9082255521e+61   4.0545078459e-24   7.4737793697e-14   9.4510440172e+04   2.0000000000e-02 
  1.8194139113e+21   6.9906875327e+17   2.9068719296e+61   4.0671616256e-24   7.4890218255e-14   9.4773068836e+04   2.0000000000e-02 
  1.8201121178e+21   6.9820648610e+17   2.9055169703e+61   4.0798351825e-24   7.5042735055e-14   9.5036784532e+04   2.0000000000e-02 
  1.8208094576e+21   6.9733986841e+17   2.9041364809e+61   4.0926103383e-24   7.5196327951e-14   9.5300341465e+04   2.0000000000e-02 
  1.8215059276e+21   6.9646996135e+17   2.9027348342e+61   4.1054128154e-24   7.5350101687e-14   9.5565114031e+04   2.0000000000e-02 
  1.8222015176e+21   6.9559004271e+17   2.9012839435e+61   4.1183198801e-24   7.5504984960e-14   9.5829881423e+04   2.0000000000e-02 
  1.8228962252e+21   6.9470754033e+17   2.8998147019e+61   4.1312600100e-24   7.5660116740e-14   9.6095883461e+04   2.0000000000e-02 
  1.8235900238e+21   6.9379861916e+17   2.8982274763e+61   4.1443026129e-24   7.5816330166e-14   9.6361940189e+04   2.0000000000e-02 
  1.8242829114e+21   6.9288757824e+17   2.8966235560e+61   4.1573808555e-24   7.5972821164e-14   9.6629128700e+04   2.0000000000e-02 
  1.8249748820e+21   6.9197067471e+17   2.8949872541e+61   4.1705563445e-24   7.6130327628e-14   9.6896369970e+04   2.0000000000e-02 
  1.8256659417e+21   6.9105963972e+17   2.8933676363e+61   4.1837695970e-24   7.6288134339e-14   9.7164614071e+04   2.0000000000e-02 
  1.8263560821e+21   6.9014041625e+17   2.8917058605e+61   4.1970754059e-24   7.6446896035e-14   9.7432921706e+04   2.0000000000e-02 
  1.8270453057e+21   6.8922361157e+17   2.8900463228e+61   4.2104219564e-24   7.6605990485e-14   9.7702137748e+04   2.0000000000e-02 
  1.8277336398e+21   6.8833409886e+17   2.8884934750e+61   4.2238582858e-24   7.6766002478e-14   9.7971464637e+04   2.0000000000e-02 
  1.8284211289e+21   6.8748910828e+17   2.8871200523e+61   4.2373401000e-24   7.6926400998e-14   9.8241663195e+04   2.0000000000e-02 
  1.8291077732e+21   6.8664423566e+17   2.8857399352e+61   4.2509107889e-24   7.7087702409e-14   9.8512044894e+04   2.0000000000e-02 
  1.8297935425e+21   6.8576938494e+17   2.8842265026e+61   4.2645303359e-24   7.7249427980e-14   9.8783251876e+04   2.0000000000e-02 
  1.8304783936e+21   6.8485101830e+17   2.8825223790e+61   4.2782357679e-24   7.7412017248e-14   9.9054650085e+04   2.0000000000e-02 
  1.8311622923e+21   6.8389878687e+17   2.8806676880e+61   4.2919906911e-24   7.7575035660e-14   9.9326787791e+04   2.0000000000e-02 
  1.8318452197e+21   6.8292736720e+17   2.8787238974e+61   4.3058280582e-24   7.7738873407e-14   9.9599098327e+04   2.0000000000e-02 
  1.8325271712e+21   6.8195149978e+17   2.8767529768e+61   4.3197157235e-24   7.7903147118e-14   9.9872072782e+04   2.0000000000e-02 
  1.8332081397e+21   6.8096844711e+17   2.8747433157e+61   4.3336831692e-24   7.8068205191e-14   1.0014521615e+05   2.0000000000e-02 
  1.8338881273e+21   6.7998762410e+17   2.8727346202e+61   4.3477024286e-24   7.8233714299e-14   1.0041895875e+05   2.0000000000e-02 
  1.8345671307e+21   6.7900341898e+17   2.8707031903e+61   4.3617989839e-24   7.8399975067e-14   1.0069287666e+05   2.0000000000e-02 
  1.8352451467e+21   6.7801596759e+17   2.8686495653e+61   4.3759492808e-24   7.8566706720e-14   1.0096733163e+05   2.0000000000e-02 
  1.8359221727e+21   6.7702598160e+17   2.8665767254e+61   4.3901741577e-24   7.8734154791e-14   1.0124197471e+05   2.0000000000e-02 
  1.8365982053e+21   6.7603259778e+17   2.8644809867e+61   4.4044552688e-24   7.8902100071e-14   1.0151709144e+05   2.0000000000e-02 
  1.8372732384e+21   6.7503310124e+17   2.8623507974e+61   4.4188079028e-24   7.9070722676e-14   1.0179242306e+05   2.0000000000e-02 
  1.8379472722e+21   6.7403380050e+17   2.8602128676e+61   4.4332201930e-24   7.9239879578e-14   1.0206816340e+05   2.0000000000e-02 
  1.8386203010e+21   6.7302881960e+17   2.8580422453e+61   4.4477009843e-24   7.9409675034e-14   1.0234416665e+05   2.0000000000e-02 
  1.8392923214e+21   6.7202041228e+17   2.8558484479e+61   4.4622455860e-24   7.9580050493e-14   1.0262052591e+05   2.0000000000e-02 
  1.8399633324e+21   6.7101101094e+17   2.8536417882e+61   4.4768570713e-24   7.9751041726e-14   1.0289720940e+05   2.0000000000e-02 
  1.8406333296e+21   6.6999715515e+17   2.8514075288e+61   4.4915363445e-24   7.9922656616e-14   1.0317424200e+05   2.0000000000e-02 
  1.8413023109e+21   6.6898135605e+17   2.8491563204e+61   4.5062844258e-24   8.0094905316e-14   1.0345166462e+05   2.0000000000e-02 
  1.8419702756e+21   6.6796464464e+17   2.8468925422e+61   4.5211037532e-24   8.0267814807e-14   1.0372951098e+05   2.0000000000e-02 
  1.8426372174e+21   6.6694187133e+17   2.8445942188e+61   4.5359988588e-24   8.0441434229e-14   1.0400783078e+05   2.0000000000e-02 
  1.8433031353e+21   6.6591785728e+17   2.8422818681e+61   4.5509690183e-24   8.0615710767e-14   1.0428671692e+05   2.0000000000e-02 
  1.8439680264e+21   6.6489110367e+17   2.8399490784e+61   4.5660162807e-24   8.0790658629e-14   1.0456592847e+05   2.0000000000e-02 
  1.8446318880e+21   6.6386158657e+17   2.8375957211e+61   4.5811227013e-24   8.0966123335e-14   1.0484545877e+05   2.0000000000e-02 
  1.8452947198e+21   6.6283185998e+17   2.8352326989e+61   4.5962983469e-24   8.1142217493e-14   1.0512503882e+05   2.0000000000e-02 
  1.8459565216e+21   6.6180172628e+17   2.8328591707e+61   4.6115259578e-24   8.1318739797e-14   1.0540483796e+05   2.0000000000e-02 
  1.8466172902e+21   6.6076867566e+17   2.8304643847e+61   4.6268211675e-24   8.1495869147e-14   1.0568458702e+05   2.0000000000e-02 
  1.8472770281e+21   6.5973790422e+17   2.8280705950e+61   4.6421671189e-24   8.1673408520e-14   1.0596452761e+05   2.0000000000e-02 
  1.8479357324e+21   6.5870422703e+17   2.8256555877e+61   4.6575808232e-24   8.1851553573e-14   1.0624442745e+05   2.0000000000e-02 
  1.8485934027e+21   6.5767033291e+17   2.8232308819e+61   4.6730483524e-24   8.2030140930e-14   1.0652453389e+05   2.0000000000e-02 
  1.8492500391e+21   6.5663637978e+17   2.8207971619e+61   4.6885848592e-24   8.2209345037e-14   1.0680467652e+05   2.0000000000e-02 
  1.8499056387e+21   6.5559966280e+17   2.8183428031e+61   4.7041807117e-24   8.2389052096e-14   1.0708506729e+05   2.0000000000e-02 
  1.8505602000e+21   6.5456125137e+17   2.8158723822e+61   4.7198476220e-24   8.2569396671e-14   1.0736560424e+05   2.0000000000e-02 
  1.8512137229e+21   6.5352289361e+17   2.8133934150e+61   4.7355803484e-24   8.2750315735e-14   1.0764644821e+05   2.0000000000e-02 
  1.8518662030e+21   6.5248012184e+17   2.8108866571e+61   4.7513871925e-24   8.2931904045e-14   1.0792755794e+05   2.0000000000e-02 
  1.8525176399e+21   6.5143689157e+17   2.8083691217e+61   4.7672662827e-24   8.3114137621e-14   1.0820904808e+05   2.0000000000e-02 
  1.8531680311e+21   6.5039115999e+17   2.8058319957e+61   4.7832234392e-24   8.3297082097e-14   1.0849091855e+05   2.0000000000e-02 
  1.8538173726e+21   6.4934155639e+17   2.8032693379e+61   4.7992588690e-24   8.3480737568e-14   1.0877325155e+05   2.0000000000e-02 
  1.8544656629e+21   6.4829027713e+17   2.8006906019e+61   4.8153766847e-24   8.3665149653e-14   1.0905606664e+05   2.0000000000e-02 
  1.8551128987e+21   6.4723585247e+17   2.7980894202e+61   4.8315780898e-24   8.3850329976e-14   1.0933942072e+05   2.0000000000e-02 
  1.8557590751e+21   6.4617636066e+17   2.7954574470e+61   4.8478657150e-24   8.4036306982e-14   1.0962333591e+05   2.0000000000e-02 
  1.8564041904e+21   6.4511526598e+17   2.7928096328e+61   4.8642409360e-24   8.4223094351e-14   1.0990784100e+05   2.0000000000e-02 
  1.8570482394e+21   6.4404901300e+17   2.7901305593e+61   4.8807053524e-24   8.4410707706e-14   1.1019295037e+05   2.0000000000e-02 
  1.8576912198e+21   6.4298045674e+17   2.7874325550e+61   4.8972574680e-24   8.4598993110e-14   1.1047857056e+05   2.0000000000e-02 
  1.8583331338e+21   6.4191396999e+17   2.7847345780e+61   4.9138725469e-24   8.4787722841e-14   1.1076406547e+05   2.0000000000e-02 
  1.8589739822e+21   6.4084842914e+17   2.7820317831e+61   4.9305198467e-24   8.4976635657e-14   1.1104900012e+05   2.0000000000e-02 
  1.8596137684e+21   6.3978615908e+17   2.7793342939e+61   4.9472032259e-24   8.5165755399e-14   1.1133327349e+05   2.0000000000e-02 
  1.8602524942e+21   6.3872577279e+17   2.7766361272e+61   4.9639393818e-24   8.5355264703e-14   1.1161726784e+05   2.0000000000e-02 
  1.8608901544e+21   6.3766027152e+17   2.7739068588e+61   4.9807567872e-24   8.5545471481e-14   1.1190167366e+05   2.0000000000e-02 
  1.8615267471e+21   6.3659270266e+17   2.7711597074e+61   4.9977133945e-24   8.5737054749e-14   1.1218682753e+05   2.0000000000e-02 
  1.8621622887e+21   6.3554157001e+17   2.7684752893e+61   5.0146245633e-24   8.5928154510e-14   1.1247023352e+05   2.0000000000e-02 
  1.8627968298e+21   6.3454103376e+17   2.7660027663e+61   5.0311520585e-24   8.6114880977e-14   1.1274435582e+05   2.0000000000e-02 
  1.8634304554e+21   6.3362565586e+17   2.7638935595e+61   5.0470668585e-24   8.6294656985e-14   1.1300452286e+05   2.0000000000e-02 
  1.8640632750e+21   6.3281956464e+17   2.7622540421e+61   5.0621454619e-24   8.6464976189e-14   1.1324637646e+05   2.0000000000e-02 
  1.8646954165e+21   6.3214150882e+17   2.7611674363e+61   5.0762241371e-24   8.6623651050e-14   1.1346625428e+05   2.0000000000e-02 
  1.8653270172e+21   6.3160074204e+17   2.7606757224e+61   5.0892344495e-24   8.6770109514e-14   1.1366321193e+05   2.0000000000e-02 
  1.8659582039e+21   6.3118668774e+17   2.7607342516e+61   5.1012225403e-24   8.6904944469e-14   1.1383857260e+05   2.0000000000e-02 
  1.8665890861e+21   6.3088221040e+17   2.7612694993e+61   5.1123394290e-24   8.7029829828e-14   1.1399535951e+05   2.0000000000e-02 
  1.8672197420e+21   6.3065588951e+17   2.7621451002e+61   5.1228560280e-24   8.7147696087e-14   1.1413848400e+05   2.0000000000e-02 
  1.8678502062e+21   6.3046423967e+17   2.7631713284e+61   5.1330665579e-24   8.7263146242e-14   1.1427671353e+05   2.0000000000e-02 
  1.8684804718e+21   6.3026553029e+17   2.7641655135e+61   5.1433139675e-24   8.7382518237e-14   1.1441631621e+05   2.0000000000e-02 
  1.8691104997e+21   6.3002793494e+17   2.7649878484e+61   5.1539234898e-24   8.7505914731e-14   1.1456361290e+05   2.0000000000e-02 
  1.8697402330e+21   6.2973327749e+17   2.7655580222e+61   5.1650205981e-24   8.7634876173e-14   1.1472081644e+05   2.0000000000e-02 
  1.8703696101e+21   6.2937706437e+17   2.7658556052e+61   5.1766717212e-24   8.7770188692e-14   1.1488904236e+05   2.0000000000e-02 
  1.8709985651e+21   6.2895503658e+17   2.7658611330e+61   5.1888907069e-24   8.7912019761e-14   1.1506869602e+05   2.0000000000e-02 
  1.8716270339e+21   6.2846883769e+17   2.7655810621e+61   5.2016733123e-24   8.8060321348e-14   1.1525935802e+05   2.0000000000e-02 
  1.8722549582e+21   6.2792422886e+17   2.7650400115e+61   5.2149791366e-24   8.8214620773e-14   1.1546032335e+05   2.0000000000e-02 
  1.8728822838e+21   6.2732560915e+17   2.7642566825e+61   5.2287666934e-24   8.8374429644e-14   1.1567040564e+05   2.0000000000e-02 
  1.8735089643e+21   6.2668051754e+17   2.7632636918e+61   5.2429722784e-24   8.8539000163e-14   1.1588842944e+05   2.0000000000e-02 
  1.8741349629e+21   6.2599859089e+17   2.7621030278e+61   5.2575424363e-24   8.8707702672e-14   1.1611297160e+05   2.0000000000e-02 
  1.8747602459e+21   6.2528299009e+17   2.7607882194e+61   5.2724084417e-24   8.8879731144e-14   1.1634281750e+05   2.0000000000e-02 
  1.8753847918e+21   6.2454597536e+17   2.7593730589e+61   5.2875195044e-24   8.9054488338e-14   1.1657661606e+05   2.0000000000e-02 
  1.8760085817e+21   6.2378989845e+17   2.7578676983e+61   5.3028155869e-24   8.9231270031e-14   1.1681332215e+05   2.0000000000e-02 
  1.8766316045e+21   6.2302279753e+17   2.7563074904e+61   5.3182545891e-24   8.9409582011e-14   1.1705187742e+05   2.0000000000e-02 
  1.8772538524e+21   6.2224784673e+17   2.7547063659e+61   5.3337939334e-24   8.9588924051e-14   1.1729151143e+05   2.0000000000e-02 
  1.8778753230e+21   6.2147061469e+17   2.7530889136e+61   5.3494051719e-24   8.9768961323e-14   1.1753156630e+05   2.0000000000e-02 
  1.8784960139e+21   6.2069086134e+17   2.7514540462e+61   5.3650666333e-24   8.9949438256e-14   1.1777157984e+05   2.0000000000e-02 
  1.8791159290e+21   6.1991509312e+17   2.7498306091e+61   5.3807590760e-24   9.0130131393e-14   1.1801124511e+05   2.0000000000e-02 
  1.8797350663e+21   6.1913738510e+17   2.7481923452e+61   5.3964762821e-24   9.0310957453e-14   1.1825043285e+05   2.0000000000e-02 
  1.8803534299e+21   6.1836354591e+17   2.7465650442e+61   5.4122261170e-24   9.0492005548e-14   1.1848922515e+05   2.0000000000e-02 
  1.8809710185e+21   6.1758864723e+17   2.7449268439e+61   5.4280141584e-24   9.0673339194e-14   1.1872778394e+05   2.0000000000e-02 
  1.8815878333e+21   6.1681479929e+17   2.7432871242e+61   5.4438481193e-24   9.0855046317e-14   1.1896623754e+05   2.0000000000e-02 
  1.8822038723e+21   6.1603896595e+17   2.7416323851e+61   5.4597354378e-24   9.1037210799e-14   1.1920476040e+05   2.0000000000e-02 
  1.8828191355e+21   6.1526315473e+17   2.7399715505e+61   5.4756847546e-24   9.1219931404e-14   1.1944349785e+05   2.0000000000e-02 
  1.8834336176e+21   6.1448218669e+17   2.7382815386e+61   5.4917016748e-24   9.1403272376e-14   1.1968257536e+05   2.0000000000e-02 
  1.8840473190e+21   6.1370139732e+17   2.7365860930e+61   5.5077900778e-24   9.1587278532e-14   1.1992205083e+05   2.0000000000e-02 
  1.8846602349e+21   6.1291586242e+17   2.7348632411e+61   5.5239500098e-24   9.1771950718e-14   1.2016192921e+05   2.0000000000e-02 
  1.8852723642e+21   6.1212934590e+17   2.7331297429e+61   5.5401789968e-24   9.1957260872e-14   1.2040214900e+05   2.0000000000e-02 
  1.8858837049e+21   6.1134067429e+17   2.7313803470e+61   5.5564717943e-24   9.2143148932e-14   1.2064260639e+05   2.0000000000e-02 
  1.8864942558e+21   6.1055084746e+17   2.7296195042e+61   5.5728217899e-24   9.2329538937e-14   1.2088316430e+05   2.0000000000e-02 
  1.8871040163e+21   6.0976058157e+17   2.7278504107e+61   5.5892214813e-24   9.2516344715e-14   1.2112367789e+05   2.0000000000e-02 
  1.8877129875e+21   6.0897115291e+17   2.7260787808e+61   5.6056649591e-24   9.2703545485e-14   1.2136404159e+05   2.0000000000e-02 
  1.8883211684e+21   6.0818084967e+17   2.7242969583e+61   5.6221550161e-24   9.2891146478e-14   1.2160431319e+05   2.0000000000e-02 
  1.8889285593e+21   6.0739097248e+17   2.7225107694e+61   5.6386955051e-24   9.3079164682e-14   1.2184453678e+05   2.0000000000e-02 
  1.8895351585e+21   6.0659916836e+17   2.7207096664e+61   5.6552887019e-24   9.3267625005e-14   1.2208475420e+05   2.0000000000e-02 
  1.8901409655e+21   6.0580702395e+17   2.7189007550e+61   5.6719371906e-24   9.3456555730e-14   1.2232500966e+05   2.0000000000e-02 
  1.8907459805e+21   6.0501500461e+17   2.7170861263e+61   5.6886431319e-24   9.3645960000e-14   1.2256533296e+05   2.0000000000e-02 
  1.8913502014e+21   6.0422090269e+17   2.7152558623e+61   5.7054045000e-24   9.3835819506e-14   1.2280567893e+05   2.0000000000e-02 
  1.8919536275e+21   6.0342604796e+17   2.7134159253e+61   5.7222183760e-24   9.4026117144e-14   1.2304600195e+05   2.0000000000e-02 
  1.8925562574e+21   6.0262995723e+17   2.7115641364e+61   5.7390828209e-24   9.4216830102e-14   1.2328626295e+05   2.0000000000e-02 
  1.8931580920e+21   6.0183460242e+17   2.7097093673e+61   5.7559957501e-24   9.4407934139e-14   1.2352642092e+05   2.0000000000e-02 
  1.8937591331e+21   6.0104110137e+17   2.7078566689e+61   5.7729549996e-24   9.4599404156e-14   1.2376643284e+05   2.0000000000e-02 
  1.8943593783e+21   6.0024515822e+17   2.7059866946e+61   5.7899582421e-24   9.4791213086e-14   1.2400625569e+05   2.0000000000e-02 
  1.8949588318e+21   5.9945351014e+17   2.7041298222e+61   5.8070033178e-24   9.4983337394e-14   1.2424581427e+05   2.0000000000e-02 
  1.8955574963e+21   5.9866450980e+17   2.7022786671e+61   5.8240823629e-24   9.5175690267e-14   1.2448500620e+05   2.0000000000e-02 
  1.8961553655e+21   5.9786916721e+17   2.7003926466e+61   5.8411887041e-24   9.5368193774e-14   1.2472371423e+05   2.0000000000e-02 
  1.8967524492e+21   5.9708372339e+17   2.6985451179e+61   5.8583194172e-24   9.5560813615e-14   1.2496187882e+05   2.0000000000e-02 
  1.8973487544e+21   5.9630518419e+17   2.6967226536e+61   5.8754734311e-24   9.5753537201e-14   1.2519947800e+05   2.0000000000e-02 
  1.8979442713e+21   5.9551691016e+17   2.6948500157e+61   5.8926499704e-24   9.5946355688e-14   1.2543649899e+05   2.0000000000e-02 
  1.8985390058e+21   5.9473452388e+17   2.6929978605e+61   5.9098483042e-24   9.6139260921e-14   1.2567293136e+05   2.0000000000e-02 
  1.8991329669e+21   5.9396112329e+17   2.6911803003e+61   5.9270678597e-24   9.6332246573e-14   1.2590876706e+05   2.0000000000e-02 
  1.8997261525e+21   5.9318553810e+17   2.6893467825e+61   5.9443078406e-24   9.6525303802e-14   1.2614399478e+05   2.0000000000e-02 
  1.9003185720e+21   5.9241952863e+17   2.6875506550e+61   5.9615674218e-24   9.6718423432e-14   1.2637860269e+05   2.0000000000e-02 
  1.9009102216e+21   5.9164963843e+17   2.6857309272e+61   5.9788457895e-24   9.6911596409e-14   1.2661257935e+05   2.0000000000e-02 
  1.9015011068e+21   5.9088511320e+17   2.6839295690e+61   5.9961421596e-24   9.7104814015e-14   1.2684591409e+05   2.0000000000e-02 
  1.9020912468e+21   5.9014007713e+17   2.6822108601e+61   6.0134562099e-24   9.7298072703e-14   1.2707860303e+05   2.0000000000e-02 
  1.9026806390e+21   5.8939212388e+17   2.6804730920e+61   6.0307876251e-24   9.7491369016e-14   1.2731064301e+05   2.0000000000e-02 
  1.9032692875e+21   5.8864848979e+17   2.6787491766e+61   6.0481359904e-24   9.7684698407e-14   1.2754203010e+05   2.0000000000e-02 
  1.9038571838e+21   5.8789630782e+17   2.6769805583e+61   6.0655009193e-24   9.7878056661e-14   1.2777276124e+05   2.0000000000e-02 
  1.9044443293e+21   5.8714554795e+17   2.6752125855e+61   6.0828820769e-24   9.8071440161e-14   1.2800283455e+05   2.0000000000e-02 
  1.9050307391e+21   5.8640975913e+17   2.6735070684e+61   6.1002795561e-24   9.8264850064e-14   1.2823225415e+05   2.0000000000e-02 
  1.9056164319e+21   5.8569288171e+17   2.6718821604e+61   6.1176937779e-24   9.8458291168e-14   1.2846102877e+05   2.0000000000e-02 
  1.9062014321e+21   5.8500020113e+17   2.6703622112e+61   6.1351253615e-24   9.8651770465e-14   1.2868916978e+05   2.0000000000e-02 
  1.9067857558e+21   5.8432368963e+17   2.6689108173e+61   6.1525749378e-24   9.8845295058e-14   1.2891668871e+05   2.0000000000e-02 
  1.9073694101e+21   5.8365427726e+17   2.6674866979e+61   6.1700429234e-24   9.9038869653e-14   1.2914359429e+05   2.0000000000e-02 
  1.9079523881e+21   5.8297799076e+17   2.6660260143e+61   6.1875294196e-24   9.9232495453e-14   1.2936989130e+05   2.0000000000e-02 
  1.9085346770e+21   5.8228885760e+17   2.6645013548e+61   6.2050342512e-24   9.9426170604e-14   1.2959558115e+05   2.0000000000e-02 
  1.9091162655e+21   5.8158854736e+17   2.6629202259e+61   6.2225572019e-24   9.9619892805e-14   1.2982066480e+05   2.0000000000e-02 
  1.9096971466e+21   5.8088111289e+17   2.6613010801e+61   6.2400981716e-24   9.9813661039e-14   1.3004514465e+05   2.0000000000e-02 
  1.9102773168e+21   5.8017012531e+17   2.6596602174e+61   6.2576572100e-24   1.0000747593e-13   1.3026902527e+05   2.0000000000e-02 
  1.9108567768e+21   5.7946002289e+17   2.6580179668e+61   6.2752345378e-24   1.0020133999e-13   1.3049231379e+05   2.0000000000e-02 
  1.9114355278e+21   5.7875103086e+17   2.6563753757e+61   6.2928305234e-24   1.0039525731e-13   1.3071501960e+05   2.0000000000e-02 
  1.9120135734e+21   5.7804558373e+17   2.6547436445e+61   6.3104456969e-24   1.0058923377e-13   1.3093715414e+05   2.0000000000e-02 
  1.9125909166e+21   5.7734321865e+17   2.6531206883e+61   6.3280807615e-24   1.0078327710e-13   1.3115873114e+05   2.0000000000e-02 
  1.9131675604e+21   5.7664378791e+17   2.6515058658e+61   6.3457365611e-24   1.0097739655e-13   1.3137976647e+05   2.0000000000e-02 
  1.9137435086e+21   5.7594825020e+17   2.6499036252e+61   6.3634140837e-24   1.0117160293e-13   1.3160027846e+05   2.0000000000e-02 
  1.9143187639e+21   5.7525529388e+17   2.6483079728e+61   6.3811144119e-24   1.0136590812e-13   1.3182028656e+05   2.0000000000e-02 
  1.9148933292e+21   5.7456521360e+17   2.6467202985e+61   6.3988386390e-24   1.0156032413e-13   1.3203980947e+05   2.0000000000e-02 
  1.9154672071e+21   5.7387791332e+17   2.6451401947e+61   6.4165877421e-24   1.0175486169e-13   1.3225886346e+05   2.0000000000e-02 
  1.9160403990e+21   5.7319194035e+17   2.6435609938e+61   6.4343623647e-24   1.0194952796e-13   1.3247746024e+05   2.0000000000e-02 
  1.9166129077e+21   5.7250869405e+17   2.6419891733e+61   6.4521626746e-24   1.0214432492e-13   1.3269560502e+05   2.0000000000e-02 
  1.9171847347e+21   5.7182698523e+17   2.6404192740e+61   6.4699882973e-24   1.0233924872e-13   1.3291329425e+05   2.0000000000e-02 
  1.9177558824e+21   5.7114772545e+17   2.6388555292e+61   6.4878383278e-24   1.0253428965e-13   1.3313051517e+05   2.0000000000e-02 
  1.9183263533e+21   5.7047093057e+17   2.6372980425e+61   6.5057114790e-24   1.0272943367e-13   1.3334724964e+05   2.0000000000e-02 
  1.9188961497e+21   5.6979634703e+17   2.6357456710e+61   6.5236063893e-24   1.0292466575e-13   1.3356348142e+05   2.0000000000e-02 
  1.9194652742e+21   5.6912453953e+17   2.6342010569e+61   6.5415222792e-24   1.0311997694e-13   1.3377920447e+05   2.0000000000e-02 
  1.9200337291e+21   5.6845488801e+17   2.6326613613e+61   6.5594597593e-24   1.0331537313e-13   1.3399443109e+05   2.0000000000e-02 
  1.9206015162e+21   5.6778708711e+17   2.6311251956e+61   6.5774214401e-24   1.0351088172e-13   1.3420919999e+05   2.0000000000e-02 
  1.9211686379e+21   5.6712166022e+17   2.6295950111e+61   6.5954120245e-24   1.0370655267e-13   1.3442357695e+05   2.0000000000e-02 
  1.9217350947e+21   5.6645686001e+17   2.6280627276e+61   6.6134376254e-24   1.0390245307e-13   1.3463764038e+05   2.0000000000e-02 
  1.9223008883e+21   5.6579357079e+17   2.6265324617e+61   6.6315018469e-24   1.0409862129e-13   1.3485147678e+05   2.0000000000e-02 
  1.9228660184e+21   5.6513012263e+17   2.6249964740e+61   6.6496106466e-24   1.0429512170e-13   1.3506514646e+05   2.0000000000e-02 
  1.9234304844e+21   5.6446600083e+17   2.6234523731e+61   6.6677719404e-24   1.0449214110e-13   1.3527885060e+05   2.0000000000e-02 
  1.9239942830e+21   5.6379858404e+17   2.6218879610e+61   6.6860207732e-24   1.0469002034e-13   1.3549309231e+05   2.0000000000e-02 
  1.9245574077e+21   5.6312468928e+17   2.6202883898e+61   6.7043932025e-24   1.0488907224e-13   1.3570842021e+05   2.0000000000e-02 
  1.9251198493e+21   5.6244159545e+17   2.6186409196e+61   6.7229259751e-24   1.0508969127e-13   1.3592534682e+05   2.0000000000e-02 
  1.9256815956e+21   5.6174635412e+17   2.6169317143e+61   6.7416571113e-24   1.0529228270e-13   1.3614446888e+05   2.0000000000e-02 
  1.9262426302e+21   5.6103459276e+17   2.6151402579e+61   6.7606333560e-24   1.0549734385e-13   1.3636644844e+05   2.0000000000e-02 
  1.9268029333e+21   5.6030309154e+17   2.6132513531e+61   6.7799091264e-24   1.0570545144e-13   1.3659209910e+05   2.0000000000e-02 
  1.9273624782e+21   5.5954486115e+17   2.6112321635e+61   6.7995529141e-24   1.0591733059e-13   1.3682240411e+05   2.0000000000e-02 
  1.9279212328e+21   5.5875466423e+17   2.6090579414e+61   6.8196488955e-24   1.0613387105e-13   1.3705859311e+05   2.0000000000e-02 
  1.9284791559e+21   5.5792308669e+17   2.6066843493e+61   6.8403025211e-24   1.0635618672e-13   1.3730218284e+05   2.0000000000e-02 
  1.9290361966e+21   5.5704066044e+17   2.6040666713e+61   6.8616437424e-24   1.0658564898e-13   1.3755504648e+05   2.0000000000e-02 
  1.9295922918e+21   5.5609516014e+17   2.6011471639e+61   6.8838321806e-24   1.0682394085e-13   1.3781946615e+05   2.0000000000e-02 
  1.9301473632e+21   5.5507143714e+17   2.5978542359e+61   6.9070609182e-24   1.0707309614e-13   1.3809820507e+05   2.0000000000e-02 
  1.9307013159e+21   5.5395269783e+17   2.5941083892e+61   6.9315631123e-24   1.0733557435e-13   1.3839449980e+05   2.0000000000e-02 
  1.9312540491e+21   5.5273319170e+17   2.5898816621e+61   6.9576405944e-24   1.0761445954e-13   1.3871176547e+05   2.0000000000e-02 
  1.9318055378e+21   5.5148872554e+17   2.5855284929e+61   6.9846643623e-24   1.0789639862e-13   1.3903857771e+05   2.0000000000e-02 
  1.9323558727e+21   5.5033485785e+17   2.5815908638e+61   7.0100543211e-24   1.0816108815e-13   1.3934037521e+05   2.0000000000e-02 
  1.9329051700e+21   5.4929731593e+17   2.5781905467e+61   7.0340444314e-24   1.0841069593e-13   1.3961994233e+05   2.0000000000e-02 
  1.9334535160e+21   5.4834603691e+17   2.5751875712e+61   7.0570373052e-24   1.0864954275e-13   1.3988351145e+05   2.0000000000e-02 
  1.9340009737e+21   5.4745767005e+17   2.5724731114e+61   7.0793092928e-24   1.0888057246e-13   1.4013532364e+05   2.0000000000e-02 
  1.9345475898e+21   5.4661607769e+17   2.5699719503e+61   7.1010564930e-24   1.0910586865e-13   1.4037837028e+05   2.0000000000e-02 
  1.9350933999e+21   5.4581014528e+17   2.5676322916e+61   7.1224227929e-24   1.0932695567e-13   1.4061483099e+05   2.0000000000e-02 
  1.9356384299e+21   5.4502996012e+17   2.5654078486e+61   7.1435175343e-24   1.0954498825e-13   1.4084635431e+05   2.0000000000e-02 
  1.9361826999e+21   5.4426998034e+17   2.5632727927e+61   7.1644265575e-24   1.0976087099e-13   1.4107422278e+05   2.0000000000e-02 
  1.9367262231e+21   5.4352324649e+17   2.5611945395e+61   7.1852195790e-24   1.0997533594e-13   1.4129944805e+05   2.0000000000e-02 
  1.9372690097e+21   5.4278663051e+17   2.5591584816e+61   7.2059519895e-24   1.1018896068e-13   1.4152286156e+05   2.0000000000e-02 
  1.9378110653e+21   5.4205554804e+17   2.5571430980e+61   7.2266617061e-24   1.1040214955e-13   1.4174518051e+05   2.0000000000e-02 
  1.9383523926e+21   5.4132736379e+17   2.5551360091e+61   7.2474000850e-24   1.1061582158e-13   1.4196687499e+05   2.0000000000e-02 
  1.9388929902e+21   5.4059757102e+17   2.5531159601e+61   7.2682219075e-24   1.1083019758e-13   1.4218890883e+05   2.0000000000e-02 
  1.9394328541e+21   5.3986389172e+17   2.5510721708e+61   7.2891659609e-24   1.1104562682e-13   1.4241172605e+05   2.0000000000e-02 
  1.9399719772e+21   5.3912305130e+17   2.5489891184e+61   7.3102658781e-24   1.1126245145e-13   1.4263574893e+05   2.0000000000e-02 
  1.9405103517e+21   5.3837456509e+17   2.5468644390e+61   7.3315505411e-24   1.1148096174e-13   1.4286146456e+05   2.0000000000e-02 
  1.9410479704e+21   5.3761863449e+17   2.5446990106e+61   7.3530651606e-24   1.1170165556e-13   1.4308877638e+05   2.0000000000e-02 
  1.9415848453e+21   5.3687494358e+17   2.5425860078e+61   7.3745023289e-24   1.1192161238e-13   1.4331461822e+05   2.0000000000e-02 
  1.9421210109e+21   5.3616557535e+17   2.5406302333e+61   7.3954594926e-24   1.1213654813e-13   1.4353305559e+05   2.0000000000e-02 
  1.9426565182e+21   5.3550728994e+17   2.5389115347e+61   7.4157850290e-24   1.1234490068e-13   1.4374206677e+05   2.0000000000e-02 
  1.9431914247e+21   5.3490653437e+17   2.5374610415e+61   7.4353530887e-24   1.1254538843e-13   1.4394002557e+05   2.0000000000e-02 
  1.9437257963e+21   5.3437155781e+17   2.5363185220e+61   7.4540615993e-24   1.1273697303e-13   1.4412566308e+05   2.0000000000e-02 
  1.9442597010e+21   5.3390471720e+17   2.5354958612e+61   7.4718488337e-24   1.1291902726e-13   1.4429823019e+05   2.0000000000e-02 
  1.9447932089e+21   5.3350792381e+17   2.5350028554e+61   7.4886930904e-24   1.1309132855e-13   1.4445751273e+05   2.0000000000e-02 
  1.9453263866e+21   5.3317765435e+17   2.5348234812e+61   7.5046234190e-24   1.1325416524e-13   1.4460397973e+05   2.0000000000e-02 
  1.9458592956e+21   5.3290900274e+17   2.5349350888e+61   7.5197154680e-24   1.1340841307e-13   1.4473880038e+05   2.0000000000e-02 
  1.9463919900e+21   5.3269446439e+17   2.5353025933e+61   7.5340539815e-24   1.1355537134e-13   1.4486331109e+05   2.0000000000e-02 
  1.9469245201e+21   5.3253011339e+17   2.5359078584e+61   7.5477057315e-24   1.1369519902e-13   1.4497827544e+05   2.0000000000e-02 
  1.9474569291e+21   5.3240900566e+17   2.5367183117e+61   7.5607454962e-24   1.1382865962e-13   1.4508470646e+05   2.0000000000e-02 
  1.9479892548e+21   5.3232570774e+17   2.5377084943e+61   7.5732660259e-24   1.1395670297e-13   1.4518386405e+05   2.0000000000e-02 
  1.9485215264e+21   5.3227155350e+17   2.5388374528e+61   7.5853720587e-24   1.1408040232e-13   1.4527716949e+05   2.0000000000e-02 
  1.9490537665e+21   5.3224012312e+17   2.5400748444e+61   7.5971643033e-24   1.1420079223e-13   1.4536604186e+05   2.0000000000e-02 
  1.9495859899e+21   5.3222335749e+17   2.5413824128e+61   7.6087457201e-24   1.1431893129e-13   1.4545185593e+05   2.0000000000e-02 
  1.9501182047e+21   5.3221482053e+17   2.5427295533e+61   7.6202191640e-24   1.1443586553e-13   1.4553591504e+05   2.0000000000e-02 
  1.9506504079e+21   5.3220323498e+17   2.5440624290e+61   7.6316563059e-24   1.1455379302e-13   1.4561984361e+05   2.0000000000e-02 
  1.9511825745e+21   5.3216654628e+17   2.5452754953e+61   7.6433890290e-24   1.1467771214e-13   1.4570876687e+05   2.0000000000e-02 
  1.9517146529e+21   5.3207846762e+17   2.5462426613e+61   7.6559203501e-24   1.1480988517e-13   1.4580835926e+05   2.0000000000e-02 
  1.9522465797e+21   5.3192671772e+17   2.5469045706e+61   7.6694311672e-24   1.1495230671e-13   1.4592115724e+05   2.0000000000e-02 
  1.9527782862e+21   5.3170651093e+17   2.5472376256e+61   7.6839918124e-24   1.1510575553e-13   1.4604767641e+05   2.0000000000e-02 
  1.9533097083e+21   5.3142215114e+17   2.5472617469e+61   7.6995359916e-24   1.1526955135e-13   1.4618726462e+05   2.0000000000e-02 
  1.9538407888e+21   5.3108048927e+17   2.5470091303e+61   7.7159544004e-24   1.1544254642e-13   1.4633802806e+05   2.0000000000e-02 
  1.9543714824e+21   5.3069355023e+17   2.5465368957e+61   7.7330724957e-24   1.1562289151e-13   1.4649780146e+05   2.0000000000e-02 
  1.9549017538e+21   5.3027143558e+17   2.5458930834e+61   7.7507325158e-24   1.1580890677e-13   1.4666411004e+05   2.0000000000e-02 
  1.9554315799e+21   5.2982608217e+17   2.5451346843e+61   7.7687625796e-24   1.1599876113e-13   1.4683491571e+05   2.0000000000e-02 
  1.9559609447e+21   5.2936484617e+17   2.5442968231e+61   7.7870479220e-24   1.1619122521e-13   1.4700829900e+05   2.0000000000e-02 
  1.9564898405e+21   5.2889580102e+17   2.5434181706e+61   7.8054773460e-24   1.1638510810e-13   1.4718306436e+05   2.0000000000e-02 
  1.9570182631e+21   5.2842251991e+17   2.5425158441e+61   7.8239951072e-24   1.1657980770e-13   1.4735825773e+05   2.0000000000e-02 
  1.9575462118e+21   5.2794879156e+17   2.5416080450e+61   7.8425563657e-24   1.1677484896e-13   1.4753336158e+05   2.0000000000e-02 
  1.9580736875e+21   5.2747562849e+17   2.5406996483e+61   7.8611309007e-24   1.1696990001e-13   1.4770806920e+05   2.0000000000e-02 
  1.9586006913e+21   5.2700381088e+17   2.5397944222e+61   7.8797214017e-24   1.1716498095e-13   1.4788235820e+05   2.0000000000e-02 
  1.9591272242e+21   5.2653291298e+17   2.5388903285e+61   7.8983388341e-24   1.1736020673e-13   1.4805636945e+05   2.0000000000e-02 
  1.9596532866e+21   5.2606240670e+17   2.5379848295e+61   7.9169893790e-24   1.1755564741e-13   1.4823022131e+05   2.0000000000e-02 
  1.9601788785e+21   5.2559187251e+17   2.5370759050e+61   7.9356830465e-24   1.1775140472e-13   1.4840391925e+05   2.0000000000e-02 
  1.9607039999e+21   5.2512142105e+17   2.5361640905e+61   7.9544127675e-24   1.1794740620e-13   1.4857759375e+05   2.0000000000e-02 
  1.9612286504e+21   5.2465046323e+17   2.5352465407e+61   7.9731926752e-24   1.1814379939e-13   1.4875117988e+05   2.0000000000e-02 
  1.9617528297e+21   5.2417936093e+17   2.5343250019e+61   7.9920131774e-24   1.1834048367e-13   1.4892479089e+05   2.0000000000e-02 
  1.9622765373e+21   5.2370760108e+17   2.5333969913e+61   8.0108852435e-24   1.1853757379e-13   1.4909834432e+05   2.0000000000e-02 
  1.9627997730e+21   5.2323571993e+17   2.5324650995e+61   8.0297990050e-24   1.1873496599e-13   1.4927191933e+05   2.0000000000e-02 
  1.9633225363e+21   5.2276322158e+17   2.5315269246e+61   8.0487627505e-24   1.1893274661e-13   1.4944543582e+05   2.0000000000e-02 
  1.9638448269e+21   5.2229062858e+17   2.5305849941e+61   8.0677688365e-24   1.1913083482e-13   1.4961895445e+05   2.0000000000e-02 
  1.9643666443e+21   5.2181741294e+17   2.5296367482e+61   8.0868245169e-24   1.1932930568e-13   1.4979242175e+05   2.0000000000e-02 
  1.9648879883e+21   5.2134398194e+17   2.5286841576e+61   8.1059252407e-24   1.1952811052e-13   1.4996589980e+05   2.0000000000e-02 
  1.9654088581e+21   5.2086979895e+17   2.5277246168e+61   8.1250775470e-24   1.1972731686e-13   1.5013937159e+05   2.0000000000e-02 
  1.9659292531e+21   5.2039505635e+17   2.5267590536e+61   8.1442797424e-24   1.1992690664e-13   1.5031289384e+05   2.0000000000e-02 
  1.9664491723e+21   5.1991911970e+17   2.5257843809e+61   8.1635418973e-24   1.2012698028e-13   1.5048644865e+05   2.0000000000e-02 
  1.9669686147e+21   5.1944239275e+17   2.5248025507e+61   8.1828533233e-24   1.2032741742e-13   1.5066040053e+05   2.0000000000e-02 
  1.9674875725e+21   5.1895779589e+17   2.5237791179e+61   8.2022457008e-24   1.2052860946e-13   1.5083484244e+05   2.0000000000e-02 
  1.9680059610e+21   5.1838852108e+17   2.5223401773e+61   8.2223143653e-24   1.2073645111e-13   1.5100875774e+05   2.0000000000e-02 
  1.9685234610e+21   5.1749998373e+17   2.5193425354e+61   8.2455717136e-24   1.2097483130e-13   1.5122207842e+05   2.0000000000e-02 
  1.9690403543e+21   5.1689330935e+17   2.5177116915e+61   8.2712762618e-24   1.2124485191e-13   1.5149299670e+05   2.0000000000e-02 
  1.9695592648e+21   5.1891056252e+17   2.5288673846e+61   8.2706363896e-24   1.2124773555e-13   1.5147002231e+05   2.0000000000e-02 
  1.9700953394e+21   5.3607457325e+17   2.6139145146e+61   8.1890935037e-24   1.2045866223e-13   1.5037121685e+05   2.0000000000e-02 
  1.9707615672e+21   6.6622781568e+17   3.2505284344e+61   7.4286699282e-24   1.1283229479e-13   1.4260377624e+05   2.0000000000e-02 
  1.9718390013e+21   1.0774340385e+18   5.2614583351e+61   4.7420543661e-24   8.4190141725e-14   9.6083682168e+04   2.0000000000e-02 
  1.9734222047e+21   1.5832034280e+18   7.7417321541e+61   2.7203465993e-24   5.8918618818e-14   2.9485327498e+04   2.0000000000e-02 
  1.9752719380e+21   1.8497332939e+18   9.0607888350e+61   2.3128927180e-24   5.3175122966e-14   5.8790318587e+03   2.0000000000e-02 
  1.9771893283e+21   1.9173903712e+18   9.4101315347e+61   2.2396578878e-24   5.2095451965e-14   1.0167957017e+03   2.0000000000e-02 
  1.9791192930e+21   1.9299646088e+18   9.4902920428e+61   2.2271162057e-24   5.1909037603e-14   1.7099635866e+02   2.0000000000e-02 
  1.9810514015e+21   1.9321085788e+18   9.5193927942e+61   2.2250098205e-24   5.1877682770e-14   2.8588603544e+01   2.0000000000e-02 
  1.9829838695e+21   1.9324679349e+18   9.5397550535e+61   2.2246577257e-24   5.1872439671e-14   4.7690679520e+00   2.0000000000e-02 
  1.9849163974e+21   1.9325279158e+18   9.5586636163e+61   2.2245989920e-24   5.1871564869e-14   7.9425665237e-01   2.0000000000e-02 
  1.9868489353e+21   1.9325379075e+18   9.5773440732e+61   2.2245892103e-24   5.1871419149e-14   1.3208474281e-01   2.0000000000e-02 
  1.9887814749e+21   1.9325395688e+18   9.5960015538e+61   2.2245875841e-24   5.1871394919e-14   2.1960646533e-02   2.0000000000e-02 
  1.9907140147e+21   1.9325398452e+18   9.6146703252e+61   2.2245873137e-24   5.1871390887e-14   3.6661024263e-03   2.0000000000e-02 
  1.9926465546e+21   1.9325398910e+18   9.6333560934e+61   2.2245872688e-24   5.1871390223e-14   6.0324022969e-04   2.0000000000e-02 
  1.9945790945e+21   1.9325399000e+18   9.6520598186e+61   2.2245872597e-24   5.1871390087e-14   8.6842195047e-05   2.0000000000e-02 
  1.9965116344e+21   1.9325399000e+18   9.6707816384e+61   2.2245872600e-24   5.1871390073e-14   9.1041458489e-06   2.0000000000e-02 
  1.9984441743e+21   1.9325399000e+18   9.6895215977e+61   2.2245872600e-24   5.1871390072e-14  -1.4188668827e-07   2.0000000000e-02 
  2.0003767142e+21   1.9325399000e+18   9.7082796965e+61   2.2245872600e-24   5.1871390072e-14  -1.4408898025e-06   2.0000000000e-02 
  2.0023092541e+21   1.9325399000e+18   9.7270559349e+61   2.2245872600e-24   5.1871390072e-14  -2.0238317325e-06   2.0000000000e-02 
  2.0042417940e+21   1.9325399000e+18   9.7458503127e+61   2.2245872600e-24   5.1871390072e-14  -2.1939836251e-06   2.0000000000e-02 
  2.0061743339e+21   1.9325399000e+18   9.7646628300e+61   2.2245872600e-24   5.1871390072e-14  -2.2913262460e-06   2.0000000000e-02 
  2.0081068738e+21   1.9325399000e+18   9.7834934868e+61   2.2245872600e-24   5.1871390072e-14  -2.2952216207e-06   2.0000000000e-02 
  2.0100394137e+21   1.9325399000e+18   9.8023422831e+61   2.2245872600e-24   5.1871390072e-14  -2.2709009823e-06   2.0000000000e-02 
  2.0119719536e+21   1.9325399000e+18   9.8212092189e+61   2.2245872600e-24   5.1871390072e-14  -2.2803374829e-06   2.0000000000e-02 
  2.0139044935e+21   1.9325399000e+18   9.8400942942e+61   2.2245872600e-24   5.1871390072e-14  -2.2854299527e-06   2.0000000000e-02 
  2.0158370334e+21   1.9325399000e+18   9.8589975090e+61   2.2245872600e-24   5.1871390072e-14  -2.2879296321e-06   2.0000000000e-02 
  2.0177695733e+21   1.9325399000e+18   9.8779188633e+61   2.2245872600e-24   5.1871390072e-14  -2.4939772601e-06   2.0000000000e-02 
  2.0197021132e+21   1.9325399000e+18   9.8968583570e+61   2.2245872600e-24   5.1871390072e-14  -2.7279339763e-06   2.0000000000e-02 
  2.0216346531e+21   1.9325399000e+18   9.9158159903e+61   2.2245872600e-24   5.1871390072e-14  -2.8206775607e-06   2.0000000000e-02 
  2.0235671930e+21   1.9325399000e+18   9.9347917631e+61   2.2245872600e-24   5.1871390072e-14  -2.5883283116e-06   2.0000000000e-02 
  2.0254997329e+21   1.9325399000e+18   9.9537856754e+61   2.2245872600e-24   5.1871390072e-14  -2.4820852143e-06   2.0000000000e-02 
  2.0274322728e+21   1.9325399000e+18   9.9727977272e+61   2.2245872600e-24   5.1871390072e-14  -2.6159883056e-06   2.0000000000e-02 
  2.0293648127e+21   1.9325399000e+18   9.9918279185e+61   2.2245872600e-24   5.1871390072e-14  -2.5252061917e-06   2.0000000000e-02 
  2.0312973526e+21   1.9325399000e+18   1.0010876249e+62   2.2245872600e-24   5.1871390072e-14  -2.4046623902e-06   2.0000000000e-02 
  2.0332298925e+21   1.9325399000e+18   1.0029942720e+62   2.2245872600e-24   5.1871390072e-14  -2.3909572685e-06   2.0000000000e-02 
  2.0351624324e+21   1.9325399000e+18   1.0049027329e+62   2.2245872600e-24   5.1871390073e-14  -2.3842324422e-06   2.0000000000e-02 
  2.0370949723e+21   1.9325399000e+18   1.0068130079e+62   2.2245872600e-24   5.1871390073e-14  -2.3398278952e-06   2.0000000000e-02 
  2.0390275122e+21   1.9325399000e+18   1.0087250967e+62   2.2245872600e-24   5.1871390073e-14  -2.4045869954e-06   2.0000000000e-02 
  2.0409600521e+21   1.9325399000e+18   1.0106389996e+62   2.2245872600e-24   5.1871390073e-14  -2.4817400001e-06   2.0000000000e-02 
  2.0428925920e+21   1.9325399000e+18   1.0125547163e+62   2.2245872600e-24   5.1871390073e-14  -2.7161395436e-06   2.0000000000e-02 
  2.0448251319e+21   1.9325399000e+18   1.0144722471e+62   2.2245872600e-24   5.1871390073e-14  -3.0338861191e-06   2.0000000000e-02 
  2.0467576718e+21   1.9325399000e+18   1.0163915917e+62   2.2245872600e-24   5.1871390073e-14  -3.1410168618e-06   2.0000000000e-02 
  2.0486902117e+21   1.9325399000e+18   1.0183127504e+62   2.2245872600e-24   5.1871390073e-14  -3.2108862574e-06   2.0000000000e-02 
  2.0506227516e+21   1.9325399000e+18   1.0202357229e+62   2.2245872600e-24   5.1871390073e-14  -3.2411753638e-06   2.0000000000e-02 
  2.0525552915e+21   1.9325399000e+18   1.0221605095e+62   2.2245872600e-24   5.1871390073e-14  -3.2258932330e-06   2.0000000000e-02 
  2.0544878314e+21   1.9325399000e+18   1.0240871099e+62   2.2245872600e-24   5.1871390073e-14  -3.2027406896e-06   2.0000000000e-02 
  2.0564203713e+21   1.9325399000e+18   1.0260155244e+62   2.2245872600e-24   5.1871390073e-14  -3.1873195151e-06   2.0000000000e-02 
  2.0583529112e+21   1.9325399000e+18   1.0279457527e+62   2.2245872600e-24   5.1871390073e-14  -3.1824988462e-06   2.0000000000e-02 
  2.0602854511e+21   1.9325399000e+18   1.0298777951e+62   2.2245872600e-24   5.1871390073e-14  -3.1484161583e-06   2.0000000000e-02 
  2.0622179910e+21   1.9325399000e+18   1.0318116513e+62   2.2245872600e-24   5.1871390072e-14  -3.0265523930e-06   2.0000000000e-02 
  2.0641505309e+21   1.9325399000e+18   1.0337473216e+62   2.2245872600e-24   5.1871390072e-14  -2.9330006748e-06   2.0000000000e-02 
  2.0660830708e+21   1.9325399000e+18   1.0356848057e+62   2.2245872600e-24   5.1871390072e-14  -2.8861520446e-06   2.0000000000e-02 
  2.0680156107e+21   1.9325399000e+18   1.0376241039e+62   2.2245872600e-24   5.1871390072e-14  -2.8633306846e-06   2.0000000000e-02 
  2.0699481506e+21   1.9325399000e+18   1.0395652159e+62   2.2245872600e-24   5.1871390072e-14  -2.6225050601e-06   2.0000000000e-02 
  2.0718806905e+21   1.9325399000e+18   1.0415081420e+62   2.2245872600e-24   5.1871390072e-14  -2.3185034974e-06   2.0000000000e-02 
  2.0738132304e+21   1.9325399000e+18   1.0434528819e+62   2.2245872600e-24   5.1871390072e-14  -2.0721320971e-06   2.0000000000e-02 
  2.0757457703e+21   1.9325399000e+18   1.0453994359e+62   2.2245872600e-24   5.1871390072e-14  -1.9731564562e-06   2.0000000000e-02 
  2.0776783102e+21   1.9325399000e+18   1.0473478037e+62   2.2245872600e-24   5.1871390072e-14  -1.9028114643e-06   2.0000000000e-02 
  2.0796108501e+21   1.9325399000e+18   1.0492979856e+62   2.2245872600e-24   5.1871390072e-14  -1.8623042374e-06   2.0000000000e-02 
  2.0815433900e+21   1.9325399000e+18   1.0512499813e+62   2.2245872600e-24   5.1871390072e-14  -1.8962501577e-06   2.0000000000e-02 
  2.0834759299e+21   1.9325399000e+18   1.0532037911e+62   2.2245872600e-24   5.1871390072e-14  -1.9452699428e-06   2.0000000000e-02 
  2.0854084698e+21   1.9325399000e+18   1.0551594147e+62   2.2245872600e-24   5.1871390072e-14  -1.9590853405e-06   2.0000000000e-02 
  2.0873410097e+21   1.9325399000e+18   1.0571168524e+62   2.2245872600e-24   5.1871390072e-14  -1.9349910000e-06   2.0000000000e-02 
  2.0892735496e+21   1.9325399000e+18   1.0590761039e+62   2.2245872600e-24   5.1871390072e-14  -1.9435135744e-06   2.0000000000e-02 
  2.0912060895e+21   1.9325399000e+18   1.0610371695e+62   2.2245872600e-24   5.1871390072e-14  -1.9537066414e-06   2.0000000000e-02 
  2.0931386294e+21   1.9325399000e+18   1.0630000489e+62   2.2245872600e-24   5.1871390072e-14  -1.9439706066e-06   2.0000000000e-02 
  2.0950711693e+21   1.9325399000e+18   1.0649647423e+62   2.2245872600e-24   5.1871390072e-14  -1.8676695411e-06   2.0000000000e-02 
  2.0970037092e+21   1.9325399000e+18   1.0669312497e+62   2.2245872600e-24   5.1871390072e-14  -1.7053472317e-06   2.0000000000e-02 
  2.0989362491e+21   1.9325399000e+18   1.0688995710e+62   2.2245872600e-24   5.1871390072e-14  -1.4294195325e-06   2.0000000000e-02 
  2.1008687890e+21   1.9325399000e+18   1.0708697063e+62   2.2245872600e-24   5.1871390072e-14  -1.1538725514e-06   2.0000000000e-02 
  2.1028013289e+21   1.9325399000e+18   1.0728416555e+62   2.2245872600e-24   5.1871390072e-14  -1.0338618217e-06   2.0000000000e-02 
  2.1047338688e+21   1.9325399000e+18   1.0748154187e+62   2.2245872600e-24   5.1871390071e-14  -9.8194323896e-07   2.0000000000e-02 
  2.1066664087e+21   1.9325399000e+18   1.0767909958e+62   2.2245872600e-24   5.1871390072e-14  -9.1563010011e-07   2.0000000000e-02 
  2.1085989486e+21   1.9325399000e+18   1.0787683869e+62   2.2245872600e-24   5.1871390072e-14  -7.6117004426e-07   2.0000000000e-02 
  2.1105314885e+21   1.9325399000e+18   1.0807475919e+62   2.2245872600e-24   5.1871390071e-14  -1.8515627891e-07   2.0000000000e-02 
  2.1124640284e+21   1.9325399000e+18   1.0827286109e+62   2.2245872600e-24   5.1871390071e-14   6.4326708777e-07   2.0000000000e-02 
  2.1143965683e+21   1.9325399000e+18   1.0847114438e+62   2.2245872600e-24   5.1871390071e-14   9.0998750519e-07   2.0000000000e-02 
  2.1163291082e+21   1.9325399000e+18   1.0866960907e+62   2.2245872600e-24   5.1871390071e-14   1.0020266285e-06   2.0000000000e-02 
  2.1182616481e+21   1.9325399000e+18   1.0886825515e+62   2.2245872600e-24   5.1871390071e-14   1.0272094051e-06   2.0000000000e-02 
  2.1201941880e+21   1.9325399000e+18   1.0906708263e+62   2.2245872600e-24   5.1871390071e-14   1.0321144051e-06   2.0000000000e-02 
  2.1221267279e+21   1.9325399000e+18   1.0926609150e+62   2.2245872600e-24   5.1871390071e-14   1.0650639936e-06   2.0000000000e-02 
  2.1240592678e+21   1.9325399000e+18   1.0946528177e+62   2.2245872600e-24   5.1871390071e-14   1.3293604023e-06   2.0000000000e-02 
  2.1259918077e+21   1.9325399000e+18   1.0966465343e+62   2.2245872600e-24   5.1871390071e-14   1.6804215894e-06   2.0000000000e-02 
  2.1279243476e+21   1.9325399000e+18   1.0986420648e+62   2.2245872600e-24   5.1871390071e-14   1.8524372584e-06   2.0000000000e-02 
  2.1298568875e+21   1.9325399000e+18   1.1006394094e+62   2.2245872600e-24   5.1871390071e-14   1.8967489618e-06   2.0000000000e-02 
  2.1317894274e+21   1.9325399000e+18   1.1026385678e+62   2.2245872600e-24   5.1871390071e-14   1.9008563811e-06   2.0000000000e-02 
  2.1337219673e+21   1.9325399000e+18   1.1046395402e+62   2.2245872600e-24   5.1871390071e-14   1.8952034065e-06   2.0000000000e-02 
  2.1356545072e+21   1.9325399000e+18   1.1066423266e+62   2.2245872600e-24   5.1871390071e-14   1.8971972896e-06   2.0000000000e-02 
  2.1375870471e+21   1.9325399000e+18   1.1086469269e+62   2.2245872600e-24   5.1871390071e-14   1.8986063481e-06   2.0000000000e-02 
  2.1395195870e+21   1.9325399000e+18   1.1106533412e+62   2.2245872600e-24   5.1871390071e-14   1.8989466814e-06   2.0000000000e-02 
  2.1414521269e+21   1.9325399000e+18   1.1126615694e+62   2.2245872600e-24   5.1871390071e-14   1.8982136834e-06   2.0000000000e-02 
  2.1433846668e+21   1.9325399000e+18   1.1146716116e+62   2.2245872600e-24   5.1871390071e-14   1.9014327133e-06   2.0000000000e-02 
  2.1453172067e+21   1.9325399000e+18   1.1166834677e+62   2.2245872600e-24   5.1871390071e-14   1.9091280895e-06   2.0000000000e-02 
  2.1472497466e+21   1.9325399000e+18   1.1186971378e+62   2.2245872600e-24   5.1871390071e-14   1.9261709763e-06   2.0000000000e-02 
  2.1491822865e+21   1.9325399000e+18   1.1207126218e+62   2.2245872600e-24   5.1871390071e-14   1.9527853842e-06   2.0000000000e-02 
  2.1511148264e+21   1.9325399000e+18   1.1227299198e+62   2.2245872600e-24   5.1871390071e-14   1.9617400918e-06   2.0000000000e-02 
  2.1530473663e+21   1.9325399000e+18   1.1247490317e+62   2.2245872600e-24   5.1871390071e-14   1.9535500697e-06   2.0000000000e-02 
  2.1549799062e+21   1.9325399000e+18   1.1267699575e+62   2.2245872600e-24   5.1871390071e-14   1.9464209300e-06   2.0000000000e-02 
  2.1569124461e+21   1.9325399000e+18   1.1287926974e+62   2.2245872600e-24   5.1871390071e-14   1.9704790085e-06   2.0000000000e-02 
  2.1588449860e+21   1.9325399000e+18   1.1308172511e+62   2.2245872600e-24   5.1871390071e-14   2.1487400401e-06   2.0000000000e-02 
  2.1607775259e+21   1.9325399000e+18   1.1328436188e+62   2.2245872600e-24   5.1871390071e-14   2.4855567998e-06   2.0000000000e-02 
  2.1627100658e+21   1.9325399000e+18   1.1348718005e+62   2.2245872600e-24   5.1871390071e-14   2.6837108434e-06   2.0000000000e-02 
  2.1646426057e+21   1.9325399000e+18   1.1369017961e+62   2.2245872600e-24   5.1871390071e-14   2.7267544043e-06   2.0000000000e-02 
  2.1665751456e+21   1.9325399000e+18   1.1389336057e+62   2.2245872600e-24   5.1871390072e-14   2.7258197315e-06   2.0000000000e-02 
  2.1685076855e+21   1.9325399000e+18   1.1409672292e+62   2.2245872600e-24   5.1871390072e-14   2.7254939085e-06   2.0000000000e-02 
  2.1704402254e+21   1.9325399000e+18   1.1430026667e+62   2.2245872600e-24   5.1871390072e-14   2.8659485567e-06   2.0000000000e-02 
  2.1723727653e+21   1.9325399000e+18   1.1450399181e+62   2.2245872600e-24   5.1871390072e-14   3.4574522616e-06   2.0000000000e-02 
  2.1743053052e+21   1.9325399000e+18   1.1470789834e+62   2.2245872600e-24   5.1871390072e-14   4.2597999561e-06   2.0000000000e-02 
  2.1762378451e+21   1.9325399000e+18   1.1491198628e+62   2.2245872600e-24   5.1871390072e-14   4.5696336864e-06   2.0000000000e-02 
  2.1781703850e+21   1.9325399000e+18   1.1511625560e+62   2.2245872600e-24   5.1871390072e-14   4.5628133370e-06   2.0000000000e-02 
  2.1801029249e+21   1.9325399000e+18   1.1532070632e+62   2.2245872600e-24   5.1871390072e-14   4.5562224393e-06   2.0000000000e-02 
  2.1820354648e+21   1.9325399000e+18   1.1552533844e+62   2.2245872600e-24   5.1871390072e-14   4.5454631435e-06   2.0000000000e-02 
  2.1839680047e+21   1.9325399000e+18   1.1573015195e+62   2.2245872600e-24   5.1871390072e-14   4.5671995403e-06   2.0000000000e-02 
  2.1859005446e+21   1.9325399000e+18   1.1593514686e+62   2.2245872600e-24   5.1871390072e-14   4.6321443979e-06   2.0000000000e-02 
  2.1878330845e+21   1.9325399000e+18   1.1614032316e+62   2.2245872600e-24   5.1871390072e-14   4.7159275801e-06   2.0000000000e-02 
  2.1897656244e+21   1.9325399000e+18   1.1634568085e+62   2.2245872600e-24   5.1871390072e-14   4.7612594102e-06   2.0000000000e-02 
  2.1916981643e+21   1.9325399000e+18   1.1655121995e+62   2.2245872600e-24   5.1871390072e-14   4.7832979550e-06   2.0000000000e-02 
  2.1936307042e+21   1.9325399000e+18   1.1675694043e+62   2.2245872600e-24   5.1871390072e-14   4.8279820834e-06   2.0000000000e-02 
  2.1955632441e+21   1.9325399000e+18   1.1696284231e+62   2.2245872600e-24   5.1871390072e-14   4.8465288184e-06   2.0000000000e-02 
  2.1974957840e+21   1.9325399000e+18   1.1716892559e+62   2.2245872600e-24   5.1871390072e-14   4.8360495711e-06   2.0000000000e-02 
  2.1994283239e+21   1.9325399000e+18   1.1737519026e+62   2.2245872600e-24   5.1871390072e-14   4.8501971138e-06   2.0000000000e-02 
  2.2013608638e+21   1.9325399000e+18   1.1758163633e+62   2.2245872600e-24   5.1871390072e-14   4.9538941554e-06   2.0000000000e-02 
  2.2032934037e+21   1.9325399000e+18   1.1778826379e+62   2.2245872600e-24   5.1871390072e-14   5.0670400690e-06   2.0000000000e-02 
  2.2052259436e+21   1.9325399000e+18   1.1799507264e+62   2.2245872600e-24   5.1871390072e-14   5.1214850216e-06   2.0000000000e-02 
  2.2071584835e+21   1.9325399000e+18   1.1820206290e+62   2.2245872600e-24   5.1871390072e-14   5.1112552119e-06   2.0000000000e-02 
  2.2090910234e+21   1.9325399000e+18   1.1840923454e+62   2.2245872600e-24   5.1871390072e-14   4.8350140038e-06   2.0000000000e-02 
  2.2110235633e+21   1.9325399000e+18   1.1861658758e+62   2.2245872600e-24   5.1871390072e-14   4.5096099794e-06   2.0000000000e-02 
  2.2129561032e+21   1.9325399000e+18   1.1882412202e+62   2.2245872600e-24   5.1871390072e-14   4.3558231273e-06   2.0000000000e-02 
  2.2148886431e+21   1.9325399000e+18   1.1903183785e+62   2.2245872600e-24   5.1871390072e-14   3.8086156890e-06   2.0000000000e-02 
  2.2168211830e+21   1.9325399000e+18   1.1923973508e+62   2.2245872600e-24   5.1871390072e-14   3.0349294538e-06   2.0000000000e-02 
  2.2187537229e+21   1.9325399000e+18   1.1944781370e+62   2.2245872600e-24   5.1871390072e-14   2.7351701430e-06   2.0000000000e-02 
  2.2206862628e+21   1.9325399000e+18   1.1965607371e+62   2.2245872600e-24   5.1871390072e-14   2.4801393651e-06   2.0000000000e-02 
  2.2226188027e+21   1.9325399000e+18   1.1986451512e+62   2.2245872600e-24   5.1871390072e-14   2.1294880483e-06   2.0000000000e-02 
  2.2245513426e+21   1.9325399000e+18   1.2007313793e+62   2.2245872600e-24   5.1871390072e-14   1.8661608601e-06   2.0000000000e-02 
  2.2264838825e+21   1.9325399000e+18   1.2028194213e+62   2.2245872600e-24   5.1871390072e-14   1.8129357010e-06   2.0000000000e-02 
  2.2284164224e+21   1.9325399000e+18   1.2049092773e+62   2.2245872600e-24   5.1871390072e-14   1.7856679617e-06   2.0000000000e-02 
  2.2303489623e+21   1.9325399000e+18   1.2070009472e+62   2.2245872600e-24   5.1871390072e-14   1.7379183122e-06   2.0000000000e-02 
  2.2322815022e+21   1.9325399000e+18   1.2090944310e+62   2.2245872600e-24   5.1871390072e-14   1.6596627833e-06   2.0000000000e-02 
  2.2342140421e+21   1.9325399000e+18   1.2111897288e+62   2.2245872600e-24   5.1871390072e-14   1.2877557014e-06   2.0000000000e-02 
  2.2361465820e+21   1.9325399000e+18   1.2132868406e+62   2.2245872600e-24   5.1871390072e-14   9.7009954781e-07   2.0000000000e-02 
  2.2380791219e+21   1.9325399000e+18   1.2153857663e+62   2.2245872600e-24   5.1871390072e-14   9.1021735369e-07   2.0000000000e-02 
  2.2400116618e+21   1.9325399000e+18   1.2174865060e+62   2.2245872600e-24   5.1871390072e-14   8.7569255484e-07   2.0000000000e-02 
  2.2419442017e+21   1.9325399000e+18   1.2195890596e+62   2.2245872600e-24   5.1871390072e-14   7.8538933510e-07   2.0000000000e-02 
  2.2438767416e+21   1.9325399000e+18   1.2216934271e+62   2.2245872600e-24   5.1871390072e-14   4.0516000573e-07   2.0000000000e-02 
  2.2458092815e+21   1.9325399000e+18   1.2237996086e+62   2.2245872600e-24   5.1871390072e-14   0.0000000000e+00   2.0000000000e-02 
