# time = 2.549976e+15 [s] 
# r                  dr                 dV                 Density            Pressure           Velocity           Z
  2.1304517832e+18   2.1304517832e+18   4.0504543152e+55   4.1280713017e-31   6.3177999665e-14   0.0000000000e+00   9.9248591688e-02 
  2.6406100884e+18   5.1015830514e+17   3.6621569747e+55   4.1280713017e-31   6.3177999665e-14  -4.1249009580e+03   9.9248591688e-02 
  3.4887185646e+18   8.4810847626e+17   1.0073721673e+56   4.1283851668e-31   6.3177873488e-14  -7.8827552252e+03   9.9248591688e-02 
  4.3669966450e+18   8.7827808034e+17   1.7098543078e+56   4.1293454473e-31   6.3177930045e-14  -1.3007372294e+04   9.9248591688e-02 
  4.8365305840e+18   4.6953393905e+17   1.2505529427e+56   4.1307075202e-31   6.3177960910e-14  -1.6380646868e+04   9.9248591688e-02 
  5.2454203359e+18   4.0888975188e+17   1.3064214604e+56   4.1324601824e-31   6.3177979901e-14  -1.8425798998e+04   9.9248591688e-02 
  5.9395416604e+18   6.9412132453e+17   2.7315644578e+56   4.1360529829e-31   6.3178014419e-14  -2.0892169534e+04   9.9248591688e-02 
  6.5712179221e+18   6.3167626167e+17   3.1087133548e+56   4.1415234419e-31   6.3178071481e-14  -2.3784377427e+04   9.9248591688e-02 
  7.4227212100e+18   8.5150328786e+17   5.2450764351e+56   4.1492417899e-31   6.3178152461e-14  -2.6929105448e+04   9.9248591688e-02 
  8.2505170775e+18   8.2779586759e+17   6.3943180776e+56   4.1595127820e-31   6.3178241496e-14  -3.0397829897e+04   9.9248591688e-02 
  9.2888316801e+18   1.0383146025e+18   1.0046454002e+57   4.1728937659e-31   6.3178349530e-14  -3.4116023510e+04   9.9248591688e-02 
  1.0363888966e+19   1.0750572855e+18   1.3057493483e+57   4.1900518265e-31   6.3178451130e-14  -3.8396395802e+04   9.9248591688e-02 
  1.1635596172e+19   1.2717072065e+18   1.9357332506e+57   4.2115212763e-31   6.3178556272e-14  -4.3069032639e+04   9.9248591688e-02 
  1.2998336173e+19   1.3627400007e+18   2.6005976021e+57   4.2382321705e-31   6.3178641654e-14  -4.8351292502e+04   9.9248591688e-02 
  1.4554441741e+19   1.5561055684e+18   3.7151916432e+57   4.2708629196e-31   6.3178737903e-14  -5.4180750430e+04   9.9248591688e-02 
  1.6299885170e+19   1.7454434284e+18   5.2257765466e+57   4.3111878479e-31   6.3178806316e-14  -6.0754954121e+04   9.9248591688e-02 
  1.8242694407e+19   1.9428092377e+18   7.2903313931e+57   4.3601072837e-31   6.3178889324e-14  -6.7925236656e+04   9.9248591688e-02 
  2.0433241475e+19   2.1905470677e+18   1.0305006520e+58   4.4193774607e-31   6.3178974714e-14  -7.6076077559e+04   9.9248591688e-02 
  2.2805792002e+19   2.3725505268e+18   1.3949316699e+58   4.4897676067e-31   6.3179089283e-14  -8.5082314422e+04   9.9248591688e-02 
  2.5499782615e+19   2.6939906134e+18   1.9769263047e+58   4.5736958403e-31   6.3179140854e-14  -9.5050444732e+04   9.9248591688e-02 
  2.8389744777e+19   2.8899621621e+18   2.6391672330e+58   4.6726034099e-31   6.3179241504e-14  -1.0606878699e+05   9.9248591688e-02 
  3.1739803747e+19   3.3500589702e+18   3.8091435169e+58   4.7907426297e-31   6.3179351543e-14  -1.1850319427e+05   9.9248591688e-02 
  3.5281400409e+19   3.5415966620e+18   5.0023891640e+58   4.9295203332e-31   6.3179541162e-14  -1.3252754878e+05   9.9248591688e-02 
  3.9296069859e+19   4.0146694498e+18   7.0215707069e+58   5.0915018197e-31   6.3179782154e-14  -1.4773966034e+05   9.9248591688e-02 
  4.3541945762e+19   4.2458759033e+18   9.1612911848e+58   5.2795078429e-31   6.3180062184e-14  -1.6437420664e+05   9.9248591688e-02 
  4.8394465342e+19   4.8525195799e+18   1.2897198063e+59   5.4996284995e-31   6.3180516932e-14  -1.8320382634e+05   9.9248591688e-02 
  5.3118768428e+19   4.7243030860e+18   1.5305459661e+59   5.7452677213e-31   6.3181009233e-14  -2.0298612552e+05   9.9248591688e-02 
  6.0153649503e+19   7.0348810749e+18   2.8393111916e+59   6.0669837933e-31   6.3181657842e-14  -2.2771510588e+05   9.9248591688e-02 
  7.0801480815e+19   1.0647831312e+19   5.7492617130e+59   6.5751042073e-31   6.3182673134e-14  -2.6573314681e+05   9.9248591688e-02 
  7.4657066031e+19   3.8555852162e+18   2.5634235313e+59   7.0084785890e-31   6.3183618071e-14  -2.9765699391e+05   9.9248591688e-02 
  7.8261499294e+19   3.6044332621e+18   2.6484252111e+59   7.2569181317e-31   6.3184215809e-14  -3.1480495671e+05   9.9248591688e-02 
  8.2010815864e+19   3.7493165701e+18   3.0262041350e+59   7.5310251907e-31   6.3184816859e-14  -3.3210653394e+05   9.9248591688e-02 
  8.5985268945e+19   3.9744530816e+18   3.5245736147e+59   7.8513200816e-31   6.3185446785e-14  -3.5071705192e+05   9.9248591688e-02 
  8.9632061545e+19   3.6467925993e+18   3.5339312744e+59   8.2007992173e-31   6.3186064546e-14  -3.6957942731e+05   9.9248591688e-02 
  9.4320549786e+19   4.6884882411e+18   4.9852695946e+59   8.6269282317e-31   6.3186743893e-14  -3.9095881070e+05   9.9248591688e-02 
  9.8862645487e+19   4.5420957013e+18   5.3262906660e+59   9.1415244378e-31   6.3187508459e-14  -4.1553614100e+05   9.9248591688e-02 
  1.0323110805e+20   4.3684625668e+18   5.6059847009e+59   9.6858550430e-31   6.3188250244e-14  -4.4020696092e+05   9.9248591688e-02 
  1.0739801223e+20   4.1669041797e+18   5.8084046905e+59   1.0259814668e-30   6.3188957170e-14  -4.6488346426e+05   9.9248591688e-02 
  1.1255919805e+20   5.1611858168e+18   7.8461294901e+59   1.0953443981e-30   6.3189712566e-14  -4.9347891429e+05   9.9248591688e-02 
  1.1771233687e+20   5.1531388160e+18   8.5856804027e+59   1.1787497291e-30   6.3190571137e-14  -5.2722963081e+05   9.9248591688e-02 
  1.2263471790e+20   4.9223810335e+18   8.9343595692e+59   1.2676681813e-30   6.3191473325e-14  -5.6262776612e+05   9.9248591688e-02 
  1.2753081502e+20   4.8960971166e+18   9.6274282568e+59   1.3628758200e-30   6.3192283182e-14  -5.9955621279e+05   9.9248591688e-02 
  1.3335404199e+20   5.8232269698e+18   1.2453271408e+60   1.4773793085e-30   6.3192943703e-14  -6.4311394933e+05   9.9248591688e-02 
  1.3915838663e+20   5.8043446468e+18   1.3543825897e+60   1.6126368955e-30   6.3193459191e-14  -6.9430013084e+05   9.9248591688e-02 
  1.4466812934e+20   5.5097427074e+18   1.3945743514e+60   1.7565708725e-30   6.3193819424e-14  -7.4855011290e+05   9.9248591688e-02 
  1.5059090833e+20   5.9227789850e+18   1.6223331670e+60   1.9168597650e-30   6.3193584992e-14  -8.0786189086e+05   9.9248591688e-02 
  1.5734729994e+20   6.7563916104e+18   2.0130822859e+60   2.1121703167e-30   6.3192679846e-14  -8.7972531750e+05   9.9248591688e-02 
  1.6391147038e+20   6.5641704435e+18   2.1286298181e+60   2.3361932883e-30   6.3190983828e-14  -9.6192415568e+05   9.9248591688e-02 
  1.6957544586e+20   5.6639754851e+18   1.9791130119e+60   2.5623836906e-30   6.3188616369e-14  -1.0432366807e+06   9.9248591688e-02 
  1.7711459378e+20   7.5391479152e+18   2.8472350333e+60   2.8356668159e-30   6.3184386493e-14  -1.1385244500e+06   9.9248591688e-02 
  1.8625824690e+20   9.1436531197e+18   3.7937280599e+60   3.2138397026e-30   6.3176218642e-14  -1.2694779108e+06   9.9248591688e-02 
  1.9544141188e+20   9.1831649817e+18   4.2040665974e+60   3.6657389256e-30   6.3163102592e-14  -1.4260265814e+06   9.9248591688e-02 
  2.0374129413e+20   8.2998822514e+18   4.1555433688e+60   4.1380825692e-30   6.3144481474e-14  -1.5865115097e+06   9.9248591688e-02 
  2.1420479703e+20   1.0463502897e+19   5.7432567700e+60   4.7012282862e-30   6.3113509146e-14  -1.7731432571e+06   9.9248591688e-02 
  2.2301435642e+20   8.8095593942e+18   5.2912854002e+60   5.3342961457e-30   6.3068662404e-14  -1.9769320372e+06   9.9248591688e-02 
  2.3653790433e+20   1.3523547907e+19   8.9750252031e+60   6.1547928844e-30   6.2991905654e-14  -2.2351243369e+06   9.9248591688e-02 
  2.4579158585e+20   9.2536815183e+18   6.7640270354e+60   7.0659622452e-30   6.2890009822e-14  -2.5124447007e+06   9.9248591688e-02 
  2.5383864268e+20   8.0470568313e+18   6.3113447597e+60   7.8170086441e-30   6.2792843072e-14  -2.7345895802e+06   9.9248591688e-02 
  2.7131432367e+20   1.7475680986e+19   1.5146626170e+61   8.8487494031e-30   6.2593113875e-14  -3.0679010983e+06   9.9248591688e-02 
  2.8347085265e+20   1.2156528980e+19   1.1756516594e+61   9.9341970246e-30   6.2310499927e-14  -3.4455782899e+06   9.9248591688e-02 
  2.9590397386e+20   1.2433121217e+19   1.3113419189e+61   1.0686185346e-29   6.2024620721e-14  -3.7383354861e+06   9.9248591688e-02 
  3.1271763075e+20   1.6813656882e+19   1.9571190797e+61   1.1393025343e-29   6.1623925172e-14  -4.0681302349e+06   9.9248591688e-02 
  3.2547747625e+20   1.2759845501e+19   1.6329018992e+61   1.1961400078e-29   6.1160584540e-14  -4.3754672718e+06   9.9248591688e-02 
  3.3991801406e+20   1.4440537813e+19   2.0089129750e+61   1.2332132046e-29   6.0665800519e-14  -4.6290623456e+06   9.9248591688e-02 
  3.5557231176e+20   1.5654297697e+19   2.3792440012e+61   1.2609260952e-29   6.0087258640e-14  -4.8856447260e+06   9.9248591688e-02 
  3.7322294967e+20   1.7650637910e+19   2.9458203864e+61   1.2814460801e-29   5.9514936483e-14  -5.0517391929e+06   9.9248591688e-02 
  3.8791112738e+20   1.4688177719e+19   2.6735852192e+61   1.2942467704e-29   5.9013582880e-14  -5.1223477043e+06   9.9248591688e-02 
  4.0464549006e+20   1.6734362679e+19   3.3028144555e+61   1.3010318996e-29   5.8568389317e-14  -5.1250308966e+06   9.9248591688e-02 
  4.1958254761e+20   1.4937057551e+19   3.1882857365e+61   1.3030190709e-29   5.8088288602e-14  -5.0800234868e+06   9.9248591688e-02 
  4.2750178820e+20   7.9192405850e+18   1.7852513237e+61   1.3016144578e-29   5.7728136647e-14  -5.0267065611e+06   9.9248591688e-02 
  4.3533442948e+20   7.8326412757e+18   1.8320054939e+61   1.2984677306e-29   5.7468646971e-14  -4.9762284184e+06   9.9248591688e-02 
  4.5147598329e+20   1.6141553817e+19   3.9884553783e+61   1.2897234692e-29   5.7048243209e-14  -4.8924848111e+06   9.9248591688e-02 
  4.6498586197e+20   1.3509878677e+19   3.5650166017e+61   1.2763396850e-29   5.6471438423e-14  -4.7778376590e+06   9.9248591688e-02 
  4.7390172763e+20   8.9158656581e+18   2.4691850574e+61   1.2645980166e-29   5.6005308722e-14  -4.6905114958e+06   9.9248591688e-02 
  4.8135355570e+20   7.4518280682e+18   2.1362909708e+61   1.2549580176e-29   5.5657921867e-14  -4.6529088563e+06   9.9248591687e-02 
  4.8755076076e+20   6.1972050651e+18   1.8277359054e+61   1.2462236207e-29   5.5364937691e-14  -4.6357861804e+06   9.9248591685e-02 
  5.0367337029e+20   1.6122609530e+19   4.9769953937e+61   1.2319469539e-29   5.4883021691e-14  -4.6282122636e+06   9.9248591677e-02 
  5.1397756482e+20   1.0304194528e+19   3.3525590454e+61   1.2156440502e-29   5.4322037990e-14  -4.6144883730e+06   9.9248591648e-02 
  5.1656306647e+20   2.5855016474e+18   8.6263255028e+60   1.2078545836e-29   5.4058688876e-14  -4.6068544299e+06   9.9248591587e-02 
  5.1863951825e+20   2.0764517843e+18   6.9907376099e+60   1.2049598447e-29   5.3966061007e-14  -4.6044043233e+06   9.9248590919e-02 
  5.2640382935e+20   7.7643110981e+18   2.6639704425e+61   1.1984190126e-29   5.3777096819e-14  -4.5964780828e+06   9.9248588915e-02 
  5.3354014208e+20   7.1363127287e+18   2.5188141621e+61   1.1883758062e-29   5.3495978555e-14  -4.5788548641e+06   9.9248580376e-02 
  5.4107815672e+20   7.5380146381e+18   2.7347802527e+61   1.1783096013e-29   5.3228890665e-14  -4.5592837655e+06   9.9248544234e-02 
  5.5716456306e+20   1.6086406348e+19   6.0958831186e+61   1.1613026356e-29   5.2814135300e-14  -4.5227358747e+06   9.9248437024e-02 
  5.7039498221e+20   1.3230419151e+19   5.2847248204e+61   1.1394828692e-29   5.2314266600e-14  -4.4729541874e+06   9.9248189396e-02 
  5.8288300883e+20   1.2488026619e+19   5.2182955212e+61   1.1189553886e-29   5.1877052296e-14  -4.4423205966e+06   9.9247952220e-02 
  5.9916131039e+20   1.6278301556e+19   7.1458506680e+61   1.0933821210e-29   5.1392948791e-14  -4.4195172470e+06   9.9247153844e-02 
  6.1409021894e+20   1.4928908546e+19   6.9040120925e+61   1.0632636955e-29   5.0885012068e-14  -4.3965339968e+06   9.9245115821e-02 
  6.2858002428e+20   1.4489805344e+19   7.0298151218e+61   1.0311482232e-29   5.0432581771e-14  -4.3736994545e+06   9.9239756044e-02 
  6.4262468947e+20   1.4044665193e+19   7.1303348098e+61   9.9639062176e-30   5.0022604223e-14  -4.3457458178e+06   9.9226064215e-02 
  6.5848800932e+20   1.5863319850e+19   8.4371409265e+61   9.5482522198e-30   4.9625349318e-14  -4.3010737977e+06   9.9164826824e-02 
  6.7185911313e+20   1.3371103809e+19   7.4346701674e+61   9.1090692732e-30   4.9263310884e-14  -4.2386972403e+06   9.8898019783e-02 
  6.7954246986e+20   7.6833567241e+18   4.4083330279e+61   8.7437468103e-30   4.9017470799e-14  -4.1840641087e+06   9.8446274044e-02 
  6.8613249864e+20   6.5900287794e+18   3.8613151885e+61   8.4740070152e-30   4.8859182595e-14  -4.1414251179e+06   9.7539192875e-02 
  6.9506463399e+20   8.9321353582e+18   5.3533120412e+61   8.1054835360e-30   4.8694148184e-14  -4.0867007793e+06   9.6958394527e-02 
  6.9863586669e+20   3.5712326954e+18   2.1792541632e+61   7.7845006246e-30   4.8564749299e-14  -4.0394627112e+06   9.6696846744e-02 
  7.0030276848e+20   1.6669017951e+18   1.0248431943e+61   7.6383287669e-30   4.8513925427e-14  -4.0173302242e+06   9.6613687374e-02 
  7.0287489065e+20   2.5721221627e+18   1.5909893534e+61   7.5317101294e-30   4.8475714186e-14  -4.0009931789e+06   9.6587360172e-02 
  7.0941129511e+20   6.5364044648e+18   4.0957865339e+61   7.3690204604e-30   4.8389792025e-14  -3.9719121331e+06   9.6583424321e-02 
  7.1468740829e+20   5.2761131745e+18   3.3616008474e+61   7.1831523305e-30   4.8283960557e-14  -3.9267627432e+06   9.6581861602e-02 
  7.1847367561e+20   3.7862673260e+18   2.4431614683e+61   7.0684082480e-30   4.8208612639e-14  -3.8894434956e+06   9.6581694685e-02 
  7.2196350851e+20   3.4898328990e+18   2.2748041022e+61   6.9956255205e-30   4.8144303477e-14  -3.8644826044e+06   9.6581672546e-02 
  7.2574563541e+20   3.7821268993e+18   2.4902880928e+61   6.9486499221e-30   4.8085850191e-14  -3.8380873565e+06   9.6581671467e-02 
  7.2919458968e+20   3.4489542668e+18   2.2936567424e+61   6.9202589664e-30   4.8025038461e-14  -3.8121930924e+06   9.6581671423e-02 
  7.4216768322e+20   1.2973093543e+19   8.8235613264e+61   6.8917550117e-30   4.7895817081e-14  -3.7505451771e+06   9.6581671420e-02 
  7.5465588347e+20   1.2488200255e+19   8.7902459785e+61   6.8615566431e-30   4.7697395137e-14  -3.6533118960e+06   9.6581671417e-02 
  7.5923172665e+20   4.5758431726e+18   3.2946523597e+61   6.8508877447e-30   4.7567713417e-14  -3.5875340199e+06   9.6581671415e-02 
  7.6230330744e+20   3.0715807877e+18   2.2339647623e+61   6.8515549812e-30   4.7510209928e-14  -3.5579522619e+06   9.6581671414e-02 
  7.6523899388e+20   2.9356864491e+18   2.1520213075e+61   6.8601354444e-30   4.7465008370e-14  -3.5344342375e+06   9.6581671410e-02 
  7.6828710772e+20   3.0481138372e+18   2.2519771097e+61   6.8792878324e-30   4.7420066086e-14  -3.5105755351e+06   9.6581671379e-02 
  7.7927034516e+20   1.0983237436e+19   8.2638247562e+61   6.9461694377e-30   4.7315157058e-14  -3.4524660163e+06   9.6581671269e-02 
  7.8639529651e+20   7.1249513520e+18   5.4869729141e+61   7.0451435252e-30   4.7178312187e-14  -3.3746211808e+06   9.6581670729e-02 
  7.8933001359e+20   2.9347170799e+18   2.2891678419e+61   7.1051247349e-30   4.7101154103e-14  -3.3297706119e+06   9.6581669268e-02 
  7.9308112722e+20   3.7511136294e+18   2.9508665539e+61   7.1396961014e-30   4.7049585993e-14  -3.2997574618e+06   9.6581653509e-02 
  7.9978722292e+20   6.7060957002e+18   5.3454214429e+61   7.1750256620e-30   4.6968592575e-14  -3.2526465748e+06   9.6581605847e-02 
  8.0653894248e+20   6.7517195601e+18   5.4731114594e+61   7.2068714062e-30   4.6863835021e-14  -3.1907883137e+06   9.6581157953e-02 
  8.1567355400e+20   9.1346115243e+18   7.5519660774e+61   7.2291561909e-30   4.6741522137e-14  -3.1163240687e+06   9.6579880208e-02 
  8.2550998901e+20   9.8364350043e+18   8.3235215138e+61   7.2448828583e-30   4.6598297756e-14  -3.0267923859e+06   9.6577039617e-02 
  8.3513363772e+20   9.6236487127e+18   8.3377214572e+61   7.2515947301e-30   4.6455791603e-14  -2.9342994950e+06   9.6576903281e-02 
  8.5043997645e+20   1.5306338725e+19   1.3662449772e+62   7.2484396856e-30   4.6276007178e-14  -2.8224401260e+06   9.6571116635e-02 
  8.6413253743e+20   1.3692560988e+19   1.2646067738e+62   7.2369533960e-30   4.6075291464e-14  -2.6929924246e+06   9.6557932375e-02 
  8.7651999612e+20   1.2387458690e+19   1.1791351792e+62   7.2186221161e-30   4.5900494283e-14  -2.5853929199e+06   9.6529037390e-02 
  8.8868450188e+20   1.2164505759e+19   1.1908066922e+62   7.1909873704e-30   4.5745025872e-14  -2.4878892066e+06   9.6471005981e-02 
  9.0448963109e+20   1.5805129208e+19   1.5966293205e+62   7.1519704427e-30   4.5576902201e-14  -2.3813389327e+06   9.6226853368e-02 
  9.1612679563e+20   1.1637164543e+19   1.2118249114e+62   7.1023452506e-30   4.5418115048e-14  -2.2793009721e+06   9.5310224329e-02 
  9.2524981471e+20   9.1230190740e+18   9.7180080323e+61   7.0524437069e-30   4.5298946929e-14  -2.2055848205e+06   9.1689735415e-02 
  9.3006682290e+20   4.8170081870e+18   5.2091193893e+61   7.0077938078e-30   4.5220884737e-14  -2.1539718057e+06   8.7731218252e-02 
  9.3687495199e+20   6.8081290987e+18   7.4548880752e+61   6.9477920072e-30   4.5156214970e-14  -2.1075483718e+06   8.1357623093e-02 
  9.3956963729e+20   2.6946852917e+18   2.9807785469e+61   6.8869619697e-30   4.5104039994e-14  -2.0691054642e+06   7.6269206754e-02 
  9.4244880760e+20   2.8791703108e+18   3.2037994151e+61   6.8339078776e-30   4.5071752415e-14  -2.0483483202e+06   7.3745845167e-02 
  9.4797194487e+20   5.5231372767e+18   6.2008881610e+61   6.7378032894e-30   4.5027787195e-14  -2.0159922631e+06   7.3488955614e-02 
  9.5192933251e+20   3.9573876385e+18   4.4876725777e+61   6.6320893358e-30   4.4977789159e-14  -1.9803265363e+06   7.3356394592e-02 
  9.5547455039e+20   3.5452178775e+18   4.0520857589e+61   6.5646051281e-30   4.4935759440e-14  -1.9570981159e+06   7.3317403092e-02 
  9.6025753668e+20   4.7829862921e+18   5.5146690970e+61   6.5062097787e-30   4.4893443608e-14  -1.9313590422e+06   7.3313757476e-02 
  9.6548936959e+20   5.2318329062e+18   6.0954142209e+61   6.4529404048e-30   4.4844946312e-14  -1.8988715183e+06   7.3313059387e-02 
  9.7042937576e+20   4.9400061675e+18   5.8163771099e+61   6.4091099713e-30   4.4799300046e-14  -1.8659968672e+06   7.3313013855e-02 
  9.8110959149e+20   1.0680215732e+19   1.2778759261e+62   6.3644310249e-30   4.4733812700e-14  -1.8173155192e+06   7.3313012261e-02 
  9.8960102775e+20   8.4914362598e+18   1.0360469295e+62   6.3188961389e-30   4.4653590557e-14  -1.7636920493e+06   7.3313011809e-02 
  9.9522399167e+20   5.6229639206e+18   6.9592234765e+61   6.2926217613e-30   4.4593720022e-14  -1.7323386956e+06   7.3313011751e-02 
  1.0086192520e+21   1.3395260348e+19   1.6897987705e+62   6.2735344341e-30   4.4520514531e-14  -1.6875653972e+06   7.3313011697e-02 
  1.0195638648e+21   1.0944612809e+19   1.4143888258e+62   6.2542905562e-30   4.4429206292e-14  -1.6284404330e+06   7.3313011478e-02 
  1.0334200596e+21   1.3856194784e+19   1.8347273896e+62   6.2416629042e-30   4.4338397732e-14  -1.5675540736e+06   7.3313010438e-02 
  1.0431644686e+21   9.7444089437e+18   1.3201029146e+62   6.2330136296e-30   4.4252119329e-14  -1.5062431954e+06   7.3313006024e-02 
  1.0525083416e+21   9.3438729984e+18   1.2892188148e+62   6.2302782178e-30   4.4180656061e-14  -1.4508960911e+06   7.3312950622e-02 
  1.0699348511e+21   1.7426509582e+19   2.4662789232e+62   6.2309621699e-30   4.4080118552e-14  -1.3678448779e+06   7.3312828249e-02 
  1.0815841546e+21   1.1649303426e+19   1.6941210847e+62   6.2357673133e-30   4.3975016729e-14  -1.2795903584e+06   7.3312600266e-02 
  1.0927847840e+21   1.1200629473e+19   1.6636524943e+62   6.2445180248e-30   4.3899810595e-14  -1.2183265986e+06   7.3312081864e-02 
  1.1023282283e+21   9.5434443071e+18   1.4446795353e+62   6.2583036623e-30   4.3839269376e-14  -1.1658547592e+06   7.3308389035e-02 
  1.1102109123e+21   7.8826839900e+18   1.2122934290e+62   6.2749451851e-30   4.3791373042e-14  -1.1272871886e+06   7.3289291297e-02 
  1.1274465680e+21   1.7235655708e+19   2.7112745078e+62   6.3078081028e-30   4.3728695820e-14  -1.0716949648e+06   7.3245520080e-02 
  1.1386969837e+21   1.1250415710e+19   1.8150844893e+62   6.3482849969e-30   4.3659074740e-14  -1.0055717537e+06   7.3145684185e-02 
  1.1438101291e+21   5.1131453916e+18   8.3687967481e+61   6.3732180569e-30   4.3619252148e-14  -9.6486337330e+05   7.3008102474e-02 
  1.1498460170e+21   6.0358878510e+18   9.9758212624e+61   6.3919305189e-30   4.3590888245e-14  -9.3291733188e+05   7.2236368708e-02 
  1.1540090728e+21   4.1630558505e+18   6.9418128427e+61   6.4087798813e-30   4.3564650179e-14  -9.0246132388e+05   7.1105912416e-02 
  1.1586585905e+21   4.6495176441e+18   7.8124061610e+61   6.4221480202e-30   4.3543099698e-14  -8.7667525269e+05   6.9555101778e-02 
  1.1620862751e+21   3.4276846254e+18   5.7997041679e+61   6.4336269460e-30   4.3523964408e-14  -8.5448703444e+05   6.8815669929e-02 
  1.1695295158e+21   7.4432406593e+18   1.2712395178e+62   6.4484178270e-30   4.3499963926e-14  -8.2650219345e+05   6.8624165849e-02 
  1.1749373231e+21   5.4078073073e+18   9.3381326687e+61   6.4658008164e-30   4.3473501808e-14  -7.9383890590e+05   6.8496118629e-02 
  1.1837414556e+21   8.8041325317e+18   1.5387783258e+62   6.4851143937e-30   4.3446295600e-14  -7.6037012420e+05   6.8462870608e-02 
  1.1885162078e+21   4.7747522371e+18   8.4416048019e+61   6.5040232993e-30   4.3421897398e-14  -7.2810437374e+05   6.8450205676e-02 
  1.1921358374e+21   3.6196295717e+18   6.4447515945e+61   6.5162053038e-30   4.3407672660e-14  -7.0799093960e+05   6.8445960798e-02 
  1.1961199723e+21   3.9841348439e+18   7.1391415039e+61   6.5283034243e-30   4.3394884110e-14  -6.8965111150e+05   6.8445157138e-02 
  1.1988919453e+21   2.7719730279e+18   4.9952177471e+61   6.5401634900e-30   4.3383571837e-14  -6.7328276941e+05   6.8445103921e-02 
  1.2052497477e+21   6.3578023974e+18   1.1544577169e+62   6.5589459233e-30   4.3368528086e-14  -6.5086553084e+05   6.8445103670e-02 
  1.2100156048e+21   4.7658571153e+18   8.7341602672e+61   6.5837085224e-30   4.3350486171e-14  -6.2333916209e+05   6.8445156242e-02 
  1.2144338604e+21   4.4182556231e+18   8.1588221205e+61   6.6070367197e-30   4.3336346700e-14  -6.0063079721e+05   6.8445843129e-02 
  1.2188507725e+21   4.4169120380e+18   8.2158958822e+61   6.6331160215e-30   4.3323368888e-14  -5.7878477801e+05   6.8448196050e-02 
  1.2365539390e+21   1.7703166553e+19   3.3531618993e+62   6.7103864124e-30   4.3293161794e-14  -5.2122494911e+05   6.8454844964e-02 
  1.2505335799e+21   1.3979640881e+19   2.7166431692e+62   6.8306692050e-30   4.3251183994e-14  -4.3419385365e+05   6.8473008804e-02 
  1.2605751956e+21   1.0041615706e+19   1.9892384083e+62   6.9355193480e-30   4.3220950584e-14  -3.6777659574e+05   6.8512172598e-02 
  1.2772741448e+21   1.6698949197e+19   3.3789125899e+62   7.0871005310e-30   4.3194497978e-14  -2.9437025932e+05   6.8607792531e-02 
  1.2874209141e+21   1.0146769325e+19   2.0967729060e+62   7.2729515028e-30   4.3169111765e-14  -2.1870366162e+05   6.8807475091e-02 
  1.2954283514e+21   8.0074372384e+18   1.6781969623e+62   7.4538048819e-30   4.3154285226e-14  -1.7448433724e+05   6.9604201851e-02 
  1.3034724649e+21   8.0441135623e+18   1.7069030866e+62   7.7092608032e-30   4.3147706680e-14  -1.3200033292e+05   7.3775487317e-02 
  1.3079787791e+21   4.5063141921e+18   9.6546295895e+61   8.0071499425e-30   4.3129193951e-14  -8.0703195681e+04   7.8843151471e-02 
  1.3111941078e+21   3.2153286378e+18   6.9295302063e+61   8.3074163804e-30   4.3113565115e-14  -6.4688488778e+04   8.5558736966e-02 
  1.3195891930e+21   8.3950852902e+18   1.8253519432e+62   9.2255374968e-30   4.3128658993e-14  -4.4266679940e+04   9.0153718146e-02 
  1.3254786273e+21   5.8894342841e+18   1.2944873014e+62   1.0706443278e-29   4.3123235471e-14  -6.8759922690e+03   9.4542251433e-02 
  1.3303176849e+21   4.8390576179e+18   1.0722614033e+62   1.2479313753e-29   4.3098488203e-14   2.9609058491e+04   9.6713097438e-02 
  1.3361374421e+21   5.8197571668e+18   1.2999420281e+62   1.5765756527e-29   4.3114750759e-14   2.2017461345e+04   9.7184441154e-02 
  1.3387132592e+21   2.5758170484e+18   5.7898073518e+61   2.0092214748e-29   4.3150225037e-14   3.9108275228e+04   9.7266965212e-02 
  1.3431154637e+21   4.4022045867e+18   9.9467810985e+61   2.9276281262e-29   4.3057710885e-14   8.8598036200e+04   9.6742821429e-02 
  1.3454901058e+21   2.3746420373e+18   5.3926511309e+61   4.6364565619e-29   4.3110951985e-14   2.4488500555e+04   9.0175425907e-02 
  1.3460658970e+21   5.7579121043e+17   1.3104539113e+61   6.7810783394e-29   4.3423641087e-14  -1.9777957318e+04   7.2558412917e-02 
  1.3487227232e+21   2.6568261827e+18   6.0612551390e+61   2.3009270317e-28   4.3179615353e-14   4.2823466159e+04   4.4831099964e-02 
  1.3537403075e+21   5.0175842982e+18   1.1512365584e+62   2.8683565868e-27   4.3085028958e-14   4.0711822050e+04   2.1895158118e-02 
  1.3549971593e+21   1.2568518026e+18   2.8971288169e+61   3.0064970036e-26   4.3943135843e-14   2.4636073758e+04   2.0168486064e-02 
  1.3622322873e+21   7.2351280533e+18   1.6782232979e+62   1.1961820310e-25   4.6030655821e-14   7.4723162993e+04   2.0047893033e-02 
  1.3659027480e+21   3.6704606948e+18   8.5822752362e+61   1.8546088289e-24   4.6967527036e-14   8.1742524820e+04   2.0035678818e-02 
  1.3695138774e+21   3.6111294050e+18   8.4886795861e+61   1.9519515812e-24   4.8267195652e-14   8.3955071144e+04   2.0032678289e-02 
  1.3796650003e+21   1.0151122820e+19   2.4103045791e+62   2.2071759703e-24   5.1537486607e-14   9.4232188584e+04   2.0029208286e-02 
  1.3935907403e+21   1.3925740034e+19   3.3647410584e+62   2.5758893527e-24   5.6292683351e-14   1.0783055603e+05   2.0022672441e-02 
  1.4027200031e+21   9.1292627640e+18   2.2426318491e+62   2.9115882724e-24   6.0663638906e-14   1.1832327058e+05   2.0014355190e-02 
  1.4083649317e+21   5.6449286096e+18   1.4013830027e+62   3.1602712232e-24   6.3804804735e-14   1.2403148194e+05   2.0004665488e-02 
  1.4128678858e+21   4.5029541567e+18   1.1259668932e+62   3.3349317876e-24   6.5952849727e-14   1.2850203608e+05   2.0001162448e-02 
  1.4174704643e+21   4.6025784857e+18   1.1583189741e+62   3.5295603986e-24   6.8294572054e-14   1.3246918948e+05   2.0000453328e-02 
  1.4222860280e+21   4.8155636854e+18   1.2199994136e+62   3.7319926074e-24   7.0787593646e-14   1.3725121056e+05   2.0000175313e-02 
  1.4270279712e+21   4.7419431746e+18   1.2094481168e+62   3.9832933838e-24   7.3862456359e-14   1.4226173194e+05   2.0000059714e-02 
  1.4315229662e+21   4.4949950831e+18   1.1539083673e+62   4.2520388652e-24   7.7084703399e-14   1.4770541052e+05   2.0000019148e-02 
  1.4356855817e+21   4.1626154319e+18   1.0750657676e+62   4.5428646337e-24   8.0503764903e-14   1.5306209433e+05   2.0000005974e-02 
  1.4394972832e+21   3.8117014935e+18   9.8991966677e+61   4.8341623979e-24   8.3863482723e-14   1.5811813218e+05   2.0000001753e-02 
  1.4431033841e+21   3.6061009569e+18   9.4136261319e+61   5.0996812680e-24   8.6870407100e-14   1.6235944640e+05   2.0000000500e-02 
  1.4464768723e+21   3.3734881387e+18   8.8490934202e+61   5.3432607077e-24   8.9686089449e-14   1.6599077789e+05   2.0000000134e-02 
  1.4497066348e+21   3.2297625096e+18   8.5108472068e+61   5.5743219025e-24   9.2335699868e-14   1.6918428912e+05   2.0000000034e-02 
  1.4526800012e+21   2.9733664182e+18   7.8688087156e+61   5.7929728127e-24   9.4815125481e-14   1.7200051802e+05   2.0000000008e-02 
  1.4553836945e+21   2.7036932629e+18   7.1831551358e+61   5.9948342512e-24   9.7080585812e-14   1.7445012792e+05   2.0000000002e-02 
  1.4579783167e+21   2.5946222800e+18   6.9185173828e+61   6.1845721701e-24   9.9190384873e-14   1.7664974183e+05   2.0000000000e-02 
  1.4604980940e+21   2.5197772508e+18   6.7425551289e+61   6.3694316665e-24   1.0122842245e-13   1.7872019499e+05   2.0000000000e-02 
  1.4628235404e+21   2.3254464130e+18   6.2432324030e+61   6.5475607717e-24   1.0317646211e-13   1.8065354485e+05   2.0000000000e-02 
  1.4650499748e+21   2.2264343621e+18   5.9960393579e+61   6.7196586128e-24   1.0504509241e-13   1.8246388723e+05   2.0000000000e-02 
  1.4672045818e+21   2.1546070598e+18   5.8199783492e+61   6.8922334130e-24   1.0690635581e-13   1.8423485964e+05   2.0000000000e-02 
  1.4692435383e+21   2.0389564668e+18   5.5233499533e+61   7.0700364394e-24   1.0877505690e-13   1.8598506907e+05   2.0000000000e-02 
  1.4715005229e+21   2.2569846135e+18   6.1318710547e+61   7.2556651872e-24   1.1069228424e-13   1.8775715481e+05   2.0000000000e-02 
  1.4738756020e+21   2.3750790657e+18   6.4730589597e+61   7.4401175889e-24   1.1258618219e-13   1.8941764713e+05   2.0000000000e-02 
  1.4761083729e+21   2.2327708807e+18   6.1042656976e+61   7.6114547092e-24   1.1433609516e-13   1.9087556433e+05   2.0000000000e-02 
  1.4782956423e+21   2.1872694951e+18   5.9978005247e+61   7.7718771343e-24   1.1602509157e-13   1.9221446735e+05   2.0000000000e-02 
  1.4804885629e+21   2.1929205080e+18   6.0311402051e+61   7.9335829759e-24   1.1772294018e-13   1.9354521225e+05   2.0000000000e-02 
  1.4826819551e+21   2.1933922241e+18   6.0503366416e+61   8.1008761509e-24   1.1946893451e-13   1.9488127814e+05   2.0000000000e-02 
  1.4848348504e+21   2.1528953193e+18   5.9560623665e+61   8.2703966031e-24   1.2122768572e-13   1.9623089633e+05   2.0000000000e-02 
  1.4867991221e+21   1.9642717407e+18   5.4493177697e+61   8.4392269118e-24   1.2296870519e-13   1.9750363956e+05   2.0000000000e-02 
  1.4887011565e+21   1.9020343391e+18   5.2903971502e+61   8.6009263754e-24   1.2462679398e-13   1.9874541397e+05   2.0000000000e-02 
  1.4905412038e+21   1.8400473592e+18   5.1308651150e+61   8.7657905293e-24   1.2630816604e-13   1.9996108832e+05   2.0000000000e-02 
  1.4921748624e+21   1.6336585242e+18   4.5659907395e+61   8.9226111290e-24   1.2789907364e-13   2.0113829845e+05   2.0000000000e-02 
  1.4937495902e+21   1.5747278274e+18   4.4107561237e+61   9.0748915175e-24   1.2943638175e-13   2.0224653965e+05   2.0000000000e-02 
  1.4953093995e+21   1.5598092745e+18   4.3781474350e+61   9.2298913804e-24   1.3099350032e-13   2.0336420650e+05   2.0000000000e-02 
  1.4968540991e+21   1.5446996354e+18   4.3447480468e+61   9.3900887348e-24   1.3259495549e-13   2.0450855576e+05   2.0000000000e-02 
  1.4983495289e+21   1.4954298104e+18   4.2147192303e+61   9.5525490023e-24   1.3421120224e-13   2.0567151640e+05   2.0000000000e-02 
  1.4996313399e+21   1.2818110240e+18   3.6193586114e+61   9.7081392147e-24   1.3575180908e-13   2.0675172251e+05   2.0000000000e-02 
  1.5008612967e+21   1.2299568053e+18   3.4787633616e+61   9.8530994724e-24   1.3718079973e-13   2.0775968545e+05   2.0000000000e-02 
  1.5020805609e+21   1.2192641140e+18   3.4541527197e+61   9.9992742680e-24   1.3861546788e-13   2.0876159730e+05   2.0000000000e-02 
  1.5032939360e+21   1.2133751306e+18   3.4430408794e+61   1.0149409833e-23   1.4008270672e-13   2.0977025452e+05   2.0000000000e-02 
  1.5045016639e+21   1.2077279624e+18   3.4325403963e+61   1.0302481398e-23   1.4157240520e-13   2.1079181801e+05   2.0000000000e-02 
  1.5057037078e+21   1.2020439049e+18   3.4218619081e+61   1.0459457321e-23   1.4309370166e-13   2.1181684029e+05   2.0000000000e-02 
  1.5068998300e+21   1.1961221563e+18   3.4104319962e+61   1.0619567107e-23   1.4463874690e-13   2.1284939673e+05   2.0000000000e-02 
  1.5080899254e+21   1.1900954052e+18   3.3986258418e+61   1.0783532940e-23   1.4621416634e-13   2.1388912863e+05   2.0000000000e-02 
  1.5092708051e+21   1.1808796996e+18   3.3776140261e+61   1.0952165726e-23   1.4782690027e-13   2.1493555393e+05   2.0000000000e-02 
  1.5104145585e+21   1.1437533550e+18   3.2764659754e+61   1.1117791354e-23   1.4940521746e-13   2.1594704408e+05   2.0000000000e-02 
  1.5113384348e+21   9.2387637001e+17   2.6502184160e+61   1.1260601475e-23   1.5076122429e-13   2.1678690297e+05   2.0000000000e-02 
  1.5122190020e+21   8.8056718812e+17   2.5290000025e+61   1.1380932877e-23   1.5189977895e-13   2.1746755473e+05   2.0000000000e-02 
  1.5130949689e+21   8.7596688287e+17   2.5187118076e+61   1.1494296825e-23   1.5296901001e-13   2.1808742997e+05   2.0000000000e-02 
  1.5139670141e+21   8.7204524256e+17   2.5103341227e+61   1.1605800332e-23   1.5404813740e-13   2.1868663141e+05   2.0000000000e-02 
  1.5148095033e+21   8.4248918904e+17   2.4279999839e+61   1.1716760195e-23   1.5512232998e-13   2.1928168785e+05   2.0000000000e-02 
  1.5154583135e+21   6.4881014436e+17   1.8716711136e+61   1.1815155467e-23   1.5607282997e-13   2.1980334207e+05   2.0000000000e-02 
  1.5162591508e+21   8.0083728203e+17   2.3124460899e+61   1.1912528118e-23   1.5701155863e-13   2.2031791636e+05   2.0000000000e-02 
  1.5169004673e+21   6.4131651268e+17   1.8535863911e+61   1.2011103895e-23   1.5796000036e-13   2.2083374846e+05   2.0000000000e-02 
  1.5177007329e+21   8.0026558794e+17   2.3151933990e+61   1.2111259869e-23   1.5892172777e-13   2.2135610023e+05   2.0000000000e-02 
  1.5183379869e+21   6.3725403889e+17   1.8453429404e+61   1.2212779287e-23   1.5989459507e-13   2.2188007440e+05   2.0000000000e-02 
  1.5191317860e+21   7.9379909504e+17   2.3008293654e+61   1.2315367524e-23   1.6087565437e-13   2.2240737645e+05   2.0000000000e-02 
  1.5197642393e+21   6.3245325159e+17   1.8348898187e+61   1.2419003975e-23   1.6186474045e-13   2.2293577396e+05   2.0000000000e-02 
  1.5205568833e+21   7.9264407929e+17   2.3017969806e+61   1.2523964308e-23   1.6286445876e-13   2.2346775555e+05   2.0000000000e-02 
  1.5211574546e+21   6.0057130252e+17   1.7456264123e+61   1.2627758575e-23   1.6385107994e-13   2.2398982136e+05   2.0000000000e-02 
  1.5217172673e+21   5.5981265411e+17   1.6283986495e+61   1.2715064683e-23   1.6467946335e-13   2.2442668354e+05   2.0000000000e-02 
  1.5222880201e+21   5.7075281386e+17   1.6614556157e+61   1.2800995977e-23   1.6549346350e-13   2.2485347843e+05   2.0000000000e-02 
  1.5228477783e+21   5.5975816354e+17   1.6306608457e+61   1.2887666779e-23   1.6631313517e-13   2.2528154969e+05   2.0000000000e-02 
  1.5233901117e+21   5.4233338669e+17   1.5810436113e+61   1.2972991774e-23   1.6711878734e-13   2.2569931573e+05   2.0000000000e-02 
  1.5237005041e+21   3.1039245250e+17   9.0538181226e+60   1.3039521711e-23   1.6774608388e-13   2.2602256066e+05   2.0000000000e-02 
  1.5239795455e+21   2.7904140694e+17   8.1424906988e+60   1.3085809903e-23   1.6818207342e-13   2.2624625509e+05   2.0000000000e-02 
  1.5242544085e+21   2.7486295704e+17   8.0234782740e+60   1.3129556531e-23   1.6859378322e-13   2.2645658688e+05   2.0000000000e-02 
  1.5245329327e+21   2.7852422114e+17   8.1333059125e+60   1.3173510223e-23   1.6900711570e-13   2.2666671785e+05   2.0000000000e-02 
  1.5248125317e+21   2.7959904609e+17   8.1676819360e+60   1.3218091061e-23   1.6942600175e-13   2.2687856764e+05   2.0000000000e-02 
  1.5250920884e+21   2.7955663535e+17   8.1694382492e+60   1.3263008477e-23   1.6984770329e-13   2.2709076605e+05   2.0000000000e-02 
  1.5253710973e+21   2.7900897716e+17   8.1564208684e+60   1.3308132493e-23   1.7027099652e-13   2.2730271202e+05   2.0000000000e-02 
  1.5256497437e+21   2.7864630787e+17   8.1487973071e+60   1.3353436770e-23   1.7069562988e-13   2.2751429413e+05   2.0000000000e-02 
  1.5259280421e+21   2.7829841374e+17   8.1415949910e+60   1.3398938202e-23   1.7112176334e-13   2.2772560111e+05   2.0000000000e-02 
  1.5262060568e+21   2.7801473363e+17   8.1362616809e+60   1.3444643150e-23   1.7154944563e-13   2.2793668852e+05   2.0000000000e-02 
  1.5264837915e+21   2.7773465677e+17   8.1310253450e+60   1.3490555390e-23   1.7197871365e-13   2.2814760583e+05   2.0000000000e-02 
  1.5267612316e+21   2.7744017366e+17   8.1253586046e+60   1.3536671236e-23   1.7240952850e-13   2.2835837818e+05   2.0000000000e-02 
  1.5270383677e+21   2.7713611669e+17   8.1194024557e+60   1.3582985870e-23   1.7284184222e-13   2.2856902258e+05   2.0000000000e-02 
  1.5273151987e+21   2.7683094441e+17   8.1134044469e+60   1.3629495651e-23   1.7327561758e-13   2.2877956166e+05   2.0000000000e-02 
  1.5275917284e+21   2.7652967340e+17   8.1075116448e+60   1.3676196962e-23   1.7371081774e-13   2.2899002983e+05   2.0000000000e-02 
  1.5278679581e+21   2.7622975736e+17   8.1016495269e+60   1.3723086852e-23   1.7414741238e-13   2.2920046092e+05   2.0000000000e-02 
  1.5281438857e+21   2.7592761789e+17   8.0957131488e+60   1.3770161031e-23   1.7458535903e-13   2.2941088912e+05   2.0000000000e-02 
  1.5284195129e+21   2.7562718821e+17   8.0898178865e+60   1.3817416429e-23   1.7502462703e-13   2.2962133990e+05   2.0000000000e-02 
  1.5286948399e+21   2.7532701862e+17   8.0839212463e+60   1.3864850647e-23   1.7546519212e-13   2.2983183375e+05   2.0000000000e-02 
  1.5289698611e+21   2.7502112785e+17   8.0778475347e+60   1.3912462227e-23   1.7590703888e-13   2.3004237723e+05   2.0000000000e-02 
  1.5292445815e+21   2.7472037671e+17   8.0719156899e+60   1.3960250786e-23   1.7635016151e-13   2.3025297387e+05   2.0000000000e-02 
  1.5295189956e+21   2.7441411626e+17   8.0658128770e+60   1.4008216007e-23   1.7679455469e-13   2.3046362587e+05   2.0000000000e-02 
  1.5297931054e+21   2.7410983456e+17   8.0597590847e+60   1.4056357041e-23   1.7724020805e-13   2.3067433473e+05   2.0000000000e-02 
  1.5300669128e+21   2.7380738464e+17   8.0537500802e+60   1.4104672994e-23   1.7768711100e-13   2.3088510658e+05   2.0000000000e-02 
  1.5303404159e+21   2.7350307476e+17   8.0476773003e+60   1.4153163039e-23   1.7813525391e-13   2.3109594174e+05   2.0000000000e-02 
  1.5306136156e+21   2.7319976798e+17   8.0416249636e+60   1.4201827038e-23   1.7858463335e-13   2.3130683524e+05   2.0000000000e-02 
  1.5308865110e+21   2.7289533032e+17   8.0355302725e+60   1.4250664900e-23   1.7903524624e-13   2.3151778180e+05   2.0000000000e-02 
  1.5311591017e+21   2.7259078081e+17   8.0294232079e+60   1.4299676600e-23   1.7948709001e-13   2.3172877486e+05   2.0000000000e-02 
  1.5314313872e+21   2.7228545137e+17   8.0232840833e+60   1.4348861834e-23   1.7994015978e-13   2.3193980841e+05   2.0000000000e-02 
  1.5317033695e+21   2.7198226133e+17   8.0171989415e+60   1.4398221427e-23   1.8039446115e-13   2.3215087138e+05   2.0000000000e-02 
  1.5319750439e+21   2.7167442021e+17   8.0109676104e+60   1.4447756140e-23   1.8084999874e-13   2.3236194986e+05   2.0000000000e-02 
  1.5322464130e+21   2.7136914406e+17   8.0048027983e+60   1.4497466149e-23   1.8130677165e-13   2.3257303398e+05   2.0000000000e-02 
  1.5325174758e+21   2.7106281780e+17   7.9985979260e+60   1.4547351668e-23   1.8176477938e-13   2.3278411763e+05   2.0000000000e-02 
  1.5327882318e+21   2.7075599721e+17   7.9923693663e+60   1.4597412470e-23   1.8222401730e-13   2.3299519564e+05   2.0000000000e-02 
  1.5330586842e+21   2.7045232710e+17   7.9862247529e+60   1.4647647954e-23   1.8268447727e-13   2.3320626995e+05   2.0000000000e-02 
  1.5333288289e+21   2.7014474075e+17   7.9799554398e+60   1.4698056347e-23   1.8314614101e-13   2.3341734469e+05   2.0000000000e-02 
  1.5335986673e+21   2.6983837129e+17   7.9737129822e+60   1.4748637537e-23   1.8360900606e-13   2.3362841181e+05   2.0000000000e-02 
  1.5338681989e+21   2.6953164874e+17   7.9674510204e+60   1.4799393324e-23   1.8407308651e-13   2.3383945784e+05   2.0000000000e-02 
  1.5341374244e+21   2.6922549809e+17   7.9611969055e+60   1.4850323229e-23   1.8453837531e-13   2.3405048120e+05   2.0000000000e-02 
  1.5344063425e+21   2.6891804255e+17   7.9548951405e+60   1.4901426849e-23   1.8500486720e-13   2.3426147682e+05   2.0000000000e-02 
  1.5346749565e+21   2.6861403230e+17   7.9486862690e+60   1.4952707072e-23   1.8547258618e-13   2.3447242813e+05   2.0000000000e-02 
  1.5349432630e+21   2.6830654010e+17   7.9423653461e+60   1.5004163166e-23   1.8594152231e-13   2.3468333759e+05   2.0000000000e-02 
  1.5352112623e+21   2.6799928660e+17   7.9360424310e+60   1.5055793333e-23   1.8641165728e-13   2.3489420985e+05   2.0000000000e-02 
  1.5354789550e+21   2.6769264515e+17   7.9297286028e+60   1.5107599095e-23   1.8688300222e-13   2.3510504370e+05   2.0000000000e-02 
  1.5357463303e+21   2.6737530440e+17   7.9230886481e+60   1.5159577388e-23   1.8735552713e-13   2.3531585293e+05   2.0000000000e-02 
  1.5360133889e+21   2.6705862476e+17   7.9164589511e+60   1.5211732114e-23   1.8782926457e-13   2.3552663485e+05   2.0000000000e-02 
  1.5362801313e+21   2.6674235522e+17   7.9098321018e+60   1.5264064501e-23   1.8830422176e-13   2.3573742590e+05   2.0000000000e-02 
  1.5365465605e+21   2.6642927206e+17   7.9032904946e+60   1.5316581960e-23   1.8878038512e-13   2.3594821131e+05   2.0000000000e-02 
  1.5368126754e+21   2.6611488840e+17   7.8967011022e+60   1.5369277723e-23   1.8925776685e-13   2.3615895547e+05   2.0000000000e-02 
  1.5370784734e+21   2.6579797686e+17   7.8900274388e+60   1.5422142211e-23   1.8973627777e-13   2.3636969184e+05   2.0000000000e-02 
  1.5373439695e+21   2.6549609282e+17   7.8837907981e+60   1.5475182145e-23   1.9021599400e-13   2.3658034677e+05   2.0000000000e-02 
  1.5376091862e+21   2.6521673883e+17   7.8782147047e+60   1.5528445992e-23   1.9069732595e-13   2.3679070819e+05   2.0000000000e-02 
  1.5378741257e+21   2.6493950768e+17   7.8726935827e+60   1.5581859914e-23   1.9117955085e-13   2.3700134262e+05   2.0000000000e-02 
  1.5381387747e+21   2.6464898299e+17   7.8667691897e+60   1.5635334960e-23   1.9166203902e-13   2.3721259528e+05   2.0000000000e-02 
  1.5384031155e+21   2.6434077954e+17   7.8603105688e+60   1.5689206822e-23   1.9214774497e-13   2.3742246508e+05   2.0000000000e-02 
  1.5386671319e+21   2.6401641443e+17   7.8533621404e+60   1.5743373962e-23   1.9263554910e-13   2.3763140168e+05   2.0000000000e-02 
  1.5389308235e+21   2.6369163236e+17   7.8463918308e+60   1.5797342372e-23   1.9312086434e-13   2.3784347749e+05   2.0000000000e-02 
  1.5391941924e+21   2.6336886391e+17   7.8394719938e+60   1.5851144125e-23   1.9360500307e-13   2.3805693830e+05   2.0000000000e-02 
  1.5394572267e+21   2.6303433331e+17   7.8321924579e+60   1.5906119987e-23   1.9409935632e-13   2.3826445860e+05   2.0000000000e-02 
  1.5397199210e+21   2.6269426775e+17   7.8247382716e+60   1.5961861156e-23   1.9459952849e-13   2.3846821823e+05   2.0000000000e-02 
  1.5399822902e+21   2.6236922270e+17   7.8177218080e+60   1.6016433319e-23   1.9508741376e-13   2.3868476248e+05   2.0000000000e-02 
  1.5402443461e+21   2.6205583768e+17   7.8110435042e+60   1.6069176637e-23   1.9556095644e-13   2.3890935076e+05   2.0000000000e-02 
  1.5405060548e+21   2.6170869064e+17   7.8033492656e+60   1.6125997156e-23   1.9607220551e-13   2.3911426817e+05   2.0000000000e-02 
  1.5407673707e+21   2.6131595547e+17   7.7942849353e+60   1.6186268277e-23   1.9661128561e-13   2.3929451921e+05   2.0000000000e-02 
  1.5410283370e+21   2.6096629306e+17   7.7864945189e+60   1.6243220840e-23   1.9711404130e-13   2.3952053465e+05   2.0000000000e-02 
  1.5412890305e+21   2.6069352850e+17   7.7809895266e+60   1.6289075160e-23   1.9752311629e-13   2.3979439441e+05   2.0000000000e-02 
  1.5415493480e+21   2.6031743085e+17   7.7723909424e+60   1.6348155272e-23   1.9806307748e-13   2.4001347008e+05   2.0000000000e-02 
  1.5418090323e+21   2.5968434093e+17   7.7561044294e+60   1.6422947578e-23   1.9873272848e-13   2.4008781980e+05   2.0000000000e-02 
  1.5420680354e+21   2.5900308036e+17   7.7383597870e+60   1.6497664212e-23   1.9936763527e-13   2.4034214100e+05   2.0000000000e-02 
  1.5423290014e+21   2.6096604598e+17   7.7996377682e+60   1.6513145979e-23   1.9950340529e-13   2.4077447407e+05   2.0000000000e-02 
  1.5426304185e+21   3.0141703987e+17   9.0119046027e+60   1.5953132655e-23   1.9482940132e-13   2.4019435529e+05   2.0000000000e-02 
  1.5432354039e+21   6.0498542181e+17   1.8098761822e+61   1.1947016950e-23   1.5924142626e-13   2.0560417964e+05   2.0000000000e-02 
  1.5444898807e+21   1.2544768062e+18   3.7574208503e+61   3.9856054750e-24   7.6598988503e-14   8.7954599048e+04   2.0000000000e-02 
  1.5462551066e+21   1.7652259307e+18   5.2975683108e+61   2.4198436395e-24   5.4969661743e-14   1.4340754599e+04   2.0000000000e-02 
  1.5481651009e+21   1.9099943168e+18   5.7456686899e+61   2.2463006318e-24   5.2217381191e-14   1.6018829878e+03   2.0000000000e-02 
  1.5500952020e+21   1.9301010434e+18   5.8205735242e+61   2.2268820468e-24   5.1907970496e-14   1.6891679131e+02   2.0000000000e-02 
  1.5520274860e+21   1.9322839975e+18   5.8416942977e+61   2.2248274179e-24   5.1875219605e-14   1.7678197835e+01   2.0000000000e-02 
  1.5539599992e+21   1.9325131874e+18   5.8569537955e+61   2.2246123239e-24   5.1871789885e-14   1.8454826934e+00   2.0000000000e-02 
  1.5558925363e+21   1.9325371218e+18   5.8716122166e+61   2.2245898711e-24   5.1871431751e-14   1.9230847677e-01   2.0000000000e-02 
  1.5578250759e+21   1.9325396166e+18   5.8862239366e+61   2.2245875312e-24   5.1871394418e-14   1.9991829211e-02   2.0000000000e-02 
  1.5597576158e+21   1.9325398754e+18   5.9008470165e+61   2.2245872884e-24   5.1871390539e-14   2.0828847031e-03   2.0000000000e-02 
  1.5616901557e+21   1.9325399039e+18   5.9154875363e+61   2.2245872616e-24   5.1871390120e-14   1.9431218810e-04   2.0000000000e-02 
  1.5636226956e+21   1.9325399057e+18   5.9301461142e+61   2.2245872599e-24   5.1871390087e-14   1.2594382011e-05   2.0000000000e-02 
  1.5655552355e+21   1.9325399057e+18   5.9448228260e+61   2.2245872600e-24   5.1871390088e-14   2.2334651000e-06   2.0000000000e-02 
  1.5674877754e+21   1.9325399057e+18   5.9595176773e+61   2.2245872600e-24   5.1871390089e-14   2.1670467049e-06   2.0000000000e-02 
  1.5694203153e+21   1.9325399057e+18   5.9742306681e+61   2.2245872600e-24   5.1871390089e-14   2.2822994354e-06   2.0000000000e-02 
  1.5713528552e+21   1.9325399057e+18   5.9889617984e+61   2.2245872600e-24   5.1871390089e-14   2.4856720257e-06   2.0000000000e-02 
  1.5732853951e+21   1.9325399057e+18   6.0037110682e+61   2.2245872600e-24   5.1871390089e-14   2.8406455208e-06   2.0000000000e-02 
  1.5752179350e+21   1.9325399057e+18   6.0184784775e+61   2.2245872600e-24   5.1871390089e-14   3.6059823772e-06   2.0000000000e-02 
  1.5771504749e+21   1.9325399057e+18   6.0332640263e+61   2.2245872600e-24   5.1871390089e-14   4.5831707192e-06   2.0000000000e-02 
  1.5790830148e+21   1.9325399057e+18   6.0480677146e+61   2.2245872600e-24   5.1871390089e-14   5.1805811454e-06   2.0000000000e-02 
  1.5810155547e+21   1.9325399057e+18   6.0628895424e+61   2.2245872600e-24   5.1871390089e-14   5.4063738454e-06   2.0000000000e-02 
  1.5829480947e+21   1.9325399057e+18   6.0777295096e+61   2.2245872600e-24   5.1871390089e-14   5.4215880670e-06   2.0000000000e-02 
  1.5848806346e+21   1.9325399057e+18   6.0925876164e+61   2.2245872600e-24   5.1871390089e-14   5.3271696117e-06   2.0000000000e-02 
  1.5868131745e+21   1.9325399057e+18   6.1074638627e+61   2.2245872600e-24   5.1871390089e-14   5.1969209695e-06   2.0000000000e-02 
  1.5887457144e+21   1.9325399057e+18   6.1223582485e+61   2.2245872600e-24   5.1871390089e-14   5.0597931563e-06   2.0000000000e-02 
  1.5906782543e+21   1.9325399057e+18   6.1372707738e+61   2.2245872600e-24   5.1871390089e-14   5.0290063889e-06   2.0000000000e-02 
  1.5926107942e+21   1.9325399057e+18   6.1522014386e+61   2.2245872600e-24   5.1871390090e-14   5.1263015341e-06   2.0000000000e-02 
  1.5945433341e+21   1.9325399057e+18   6.1671502428e+61   2.2245872600e-24   5.1871390090e-14   5.2574864098e-06   2.0000000000e-02 
  1.5964758740e+21   1.9325399057e+18   6.1821171866e+61   2.2245872600e-24   5.1871390090e-14   5.4113376020e-06   2.0000000000e-02 
  1.5984084139e+21   1.9325399057e+18   6.1971022699e+61   2.2245872600e-24   5.1871390090e-14   5.4985320334e-06   2.0000000000e-02 
  1.6003409538e+21   1.9325399057e+18   6.2121054927e+61   2.2245872600e-24   5.1871390090e-14   5.4600219787e-06   2.0000000000e-02 
  1.6022734937e+21   1.9325399057e+18   6.2271268549e+61   2.2245872600e-24   5.1871390090e-14   5.2770087521e-06   2.0000000000e-02 
  1.6042060336e+21   1.9325399057e+18   6.2421663567e+61   2.2245872600e-24   5.1871390090e-14   4.9957357037e-06   2.0000000000e-02 
  1.6061385735e+21   1.9325399057e+18   6.2572239980e+61   2.2245872600e-24   5.1871390089e-14   4.2748717343e-06   2.0000000000e-02 
  1.6080711134e+21   1.9325399057e+18   6.2722997787e+61   2.2245872600e-24   5.1871390089e-14   3.6632398138e-06   2.0000000000e-02 
  1.6100036533e+21   1.9325399057e+18   6.2873936990e+61   2.2245872600e-24   5.1871390089e-14   3.4861098621e-06   2.0000000000e-02 
  1.6119361932e+21   1.9325399057e+18   6.3025057587e+61   2.2245872600e-24   5.1871390089e-14   3.4700091274e-06   2.0000000000e-02 
  1.6138687331e+21   1.9325399057e+18   6.3176359580e+61   2.2245872600e-24   5.1871390089e-14   3.4805493733e-06   2.0000000000e-02 
  1.6158012731e+21   1.9325399057e+18   6.3327842968e+61   2.2245872600e-24   5.1871390089e-14   3.2915818094e-06   2.0000000000e-02 
  1.6177338130e+21   1.9325399057e+18   6.3479507750e+61   2.2245872600e-24   5.1871390089e-14   2.9111940461e-06   2.0000000000e-02 
  1.6196663529e+21   1.9325399057e+18   6.3631353928e+61   2.2245872600e-24   5.1871390089e-14   2.6812185099e-06   2.0000000000e-02 
  1.6215988928e+21   1.9325399057e+18   6.3783381500e+61   2.2245872600e-24   5.1871390089e-14   2.5039912818e-06   2.0000000000e-02 
  1.6235314327e+21   1.9325399057e+18   6.3935590468e+61   2.2245872600e-24   5.1871390089e-14   2.3216534510e-06   2.0000000000e-02 
  1.6254639726e+21   1.9325399057e+18   6.4087980830e+61   2.2245872600e-24   5.1871390089e-14   2.1850365412e-06   2.0000000000e-02 
  1.6273965125e+21   1.9325399057e+18   6.4240552588e+61   2.2245872600e-24   5.1871390089e-14   2.0871598994e-06   2.0000000000e-02 
  1.6293290524e+21   1.9325399057e+18   6.4393305740e+61   2.2245872600e-24   5.1871390089e-14   1.9940581088e-06   2.0000000000e-02 
  1.6312615923e+21   1.9325399057e+18   6.4546240288e+61   2.2245872600e-24   5.1871390089e-14   1.9027295291e-06   2.0000000000e-02 
  1.6331941322e+21   1.9325399057e+18   6.4699356230e+61   2.2245872600e-24   5.1871390089e-14   1.8232439385e-06   2.0000000000e-02 
  1.6351266721e+21   1.9325399057e+18   6.4852653568e+61   2.2245872600e-24   5.1871390089e-14   1.7616216451e-06   2.0000000000e-02 
  1.6370592120e+21   1.9325399057e+18   6.5006132300e+61   2.2245872600e-24   5.1871390089e-14   1.7149229007e-06   2.0000000000e-02 
  1.6389917519e+21   1.9325399057e+18   6.5159792427e+61   2.2245872600e-24   5.1871390089e-14   1.6763283436e-06   2.0000000000e-02 
  1.6409242918e+21   1.9325399057e+18   6.5313633950e+61   2.2245872600e-24   5.1871390089e-14   1.6305411987e-06   2.0000000000e-02 
  1.6428568317e+21   1.9325399057e+18   6.5467656867e+61   2.2245872600e-24   5.1871390089e-14   1.6014756518e-06   2.0000000000e-02 
  1.6447893716e+21   1.9325399057e+18   6.5621861179e+61   2.2245872600e-24   5.1871390089e-14   1.5417842440e-06   2.0000000000e-02 
  1.6467219115e+21   1.9325399057e+18   6.5776246887e+61   2.2245872600e-24   5.1871390089e-14   1.4312625345e-06   2.0000000000e-02 
  1.6486544514e+21   1.9325399057e+18   6.5930813989e+61   2.2245872600e-24   5.1871390089e-14   1.5340854968e-06   2.0000000000e-02 
  1.6505869914e+21   1.9325399057e+18   6.6085562486e+61   2.2245872600e-24   5.1871390089e-14   1.6371051002e-06   2.0000000000e-02 
  1.6525195313e+21   1.9325399057e+18   6.6240492379e+61   2.2245872600e-24   5.1871390089e-14   1.6395494749e-06   2.0000000000e-02 
  1.6544520712e+21   1.9325399057e+18   6.6395603666e+61   2.2245872600e-24   5.1871390089e-14   1.6747906864e-06   2.0000000000e-02 
  1.6563846111e+21   1.9325399057e+18   6.6550896348e+61   2.2245872600e-24   5.1871390089e-14   1.7433092067e-06   2.0000000000e-02 
  1.6583171510e+21   1.9325399057e+18   6.6706370425e+61   2.2245872600e-24   5.1871390089e-14   1.7595406171e-06   2.0000000000e-02 
  1.6602496909e+21   1.9325399057e+18   6.6862025897e+61   2.2245872600e-24   5.1871390090e-14   1.7444016300e-06   2.0000000000e-02 
  1.6621822308e+21   1.9325399057e+18   6.7017862765e+61   2.2245872600e-24   5.1871390090e-14   1.6756436716e-06   2.0000000000e-02 
  1.6641147707e+21   1.9325399057e+18   6.7173881027e+61   2.2245872600e-24   5.1871390090e-14   1.5623299699e-06   2.0000000000e-02 
  1.6660473106e+21   1.9325399057e+18   6.7330080684e+61   2.2245872600e-24   5.1871390089e-14   1.2247492810e-06   2.0000000000e-02 
  1.6679798505e+21   1.9325399057e+18   6.7486461736e+61   2.2245872600e-24   5.1871390089e-14   4.5655441386e-07   2.0000000000e-02 
  1.6699123904e+21   1.9325399057e+18   6.7643024183e+61   2.2245872600e-24   5.1871390089e-14  -3.1497651788e-07   2.0000000000e-02 
  1.6718449303e+21   1.9325399057e+18   6.7799768025e+61   2.2245872600e-24   5.1871390089e-14  -6.2604626569e-07   2.0000000000e-02 
  1.6737774702e+21   1.9325399057e+18   6.7956693262e+61   2.2245872600e-24   5.1871390089e-14  -6.5945258238e-07   2.0000000000e-02 
  1.6757100101e+21   1.9325399057e+18   6.8113799894e+61   2.2245872600e-24   5.1871390089e-14  -6.4817921958e-07   2.0000000000e-02 
  1.6776425500e+21   1.9325399057e+18   6.8271087921e+61   2.2245872600e-24   5.1871390089e-14  -7.2769444989e-07   2.0000000000e-02 
  1.6795750899e+21   1.9325399057e+18   6.8428557343e+61   2.2245872600e-24   5.1871390089e-14  -8.5902822161e-07   2.0000000000e-02 
  1.6815076298e+21   1.9325399057e+18   6.8586208160e+61   2.2245872600e-24   5.1871390089e-14  -1.0672659463e-06   2.0000000000e-02 
  1.6834401697e+21   1.9325399057e+18   6.8744040372e+61   2.2245872600e-24   5.1871390089e-14  -1.4520725760e-06   2.0000000000e-02 
  1.6853727097e+21   1.9325399057e+18   6.8902053979e+61   2.2245872600e-24   5.1871390089e-14  -1.7638393065e-06   2.0000000000e-02 
  1.6873052496e+21   1.9325399057e+18   6.9060248981e+61   2.2245872600e-24   5.1871390089e-14  -1.9519569577e-06   2.0000000000e-02 
  1.6892377895e+21   1.9325399057e+18   6.9218625378e+61   2.2245872600e-24   5.1871390089e-14  -2.0631767558e-06   2.0000000000e-02 
  1.6911703294e+21   1.9325399057e+18   6.9377183170e+61   2.2245872600e-24   5.1871390089e-14  -2.1733693826e-06   2.0000000000e-02 
  1.6931028693e+21   1.9325399057e+18   6.9535922357e+61   2.2245872600e-24   5.1871390089e-14  -2.2319675063e-06   2.0000000000e-02 
  1.6950354092e+21   1.9325399057e+18   6.9694842939e+61   2.2245872600e-24   5.1871390089e-14  -2.2154838618e-06   2.0000000000e-02 
  1.6969679491e+21   1.9325399057e+18   6.9853944916e+61   2.2245872600e-24   5.1871390089e-14  -2.2315262961e-06   2.0000000000e-02 
  1.6989004890e+21   1.9325399057e+18   7.0013228288e+61   2.2245872600e-24   5.1871390089e-14  -2.3428264743e-06   2.0000000000e-02 
  1.7008330289e+21   1.9325399057e+18   7.0172693055e+61   2.2245872600e-24   5.1871390089e-14  -2.4078743211e-06   2.0000000000e-02 
  1.7027655688e+21   1.9325399057e+18   7.0332339216e+61   2.2245872600e-24   5.1871390089e-14  -2.7276973619e-06   2.0000000000e-02 
  1.7046981087e+21   1.9325399057e+18   7.0492166773e+61   2.2245872600e-24   5.1871390089e-14  -2.9237802610e-06   2.0000000000e-02 
  1.7066306486e+21   1.9325399057e+18   7.0652175725e+61   2.2245872600e-24   5.1871390089e-14  -2.8904441743e-06   2.0000000000e-02 
  1.7085631885e+21   1.9325399057e+18   7.0812366072e+61   2.2245872600e-24   5.1871390088e-14  -2.9844616425e-06   2.0000000000e-02 
  1.7104957284e+21   1.9325399057e+18   7.0972737814e+61   2.2245872600e-24   5.1871390088e-14  -3.1270890886e-06   2.0000000000e-02 
  1.7124282683e+21   1.9325399057e+18   7.1133290950e+61   2.2245872600e-24   5.1871390088e-14  -3.5244522943e-06   2.0000000000e-02 
  1.7143608082e+21   1.9325399057e+18   7.1294025482e+61   2.2245872600e-24   5.1871390088e-14  -3.8931105793e-06   2.0000000000e-02 
  1.7162933481e+21   1.9325399057e+18   7.1454941409e+61   2.2245872600e-24   5.1871390088e-14  -4.0914116317e-06   2.0000000000e-02 
  1.7182258881e+21   1.9325399057e+18   7.1616038730e+61   2.2245872600e-24   5.1871390088e-14  -4.3018241325e-06   2.0000000000e-02 
  1.7201584280e+21   1.9325399057e+18   7.1777317447e+61   2.2245872600e-24   5.1871390088e-14  -4.3157828973e-06   2.0000000000e-02 
  1.7220909679e+21   1.9325399057e+18   7.1938777559e+61   2.2245872600e-24   5.1871390088e-14  -4.1085765785e-06   2.0000000000e-02 
  1.7240235078e+21   1.9325399057e+18   7.2100419065e+61   2.2245872600e-24   5.1871390088e-14  -3.7570693600e-06   2.0000000000e-02 
  1.7259560477e+21   1.9325399057e+18   7.2262241967e+61   2.2245872600e-24   5.1871390088e-14  -3.0872026076e-06   2.0000000000e-02 
  1.7278885876e+21   1.9325399057e+18   7.2424246264e+61   2.2245872600e-24   5.1871390088e-14  -2.4819883252e-06   2.0000000000e-02 
  1.7298211275e+21   1.9325399057e+18   7.2586431955e+61   2.2245872600e-24   5.1871390088e-14  -2.2446759334e-06   2.0000000000e-02 
  1.7317536674e+21   1.9325399057e+18   7.2748799042e+61   2.2245872600e-24   5.1871390088e-14  -2.0652613730e-06   2.0000000000e-02 
  1.7336862073e+21   1.9325399057e+18   7.2911347523e+61   2.2245872600e-24   5.1871390088e-14  -1.8987844998e-06   2.0000000000e-02 
  1.7356187472e+21   1.9325399057e+18   7.3074077400e+61   2.2245872600e-24   5.1871390088e-14  -1.8426078662e-06   2.0000000000e-02 
  1.7375512871e+21   1.9325399057e+18   7.3236988671e+61   2.2245872600e-24   5.1871390088e-14  -1.9094690088e-06   2.0000000000e-02 
  1.7394838270e+21   1.9325399057e+18   7.3400081338e+61   2.2245872600e-24   5.1871390088e-14  -1.9946682152e-06   2.0000000000e-02 
  1.7414163669e+21   1.9325399057e+18   7.3563355399e+61   2.2245872600e-24   5.1871390088e-14  -2.0150610157e-06   2.0000000000e-02 
  1.7433489068e+21   1.9325399057e+18   7.3726810856e+61   2.2245872600e-24   5.1871390088e-14  -1.8451435069e-06   2.0000000000e-02 
  1.7452814467e+21   1.9325399057e+18   7.3890447707e+61   2.2245872600e-24   5.1871390088e-14  -1.5999744588e-06   2.0000000000e-02 
  1.7472139866e+21   1.9325399057e+18   7.4054265954e+61   2.2245872600e-24   5.1871390088e-14  -1.2182622125e-06   2.0000000000e-02 
  1.7491465265e+21   1.9325399057e+18   7.4218265595e+61   2.2245872600e-24   5.1871390088e-14  -4.8651745162e-07   2.0000000000e-02 
  1.7510790664e+21   1.9325399057e+18   7.4382446632e+61   2.2245872600e-24   5.1871390089e-14   3.4191659699e-07   2.0000000000e-02 
  1.7530116064e+21   1.9325399057e+18   7.4546809063e+61   2.2245872600e-24   5.1871390089e-14   7.8098187230e-07   2.0000000000e-02 
  1.7549441463e+21   1.9325399057e+18   7.4711352889e+61   2.2245872600e-24   5.1871390089e-14   1.1166363642e-06   2.0000000000e-02 
  1.7568766862e+21   1.9325399057e+18   7.4876078111e+61   2.2245872600e-24   5.1871390089e-14   1.4972752201e-06   2.0000000000e-02 
  1.7588092261e+21   1.9325399057e+18   7.5040984727e+61   2.2245872600e-24   5.1871390089e-14   1.7791362905e-06   2.0000000000e-02 
  1.7607417660e+21   1.9325399057e+18   7.5206072738e+61   2.2245872600e-24   5.1871390088e-14   2.2928799912e-06   2.0000000000e-02 
  1.7626743059e+21   1.9325399057e+18   7.5371342145e+61   2.2245872600e-24   5.1871390088e-14   2.7943781191e-06   2.0000000000e-02 
  1.7646068458e+21   1.9325399057e+18   7.5536792946e+61   2.2245872600e-24   5.1871390088e-14   3.1072180629e-06   2.0000000000e-02 
  1.7665393857e+21   1.9325399057e+18   7.5702425142e+61   2.2245872600e-24   5.1871390088e-14   3.3283988167e-06   2.0000000000e-02 
  1.7684719256e+21   1.9325399057e+18   7.5868238733e+61   2.2245872600e-24   5.1871390088e-14   3.4639245499e-06   2.0000000000e-02 
  1.7704044655e+21   1.9325399057e+18   7.6034233720e+61   2.2245872600e-24   5.1871390088e-14   3.6010395018e-06   2.0000000000e-02 
  1.7723370054e+21   1.9325399057e+18   7.6200410101e+61   2.2245872600e-24   5.1871390089e-14   3.8081582379e-06   2.0000000000e-02 
  1.7742695453e+21   1.9325399057e+18   7.6366767877e+61   2.2245872600e-24   5.1871390089e-14   4.2998777742e-06   2.0000000000e-02 
  1.7762020852e+21   1.9325399057e+18   7.6533307048e+61   2.2245872600e-24   5.1871390089e-14   5.7748100309e-06   2.0000000000e-02 
  1.7781346251e+21   1.9325399057e+18   7.6700027614e+61   2.2245872600e-24   5.1871390089e-14   6.8397302274e-06   2.0000000000e-02 
  1.7800671650e+21   1.9325399057e+18   7.6866929575e+61   2.2245872600e-24   5.1871390089e-14   7.2092343820e-06   2.0000000000e-02 
  1.7819997049e+21   1.9325399057e+18   7.7034012932e+61   2.2245872600e-24   5.1871390089e-14   7.3364969865e-06   2.0000000000e-02 
  1.7839322448e+21   1.9325399057e+18   7.7201277683e+61   2.2245872600e-24   5.1871390089e-14   7.2355771500e-06   2.0000000000e-02 
  1.7858647848e+21   1.9325399057e+18   7.7368723829e+61   2.2245872600e-24   5.1871390089e-14   7.0146762162e-06   2.0000000000e-02 
  1.7877973247e+21   1.9325399057e+18   7.7536351370e+61   2.2245872600e-24   5.1871390089e-14   6.5200643168e-06   2.0000000000e-02 
  1.7897298646e+21   1.9325399057e+18   7.7704160306e+61   2.2245872600e-24   5.1871390089e-14   5.6867135604e-06   2.0000000000e-02 
  1.7916624045e+21   1.9325399057e+18   7.7872150637e+61   2.2245872600e-24   5.1871390089e-14   5.2256983268e-06   2.0000000000e-02 
  1.7935949444e+21   1.9325399057e+18   7.8040322363e+61   2.2245872600e-24   5.1871390089e-14   5.1362910075e-06   2.0000000000e-02 
  1.7955274843e+21   1.9325399057e+18   7.8208675484e+61   2.2245872600e-24   5.1871390089e-14   5.1432292311e-06   2.0000000000e-02 
  1.7974600242e+21   1.9325399057e+18   7.8377210000e+61   2.2245872600e-24   5.1871390089e-14   5.1463531885e-06   2.0000000000e-02 
  1.7993925641e+21   1.9325399057e+18   7.8545925911e+61   2.2245872600e-24   5.1871390089e-14   5.1167381733e-06   2.0000000000e-02 
  1.8013251040e+21   1.9325399057e+18   7.8714823217e+61   2.2245872600e-24   5.1871390089e-14   4.9401115164e-06   2.0000000000e-02 
  1.8032576439e+21   1.9325399057e+18   7.8883901918e+61   2.2245872600e-24   5.1871390089e-14   4.6000087237e-06   2.0000000000e-02 
  1.8051901838e+21   1.9325399057e+18   7.9053162014e+61   2.2245872600e-24   5.1871390089e-14   4.3024439909e-06   2.0000000000e-02 
  1.8071227237e+21   1.9325399057e+18   7.9222603505e+61   2.2245872600e-24   5.1871390089e-14   4.1777416986e-06   2.0000000000e-02 
  1.8090552636e+21   1.9325399057e+18   7.9392226391e+61   2.2245872600e-24   5.1871390089e-14   4.1246917502e-06   2.0000000000e-02 
  1.8109878035e+21   1.9325399057e+18   7.9562030672e+61   2.2245872600e-24   5.1871390089e-14   3.9984822441e-06   2.0000000000e-02 
  1.8129203434e+21   1.9325399057e+18   7.9732016347e+61   2.2245872600e-24   5.1871390089e-14   3.8501445283e-06   2.0000000000e-02 
  1.8148528833e+21   1.9325399057e+18   7.9902183418e+61   2.2245872600e-24   5.1871390089e-14   3.8109960094e-06   2.0000000000e-02 
  1.8167854232e+21   1.9325399057e+18   8.0072531884e+61   2.2245872600e-24   5.1871390089e-14   3.8025102883e-06   2.0000000000e-02 
  1.8187179631e+21   1.9325399057e+18   8.0243061745e+61   2.2245872600e-24   5.1871390089e-14   3.6141244706e-06   2.0000000000e-02 
  1.8206505031e+21   1.9325399057e+18   8.0413773001e+61   2.2245872600e-24   5.1871390089e-14   3.3727967546e-06   2.0000000000e-02 
  1.8225830430e+21   1.9325399057e+18   8.0584665651e+61   2.2245872600e-24   5.1871390089e-14   3.1275643232e-06   2.0000000000e-02 
  1.8245155829e+21   1.9325399057e+18   8.0755739697e+61   2.2245872600e-24   5.1871390089e-14   2.8822634499e-06   2.0000000000e-02 
  1.8264481228e+21   1.9325399057e+18   8.0926995138e+61   2.2245872600e-24   5.1871390089e-14   2.6574314432e-06   2.0000000000e-02 
  1.8283806627e+21   1.9325399057e+18   8.1098431974e+61   2.2245872600e-24   5.1871390088e-14   2.3181951657e-06   2.0000000000e-02 
  1.8303132026e+21   1.9325399057e+18   8.1270050204e+61   2.2245872600e-24   5.1871390088e-14   1.8436050868e-06   2.0000000000e-02 
  1.8322457425e+21   1.9325399057e+18   8.1441849830e+61   2.2245872600e-24   5.1871390088e-14   1.7698980160e-06   2.0000000000e-02 
  1.8341782824e+21   1.9325399057e+18   8.1613830851e+61   2.2245872600e-24   5.1871390088e-14   2.1304956745e-06   2.0000000000e-02 
  1.8361108223e+21   1.9325399057e+18   8.1785993266e+61   2.2245872600e-24   5.1871390088e-14   2.5613525817e-06   2.0000000000e-02 
  1.8380433622e+21   1.9325399057e+18   8.1958337077e+61   2.2245872600e-24   5.1871390088e-14   2.6982490773e-06   2.0000000000e-02 
  1.8399759021e+21   1.9325399057e+18   8.2130862283e+61   2.2245872600e-24   5.1871390088e-14   2.7343445685e-06   2.0000000000e-02 
  1.8419084420e+21   1.9325399057e+18   8.2303568883e+61   2.2245872600e-24   5.1871390088e-14   2.7784086613e-06   2.0000000000e-02 
  1.8438409819e+21   1.9325399057e+18   8.2476456879e+61   2.2245872600e-24   5.1871390088e-14   2.8339587674e-06   2.0000000000e-02 
  1.8457735218e+21   1.9325399057e+18   8.2649526269e+61   2.2245872600e-24   5.1871390088e-14   2.9760271739e-06   2.0000000000e-02 
  1.8477060617e+21   1.9325399057e+18   8.2822777055e+61   2.2245872600e-24   5.1871390088e-14   3.1309674095e-06   2.0000000000e-02 
  1.8496386016e+21   1.9325399057e+18   8.2996209236e+61   2.2245872600e-24   5.1871390088e-14   3.2361995078e-06   2.0000000000e-02 
  1.8515711415e+21   1.9325399057e+18   8.3169822811e+61   2.2245872600e-24   5.1871390088e-14   3.4007859169e-06   2.0000000000e-02 
  1.8535036815e+21   1.9325399057e+18   8.3343617782e+61   2.2245872600e-24   5.1871390088e-14   3.5619186363e-06   2.0000000000e-02 
  1.8554362214e+21   1.9325399057e+18   8.3517594147e+61   2.2245872600e-24   5.1871390088e-14   3.6516037633e-06   2.0000000000e-02 
  1.8573687613e+21   1.9325399057e+18   8.3691751907e+61   2.2245872600e-24   5.1871390088e-14   3.7210039636e-06   2.0000000000e-02 
  1.8593013012e+21   1.9325399057e+18   8.3866091063e+61   2.2245872600e-24   5.1871390088e-14   3.9560557066e-06   2.0000000000e-02 
  1.8612338411e+21   1.9325399057e+18   8.4040611613e+61   2.2245872600e-24   5.1871390088e-14   4.1218957989e-06   2.0000000000e-02 
  1.8631663810e+21   1.9325399057e+18   8.4215313559e+61   2.2245872600e-24   5.1871390088e-14   4.0243257814e-06   2.0000000000e-02 
  1.8650989209e+21   1.9325399057e+18   8.4390196899e+61   2.2245872600e-24   5.1871390088e-14   3.9165713997e-06   2.0000000000e-02 
  1.8670314608e+21   1.9325399057e+18   8.4565261635e+61   2.2245872600e-24   5.1871390088e-14   3.7981958639e-06   2.0000000000e-02 
  1.8689640007e+21   1.9325399057e+18   8.4740507765e+61   2.2245872600e-24   5.1871390088e-14   3.6402038357e-06   2.0000000000e-02 
  1.8708965406e+21   1.9325399057e+18   8.4915935290e+61   2.2245872600e-24   5.1871390088e-14   3.4929052652e-06   2.0000000000e-02 
  1.8728290805e+21   1.9325399057e+18   8.5091544211e+61   2.2245872600e-24   5.1871390088e-14   3.3748190746e-06   2.0000000000e-02 
  1.8747616204e+21   1.9325399057e+18   8.5267334526e+61   2.2245872600e-24   5.1871390088e-14   3.2517110970e-06   2.0000000000e-02 
  1.8766941603e+21   1.9325399057e+18   8.5443306236e+61   2.2245872600e-24   5.1871390088e-14   3.1228843075e-06   2.0000000000e-02 
  1.8786267002e+21   1.9325399057e+18   8.5619459342e+61   2.2245872600e-24   5.1871390088e-14   2.9854889577e-06   2.0000000000e-02 
  1.8805592401e+21   1.9325399057e+18   8.5795793842e+61   2.2245872600e-24   5.1871390088e-14   2.8767597924e-06   2.0000000000e-02 
  1.8824917800e+21   1.9325399057e+18   8.5972309737e+61   2.2245872600e-24   5.1871390088e-14   2.8383529469e-06   2.0000000000e-02 
  1.8844243199e+21   1.9325399057e+18   8.6149007027e+61   2.2245872600e-24   5.1871390088e-14   2.8192287888e-06   2.0000000000e-02 
  1.8863568598e+21   1.9325399057e+18   8.6325885712e+61   2.2245872600e-24   5.1871390088e-14   2.8005894908e-06   2.0000000000e-02 
  1.8882893998e+21   1.9325399057e+18   8.6502945793e+61   2.2245872600e-24   5.1871390088e-14   2.8081458842e-06   2.0000000000e-02 
  1.8902219397e+21   1.9325399057e+18   8.6680187268e+61   2.2245872600e-24   5.1871390088e-14   2.8337917827e-06   2.0000000000e-02 
  1.8921544796e+21   1.9325399057e+18   8.6857610138e+61   2.2245872600e-24   5.1871390088e-14   2.8648474689e-06   2.0000000000e-02 
  1.8940870195e+21   1.9325399057e+18   8.7035214403e+61   2.2245872600e-24   5.1871390088e-14   2.9019706567e-06   2.0000000000e-02 
  1.8960195594e+21   1.9325399057e+18   8.7213000063e+61   2.2245872600e-24   5.1871390088e-14   2.9528069384e-06   2.0000000000e-02 
  1.8979520993e+21   1.9325399057e+18   8.7390967118e+61   2.2245872600e-24   5.1871390088e-14   2.9975836268e-06   2.0000000000e-02 
  1.8998846392e+21   1.9325399057e+18   8.7569115569e+61   2.2245872600e-24   5.1871390088e-14   3.0180539532e-06   2.0000000000e-02 
  1.9018171791e+21   1.9325399057e+18   8.7747445414e+61   2.2245872600e-24   5.1871390088e-14   3.0558664251e-06   2.0000000000e-02 
  1.9037497190e+21   1.9325399057e+18   8.7925956654e+61   2.2245872600e-24   5.1871390088e-14   3.1078340587e-06   2.0000000000e-02 
  1.9056822589e+21   1.9325399057e+18   8.8104649289e+61   2.2245872600e-24   5.1871390088e-14   3.1382009981e-06   2.0000000000e-02 
  1.9076147988e+21   1.9325399057e+18   8.8283523319e+61   2.2245872600e-24   5.1871390088e-14   3.1983707443e-06   2.0000000000e-02 
  1.9095473387e+21   1.9325399057e+18   8.8462578744e+61   2.2245872600e-24   5.1871390088e-14   3.2726560995e-06   2.0000000000e-02 
  1.9114798786e+21   1.9325399057e+18   8.8641815564e+61   2.2245872600e-24   5.1871390088e-14   3.3647485686e-06   2.0000000000e-02 
  1.9134124185e+21   1.9325399057e+18   8.8821233779e+61   2.2245872600e-24   5.1871390088e-14   3.4922457601e-06   2.0000000000e-02 
  1.9153449584e+21   1.9325399057e+18   8.9000833389e+61   2.2245872600e-24   5.1871390088e-14   3.7648928073e-06   2.0000000000e-02 
  1.9172774983e+21   1.9325399057e+18   8.9180614394e+61   2.2245872600e-24   5.1871390088e-14   4.1716639793e-06   2.0000000000e-02 
  1.9192100382e+21   1.9325399057e+18   8.9360576794e+61   2.2245872600e-24   5.1871390088e-14   4.2581895630e-06   2.0000000000e-02 
  1.9211425782e+21   1.9325399057e+18   8.9540720589e+61   2.2245872600e-24   5.1871390089e-14   4.0732319387e-06   2.0000000000e-02 
  1.9230751181e+21   1.9325399057e+18   8.9721045778e+61   2.2245872600e-24   5.1871390089e-14   3.9233431378e-06   2.0000000000e-02 
  1.9250076580e+21   1.9325399057e+18   8.9901552363e+61   2.2245872600e-24   5.1871390089e-14   3.8502364525e-06   2.0000000000e-02 
  1.9269401979e+21   1.9325399057e+18   9.0082240343e+61   2.2245872600e-24   5.1871390089e-14   3.8487324962e-06   2.0000000000e-02 
  1.9288727378e+21   1.9325399057e+18   9.0263109718e+61   2.2245872600e-24   5.1871390089e-14   3.8608142494e-06   2.0000000000e-02 
  1.9308052777e+21   1.9325399057e+18   9.0444160488e+61   2.2245872600e-24   5.1871390088e-14   3.8159015967e-06   2.0000000000e-02 
  1.9327378176e+21   1.9325399057e+18   9.0625392653e+61   2.2245872600e-24   5.1871390088e-14   3.7555596534e-06   2.0000000000e-02 
  1.9346703575e+21   1.9325399057e+18   9.0806806212e+61   2.2245872600e-24   5.1871390088e-14   3.6872851143e-06   2.0000000000e-02 
  1.9366028974e+21   1.9325399057e+18   9.0988401167e+61   2.2245872600e-24   5.1871390088e-14   3.6211134454e-06   2.0000000000e-02 
  1.9385354373e+21   1.9325399057e+18   9.1170177517e+61   2.2245872600e-24   5.1871390088e-14   3.5738481889e-06   2.0000000000e-02 
  1.9404679772e+21   1.9325399057e+18   9.1352135262e+61   2.2245872600e-24   5.1871390088e-14   3.5008276522e-06   2.0000000000e-02 
  1.9424005171e+21   1.9325399057e+18   9.1534274401e+61   2.2245872600e-24   5.1871390088e-14   3.4301354046e-06   2.0000000000e-02 
  1.9443330570e+21   1.9325399057e+18   9.1716594936e+61   2.2245872600e-24   5.1871390088e-14   3.4087401877e-06   2.0000000000e-02 
  1.9462655969e+21   1.9325399057e+18   9.1899096866e+61   2.2245872600e-24   5.1871390088e-14   3.4148839103e-06   2.0000000000e-02 
  1.9481981368e+21   1.9325399057e+18   9.2081780190e+61   2.2245872600e-24   5.1871390088e-14   3.4780874613e-06   2.0000000000e-02 
  1.9501306767e+21   1.9325399057e+18   9.2264644910e+61   2.2245872600e-24   5.1871390088e-14   3.2132610499e-06   2.0000000000e-02 
  1.9520632166e+21   1.9325399057e+18   9.2447691025e+61   2.2245872600e-24   5.1871390088e-14   2.6017031618e-06   2.0000000000e-02 
  1.9539957565e+21   1.9325399057e+18   9.2630918534e+61   2.2245872600e-24   5.1871390088e-14   1.6700624013e-06   2.0000000000e-02 
  1.9559282965e+21   1.9325399057e+18   9.2814327439e+61   2.2245872600e-24   5.1871390087e-14  -1.3096058119e-07   2.0000000000e-02 
  1.9578608364e+21   1.9325399057e+18   9.2997917739e+61   2.2245872600e-24   5.1871390087e-14  -8.5936904349e-07   2.0000000000e-02 
  1.9597933763e+21   1.9325399057e+18   9.3181689433e+61   2.2245872600e-24   5.1871390087e-14  -9.5297977002e-07   2.0000000000e-02 
  1.9617259162e+21   1.9325399057e+18   9.3365642523e+61   2.2245872600e-24   5.1871390087e-14  -9.6360355102e-07   2.0000000000e-02 
  1.9636584561e+21   1.9325399057e+18   9.3549777007e+61   2.2245872600e-24   5.1871390087e-14  -9.1782297617e-07   2.0000000000e-02 
  1.9655909960e+21   1.9325399057e+18   9.3734092887e+61   2.2245872600e-24   5.1871390087e-14  -8.5132929853e-07   2.0000000000e-02 
  1.9675235359e+21   1.9325399057e+18   9.3918590161e+61   2.2245872600e-24   5.1871390087e-14  -8.1627010625e-07   2.0000000000e-02 
  1.9694560758e+21   1.9325399057e+18   9.4103268831e+61   2.2245872600e-24   5.1871390087e-14  -7.8373214037e-07   2.0000000000e-02 
  1.9713886157e+21   1.9325399057e+18   9.4288128895e+61   2.2245872600e-24   5.1871390087e-14  -7.0346539042e-07   2.0000000000e-02 
  1.9733211556e+21   1.9325399057e+18   9.4473170355e+61   2.2245872600e-24   5.1871390087e-14  -5.6572030160e-07   2.0000000000e-02 
  1.9752536955e+21   1.9325399057e+18   9.4658393209e+61   2.2245872600e-24   5.1871390087e-14  -3.5528851471e-07   2.0000000000e-02 
  1.9771862354e+21   1.9325399057e+18   9.4843797459e+61   2.2245872600e-24   5.1871390087e-14  -1.2718779469e-07   2.0000000000e-02 
  1.9791187753e+21   1.9325399057e+18   9.5029383103e+61   2.2245872600e-24   5.1871390087e-14   0.0000000000e+00   2.0000000000e-02 
