# time = 3.053238e+15 [s] 
# r                  dr                 dV                 Density            Pressure           Velocity           Z
  2.1304517832e+18   2.1304517832e+18   4.0504543150e+55   3.2884041471e-31   3.2597393056e-14   0.0000000000e+00   9.9248591688e-02 
  2.7338083975e+18   6.0335661428e+17   4.5079505794e+55   3.2884041471e-31   3.2597393056e-14  -2.5874416733e+04   9.9248591688e-02 
  3.6838055259e+18   9.4999712840e+17   1.2381692358e+56   3.2885681320e-31   3.2596949567e-14  -4.9098136312e+04   9.9248591688e-02 
  4.6818092004e+18   9.9800367456e+17   2.2046170705e+56   3.2892301994e-31   3.2597077800e-14  -7.9461560887e+04   9.9248591688e-02 
  5.1931200658e+18   5.1131086532e+17   1.5678006027e+56   3.2901867438e-31   3.2597135176e-14  -9.9408933126e+04   9.9248591688e-02 
  5.6398238562e+18   4.4670379042e+17   1.6478155084e+56   3.2914087947e-31   3.2597138810e-14  -1.1136976009e+05   9.9248591688e-02 
  6.3872111391e+18   7.4738728292e+17   3.4007241006e+56   3.2938938209e-31   3.2597148244e-14  -1.2574529273e+05   9.9248591688e-02 
  7.0797281433e+18   6.9251700422e+17   3.9491239255e+56   3.2976870030e-31   3.2597170119e-14  -1.4270141060e+05   9.9248591688e-02 
  7.9976683597e+18   9.1794021643e+17   6.5637682170e+56   3.3030082846e-31   3.2597207405e-14  -1.6123595536e+05   9.9248591688e-02 
  8.8991415571e+18   9.0147319737e+17   8.0932693053e+56   3.3100759322e-31   3.2597265473e-14  -1.8188893531e+05   9.9248591688e-02 
  1.0018549578e+19   1.1194080206e+18   1.2600307121e+57   3.3192752807e-31   3.2597350784e-14  -2.0456303059e+05   9.9248591688e-02 
  1.1184632440e+19   1.1660828626e+18   1.6486140336e+57   3.3310856209e-31   3.2597471637e-14  -2.3001026797e+05   9.9248591688e-02 
  1.2557112864e+19   1.3724804240e+18   2.4331272795e+57   3.3459027457e-31   3.2597637330e-14  -2.5810656806e+05   9.9248591688e-02 
  1.4033211241e+19   1.4760983769e+18   3.2821492261e+57   3.3643766607e-31   3.2597863012e-14  -2.8951893392e+05   9.9248591688e-02 
  1.5717837502e+19   1.6846262613e+18   4.6894499834e+57   3.3870393252e-31   3.2598166025e-14  -3.2431189855e+05   9.9248591688e-02 
  1.7612074080e+19   1.8942365780e+18   6.6178931472e+57   3.4151550945e-31   3.2598577832e-14  -3.6369189691e+05   9.9248591688e-02 
  1.9723564115e+19   2.1114900351e+18   9.2565432512e+57   3.4494009293e-31   3.2599117701e-14  -4.0777659265e+05   9.9248591688e-02 
  2.2102687819e+19   2.3791237032e+18   1.3089797354e+58   3.4909541137e-31   3.2599803338e-14  -4.5715677839e+05   9.9248591688e-02 
  2.4684657779e+19   2.5819699599e+18   1.7774545973e+58   3.5403635731e-31   3.2600666748e-14  -5.1183202102e+05   9.9248591688e-02 
  2.7612971816e+19   2.9283140375e+18   2.5187506041e+58   3.5992613206e-31   3.2601734005e-14  -5.7258407682e+05   9.9248591688e-02 
  3.0765323366e+19   3.1523515495e+18   3.3783857901e+58   3.6686768503e-31   3.2603053096e-14  -6.3967481245e+05   9.9248591688e-02 
  3.4410406936e+19   3.6450835706e+18   4.8694704960e+58   3.7514819265e-31   3.2604738853e-14  -7.1473966325e+05   9.9248591688e-02 
  3.8283804590e+19   3.8733976539e+18   6.4365393647e+58   3.8487930964e-31   3.2606873899e-14  -7.9780921565e+05   9.9248591688e-02 
  4.2662389655e+19   4.3785850652e+18   9.0219394828e+58   3.9623814451e-31   3.2609528251e-14  -8.8891234234e+05   9.9248591688e-02 
  4.7315505027e+19   4.6531153718e+18   1.1845470768e+59   4.0942620713e-31   3.2612903412e-14  -9.8929714520e+05   9.9248591688e-02 
  5.2616063635e+19   5.3005586082e+18   1.6645008434e+59   4.2485758918e-31   3.2617136672e-14  -1.1000802916e+06   9.9248591688e-02 
  5.7858656154e+19   5.2425925188e+18   2.0116280376e+59   4.4216456773e-31   3.2622280915e-14  -1.2180790564e+06   9.9248591688e-02 
  6.5676400797e+19   7.8177446427e+18   3.7531088708e+59   4.6498129071e-31   3.2629628117e-14  -1.3641625963e+06   9.9248591688e-02 
  7.7208538834e+19   1.1532138038e+19   7.4126686915e+59   5.0045585010e-31   3.2642701544e-14  -1.5814831251e+06   9.9248591688e-02 
  8.1651045687e+19   4.4425068528e+18   3.5230436257e+59   5.3090927684e-31   3.2655050624e-14  -1.7650767915e+06   9.9248591688e-02 
  8.5632932107e+19   3.9818864198e+18   3.5013010096e+59   5.4868111838e-31   3.2661756828e-14  -1.8580630575e+06   9.9248591688e-02 
  8.9778343265e+19   4.1454111582e+18   4.0078673609e+59   5.6782926657e-31   3.2668163422e-14  -1.9446292464e+06   9.9248591688e-02 
  9.4179789025e+19   4.4014457595e+18   4.6802179263e+59   5.9018834350e-31   3.2674828994e-14  -2.0323325253e+06   9.9248591688e-02 
  9.8272791120e+19   4.0930020952e+18   4.7632654976e+59   6.1472674614e-31   3.2681272671e-14  -2.1165065038e+06   9.9248591688e-02 
  1.0346484377e+20   5.1920526504e+18   6.6398564243e+59   6.4455286083e-31   3.2688093857e-14  -2.2044431568e+06   9.9248591688e-02 
  1.0854695077e+20   5.0821070014e+18   7.1778916071e+59   6.8047750782e-31   3.2695428535e-14  -2.2974046044e+06   9.9248591688e-02 
  1.1344349529e+20   4.8965445140e+18   7.5819091167e+59   7.1854704714e-31   3.2702261224e-14  -2.3830618787e+06   9.9248591688e-02 
  1.1814654967e+20   4.7030543806e+18   7.9255487986e+59   7.5864341503e-31   3.2708508614e-14  -2.4614234999e+06   9.9248591688e-02 
  1.2390341423e+20   5.7568645595e+18   1.0598095052e+60   8.0668381909e-31   3.2714843949e-14  -2.5429227927e+06   9.9248591688e-02 
  1.2970044982e+20   5.7970355956e+18   1.1715024685e+60   8.6423112540e-31   3.2721471350e-14  -2.6283776524e+06   9.9248591688e-02 
  1.3526774618e+20   5.5672963629e+18   1.2281336073e+60   9.2579402947e-31   3.2727464658e-14  -2.7079360197e+06   9.9248591688e-02 
  1.4082610823e+20   5.5583620461e+18   1.3312783007e+60   9.9170025510e-31   3.2732963244e-14  -2.7808300974e+06   9.9248591688e-02 
  1.4738160409e+20   6.5554958579e+18   1.7109665013e+60   1.0703031610e-30   3.2738343826e-14  -2.8559784573e+06   9.9248591688e-02 
  1.5396427278e+20   6.5826686910e+18   1.8782415747e+60   1.1628042880e-30   3.2743722523e-14  -2.9325158246e+06   9.9248591688e-02 
  1.6025997939e+20   6.2957066130e+18   1.9531332144e+60   1.2616782230e-30   3.2748422910e-14  -3.0025154268e+06   9.9248591688e-02 
  1.6702034682e+20   6.7603674323e+18   2.2752112999e+60   1.3718375353e-30   3.2752701862e-14  -3.0677761954e+06   9.9248591688e-02 
  1.7469882966e+20   7.6784828309e+18   2.8173258436e+60   1.5052738211e-30   3.2757135323e-14  -3.1330188725e+06   9.9248591688e-02 
  1.8218764658e+20   7.4888169269e+18   2.9970018213e+60   1.6577661901e-30   3.2761380054e-14  -3.1947486447e+06   9.9248591688e-02 
  1.8877199621e+20   6.5843496279e+18   2.8468310298e+60   1.8127330360e-30   3.2765115375e-14  -3.2443861309e+06   9.9248591688e-02 
  1.9740631471e+20   8.6343185027e+18   4.0460016578e+60   1.9992092087e-30   3.2768780941e-14  -3.2890043559e+06   9.9248591688e-02 
  2.0784784328e+20   1.0441528570e+19   5.3884642396e+60   2.2545521735e-30   3.2772955856e-14  -3.3335594680e+06   9.9248591688e-02 
  2.1840236704e+20   1.0554523762e+19   6.0256857256e+60   2.5596741628e-30   3.2775844157e-14  -3.3701313046e+06   9.9248591688e-02 
  2.2808595648e+20   9.6835894362e+18   6.0656108227e+60   2.8806099154e-30   3.2782347051e-14  -3.3832662594e+06   9.9248591688e-02 
  2.4002152174e+20   1.1935565263e+19   8.2182268978e+60   3.2616795687e-30   3.2786215261e-14  -3.3769623262e+06   9.9248591688e-02 
  2.5042250087e+20   1.0400979129e+19   7.8608243515e+60   3.6898895380e-30   3.2799101487e-14  -3.3694148080e+06   9.9248591688e-02 
  2.6573544853e+20   1.5312947652e+19   1.2820392046e+61   4.2374342767e-30   3.2822619913e-14  -3.3382857029e+06   9.9248591688e-02 
  2.7664280587e+20   1.0907357344e+19   1.0081670388e+61   4.8391723595e-30   3.2855193651e-14  -3.2944983720e+06   9.9248591688e-02 
  2.8642737168e+20   9.7845658069e+18   9.7467582641e+60   5.3639686639e-30   3.2895320389e-14  -3.2605991489e+06   9.9248591688e-02 
  2.9666716196e+20   1.0239790287e+19   1.0938644726e+61   5.8659242413e-30   3.2933114743e-14  -3.2454990784e+06   9.9248591688e-02 
  3.0604396662e+20   9.3768046522e+18   1.0701833744e+61   6.2998456358e-30   3.2976343785e-14  -3.2564825062e+06   9.9248591688e-02 
  3.2025091876e+20   1.4206952141e+19   1.7509873376e+61   6.7555594327e-30   3.3029728245e-14  -3.2958476679e+06   9.9248591688e-02 
  3.3502214515e+20   1.4771226395e+19   1.9928959037e+61   7.2642284352e-30   3.3100068277e-14  -3.4094502540e+06   9.9248591688e-02 
  3.4479146140e+20   9.7693162518e+18   1.4184813886e+61   7.6585857716e-30   3.3174788156e-14  -3.5729619369e+06   9.9248591688e-02 
  3.5392180307e+20   9.1303416704e+18   1.4004241688e+61   7.9202879678e-30   3.3253139991e-14  -3.7603558032e+06   9.9248591688e-02 
  3.6873961987e+20   1.4817816793e+19   2.4314463832e+61   8.1903643890e-30   3.3347836885e-14  -4.0128218023e+06   9.9248591688e-02 
  3.8517876475e+20   1.6439144881e+19   2.9359360203e+61   8.4928421694e-30   3.3452758350e-14  -4.3195125910e+06   9.9248591688e-02 
  4.0278338876e+20   1.7604624011e+19   3.4344689864e+61   8.7739712190e-30   3.3539672439e-14  -4.5860624484e+06   9.9248591688e-02 
  4.1269794816e+20   9.9145594017e+18   2.0714418310e+61   8.9667850413e-30   3.3587781222e-14  -4.7540826894e+06   9.9248591688e-02 
  4.2220996720e+20   9.5120190431e+18   2.0831403461e+61   9.0641170229e-30   3.3608973415e-14  -4.8467100161e+06   9.9248591688e-02 
  4.3863954930e+20   1.6429582100e+19   3.8254593961e+61   9.1478799813e-30   3.3629130454e-14  -4.9560411580e+06   9.9248591688e-02 
  4.5710222873e+20   1.8462679425e+19   4.6544863383e+61   9.2345166719e-30   3.3666462430e-14  -5.0827751130e+06   9.9248591688e-02 
  4.7335059874e+20   1.6248370006e+19   4.4196974100e+61   9.3034360028e-30   3.3726422682e-14  -5.1853684782e+06   9.9248591688e-02 
  4.8203896035e+20   8.6883616135e+18   2.4914989852e+61   9.3441107435e-30   3.3780575018e-14  -5.2414941499e+06   9.9248591688e-02 
  4.9067830541e+20   8.6393450636e+18   2.5681202895e+61   9.3612105862e-30   3.3825086875e-14  -5.2625409827e+06   9.9248591688e-02 
  5.0800933553e+20   1.7331030120e+19   5.4309673874e+61   9.3746280215e-30   3.3910205854e-14  -5.2720301338e+06   9.9248591688e-02 
  5.2255514903e+20   1.4545813501e+19   4.8536345077e+61   9.3799858480e-30   3.4019419588e-14  -5.2600962101e+06   9.9248591688e-02 
  5.3207031473e+20   9.5151656977e+18   3.3248688443e+61   9.3766693446e-30   3.4111450576e-14  -5.2520858109e+06   9.9248591688e-02 
  5.3994565599e+20   7.8753412541e+18   2.8433451275e+61   9.3670722192e-30   3.4183789258e-14  -5.2493978006e+06   9.9248591687e-02 
  5.4665376218e+20   6.7081061923e+18   2.4882513896e+61   9.3522702161e-30   3.4247652801e-14  -5.2493680879e+06   9.9248591685e-02 
  5.6346713370e+20   1.6813371525e+19   6.5099618465e+61   9.3169602556e-30   3.4349269998e-14  -5.2528954488e+06   9.9248591675e-02 
  5.7423978115e+20   1.0772647448e+19   4.3807260386e+61   9.2699122286e-30   3.4463517478e-14  -5.2561550162e+06   9.9248591643e-02 
  5.7696747331e+20   2.7276921586e+18   1.1356724122e+61   9.2433224206e-30   3.4510121289e-14  -5.2544781962e+06   9.9248591577e-02 
  5.7919767090e+20   2.2301975907e+18   9.3655545574e+60   9.2291568190e-30   3.4524190028e-14  -5.2512795805e+06   9.9248590866e-02 
  5.8726520465e+20   8.0675337501e+18   3.4485730571e+61   9.1908916397e-30   3.4550552760e-14  -5.2384211115e+06   9.9248588640e-02 
  5.9475963990e+20   7.4944352538e+18   3.2896357600e+61   9.1314086954e-30   3.4587140158e-14  -5.2156285875e+06   9.9248579074e-02 
  6.0279145747e+20   8.0318175626e+18   3.6187478728e+61   9.0675763632e-30   3.4614864494e-14  -5.1901592583e+06   9.9248540588e-02 
  6.1952758308e+20   1.6736125614e+19   7.8559930808e+61   8.9590341063e-30   3.4654160002e-14  -5.1430062413e+06   9.9248429792e-02 
  6.3334816703e+20   1.3820583950e+19   6.8156909267e+61   8.8226082883e-30   3.4710083457e-14  -5.0847541868e+06   9.9248193091e-02 
  6.4642213404e+20   1.3073967013e+19   6.7272322360e+61   8.6975850231e-30   3.4777509735e-14  -5.0526810397e+06   9.9247910929e-02 
  6.6338010632e+20   1.6957972278e+19   9.1402803572e+61   8.5461902785e-30   3.4871391759e-14  -5.0351455867e+06   9.9247081548e-02 
  6.7891813366e+20   1.5538027334e+19   8.7955538694e+61   8.3653473105e-30   3.4979708151e-14  -5.0199751348e+06   9.9244906706e-02 
  6.9389324363e+20   1.4975109979e+19   8.8666355615e+61   8.1692418141e-30   3.5074267270e-14  -4.9818046901e+06   9.9239163541e-02 
  7.0836357173e+20   1.4470328091e+19   8.9392027019e+61   7.9467639637e-30   3.5145546995e-14  -4.9192510352e+06   9.9222354962e-02 
  7.2464544365e+20   1.6281871929e+19   1.0504387649e+62   7.6756037787e-30   3.5208300179e-14  -4.8419749359e+06   9.9150932233e-02 
  7.3826311275e+20   1.3617669097e+19   9.1558686447e+61   7.3815525551e-30   3.5275711147e-14  -4.7771753015e+06   9.8884980609e-02 
  7.4600629414e+20   7.7431813839e+18   5.3591846064e+61   7.1464751561e-30   3.5328976379e-14  -4.7514339148e+06   9.8438654155e-02 
  7.5265434441e+20   6.6480502705e+18   4.6908723845e+61   6.9554123456e-30   3.5368004559e-14  -4.7372864835e+06   9.7573662191e-02 
  7.6161146423e+20   8.9571198275e+18   6.4524931872e+61   6.7134421437e-30   3.5404913599e-14  -4.7233570818e+06   9.6973724805e-02 
  7.6517177085e+20   3.5603066123e+18   2.6073109332e+61   6.5014292363e-30   3.5434474038e-14  -4.7073800292e+06   9.6703595185e-02 
  7.6681341465e+20   1.6416438053e+18   1.2104256059e+61   6.4051793831e-30   3.5444401988e-14  -4.6991123489e+06   9.6617357406e-02 
  7.6937479390e+20   2.5613792507e+18   1.8989477566e+61   6.3259228927e-30   3.5450772218e-14  -4.6901763730e+06   9.6588585830e-02 
  7.7587573940e+20   6.5009454999e+18   4.8767081353e+61   6.2140382733e-30   3.5461457183e-14  -4.6662133948e+06   9.6583853890e-02 
  7.8108161723e+20   5.2058778262e+18   3.9645956358e+61   6.0855187473e-30   3.5471653041e-14  -4.6277536889e+06   9.6581937101e-02 
  7.8480779801e+20   3.7261807833e+18   2.8703627881e+61   6.0049112525e-30   3.5474394256e-14  -4.5925966347e+06   9.6581705575e-02 
  7.8824937921e+20   3.4415811973e+18   2.6754547066e+61   5.9551711503e-30   3.5474538602e-14  -4.5617715374e+06   9.6581673351e-02 
  7.9197934850e+20   3.7299692890e+18   2.9261449851e+61   5.9211801246e-30   3.5473792716e-14  -4.5293151757e+06   9.6581671509e-02 
  7.9534974891e+20   3.3704004092e+18   2.6678780814e+61   5.9033075320e-30   3.5472564076e-14  -4.4960791479e+06   9.6581671425e-02 
  8.0818596369e+20   1.2836214781e+19   1.0369394503e+62   5.8881276815e-30   3.5469544278e-14  -4.4179347108e+06   9.6581671421e-02 
  8.2052161235e+20   1.2335648665e+19   1.0280314513e+62   5.8763310718e-30   3.5460058332e-14  -4.2890519907e+06   9.6581671417e-02 
  8.2500087372e+20   4.4792613720e+18   3.8103510816e+61   5.8722673385e-30   3.5454453929e-14  -4.2043480988e+06   9.6581671415e-02 
  8.2802648953e+20   3.0256158057e+18   2.5973126057e+61   5.8740848249e-30   3.5455113562e-14  -4.1717058374e+06   9.6581671414e-02 
  8.3092924918e+20   2.9027596464e+18   2.5097530524e+61   5.8787638509e-30   3.5457056129e-14  -4.1494195479e+06   9.6581671409e-02 
  8.3394301139e+20   3.0137622163e+18   2.6243464389e+61   5.8871653281e-30   3.5460816226e-14  -4.1297140891e+06   9.6581671370e-02 
  8.4492240594e+20   1.0979394548e+19   9.7222374180e+61   5.9187073804e-30   3.5474747701e-14  -4.0925654246e+06   9.6581671226e-02 
  8.5206782028e+20   7.1454143425e+18   6.4645535702e+61   5.9660842643e-30   3.5497810443e-14  -4.0532101478e+06   9.6581670575e-02 
  8.5502426019e+20   2.9564399101e+18   2.7066572176e+61   5.9983510599e-30   3.5513095047e-14  -4.0419832744e+06   9.6581668859e-02 
  8.5882010372e+20   3.7958435288e+18   3.5026895430e+61   6.0226516778e-30   3.5526706104e-14  -4.0358982546e+06   9.6581651292e-02 
  8.6558763217e+20   6.7675284483e+18   6.3221110108e+61   6.0521008993e-30   3.5546425031e-14  -4.0211377044e+06   9.6581593908e-02 
  8.7241389601e+20   6.8262638431e+18   6.4779185649e+61   6.0808718042e-30   3.5575304142e-14  -4.0013165079e+06   9.6581117779e-02 
  8.8164708756e+20   9.2331915481e+18   8.9247304085e+61   6.1048868612e-30   3.5603819691e-14  -3.9643374964e+06   9.6579767184e-02 
  8.9160607063e+20   9.9589830633e+18   9.8380928411e+61   6.1246719328e-30   3.5630212606e-14  -3.9043769720e+06   9.6577188059e-02 
  9.0136261177e+20   9.7565411442e+18   9.8536117725e+61   6.1374027027e-30   3.5646377063e-14  -3.8270657544e+06   9.6576373550e-02 
  9.1684037653e+20   1.5477764765e+19   1.6075087269e+62   6.1451138151e-30   3.5659161244e-14  -3.7083143529e+06   9.6571014327e-02 
  9.3071192531e+20   1.3871548776e+19   1.4875667744e+62   6.1488435335e-30   3.5677219908e-14  -3.5613712918e+06   9.6557420345e-02 
  9.4323582943e+20   1.2523904119e+19   1.3816913222e+62   6.1482653698e-30   3.5713583338e-14  -3.4507479652e+06   9.6528243323e-02 
  9.5550861712e+20   1.2272787692e+19   1.3900556119e+62   6.1446645263e-30   3.5765921759e-14  -3.3778767993e+06   9.6457924949e-02 
  9.7145072954e+20   1.5942112422e+19   1.8597336672e+62   6.1340382366e-30   3.5834370731e-14  -3.3093783833e+06   9.6175908532e-02 
  9.8323165328e+20   1.1780923741e+19   1.4141219830e+62   6.1150892107e-30   3.5894605558e-14  -3.2296514992e+06   9.5186875238e-02 
  9.9244048437e+20   9.2088310856e+18   1.1292426567e+62   6.0895687358e-30   3.5918836051e-14  -3.1458439646e+06   9.1779976255e-02 
  9.9731148727e+20   4.8710028960e+18   6.0585265507e+61   6.0626319284e-30   3.5921960335e-14  -3.0790057366e+06   8.7897947724e-02 
  1.0041465360e+21   6.8350487713e+18   8.6017368248e+61   6.0253155663e-30   3.5921160682e-14  -3.0166799403e+06   8.1525089881e-02 
  1.0068501665e+21   2.7036304578e+18   3.4349481169e+61   5.9874757914e-30   3.5919193665e-14  -2.9637564657e+06   7.6351022519e-02 
  1.0097324940e+21   2.8823274777e+18   3.6823540924e+61   5.9527780693e-30   3.5916310522e-14  -2.9298654024e+06   7.3791795456e-02 
  1.0152455073e+21   5.5130133750e+18   7.1019990669e+61   5.8837109238e-30   3.5910682542e-14  -2.8789306905e+06   7.3505991676e-02 
  1.0191831154e+21   3.9376080900e+18   5.1199747409e+61   5.8068569053e-30   3.5901424841e-14  -2.8173536492e+06   7.3362629968e-02 
  1.0227078489e+21   3.5247335101e+18   4.6168066427e+61   5.7570600562e-30   3.5891734280e-14  -2.7652769334e+06   7.3318683791e-02 
  1.0274621271e+21   4.7542781412e+18   6.2779084089e+61   5.7136986827e-30   3.5879784017e-14  -2.7061286891e+06   7.3313989154e-02 
  1.0326566650e+21   5.1945378945e+18   6.9259960463e+61   5.6724379921e-30   3.5865625708e-14  -2.6362225591e+06   7.3313084760e-02 
  1.0375394238e+21   4.8827587772e+18   6.5741394923e+61   5.6415680928e-30   3.5853629455e-14  -2.5691067002e+06   7.3313015599e-02 
  1.0481461994e+21   1.0606775623e+19   1.4495549840e+62   5.6076449503e-30   3.5839338152e-14  -2.4769331504e+06   7.3313012531e-02 
  1.0565842557e+21   8.4380563570e+18   1.1743230669e+62   5.5748512564e-30   3.5826798961e-14  -2.3724395555e+06   7.3313011842e-02 
  1.0621413737e+21   5.5571180019e+18   7.8370014604e+61   5.5577095719e-30   3.5823528955e-14  -2.3065608143e+06   7.3313011754e-02 
  1.0754391250e+21   1.3297751297e+19   1.9088800485e+62   5.5456434047e-30   3.5830910332e-14  -2.2386010729e+06   7.3313011685e-02 
  1.0863017490e+21   1.0862623981e+19   1.5947607665e+62   5.5370833216e-30   3.5853112140e-14  -2.1758801523e+06   7.3313011423e-02 
  1.1001076466e+21   1.3805897601e+19   2.0734008037e+62   5.5340730410e-30   3.5887567070e-14  -2.1401482808e+06   7.3313010070e-02 
  1.1098180930e+21   9.7104463348e+18   1.4898660392e+62   5.5335906995e-30   3.5919370274e-14  -2.0968955695e+06   7.3313003602e-02 
  1.1190963884e+21   9.2782954841e+18   1.4481294717e+62   5.5339704750e-30   3.5930446837e-14  -2.0388625229e+06   7.3312947620e-02 
  1.1364643443e+21   1.7367955868e+19   2.7759792364e+62   5.5366662006e-30   3.5932847182e-14  -1.9246267607e+06   7.3312821151e-02 
  1.1481068854e+21   1.1642541051e+19   1.9090214879e+62   5.5408665054e-30   3.5921919666e-14  -1.7771297627e+06   7.3312588488e-02 
  1.1593161086e+21   1.1209223281e+19   1.8749221572e+62   5.5468912071e-30   3.5907744955e-14  -1.6477360696e+06   7.3311847041e-02 
  1.1688810344e+21   9.5649257173e+18   1.6288212310e+62   5.5572902290e-30   3.5911547158e-14  -1.5479548134e+06   7.3307326655e-02 
  1.1767675841e+21   7.8865497828e+18   1.3632153501e+62   5.5711278189e-30   3.5931060234e-14  -1.4984924457e+06   7.3287944286e-02 
  1.1940387126e+21   1.7271128491e+19   3.0497933601e+62   5.6000091422e-30   3.5982339709e-14  -1.4578746933e+06   7.3240589301e-02 
  1.2053706085e+21   1.1331895872e+19   2.0495775722e+62   5.6361791730e-30   3.6042659171e-14  -1.4165409846e+06   7.3139368025e-02 
  1.2105416762e+21   5.1710676880e+18   9.4818500489e+61   5.6582911024e-30   3.6066198231e-14  -1.3732828841e+06   7.3001465888e-02 
  1.2166138539e+21   6.0721777352e+18   1.1238037235e+62   5.6753638232e-30   3.6072413826e-14  -1.3273946443e+06   7.2229906395e-02 
  1.2208028988e+21   4.1890449152e+18   7.8185262890e+61   5.6926317508e-30   3.6074841547e-14  -1.2813305634e+06   7.1110513720e-02 
  1.2254747518e+21   4.6718529883e+18   8.7831654563e+61   5.7092443136e-30   3.6074619589e-14  -1.2377826175e+06   6.9571369649e-02 
  1.2289174597e+21   3.4427078477e+18   6.5153575705e+61   5.7256479221e-30   3.6074015448e-14  -1.1950705430e+06   6.8838981965e-02 
  1.2363701838e+21   7.4527241288e+18   1.4229886602e+62   5.7492619686e-30   3.6073370958e-14  -1.1333774715e+06   6.8632194487e-02 
  1.2417824828e+21   5.4122990007e+18   1.0442114701e+62   5.7774952000e-30   3.6072487275e-14  -1.0583007524e+06   6.8502528591e-02 
  1.2505861152e+21   8.8036323755e+18   1.7180591800e+62   5.8090681933e-30   3.6070482562e-14  -9.7310824420e+05   6.8464863216e-02 
  1.2553636855e+21   4.7775703381e+18   9.4254527893e+61   5.8401243542e-30   3.6068968508e-14  -8.9298835600e+05   6.8450976287e-02 
  1.2589757505e+21   3.6120649793e+18   7.1738706225e+61   5.8608348867e-30   3.6067523851e-14  -8.4508723088e+05   6.8446243459e-02 
  1.2629410716e+21   3.9653211244e+18   7.9230083087e+61   5.8821226658e-30   3.6064301122e-14  -8.0042100541e+05   6.8445186686e-02 
  1.2656749032e+21   2.7338315519e+18   5.4914565039e+61   5.9042427811e-30   3.6058822887e-14  -7.5755437421e+05   6.8445110587e-02 
  1.2719761108e+21   6.3012076718e+18   1.2747891280e+62   5.9429849579e-30   3.6049746415e-14  -6.9896827986e+05   6.8445109658e-02 
  1.2766745530e+21   4.6984422002e+18   9.5879305019e+61   5.9986334391e-30   3.6035516972e-14  -6.2392585329e+05   6.8445183459e-02 
  1.2809965303e+21   4.3219772927e+18   8.8822328425e+61   6.0570752611e-30   3.6019644865e-14  -5.5665825003e+05   6.8445903236e-02 
  1.2850337214e+21   4.0371910917e+18   8.3512807052e+61   6.1316078366e-30   3.6002648473e-14  -4.9089958123e+05   6.8448263876e-02 
  1.3017993638e+21   1.6765642353e+19   3.5246253851e+62   6.3934572804e-30   3.5974821270e-14  -3.5664586941e+05   6.8455684722e-02 
  1.3144290682e+21   1.2629704386e+19   2.7157998120e+62   6.8471265625e-30   3.5944535341e-14  -1.9200890414e+05   6.8475755188e-02 
  1.3224088728e+21   7.9798046222e+18   1.7430519651e+62   7.3218382982e-30   3.5950741293e-14  -1.1291080215e+05   6.8512887832e-02 
  1.3361502667e+21   1.3741393934e+19   3.0512457073e+62   8.1990008452e-30   3.5979660995e-14  -8.7671800255e+04   6.8637883860e-02 
  1.3431844009e+21   7.0341341280e+18   1.5864100136e+62   9.4834006168e-30   3.6043476496e-14  -1.2352452202e+05   6.8965440284e-02 
  1.3480312443e+21   4.8468434306e+18   1.1028243097e+62   1.0891064002e-29   3.6122266206e-14  -1.4927951785e+05   7.0031553825e-02 
  1.3528984576e+21   4.8672133133e+18   1.1154684333e+62   1.3195391093e-29   3.6101195613e-14  -9.8112742459e+04   7.4331309189e-02 
  1.3550072573e+21   2.1087997032e+18   4.8579424981e+61   1.6137735828e-29   3.6100139574e-14  -9.6145709246e+04   8.0168796807e-02 
  1.3553978643e+21   3.9060698405e+17   9.0148457177e+60   1.8571367100e-29   3.6108946330e-14  -8.6503038615e+04   8.4395372966e-02 
  1.3587596077e+21   3.3617433653e+18   7.7800920208e+61   3.4971088652e-29   3.6077586860e-14  -4.8531134255e+04   8.9870302665e-02 
  1.3595358618e+21   7.7625419377e+17   1.8019683827e+61   6.0535524379e-29   3.6137585059e-14  -5.0804616992e+03   8.8156264342e-02 
  1.3602043036e+21   6.6844172844e+17   1.5533462203e+61   9.1599852709e-29   3.6028929433e-14   2.4917278502e+04   7.5923320187e-02 
  1.3628576497e+21   2.6533460939e+18   6.1810030264e+61   3.0091443385e-28   3.6029801902e-14   2.0838460747e+04   4.2226373910e-02 
  1.3657830861e+21   2.9254363944e+18   6.8427932123e+61   1.5010668738e-27   3.6078903260e-14   1.8026487065e+04   2.3601136913e-02 
  1.3670487271e+21   1.2656410212e+18   2.9695200066e+61   8.4479720054e-27   3.6837660036e-14   1.5533929231e+03   2.1151874128e-02 
  1.3684498595e+21   1.4011324425e+18   3.2938368897e+61   4.0356150435e-26   3.6468753321e-14   1.1746752198e+04   2.0522374412e-02 
  1.3687463432e+21   2.9648368447e+17   6.9785072038e+60   6.4220486948e-26   3.6563237963e-14   1.1811118845e+04   2.0081125041e-02 
  1.3787486861e+21   1.0002342844e+19   2.3720692224e+62   7.9354322259e-26   3.6291095336e-14   5.4047814381e+03   2.0050491207e-02 
  1.3853341203e+21   6.5854342080e+18   1.5806554339e+62   1.1022394560e-24   3.6396545030e-14   4.4597404225e+03   2.0035545582e-02 
  1.3924587088e+21   7.1245885841e+18   1.7270715121e+62   1.1539034003e-24   3.7019544365e-14   8.8066022553e+03   2.0032338735e-02 
  1.4091577068e+21   1.6698997913e+19   4.1177765218e+62   1.2352401404e-24   3.8248489006e-14   1.7298736759e+04   2.0028791925e-02 
  1.4204870625e+21   1.1329355739e+19   2.8498450221e+62   1.3957612089e-24   4.0559057773e-14   2.7701086524e+04   2.0022744290e-02 
  1.4314034314e+21   1.0916368869e+19   2.7893042410e+62   1.5253324927e-24   4.2391268104e-14   3.6954486870e+04   2.0022617711e-02 
  1.4459389366e+21   1.4535505203e+19   3.7806526593e+62   1.7074888168e-24   4.4993804675e-14   4.5492892144e+04   2.0014617050e-02 
  1.4552473029e+21   9.3083663412e+18   2.4613651536e+62   1.8653245881e-24   4.7167196573e-14   5.5181090294e+04   2.0005068010e-02 
  1.4623920949e+21   7.1447920090e+18   1.9107486480e+62   2.0169625757e-24   4.9256066332e-14   6.2369840144e+04   2.0001204603e-02 
  1.4693744643e+21   6.9823693456e+18   1.8854381283e+62   2.1786645056e-24   5.1234235771e-14   6.9488174428e+04   2.0000452790e-02 
  1.4765157930e+21   7.1413287178e+18   1.9469862116e+62   2.3364804476e-24   5.3312746119e-14   7.6000411664e+04   2.0000174715e-02 
  1.4835458454e+21   7.0300524077e+18   1.9351327417e+62   2.4867162089e-24   5.5238129031e-14   8.1618156460e+04   2.0000059581e-02 
  1.4902680362e+21   6.7221908154e+18   1.8676221556e+62   2.6265521731e-24   5.7013600838e-14   8.6492952484e+04   2.0000019118e-02 
  1.4965681936e+21   6.3001574149e+18   1.7657318012e+62   2.7612766309e-24   5.8774189927e-14   9.0880543998e+04   2.0000005971e-02 
  1.5024250753e+21   5.8568816276e+18   1.6548851296e+62   2.8941946709e-24   6.0481957197e-14   9.4999729891e+04   2.0000001754e-02 
  1.5079814604e+21   5.5563851401e+18   1.5819509127e+62   3.0257147255e-24   6.2145342383e-14   9.8872452235e+04   2.0000000501e-02 
  1.5132107254e+21   5.2292650499e+18   1.4995041321e+62   3.1564582274e-24   6.3774205947e-14   1.0250022042e+05   2.0000000134e-02 
  1.5181894345e+21   4.9787090658e+18   1.4373202699e+62   3.2862481410e-24   6.5368521511e-14   1.0588020121e+05   2.0000000035e-02 
  1.5227831387e+21   4.5937041839e+18   1.3345604012e+62   3.4121508511e-24   6.6895064267e-14   1.0899918194e+05   2.0000000008e-02 
  1.5269804504e+21   4.1973116809e+18   1.2264609275e+62   3.5288126783e-24   6.8294053405e-14   1.1177309482e+05   2.0000000002e-02 
  1.5309872821e+21   4.0068317056e+18   1.1771099202e+62   3.6371470568e-24   6.9619192541e-14   1.1426671475e+05   2.0000000000e-02 
  1.5348485326e+21   3.8612505565e+18   1.1401864428e+62   3.7476512168e-24   7.0989056035e-14   1.1666133818e+05   2.0000000000e-02 
  1.5384320713e+21   3.5835386536e+18   1.0633263911e+62   3.8563018149e-24   7.2323917378e-14   1.1906996995e+05   2.0000000000e-02 
  1.5418412365e+21   3.4091651693e+18   1.0161939329e+62   3.9683733006e-24   7.3690042809e-14   1.2138167637e+05   2.0000000000e-02 
  1.5451197600e+21   3.2785235219e+18   9.8150072407e+61   4.0812225821e-24   7.5052533824e-14   1.2372779313e+05   2.0000000000e-02 
  1.5482591310e+21   3.1393710249e+18   9.4375421134e+61   4.1985689766e-24   7.6457500283e-14   1.2604604457e+05   2.0000000000e-02 
  1.5516499118e+21   3.3907807586e+18   1.0236409659e+62   4.3252716017e-24   7.7961225194e-14   1.2852259458e+05   2.0000000000e-02 
  1.5551652829e+21   3.5153710999e+18   1.0659874141e+62   4.4694773908e-24   7.9656737973e-14   1.3123093913e+05   2.0000000000e-02 
  1.5584761016e+21   3.3108187175e+18   1.0083762774e+62   4.6217325564e-24   8.1428541338e-14   1.3400821259e+05   2.0000000000e-02 
  1.5616741341e+21   3.1980324867e+18   9.7810146103e+61   4.7773945451e-24   8.3221801219e-14   1.3671219538e+05   2.0000000000e-02 
  1.5648356944e+21   3.1615602978e+18   9.7089236622e+61   4.9302192092e-24   8.4966238205e-14   1.3927787262e+05   2.0000000000e-02 
  1.5679630489e+21   3.1273545457e+18   9.6425550823e+61   5.0763876487e-24   8.6617379147e-14   1.4157231504e+05   2.0000000000e-02 
  1.5709976492e+21   3.0346003280e+18   9.3934096954e+61   5.2169980297e-24   8.8231232130e-14   1.4370219698e+05   2.0000000000e-02 
  1.5737758011e+21   2.7781518300e+18   8.6314685239e+61   5.3539169187e-24   8.9814940529e-14   1.4568693294e+05   2.0000000000e-02 
  1.5764361425e+21   2.6603413981e+18   8.2940547151e+61   5.4870363306e-24   9.1343725900e-14   1.4756068982e+05   2.0000000000e-02 
  1.5789809985e+21   2.5448560719e+18   7.9602508327e+61   5.6185079023e-24   9.2843582637e-14   1.4936036062e+05   2.0000000000e-02 
  1.5812574551e+21   2.2764566076e+18   7.1424799644e+61   5.7428165041e-24   9.4253117075e-14   1.5101684073e+05   2.0000000000e-02 
  1.5834342098e+21   2.1767546773e+18   6.8489222167e+61   5.8592878443e-24   9.5565943443e-14   1.5252506403e+05   2.0000000000e-02 
  1.5855790107e+21   2.1448008438e+18   6.7668260544e+61   5.9735160211e-24   9.6846402644e-14   1.5396278564e+05   2.0000000000e-02 
  1.5876940104e+21   2.1149996961e+18   6.6907549658e+61   6.0871079162e-24   9.8112927667e-14   1.5535320189e+05   2.0000000000e-02 
  1.5897259665e+21   2.0319561831e+18   6.4448603886e+61   6.1986235557e-24   9.9349846443e-14   1.5668257136e+05   2.0000000000e-02 
  1.5914949509e+21   1.7689843492e+18   5.6242104998e+61   6.3017598572e-24   1.0048824960e-13   1.5788292024e+05   2.0000000000e-02 
  1.5931814439e+21   1.6864930408e+18   5.3735968965e+61   6.3965208987e-24   1.0152957785e-13   1.5896231889e+05   2.0000000000e-02 
  1.5948490450e+21   1.6676011069e+18   5.3246003864e+61   6.4896953532e-24   1.0254922351e-13   1.6000371669e+05   2.0000000000e-02 
  1.5965081225e+21   1.6590774231e+18   5.3084458190e+61   6.5835918646e-24   1.0357260828e-13   1.6103415554e+05   2.0000000000e-02 
  1.5981596546e+21   1.6515321715e+18   5.2952729607e+61   6.6787906177e-24   1.0460622372e-13   1.6206096853e+05   2.0000000000e-02 
  1.5998037953e+21   1.6441406492e+18   5.2824557703e+61   6.7756560053e-24   1.0565440556e-13   1.6309258215e+05   2.0000000000e-02 
  1.6014399053e+21   1.6361100408e+18   5.2674435996e+61   6.8752618671e-24   1.0672773845e-13   1.6414195301e+05   2.0000000000e-02 
  1.6030670324e+21   1.6271270752e+18   5.2492083874e+61   6.9795161549e-24   1.0783969905e-13   1.6522991472e+05   2.0000000000e-02 
  1.6046775635e+21   1.6105311360e+18   5.2061730360e+61   7.0886958983e-24   1.0897182284e-13   1.6635576435e+05   2.0000000000e-02 
  1.6062216679e+21   1.5441043931e+18   5.0012655782e+61   7.1991112605e-24   1.1011179059e-13   1.6747340139e+05   2.0000000000e-02 
  1.6074983832e+21   1.2767152575e+18   4.1424762670e+61   7.2965446540e-24   1.1111571790e-13   1.6844271758e+05   2.0000000000e-02 
  1.6087027881e+21   1.2044049406e+18   3.9138919581e+61   7.3795090679e-24   1.1196803225e-13   1.6923621424e+05   2.0000000000e-02 
  1.6098959818e+21   1.1931937097e+18   3.8832426573e+61   7.4559724650e-24   1.1275119616e-13   1.6993946473e+05   2.0000000000e-02 
  1.6110805185e+21   1.1845366904e+18   3.8607663756e+61   7.5269928229e-24   1.1347702942e-13   1.7056325620e+05   2.0000000000e-02 
  1.6122133058e+21   1.1327872645e+18   3.6974136529e+61   7.5921183214e-24   1.1414276110e-13   1.7110723713e+05   2.0000000000e-02 
  1.6131301732e+21   9.1686736879e+17   2.9964590233e+61   7.6474619841e-24   1.1471539689e-13   1.7156276437e+05   2.0000000000e-02 
  1.6141950475e+21   1.0648743781e+18   3.4844459310e+61   7.7010217046e-24   1.1528140998e-13   1.7199831154e+05   2.0000000000e-02 
  1.6151005244e+21   9.0547688917e+17   2.9664897246e+61   7.7549522030e-24   1.1585016070e-13   1.7243818811e+05   2.0000000000e-02 
  1.6161654604e+21   1.0649360023e+18   3.4931627122e+61   7.8099372478e-24   1.1642887019e-13   1.7288448786e+05   2.0000000000e-02 
  1.6170674078e+21   9.0194740593e+17   2.9621365023e+61   7.8655210247e-24   1.1701271678e-13   1.7333655671e+05   2.0000000000e-02 
  1.6181258110e+21   1.0584031836e+18   3.4801781251e+61   7.9219934202e-24   1.1760469447e-13   1.7379170258e+05   2.0000000000e-02 
  1.6190231057e+21   8.9729469522e+17   2.9539989797e+61   7.9789337386e-24   1.1820035964e-13   1.7425183203e+05   2.0000000000e-02 
  1.6200775745e+21   1.0544687814e+18   3.4756217728e+61   8.0367785785e-24   1.1880425396e-13   1.7471482505e+05   2.0000000000e-02 
  1.6209167101e+21   8.3913555633e+17   2.7690993417e+61   8.0935234561e-24   1.1939544874e-13   1.7516863906e+05   2.0000000000e-02 
  1.6216920792e+21   7.7536912352e+17   2.5612235990e+61   8.1425564902e-24   1.1990535153e-13   1.7555839603e+05   2.0000000000e-02 
  1.6224753518e+21   7.8327259132e+17   2.5898185119e+61   8.1904113433e-24   1.2040215705e-13   1.7593775356e+05   2.0000000000e-02 
  1.6232444649e+21   7.6911314123e+17   2.5454359113e+61   8.2386197695e-24   1.2090178097e-13   1.7631785298e+05   2.0000000000e-02 
  1.6239702894e+21   7.2582446539e+17   2.4043822103e+61   8.2854414696e-24   1.2138617804e-13   1.7668634195e+05   2.0000000000e-02 
  1.6244176343e+21   4.4734494133e+17   1.4829557101e+61   8.3225305187e-24   1.2176933131e-13   1.7697584107e+05   2.0000000000e-02 
  1.6248058915e+21   3.8825714869e+17   1.2877409715e+61   8.3490597138e-24   1.2204309837e-13   1.7718315707e+05   2.0000000000e-02 
  1.6251859057e+21   3.8001420873e+17   1.2609975406e+61   8.3736237800e-24   1.2229636821e-13   1.7737385428e+05   2.0000000000e-02 
  1.6255699626e+21   3.8405687542e+17   1.2750115807e+61   8.3981208344e-24   1.2254873519e-13   1.7756421805e+05   2.0000000000e-02 
  1.6259557392e+21   3.8577667164e+17   1.2813277122e+61   8.4229464033e-24   1.2280427727e-13   1.7775600023e+05   2.0000000000e-02 
  1.6263416554e+21   3.8591618644e+17   1.2823995936e+61   8.4479018015e-24   1.2306093580e-13   1.7794878717e+05   2.0000000000e-02 
  1.6267270131e+21   3.8535769382e+17   1.2811511497e+61   8.4729783144e-24   1.2331862634e-13   1.7814146140e+05   2.0000000000e-02 
  1.6271119829e+21   3.8496979413e+17   1.2804677623e+61   8.4980961892e-24   1.2357652064e-13   1.7833437596e+05   2.0000000000e-02 
  1.6274966031e+21   3.8462016412e+17   1.2799100676e+61   8.5233219921e-24   1.2383530759e-13   1.7852710528e+05   2.0000000000e-02 
  1.6278809542e+21   3.8435115126e+17   1.2796193278e+61   8.5486002232e-24   1.2409441028e-13   1.7872013999e+05   2.0000000000e-02 
  1.6282650447e+21   3.8409053359e+17   1.2793554317e+61   8.5739940776e-24   1.2435448066e-13   1.7891304173e+05   2.0000000000e-02 
  1.6286488592e+21   3.8381450247e+17   1.2790390726e+61   8.5994428998e-24   1.2461489083e-13   1.7910628275e+05   2.0000000000e-02 
  1.6290323843e+21   3.8352509073e+17   1.2786769332e+61   8.6250101028e-24   1.2487629297e-13   1.7929937981e+05   2.0000000000e-02 
  1.6294156197e+21   3.8323535888e+17   1.2783125045e+61   8.6506304803e-24   1.2513801440e-13   1.7949284136e+05   2.0000000000e-02 
  1.6297985687e+21   3.8294896919e+17   1.2779580091e+61   8.6763749271e-24   1.2540078217e-13   1.7968615510e+05   2.0000000000e-02 
  1.6301812343e+21   3.8266567267e+17   1.2776126370e+61   8.7021721123e-24   1.2566386241e-13   1.7987988797e+05   2.0000000000e-02 
  1.6305636125e+21   3.8237815649e+17   1.2772519752e+61   8.7281010742e-24   1.2592806382e-13   1.8007347499e+05   2.0000000000e-02 
  1.6309457062e+21   3.8209368323e+17   1.2769002738e+61   8.7540814607e-24   1.2619256187e-13   1.8026754607e+05   2.0000000000e-02 
  1.6313275129e+21   3.8180672497e+17   1.2765390658e+61   8.7802024738e-24   1.2645826723e-13   1.8046147105e+05   2.0000000000e-02 
  1.6317090273e+21   3.8151443653e+17   1.2761588168e+61   8.8063731681e-24   1.2672424896e-13   1.8065595446e+05   2.0000000000e-02 
  1.6320902521e+21   3.8122477787e+17   1.2757861383e+61   8.8326940814e-24   1.2699153143e-13   1.8085028791e+05   2.0000000000e-02 
  1.6324711823e+21   3.8093020861e+17   1.2753957952e+61   8.8590633033e-24   1.2725907376e-13   1.8104525731e+05   2.0000000000e-02 
  1.6328518169e+21   3.8063454118e+17   1.2750005308e+61   8.8855928160e-24   1.2752801472e-13   1.8124007248e+05   2.0000000000e-02 
  1.6332321590e+21   3.8034212396e+17   1.2746149143e+61   8.9121694076e-24   1.2779720019e-13   1.8143560172e+05   2.0000000000e-02 
  1.6336122032e+21   3.8004417799e+17   1.2742095256e+61   8.9389169115e-24   1.2806788727e-13   1.8163097763e+05   2.0000000000e-02 
  1.6339919513e+21   3.7974811359e+17   1.2738091933e+61   8.9657097632e-24   1.2833879848e-13   1.8182714999e+05   2.0000000000e-02 
  1.6343713983e+21   3.7944706193e+17   1.2733908729e+61   8.9926849922e-24   1.2861132201e-13   1.8202316640e+05   2.0000000000e-02 
  1.6347505448e+21   3.7914641618e+17   1.2729726454e+61   9.0197033459e-24   1.2888404412e-13   1.8222007372e+05   2.0000000000e-02 
  1.6351293858e+21   3.7884102532e+17   1.2725372075e+61   9.0469169240e-24   1.2915850281e-13   1.8241682278e+05   2.0000000000e-02 
  1.6355079241e+21   3.7853834075e+17   1.2721095768e+61   9.0741715078e-24   1.2943313578e-13   1.8261456428e+05   2.0000000000e-02 
  1.6358861504e+21   3.7822629561e+17   1.2716491909e+61   9.1016350784e-24   1.2970963832e-13   1.8281214021e+05   2.0000000000e-02 
  1.6362640678e+21   3.7791734191e+17   1.2711978865e+61   9.1291379355e-24   1.2998629420e-13   1.8301080712e+05   2.0000000000e-02 
  1.6366416704e+21   3.7760262912e+17   1.2707258922e+61   9.1568627427e-24   1.3026494444e-13   1.8320930788e+05   2.0000000000e-02 
  1.6370189587e+21   3.7728831545e+17   1.2702539110e+61   9.1846249822e-24   1.3054372589e-13   1.8340899136e+05   2.0000000000e-02 
  1.6373959307e+21   3.7697194948e+17   1.2697736868e+61   9.2126216327e-24   1.3082462061e-13   1.8360850563e+05   2.0000000000e-02 
  1.6377725829e+21   3.7665219272e+17   1.2692806957e+61   9.2406543157e-24   1.3110562989e-13   1.8380928724e+05   2.0000000000e-02 
  1.6381489108e+21   3.7632790542e+17   1.2687710740e+61   9.2689326449e-24   1.3138885481e-13   1.8400989804e+05   2.0000000000e-02 
  1.6385249147e+21   3.7600393833e+17   1.2682611593e+61   9.2972448355e-24   1.3167217142e-13   1.8421185345e+05   2.0000000000e-02 
  1.6389005896e+21   3.7567494153e+17   1.2677328967e+61   9.3258138981e-24   1.3195781174e-13   1.8441363149e+05   2.0000000000e-02 
  1.6392759349e+21   3.7534525658e+17   1.2672009163e+61   9.3544169563e-24   1.3224353751e-13   1.8461681105e+05   2.0000000000e-02 
  1.6396509482e+21   3.7501333747e+17   1.2666599917e+61   9.3832858699e-24   1.3253167054e-13   1.8481980995e+05   2.0000000000e-02 
  1.6400256265e+21   3.7467825654e+17   1.2661069741e+61   9.4121877318e-24   1.3281987475e-13   1.8502426929e+05   2.0000000000e-02 
  1.6403999635e+21   3.7433699871e+17   1.2655316493e+61   9.4413634627e-24   1.3311055809e-13   1.8522854369e+05   2.0000000000e-02 
  1.6407739595e+21   3.7399603890e+17   1.2649558847e+61   9.4705757925e-24   1.3340134533e-13   1.8543429931e+05   2.0000000000e-02 
  1.6411475958e+21   3.7363623569e+17   1.2643148972e+61   9.5000593144e-24   1.3369457597e-13   1.8563992548e+05   2.0000000000e-02 
  1.6415208724e+21   3.7327659116e+17   1.2636729148e+61   9.5295912312e-24   1.3398802494e-13   1.8584697710e+05   2.0000000000e-02 
  1.6418937844e+21   3.7291201672e+17   1.2630127008e+61   9.5593846238e-24   1.3428381321e-13   1.8605399589e+05   2.0000000000e-02 
  1.6422663356e+21   3.7255122573e+17   1.2623637572e+61   9.5892452532e-24   1.3458000143e-13   1.8626234694e+05   2.0000000000e-02 
  1.6426385191e+21   3.7218354551e+17   1.2616899198e+61   9.6193534896e-24   1.3487838435e-13   1.8647079446e+05   2.0000000000e-02 
  1.6430103326e+21   3.7181344656e+17   1.2610063124e+61   9.6495516560e-24   1.3517738633e-13   1.8668044822e+05   2.0000000000e-02 
  1.6433817911e+21   3.7145855127e+17   1.2603727279e+61   9.6799794335e-24   1.3547839754e-13   1.8689035713e+05   2.0000000000e-02 
  1.6437529222e+21   3.7113105683e+17   1.2598306741e+61   9.7105253599e-24   1.3578030098e-13   1.8710134739e+05   2.0000000000e-02 
  1.6441237245e+21   3.7080232664e+17   1.2592830449e+61   9.7412832695e-24   1.3608403189e-13   1.8731278744e+05   2.0000000000e-02 
  1.6444941776e+21   3.7045307507e+17   1.2586642930e+61   9.7721875088e-24   1.3638892704e-13   1.8752516319e+05   2.0000000000e-02 
  1.6448642565e+21   3.7007889328e+17   1.2579593039e+61   9.8032812562e-24   1.3669541997e-13   1.8773815218e+05   2.0000000000e-02 
  1.6452339389e+21   3.6968240704e+17   1.2571768573e+61   9.8345473162e-24   1.3700332640e-13   1.8795191727e+05   2.0000000000e-02 
  1.6456032149e+21   3.6927600411e+17   1.2563589734e+61   9.8659847358e-24   1.3731264268e-13   1.8816647259e+05   2.0000000000e-02 
  1.6459720794e+21   3.6886453042e+17   1.2555220906e+61   9.8976245116e-24   1.3762365742e-13   1.8838172128e+05   2.0000000000e-02 
  1.6463405280e+21   3.6844853593e+17   1.2546680526e+61   9.9294252351e-24   1.3793585785e-13   1.8859791019e+05   2.0000000000e-02 
  1.6467085590e+21   3.6803108072e+17   1.2538072605e+61   9.9614327160e-24   1.3824980515e-13   1.8881458536e+05   2.0000000000e-02 
  1.6470761714e+21   3.6761236686e+17   1.2529403955e+61   9.9935756409e-24   1.3856479864e-13   1.8903212717e+05   2.0000000000e-02 
  1.6474433594e+21   3.6718799150e+17   1.2520524349e+61   1.0025924492e-23   1.3888152286e-13   1.8925003364e+05   2.0000000000e-02 
  1.6478101230e+21   3.6676362301e+17   1.2511626868e+61   1.0058399948e-23   1.3919919913e-13   1.8946877027e+05   2.0000000000e-02 
  1.6481764572e+21   3.6633415496e+17   1.2502537210e+61   1.0091080806e-23   1.3951859417e-13   1.8968780386e+05   2.0000000000e-02 
  1.6485423586e+21   3.6590137495e+17   1.2493316132e+61   1.0123885004e-23   1.3983890297e-13   1.8990762865e+05   2.0000000000e-02 
  1.6489078255e+21   3.6546696201e+17   1.2484020812e+61   1.0156893631e-23   1.4016091387e-13   1.9012770953e+05   2.0000000000e-02 
  1.6492728548e+21   3.6502930612e+17   1.2474596133e+61   1.0190023865e-23   1.4048381593e-13   1.9034854962e+05   2.0000000000e-02 
  1.6496374420e+21   3.6458721392e+17   1.2465001104e+61   1.0223358041e-23   1.4080840781e-13   1.9056961590e+05   2.0000000000e-02 
  1.6500015878e+21   3.6414580747e+17   1.2455410708e+61   1.0256810030e-23   1.4113384913e-13   1.9079142605e+05   2.0000000000e-02 
  1.6503652870e+21   3.6369915028e+17   1.2445621814e+61   1.0290468763e-23   1.4146099991e-13   1.9101341702e+05   2.0000000000e-02 
  1.6507285395e+21   3.6325247708e+17   1.2435813369e+61   1.0324238117e-23   1.4178892592e-13   1.9123615732e+05   2.0000000000e-02 
  1.6510913434e+21   3.6280394661e+17   1.2425922311e+61   1.0358220579e-23   1.4211861623e-13   1.9145900302e+05   2.0000000000e-02 
  1.6514536962e+21   3.6235274986e+17   1.2415920819e+61   1.0392305532e-23   1.4244899756e-13   1.9168260861e+05   2.0000000000e-02 
  1.6518155958e+21   3.6189958197e+17   1.2405832582e+61   1.0426607385e-23   1.4278117437e-13   1.9190624604e+05   2.0000000000e-02 
  1.6521770423e+21   3.6144658651e+17   1.2395731027e+61   1.0461008317e-23   1.4311400230e-13   1.9213062115e+05   2.0000000000e-02 
  1.6525380311e+21   3.6098879322e+17   1.2385445617e+61   1.0495620095e-23   1.4344856270e-13   1.9235500769e+05   2.0000000000e-02 
  1.6528985635e+21   3.6053237046e+17   1.2375187854e+61   1.0530337075e-23   1.4378382633e-13   1.9258004435e+05   2.0000000000e-02 
  1.6532586364e+21   3.6007287688e+17   1.2364805288e+61   1.0565247913e-23   1.4412065382e-13   1.9280513886e+05   2.0000000000e-02 
  1.6536182481e+21   3.5961172867e+17   1.2354346418e+61   1.0600279245e-23   1.4445832608e-13   1.9303073829e+05   2.0000000000e-02 
  1.6539773985e+21   3.5915036311e+17   1.2343860571e+61   1.0635482869e-23   1.4479734845e-13   1.9325648081e+05   2.0000000000e-02 
  1.6543360853e+21   3.5868680986e+17   1.2333279987e+61   1.0670825932e-23   1.4513739305e-13   1.9348257678e+05   2.0000000000e-02 
  1.6546943068e+21   3.5822147438e+17   1.2322618505e+61   1.0706323808e-23   1.4547861202e-13   1.9370891103e+05   2.0000000000e-02 
  1.6550520631e+21   3.5775634508e+17   1.2311944481e+61   1.0741978428e-23   1.4582101449e-13   1.9393550660e+05   2.0000000000e-02 
  1.6554093512e+21   3.5728811226e+17   1.2301143970e+61   1.0777781510e-23   1.4616452147e-13   1.9416244638e+05   2.0000000000e-02 
  1.6557661697e+21   3.5681851566e+17   1.2290276742e+61   1.0813758547e-23   1.4650936994e-13   1.9438966858e+05   2.0000000000e-02 
  1.6561225183e+21   3.5634858113e+17   1.2279378093e+61   1.0849892877e-23   1.4685530104e-13   1.9461735196e+05   2.0000000000e-02 
  1.6564783934e+21   3.5587510240e+17   1.2268337465e+61   1.0886198951e-23   1.4720249334e-13   1.9484523101e+05   2.0000000000e-02 
  1.6568337954e+21   3.5540195982e+17   1.2257288522e+61   1.0922640941e-23   1.4755066740e-13   1.9507338516e+05   2.0000000000e-02 
  1.6571887233e+21   3.5492789741e+17   1.2246187960e+61   1.0959240446e-23   1.4790002640e-13   1.9530164799e+05   2.0000000000e-02 
  1.6575431749e+21   3.5445162921e+17   1.2234991344e+61   1.0995978468e-23   1.4825038363e-13   1.9553014455e+05   2.0000000000e-02 
  1.6578971503e+21   3.5397534848e+17   1.2223774319e+61   1.1032877383e-23   1.4860194935e-13   1.9575880806e+05   2.0000000000e-02 
  1.6582506477e+21   3.5349740016e+17   1.2212479714e+61   1.1069933977e-23   1.4895468575e-13   1.9598780540e+05   2.0000000000e-02 
  1.6586036638e+21   3.5301612266e+17   1.2201050008e+61   1.1107176012e-23   1.4930885127e-13   1.9621722310e+05   2.0000000000e-02 
  1.6589561974e+21   3.5253360505e+17   1.2189557274e+61   1.1144626155e-23   1.4966464996e-13   1.9644735159e+05   2.0000000000e-02 
  1.6593082428e+21   3.5204540831e+17   1.2177847874e+61   1.1182336600e-23   1.5002256423e-13   1.9667856127e+05   2.0000000000e-02 
  1.6596597927e+21   3.5154990772e+17   1.2165865259e+61   1.1220383467e-23   1.5038329334e-13   1.9691149120e+05   2.0000000000e-02 
  1.6600108377e+21   3.5104496611e+17   1.2153535012e+61   1.1258888089e-23   1.5074795350e-13   1.9714714761e+05   2.0000000000e-02 
  1.6603613589e+21   3.5052123140e+17   1.2140532621e+61   1.1298038683e-23   1.5111829000e-13   1.9738713112e+05   2.0000000000e-02 
  1.6607113376e+21   3.4997873741e+17   1.2126858181e+61   1.1338179532e-23   1.5149732006e-13   1.9763298288e+05   2.0000000000e-02 
  1.6610607860e+21   3.4944837378e+17   1.2113581634e+61   1.1378436212e-23   1.5187821639e-13   1.9787952593e+05   2.0000000000e-02 
  1.6614097705e+21   3.4898450801e+17   1.2102589543e+61   1.1416140560e-23   1.5223531000e-13   1.9810438755e+05   2.0000000000e-02 
  1.6617583886e+21   3.4861811861e+17   1.2094960800e+61   1.1450735969e-23   1.5256282647e-13   1.9830223912e+05   2.0000000000e-02 
  1.6621067246e+21   3.4833600901e+17   1.2090242964e+61   1.1482630656e-23   1.5286415400e-13   1.9847643574e+05   2.0000000000e-02 
  1.6624548246e+21   3.4810001115e+17   1.2087115354e+61   1.1512976377e-23   1.5315231333e-13   1.9863875581e+05   2.0000000000e-02 
  1.6628027025e+21   3.4787781931e+17   1.2084458197e+61   1.1543021307e-23   1.5344400088e-13   1.9879828361e+05   2.0000000000e-02 
  1.6631503546e+21   3.4765208408e+17   1.2081669242e+61   1.1573273116e-23   1.5373745845e-13   1.9895945607e+05   2.0000000000e-02 
  1.6634977742e+21   3.4741960226e+17   1.2078636898e+61   1.1603791984e-23   1.5403331512e-13   1.9912231703e+05   2.0000000000e-02 
  1.6638449560e+21   3.4718180350e+17   1.2075410510e+61   1.1634603564e-23   1.5433181886e-13   1.9928682908e+05   2.0000000000e-02 
  1.6641918929e+21   3.4693691887e+17   1.2071928208e+61   1.1665674533e-23   1.5463264926e-13   1.9945305463e+05   2.0000000000e-02 
  1.6645385786e+21   3.4668576679e+17   1.2068218079e+61   1.1697022727e-23   1.5493597363e-13   1.9962069650e+05   2.0000000000e-02 
  1.6648850100e+21   3.4643136381e+17   1.2064384836e+61   1.1728599594e-23   1.5524131842e-13   1.9978981562e+05   2.0000000000e-02 
  1.6652311799e+21   3.4616986497e+17   1.2060294309e+61   1.1760434430e-23   1.5554895916e-13   1.9996010129e+05   2.0000000000e-02 
  1.6655770850e+21   3.4590512598e+17   1.2056080506e+61   1.1792479508e-23   1.5585842947e-13   2.0013173911e+05   2.0000000000e-02 
  1.6659227200e+21   3.4563504123e+17   1.2051669809e+61   1.1824783726e-23   1.5617019428e-13   2.0030447479e+05   2.0000000000e-02 
  1.6662680795e+21   3.4535941277e+17   1.2047055006e+61   1.1857306213e-23   1.5648385391e-13   2.0047861687e+05   2.0000000000e-02 
  1.6666131581e+21   3.4507860619e+17   1.2042248541e+61   1.1890109337e-23   1.5680000346e-13   2.0065396821e+05   2.0000000000e-02 
  1.6669579507e+21   3.4479266891e+17   1.2037251775e+61   1.1923151665e-23   1.5711823933e-13   2.0083092211e+05   2.0000000000e-02 
  1.6673024504e+21   3.4449967667e+17   1.2031997198e+61   1.1956498137e-23   1.5743918403e-13   2.0100927788e+05   2.0000000000e-02 
  1.6676466528e+21   3.4420239243e+17   1.2026580965e+61   1.1990106984e-23   1.5776243238e-13   2.0118937629e+05   2.0000000000e-02 
  1.6679905502e+21   3.4389739752e+17   1.2020883312e+61   1.2024035558e-23   1.5808853397e-13   2.0137095268e+05   2.0000000000e-02 
  1.6683341374e+21   3.4358716570e+17   1.2014990322e+61   1.2058234310e-23   1.5841700823e-13   2.0155425410e+05   2.0000000000e-02 
  1.6686774089e+21   3.4327152140e+17   1.2008895558e+61   1.2092739318e-23   1.5874820117e-13   2.0173897474e+05   2.0000000000e-02 
  1.6690203587e+21   3.4294982977e+17   1.2002576491e+61   1.2127498059e-23   1.5908160465e-13   2.0192521800e+05   2.0000000000e-02 
  1.6693629826e+21   3.4262385378e+17   1.1996094519e+61   1.2162529084e-23   1.5941739613e-13   2.0211263106e+05   2.0000000000e-02 
  1.6697052767e+21   3.4229410458e+17   1.1989467312e+61   1.2197784234e-23   1.5975510661e-13   2.0230120026e+05   2.0000000000e-02 
  1.6700472363e+21   3.4195962833e+17   1.1982661229e+61   1.2233260718e-23   1.6009470728e-13   2.0249069498e+05   2.0000000000e-02 
  1.6703888593e+21   3.4162301624e+17   1.1975766861e+61   1.2268925401e-23   1.6043587826e-13   2.0268092457e+05   2.0000000000e-02 
  1.6707301410e+21   3.4128169196e+17   1.1968693725e+61   1.2304883672e-23   1.6077957348e-13   2.0287109586e+05   2.0000000000e-02 
  1.6710710812e+21   3.4094021092e+17   1.1961601415e+61   1.2340831876e-23   1.6112282547e-13   2.0306353447e+05   2.0000000000e-02 
  1.6714116794e+21   3.4059817447e+17   1.1954475935e+61   1.2376894776e-23   1.6146730306e-13   2.0325642391e+05   2.0000000000e-02 
  1.6717519231e+21   3.4024366718e+17   1.1946898794e+61   1.2413591823e-23   1.6181743669e-13   2.0344525714e+05   2.0000000000e-02 
  1.6720918117e+21   3.3988868725e+17   1.1939290834e+61   1.2450500277e-23   1.6216886344e-13   2.0363658518e+05   2.0000000000e-02 
  1.6724313595e+21   3.3954771714e+17   1.1932161076e+61   1.2486265197e-23   1.6250898132e-13   2.0383772659e+05   2.0000000000e-02 
  1.6727705490e+21   3.3918954162e+17   1.1924412715e+61   1.2523056791e-23   1.6286071804e-13   2.0403587714e+05   2.0000000000e-02 
  1.6731093365e+21   3.3878752304e+17   1.1915107747e+61   1.2562530130e-23   1.6323631577e-13   2.0420945167e+05   2.0000000000e-02 
  1.6734476687e+21   3.3833220700e+17   1.1903910974e+61   1.2602301730e-23   1.6361064121e-13   2.0439746623e+05   2.0000000000e-02 
  1.6737853447e+21   3.3767596004e+17   1.1885621885e+61   1.2639544683e-23   1.6396019953e-13   2.0472926245e+05   2.0000000000e-02 
  1.6741240354e+21   3.3869074225e+17   1.1926158815e+61   1.2669092867e-23   1.6426076931e-13   2.0495917728e+05   2.0000000000e-02 
  1.6744782883e+21   3.5425286197e+17   1.2479304748e+61   1.2566252301e-23   1.6340265242e-13   2.0388629659e+05   2.0000000000e-02 
  1.6750078113e+21   5.2952303137e+17   1.8663414015e+61   1.1039915417e-23   1.4939037801e-13   1.9128459107e+05   2.0000000000e-02 
  1.6760687689e+21   1.0609575726e+18   3.7429722681e+61   5.2051257001e-24   9.0495795429e-14   1.1574696455e+05   2.0000000000e-02 
  1.6777038172e+21   1.6350482765e+18   5.7776031545e+61   2.6308779626e-24   5.7988374625e-14   2.6798124959e+04   2.0000000000e-02 
  1.6795832021e+21   1.8793849318e+18   6.6549163540e+61   2.2783691336e-24   5.2702498046e-14   3.8385332641e+03   2.0000000000e-02 
  1.6815086457e+21   1.9254435720e+18   6.8334729040e+61   2.2313923377e-24   5.1976854602e-14   4.8626803395e+02   2.0000000000e-02 
  1.6834402958e+21   1.9316501264e+18   6.8712435896e+61   2.2254345106e-24   5.1884527548e-14   6.0554718991e+01   2.0000000000e-02 
  1.6853727253e+21   1.9324295029e+18   6.8898123516e+61   2.2246923684e-24   5.1873020346e-14   7.5144471908e+00   2.0000000000e-02 
  1.6873052515e+21   1.9325262153e+18   6.9059760468e+61   2.2246002741e-24   5.1871591995e-14   9.3069850985e-01   2.0000000000e-02 
  1.6892377897e+21   1.9325382081e+18   6.9218564665e+61   2.2245888687e-24   5.1871415052e-14   1.1507425926e-01   2.0000000000e-02 
  1.6911703294e+21   1.9325396911e+18   6.9377175480e+61   2.2245874586e-24   5.1871393171e-14   1.4209825489e-02   2.0000000000e-02 
  1.6931028693e+21   1.9325398746e+18   6.9535921242e+61   2.2245872840e-24   5.1871390462e-14   1.7521479913e-03   2.0000000000e-02 
  1.6950354092e+21   1.9325398978e+18   6.9694842656e+61   2.2245872620e-24   5.1871390123e-14   1.9078856821e-04   2.0000000000e-02 
  1.6969679491e+21   1.9325399000e+18   6.9853944711e+61   2.2245872599e-24   5.1871390087e-14   1.4816246254e-05   2.0000000000e-02 
  1.6989004890e+21   1.9325399000e+18   7.0013228082e+61   2.2245872600e-24   5.1871390088e-14   2.7042726303e-06   2.0000000000e-02 
  1.7008330289e+21   1.9325399000e+18   7.0172692847e+61   2.2245872600e-24   5.1871390089e-14   2.6778803575e-06   2.0000000000e-02 
  1.7027655688e+21   1.9325399000e+18   7.0332339008e+61   2.2245872600e-24   5.1871390089e-14   2.8758840230e-06   2.0000000000e-02 
  1.7046981087e+21   1.9325399000e+18   7.0492166564e+61   2.2245872600e-24   5.1871390089e-14   3.2551533311e-06   2.0000000000e-02 
  1.7066306486e+21   1.9325399000e+18   7.0652175515e+61   2.2245872600e-24   5.1871390089e-14   3.5924158584e-06   2.0000000000e-02 
  1.7085631885e+21   1.9325399000e+18   7.0812365861e+61   2.2245872600e-24   5.1871390089e-14   3.7218446144e-06   2.0000000000e-02 
  1.7104957284e+21   1.9325399000e+18   7.0972737602e+61   2.2245872600e-24   5.1871390089e-14   3.9526023851e-06   2.0000000000e-02 
  1.7124282683e+21   1.9325399000e+18   7.1133290737e+61   2.2245872600e-24   5.1871390088e-14   4.2934931857e-06   2.0000000000e-02 
  1.7143608082e+21   1.9325399000e+18   7.1294025268e+61   2.2245872600e-24   5.1871390088e-14   4.6356557989e-06   2.0000000000e-02 
  1.7162933481e+21   1.9325399000e+18   7.1454941194e+61   2.2245872600e-24   5.1871390088e-14   4.9634721006e-06   2.0000000000e-02 
  1.7182258881e+21   1.9325400000e+18   7.1616042225e+61   2.2245872600e-24   5.1871390088e-14   5.1618772248e-06   2.0000000000e-02 
  1.7201584280e+21   1.9325399000e+18   7.1777317239e+61   2.2245872600e-24   5.1871390088e-14   5.2410034247e-06   2.0000000000e-02 
  1.7220909679e+21   1.9325399000e+18   7.1938777349e+61   2.2245872600e-24   5.1871390088e-14   5.2566983256e-06   2.0000000000e-02 
  1.7240235078e+21   1.9325399000e+18   7.2100418855e+61   2.2245872600e-24   5.1871390088e-14   5.2574607163e-06   2.0000000000e-02 
  1.7259560477e+21   1.9325399000e+18   7.2262241756e+61   2.2245872600e-24   5.1871390088e-14   5.3111422480e-06   2.0000000000e-02 
  1.7278885876e+21   1.9325399000e+18   7.2424246051e+61   2.2245872600e-24   5.1871390088e-14   5.2369021060e-06   2.0000000000e-02 
  1.7298211275e+21   1.9325399000e+18   7.2586431742e+61   2.2245872600e-24   5.1871390088e-14   4.9220821221e-06   2.0000000000e-02 
  1.7317536674e+21   1.9325399000e+18   7.2748798828e+61   2.2245872600e-24   5.1871390088e-14   4.5107619862e-06   2.0000000000e-02 
  1.7336862073e+21   1.9325399000e+18   7.2911347308e+61   2.2245872600e-24   5.1871390088e-14   3.9372249541e-06   2.0000000000e-02 
  1.7356187472e+21   1.9325399000e+18   7.3074077184e+61   2.2245872600e-24   5.1871390088e-14   3.5937506115e-06   2.0000000000e-02 
  1.7375512871e+21   1.9325399000e+18   7.3236988454e+61   2.2245872600e-24   5.1871390088e-14   3.4440191098e-06   2.0000000000e-02 
  1.7394838270e+21   1.9325399000e+18   7.3400081120e+61   2.2245872600e-24   5.1871390088e-14   3.4018344563e-06   2.0000000000e-02 
  1.7414163669e+21   1.9325399000e+18   7.3563355180e+61   2.2245872600e-24   5.1871390088e-14   3.4443429751e-06   2.0000000000e-02 
  1.7433489068e+21   1.9325399000e+18   7.3726810636e+61   2.2245872600e-24   5.1871390088e-14   3.4654199952e-06   2.0000000000e-02 
  1.7452814467e+21   1.9325399000e+18   7.3890447486e+61   2.2245872600e-24   5.1871390088e-14   3.4002315276e-06   2.0000000000e-02 
  1.7472139866e+21   1.9325399000e+18   7.4054265732e+61   2.2245872600e-24   5.1871390088e-14   3.1817808412e-06   2.0000000000e-02 
  1.7491465265e+21   1.9325399000e+18   7.4218265372e+61   2.2245872600e-24   5.1871390088e-14   3.0199767643e-06   2.0000000000e-02 
  1.7510790664e+21   1.9325399000e+18   7.4382446408e+61   2.2245872600e-24   5.1871390088e-14   2.9985319074e-06   2.0000000000e-02 
  1.7530116064e+21   1.9325400000e+18   7.4546812700e+61   2.2245872600e-24   5.1871390088e-14   3.0547484560e-06   2.0000000000e-02 
  1.7549441463e+21   1.9325399000e+18   7.4711352672e+61   2.2245872600e-24   5.1871390088e-14   3.2965621038e-06   2.0000000000e-02 
  1.7568766862e+21   1.9325399000e+18   7.4876077892e+61   2.2245872600e-24   5.1871390088e-14   3.7076116620e-06   2.0000000000e-02 
  1.7588092261e+21   1.9325399000e+18   7.5040984508e+61   2.2245872600e-24   5.1871390088e-14   3.9830972313e-06   2.0000000000e-02 
  1.7607417660e+21   1.9325399000e+18   7.5206072518e+61   2.2245872600e-24   5.1871390088e-14   3.8954594747e-06   2.0000000000e-02 
  1.7626743059e+21   1.9325399000e+18   7.5371341924e+61   2.2245872600e-24   5.1871390088e-14   3.5616987768e-06   2.0000000000e-02 
  1.7646068458e+21   1.9325399000e+18   7.5536792724e+61   2.2245872600e-24   5.1871390088e-14   3.3981741917e-06   2.0000000000e-02 
  1.7665393857e+21   1.9325399000e+18   7.5702424919e+61   2.2245872600e-24   5.1871390088e-14   3.4618549987e-06   2.0000000000e-02 
  1.7684719256e+21   1.9325399000e+18   7.5868238509e+61   2.2245872600e-24   5.1871390087e-14   3.4089725768e-06   2.0000000000e-02 
  1.7704044655e+21   1.9325399000e+18   7.6034233495e+61   2.2245872600e-24   5.1871390087e-14   2.9721698501e-06   2.0000000000e-02 
  1.7723370054e+21   1.9325399000e+18   7.6200409875e+61   2.2245872600e-24   5.1871390087e-14   2.3713713661e-06   2.0000000000e-02 
  1.7742695453e+21   1.9325399000e+18   7.6366767650e+61   2.2245872600e-24   5.1871390087e-14   1.3105014747e-06   2.0000000000e-02 
  1.7762020852e+21   1.9325399000e+18   7.6533306820e+61   2.2245872600e-24   5.1871390087e-14  -1.9927442445e-07   2.0000000000e-02 
  1.7781346251e+21   1.9325399000e+18   7.6700027385e+61   2.2245872600e-24   5.1871390087e-14  -6.5432482649e-07   2.0000000000e-02 
  1.7800671650e+21   1.9325399000e+18   7.6866929346e+61   2.2245872600e-24   5.1871390087e-14  -5.3478349919e-07   2.0000000000e-02 
  1.7819997049e+21   1.9325399000e+18   7.7034012701e+61   2.2245872600e-24   5.1871390087e-14   1.4135710827e-07   2.0000000000e-02 
  1.7839322448e+21   1.9325399000e+18   7.7201277451e+61   2.2245872600e-24   5.1871390087e-14   1.0193034381e-06   2.0000000000e-02 
  1.7858647848e+21   1.9325400000e+18   7.7368727604e+61   2.2245872600e-24   5.1871390087e-14   1.3463426989e-06   2.0000000000e-02 
  1.7877973247e+21   1.9325399000e+18   7.7536351145e+61   2.2245872600e-24   5.1871390087e-14   1.4179729311e-06   2.0000000000e-02 
  1.7897298646e+21   1.9325399000e+18   7.7704160080e+61   2.2245872600e-24   5.1871390087e-14   1.4642196832e-06   2.0000000000e-02 
  1.7916624045e+21   1.9325399000e+18   7.7872150410e+61   2.2245872600e-24   5.1871390087e-14   1.5266289201e-06   2.0000000000e-02 
  1.7935949444e+21   1.9325399000e+18   7.8040322135e+61   2.2245872600e-24   5.1871390087e-14   1.5692360597e-06   2.0000000000e-02 
  1.7955274843e+21   1.9325399000e+18   7.8208675255e+61   2.2245872600e-24   5.1871390087e-14   1.5656592298e-06   2.0000000000e-02 
  1.7974600242e+21   1.9325399000e+18   7.8377209770e+61   2.2245872600e-24   5.1871390087e-14   1.5810244875e-06   2.0000000000e-02 
  1.7993925641e+21   1.9325399000e+18   7.8545925680e+61   2.2245872600e-24   5.1871390087e-14   1.8395683516e-06   2.0000000000e-02 
  1.8013251040e+21   1.9325399000e+18   7.8714822985e+61   2.2245872600e-24   5.1871390087e-14   2.2446899612e-06   2.0000000000e-02 
  1.8032576439e+21   1.9325399000e+18   7.8883901685e+61   2.2245872600e-24   5.1871390087e-14   2.5067885913e-06   2.0000000000e-02 
  1.8051901838e+21   1.9325399000e+18   7.9053161780e+61   2.2245872600e-24   5.1871390087e-14   2.5725147282e-06   2.0000000000e-02 
  1.8071227237e+21   1.9325399000e+18   7.9222603270e+61   2.2245872600e-24   5.1871390087e-14   2.5386310910e-06   2.0000000000e-02 
  1.8090552636e+21   1.9325399000e+18   7.9392226155e+61   2.2245872600e-24   5.1871390087e-14   2.4578632296e-06   2.0000000000e-02 
  1.8109878035e+21   1.9325399000e+18   7.9562030434e+61   2.2245872600e-24   5.1871390087e-14   2.3990561809e-06   2.0000000000e-02 
  1.8129203434e+21   1.9325399000e+18   7.9732016109e+61   2.2245872600e-24   5.1871390087e-14   2.1030724122e-06   2.0000000000e-02 
  1.8148528833e+21   1.9325399000e+18   7.9902183179e+61   2.2245872600e-24   5.1871390087e-14   1.7744195488e-06   2.0000000000e-02 
  1.8167854232e+21   1.9325399000e+18   8.0072531644e+61   2.2245872600e-24   5.1871390087e-14   1.6713321875e-06   2.0000000000e-02 
  1.8187179631e+21   1.9325399000e+18   8.0243061504e+61   2.2245872600e-24   5.1871390087e-14   1.7043852936e-06   2.0000000000e-02 
  1.8206505031e+21   1.9325400000e+18   8.0413776924e+61   2.2245872600e-24   5.1871390087e-14   2.0654035481e-06   2.0000000000e-02 
  1.8225830430e+21   1.9325399000e+18   8.0584665417e+61   2.2245872600e-24   5.1871390087e-14   2.2725015975e-06   2.0000000000e-02 
  1.8245155829e+21   1.9325399000e+18   8.0755739462e+61   2.2245872600e-24   5.1871390087e-14   2.2604026149e-06   2.0000000000e-02 
  1.8264481228e+21   1.9325399000e+18   8.0926994902e+61   2.2245872600e-24   5.1871390087e-14   2.5128920631e-06   2.0000000000e-02 
  1.8283806627e+21   1.9325399000e+18   8.1098431736e+61   2.2245872600e-24   5.1871390087e-14   2.8280737206e-06   2.0000000000e-02 
  1.8303132026e+21   1.9325399000e+18   8.1270049966e+61   2.2245872600e-24   5.1871390087e-14   3.2086201729e-06   2.0000000000e-02 
  1.8322457425e+21   1.9325399000e+18   8.1441849591e+61   2.2245872600e-24   5.1871390088e-14   4.1126566681e-06   2.0000000000e-02 
  1.8341782824e+21   1.9325399000e+18   8.1613830610e+61   2.2245872600e-24   5.1871390088e-14   4.5131188431e-06   2.0000000000e-02 
  1.8361108223e+21   1.9325399000e+18   8.1785993025e+61   2.2245872600e-24   5.1871390088e-14   4.7257108828e-06   2.0000000000e-02 
  1.8380433622e+21   1.9325399000e+18   8.1958336835e+61   2.2245872600e-24   5.1871390088e-14   4.8514760741e-06   2.0000000000e-02 
  1.8399759021e+21   1.9325399000e+18   8.2130862039e+61   2.2245872600e-24   5.1871390088e-14   4.8834945012e-06   2.0000000000e-02 
  1.8419084420e+21   1.9325399000e+18   8.2303568639e+61   2.2245872600e-24   5.1871390088e-14   4.8626932280e-06   2.0000000000e-02 
  1.8438409819e+21   1.9325399000e+18   8.2476456633e+61   2.2245872600e-24   5.1871390088e-14   4.8100584580e-06   2.0000000000e-02 
  1.8457735218e+21   1.9325399000e+18   8.2649526023e+61   2.2245872600e-24   5.1871390088e-14   4.7600963758e-06   2.0000000000e-02 
  1.8477060617e+21   1.9325399000e+18   8.2822776807e+61   2.2245872600e-24   5.1871390088e-14   4.7308715200e-06   2.0000000000e-02 
  1.8496386016e+21   1.9325399000e+18   8.2996208987e+61   2.2245872600e-24   5.1871390088e-14   4.7118203604e-06   2.0000000000e-02 
  1.8515711415e+21   1.9325399000e+18   8.3169822561e+61   2.2245872600e-24   5.1871390088e-14   4.6651085929e-06   2.0000000000e-02 
  1.8535036815e+21   1.9325400000e+18   8.3343621848e+61   2.2245872600e-24   5.1871390088e-14   4.6099900677e-06   2.0000000000e-02 
  1.8554362214e+21   1.9325399000e+18   8.3517593904e+61   2.2245872600e-24   5.1871390088e-14   4.5690265288e-06   2.0000000000e-02 
  1.8573687613e+21   1.9325399000e+18   8.3691751664e+61   2.2245872600e-24   5.1871390088e-14   4.5002985544e-06   2.0000000000e-02 
  1.8593013012e+21   1.9325399000e+18   8.3866090818e+61   2.2245872600e-24   5.1871390088e-14   4.4218734091e-06   2.0000000000e-02 
  1.8612338411e+21   1.9325399000e+18   8.4040611368e+61   2.2245872600e-24   5.1871390088e-14   4.3478300858e-06   2.0000000000e-02 
  1.8631663810e+21   1.9325399000e+18   8.4215313312e+61   2.2245872600e-24   5.1871390088e-14   4.2903117449e-06   2.0000000000e-02 
  1.8650989209e+21   1.9325399000e+18   8.4390196651e+61   2.2245872600e-24   5.1871390088e-14   4.2273909194e-06   2.0000000000e-02 
  1.8670314608e+21   1.9325399000e+18   8.4565261386e+61   2.2245872600e-24   5.1871390088e-14   4.1600340450e-06   2.0000000000e-02 
  1.8689640007e+21   1.9325399000e+18   8.4740507515e+61   2.2245872600e-24   5.1871390088e-14   4.0832462909e-06   2.0000000000e-02 
  1.8708965406e+21   1.9325399000e+18   8.4915935039e+61   2.2245872600e-24   5.1871390088e-14   3.9461247452e-06   2.0000000000e-02 
  1.8728290805e+21   1.9325399000e+18   8.5091543959e+61   2.2245872600e-24   5.1871390088e-14   3.8699841461e-06   2.0000000000e-02 
  1.8747616204e+21   1.9325399000e+18   8.5267334273e+61   2.2245872600e-24   5.1871390088e-14   3.8223477552e-06   2.0000000000e-02 
  1.8766941603e+21   1.9325399000e+18   8.5443305982e+61   2.2245872600e-24   5.1871390088e-14   3.7385423577e-06   2.0000000000e-02 
  1.8786267002e+21   1.9325399000e+18   8.5619459086e+61   2.2245872600e-24   5.1871390088e-14   3.6565740796e-06   2.0000000000e-02 
  1.8805592401e+21   1.9325399000e+18   8.5795793586e+61   2.2245872600e-24   5.1871390088e-14   3.6121090474e-06   2.0000000000e-02 
  1.8824917800e+21   1.9325399000e+18   8.5972309480e+61   2.2245872600e-24   5.1871390088e-14   3.5013923088e-06   2.0000000000e-02 
  1.8844243199e+21   1.9325399000e+18   8.6149006769e+61   2.2245872600e-24   5.1871390088e-14   3.3925779999e-06   2.0000000000e-02 
  1.8863568598e+21   1.9325399000e+18   8.6325885453e+61   2.2245872600e-24   5.1871390088e-14   3.3675698708e-06   2.0000000000e-02 
  1.8882893998e+21   1.9325400000e+18   8.6502950013e+61   2.2245872600e-24   5.1871390088e-14   3.3748864619e-06   2.0000000000e-02 
  1.8902219397e+21   1.9325399000e+18   8.6680187016e+61   2.2245872600e-24   5.1871390088e-14   3.3804206352e-06   2.0000000000e-02 
  1.8921544796e+21   1.9325399000e+18   8.6857609885e+61   2.2245872600e-24   5.1871390088e-14   3.3505603738e-06   2.0000000000e-02 
  1.8940870195e+21   1.9325399000e+18   8.7035214149e+61   2.2245872600e-24   5.1871390088e-14   3.2730918608e-06   2.0000000000e-02 
  1.8960195594e+21   1.9325399000e+18   8.7212999808e+61   2.2245872600e-24   5.1871390088e-14   3.1766551466e-06   2.0000000000e-02 
  1.8979520993e+21   1.9325399000e+18   8.7390966862e+61   2.2245872600e-24   5.1871390088e-14   3.0979955511e-06   2.0000000000e-02 
  1.8998846392e+21   1.9325399000e+18   8.7569115311e+61   2.2245872600e-24   5.1871390088e-14   3.0238131549e-06   2.0000000000e-02 
  1.9018171791e+21   1.9325399000e+18   8.7747445155e+61   2.2245872600e-24   5.1871390088e-14   2.9297814803e-06   2.0000000000e-02 
  1.9037497190e+21   1.9325399000e+18   8.7925956394e+61   2.2245872600e-24   5.1871390088e-14   2.8899823503e-06   2.0000000000e-02 
  1.9056822589e+21   1.9325399000e+18   8.8104649028e+61   2.2245872600e-24   5.1871390088e-14   2.8949264410e-06   2.0000000000e-02 
  1.9076147988e+21   1.9325399000e+18   8.8283523057e+61   2.2245872600e-24   5.1871390088e-14   2.8794562569e-06   2.0000000000e-02 
  1.9095473387e+21   1.9325399000e+18   8.8462578481e+61   2.2245872600e-24   5.1871390088e-14   2.8456760707e-06   2.0000000000e-02 
  1.9114798786e+21   1.9325399000e+18   8.8641815300e+61   2.2245872600e-24   5.1871390088e-14   2.7917365139e-06   2.0000000000e-02 
  1.9134124185e+21   1.9325399000e+18   8.8821233514e+61   2.2245872600e-24   5.1871390088e-14   2.7311495597e-06   2.0000000000e-02 
  1.9153449584e+21   1.9325399000e+18   8.9000833123e+61   2.2245872600e-24   5.1871390088e-14   2.6820015559e-06   2.0000000000e-02 
  1.9172774983e+21   1.9325399000e+18   8.9180614127e+61   2.2245872600e-24   5.1871390088e-14   2.6255764256e-06   2.0000000000e-02 
  1.9192100382e+21   1.9325399000e+18   8.9360576526e+61   2.2245872600e-24   5.1871390088e-14   2.6084583400e-06   2.0000000000e-02 
  1.9211425782e+21   1.9325400000e+18   8.9540724957e+61   2.2245872600e-24   5.1871390088e-14   2.5891787335e-06   2.0000000000e-02 
  1.9230751181e+21   1.9325399000e+18   8.9721045518e+61   2.2245872600e-24   5.1871390088e-14   2.5750039991e-06   2.0000000000e-02 
  1.9250076580e+21   1.9325399000e+18   8.9901552101e+61   2.2245872600e-24   5.1871390088e-14   2.5598566031e-06   2.0000000000e-02 
  1.9269401979e+21   1.9325399000e+18   9.0082240080e+61   2.2245872600e-24   5.1871390088e-14   2.5508538808e-06   2.0000000000e-02 
  1.9288727378e+21   1.9325399000e+18   9.0263109454e+61   2.2245872600e-24   5.1871390088e-14   2.5572359586e-06   2.0000000000e-02 
  1.9308052777e+21   1.9325399000e+18   9.0444160223e+61   2.2245872600e-24   5.1871390088e-14   2.5436255064e-06   2.0000000000e-02 
  1.9327378176e+21   1.9325399000e+18   9.0625392386e+61   2.2245872600e-24   5.1871390088e-14   2.5017224367e-06   2.0000000000e-02 
  1.9346703575e+21   1.9325399000e+18   9.0806805945e+61   2.2245872600e-24   5.1871390088e-14   2.4376877378e-06   2.0000000000e-02 
  1.9366028974e+21   1.9325399000e+18   9.0988400899e+61   2.2245872600e-24   5.1871390088e-14   2.3751301119e-06   2.0000000000e-02 
  1.9385354373e+21   1.9325399000e+18   9.1170177248e+61   2.2245872600e-24   5.1871390088e-14   2.2928589556e-06   2.0000000000e-02 
  1.9404679772e+21   1.9325399000e+18   9.1352134991e+61   2.2245872600e-24   5.1871390088e-14   2.1129163076e-06   2.0000000000e-02 
  1.9424005171e+21   1.9325399000e+18   9.1534274130e+61   2.2245872600e-24   5.1871390088e-14   1.5861971870e-06   2.0000000000e-02 
  1.9443330570e+21   1.9325399000e+18   9.1716594664e+61   2.2245872600e-24   5.1871390088e-14   7.3042794611e-07   2.0000000000e-02 
  1.9462655969e+21   1.9325399000e+18   9.1899096592e+61   2.2245872600e-24   5.1871390088e-14  -4.2915402902e-07   2.0000000000e-02 
  1.9481981368e+21   1.9325399000e+18   9.2081779916e+61   2.2245872600e-24   5.1871390088e-14  -1.4447108316e-06   2.0000000000e-02 
  1.9501306767e+21   1.9325399000e+18   9.2264644634e+61   2.2245872600e-24   5.1871390089e-14  -1.4051263897e-06   2.0000000000e-02 
  1.9520632166e+21   1.9325399000e+18   9.2447690748e+61   2.2245872600e-24   5.1871390089e-14  -7.8409404012e-07   2.0000000000e-02 
  1.9539957565e+21   1.9325399000e+18   9.2630918256e+61   2.2245872600e-24   5.1871390089e-14   1.3030411718e-07   2.0000000000e-02 
  1.9559282965e+21   1.9325400000e+18   9.2814331967e+61   2.2245872600e-24   5.1871390089e-14   6.1155234187e-07   2.0000000000e-02 
  1.9578608364e+21   1.9325399000e+18   9.2997917468e+61   2.2245872600e-24   5.1871390089e-14   6.9124272614e-07   2.0000000000e-02 
  1.9597933763e+21   1.9325399000e+18   9.3181689161e+61   2.2245872600e-24   5.1871390089e-14   7.0988433787e-07   2.0000000000e-02 
  1.9617259162e+21   1.9325399000e+18   9.3365642250e+61   2.2245872600e-24   5.1871390089e-14   7.3313680128e-07   2.0000000000e-02 
  1.9636584561e+21   1.9325399000e+18   9.3549776733e+61   2.2245872600e-24   5.1871390089e-14   8.0515512672e-07   2.0000000000e-02 
  1.9655909960e+21   1.9325399000e+18   9.3734092612e+61   2.2245872600e-24   5.1871390089e-14   9.1132615112e-07   2.0000000000e-02 
  1.9675235359e+21   1.9325399000e+18   9.3918589885e+61   2.2245872600e-24   5.1871390089e-14   9.9385505532e-07   2.0000000000e-02 
  1.9694560758e+21   1.9325399000e+18   9.4103268554e+61   2.2245872600e-24   5.1871390089e-14   1.0250634108e-06   2.0000000000e-02 
  1.9713886157e+21   1.9325399000e+18   9.4288128617e+61   2.2245872600e-24   5.1871390089e-14   1.0063064537e-06   2.0000000000e-02 
  1.9733211556e+21   1.9325399000e+18   9.4473170075e+61   2.2245872600e-24   5.1871390089e-14   9.2987856618e-07   2.0000000000e-02 
  1.9752536955e+21   1.9325399000e+18   9.4658392929e+61   2.2245872600e-24   5.1871390089e-14   7.2590308730e-07   2.0000000000e-02 
  1.9771862354e+21   1.9325399000e+18   9.4843797177e+61   2.2245872600e-24   5.1871390089e-14   3.3089997926e-07   2.0000000000e-02 
  1.9791187753e+21   1.9325399000e+18   9.5029382820e+61   2.2245872600e-24   5.1871390089e-14   0.0000000000e+00   2.0000000000e-02 
