# time = 1.185963e+15 [s] 
# r                  dr                 dV                 Density            Pressure           Velocity           Z
  2.1304517832e+18   2.1304517832e+18   4.0504543152e+55   5.2032157476e-31   1.2764471764e-12   0.0000000000e+00   9.9248591688e-02 
  2.6183480822e+18   4.8789629891e+17   3.4687303740e+55   5.2032157476e-31   1.2764471764e-12  -8.0490691632e+04   9.9248591688e-02 
  2.8377303716e+18   2.1938228943e+17   2.0527999810e+55   5.2043287320e-31   1.2764391578e-12  -1.1290181809e+05   9.9248591688e-02 
  3.3125370892e+18   4.7480671762e+17   5.6534905961e+55   5.2088991055e-31   1.2764428972e-12  -1.6151083048e+05   9.9248591688e-02 
  3.6963472444e+18   3.8381015524e+17   5.9292261012e+55   5.2174740943e-31   1.2764437025e-12  -2.1416691552e+05   9.9248591688e-02 
  3.9404842432e+18   2.4413699879e+17   4.4746370111e+55   5.2269901898e-31   1.2764434544e-12  -2.4893226819e+05   9.9248591688e-02 
  4.4505356220e+18   5.1005137875e+17   1.1296082464e+56   5.2452201065e-31   1.2764428168e-12  -2.8725931191e+05   9.9248591688e-02 
  4.8509906414e+18   4.0045501944e+17   1.0891314284e+56   5.2719298784e-31   1.2764422139e-12  -3.3142760477e+05   9.9248591688e-02 
  5.4799245698e+18   6.2893392842e+17   2.1113911242e+56   5.3097268056e-31   1.2764413563e-12  -3.7839382438e+05   9.9248591688e-02 
  6.0323958595e+18   5.5247128968e+17   2.3020703436e+56   5.3595890902e-31   1.2764403086e-12  -4.3049278110e+05   9.9248591688e-02 
  6.7940919981e+18   7.6169613854e+17   3.9414620876e+56   5.4242912407e-31   1.2764389207e-12  -4.8643972923e+05   9.9248591688e-02 
  7.5180616266e+18   7.2396962857e+17   4.6628394280e+56   5.5061845162e-31   1.2764371590e-12  -5.4837057282e+05   9.9248591688e-02 
  8.4402096438e+18   9.2214801719e+17   7.3859321133e+56   5.6084528019e-31   1.2764348812e-12  -6.1567871080e+05   9.9248591688e-02 
  9.3731546697e+18   9.3294502590e+17   9.3088220810e+56   5.7354630315e-31   1.2764319684e-12  -6.9057335387e+05   9.9248591688e-02 
  1.0480159084e+19   1.1070044148e+18   1.3721926567e+57   5.8896989253e-31   1.2764282936e-12  -7.7200353708e+05   9.9248591688e-02 
  1.1641322549e+19   1.1611634644e+18   1.7867769270e+57   6.0769307597e-31   1.2764236828e-12  -8.6178970703e+05   9.9248591688e-02 
  1.2948684876e+19   1.3073623274e+18   2.4858342531e+57   6.2994357518e-31   1.2764180272e-12  -9.5879438744e+05   9.9248591688e-02 
  1.4373670755e+19   1.4249858782e+18   3.3449552288e+57   6.5669621232e-31   1.2764110270e-12  -1.0655562079e+06   9.9248591688e-02 
  1.5921258059e+19   1.5475873046e+18   4.4660390365e+57   6.8824931483e-31   1.2764025014e-12  -1.1811530149e+06   9.9248591688e-02 
  1.7638763244e+19   1.7175051845e+18   6.0823495164e+57   7.2577126446e-31   1.2763919254e-12  -1.3076190426e+06   9.9248591688e-02 
  1.9457158773e+19   1.8183955293e+18   7.8675275901e+57   7.6965325667e-31   1.2763788312e-12  -1.4440506497e+06   9.9248591688e-02 
  2.1504503839e+19   2.0473450662e+18   1.0800840977e+58   8.2152103918e-31   1.2763621337e-12  -1.5925904188e+06   9.9248591688e-02 
  2.3624212618e+19   2.1197087786e+18   1.3572232732e+58   8.8179051904e-31   1.2763409267e-12  -1.7519994212e+06   9.9248591688e-02 
  2.6052847777e+19   2.4286351592e+18   1.8843856591e+58   9.5292466692e-31   1.2763130120e-12  -1.9251972468e+06   9.9248591688e-02 
  2.8514646442e+19   2.4617986653e+18   2.3044377055e+58   1.0353140329e-30   1.2762763668e-12  -2.1105034078e+06   9.9248591688e-02 
  3.1280315764e+19   2.7656693218e+18   3.1087722114e+58   1.1306511744e-30   1.2762280879e-12  -2.3073643614e+06   9.9248591688e-02 
  3.4059210902e+19   2.7788951382e+18   3.7293725726e+58   1.2398176290e-30   1.2761651455e-12  -2.5149710602e+06   9.9248591688e-02 
  3.7274670395e+19   3.2154594927e+18   5.1437359674e+58   1.3679035625e-30   1.2760813939e-12  -2.7394129150e+06   9.9248591688e-02 
  4.0126131011e+19   2.8514606161e+18   5.3691383570e+58   1.5078833534e-30   1.2759827171e-12  -2.9661594777e+06   9.9248591688e-02 
  4.4055009626e+19   3.9288786151e+18   8.7531287292e+58   1.6791825966e-30   1.2758454735e-12  -3.2192716822e+06   9.9248591688e-02 
  5.1235754953e+19   7.1807453269e+18   2.0523068626e+59   1.9806451151e-30   1.2755447778e-12  -3.6375494940e+06   9.9248591688e-02 
  5.3039449574e+19   1.8036946211e+18   6.1619517772e+58   2.2357873124e-30   1.2752702482e-12  -3.9650510445e+06   9.9248591688e-02 
  5.5279645101e+19   2.2401955270e+18   8.2586251852e+58   2.3721185486e-30   1.2751086538e-12  -4.1106591496e+06   9.9248591688e-02 
  5.7461320566e+19   2.1816754649e+18   8.7127996532e+58   2.5417600123e-30   1.2749260807e-12  -4.2793198366e+06   9.9248591688e-02 
  5.9787291868e+19   2.3259713018e+18   1.0046773605e+59   2.7384110637e-30   1.2747090457e-12  -4.4480264866e+06   9.9248591688e-02 
  6.1710126816e+19   1.9228349477e+18   8.9178926248e+58   2.9470454605e-30   1.2744841340e-12  -4.6089606692e+06   9.9248591688e-02 
  6.4415830833e+19   2.7057040170e+18   1.3524017656e+59   3.2077345055e-30   1.2742013149e-12  -4.7837408433e+06   9.9248591688e-02 
  6.6860003605e+19   2.4441727720e+18   1.3234316897e+59   3.5272321582e-30   1.2738450903e-12  -4.9784068530e+06   9.9248591688e-02 
  6.9224300241e+19   2.3642966359e+18   1.3756615651e+59   3.8587007026e-30   1.2734667657e-12  -5.1593064994e+06   9.9248591688e-02 
  7.1333755021e+19   2.1094547808e+18   1.3093753977e+59   4.2011047388e-30   1.2730673961e-12  -5.3273429274e+06   9.9248591688e-02 
  7.4164615237e+19   2.8308602154e+18   1.8829524463e+59   4.6234795409e-30   1.2725665748e-12  -5.5171788326e+06   9.9248591688e-02 
  7.6849473854e+19   2.6848586167e+18   1.9237648458e+59   5.1341211328e-30   1.2719227976e-12  -5.7298023639e+06   9.9248591688e-02 
  7.9364335218e+19   2.5148613639e+18   1.9281476324e+59   5.6561953886e-30   1.2712229491e-12  -5.9310265920e+06   9.9248591688e-02 
  8.1781522111e+19   2.4171868938e+18   1.9721092267e+59   6.1941846700e-30   1.2704687394e-12  -6.1245685558e+06   9.9248591688e-02 
  8.4876316453e+19   3.0947943415e+18   2.7007418493e+59   6.8466465606e-30   1.2694972084e-12  -6.3457694556e+06   9.9248591688e-02 
  8.7877208428e+19   3.0008919749e+18   2.8138293185e+59   7.6139688289e-30   1.2682598301e-12  -6.5933136381e+06   9.9248591688e-02 
  9.0620004882e+19   2.7427964540e+18   2.7456205233e+59   8.3827613634e-30   1.2669106118e-12  -6.8270640126e+06   9.9248591688e-02 
  9.3631418745e+19   3.0114138632e+18   3.2120381241e+59   9.2045610652e-30   1.2653678547e-12  -7.0691598486e+06   9.9248591688e-02 
  9.7231422177e+19   3.6000034318e+18   4.1204728259e+59   1.0204594424e-29   1.2633150262e-12  -7.3552522658e+06   9.9248591688e-02 
  1.0073764332e+20   3.5062211399e+18   4.3174692168e+59   1.1333549816e-29   1.2607640052e-12  -7.6688494520e+06   9.9248591688e-02 
  1.0345879127e+20   2.7211479554e+18   3.5647086964e+59   1.2378651942e-29   1.2582063661e-12  -7.9435353676e+06   9.9248591688e-02 
  1.0750542120e+20   4.0466299248e+18   5.6586678093e+59   1.3604961120e-29   1.2550355780e-12  -8.2664486210e+06   9.9248591688e-02 
  1.1256179567e+20   5.0563744767e+18   7.6944259208e+59   1.5360329032e-29   1.2500561592e-12  -8.7198641072e+06   9.9248591688e-02 
  1.1767934141e+20   5.1175457360e+18   8.5241083468e+59   1.7463323726e-29   1.2434900190e-12  -9.2371267121e+06   9.9248591688e-02 
  1.2193314696e+20   4.2538055502e+18   7.6734740210e+59   1.9598633813e-29   1.2364983414e-12  -9.7166984072e+06   9.9248591688e-02 
  1.2799364087e+20   6.0604939144e+18   1.1895114398e+60   2.2313057965e-29   1.2274861890e-12  -1.0270221727e+07   9.9248591688e-02 
  1.3210820671e+20   4.1145658315e+18   8.7457485558e+59   2.5374633885e-29   1.2174285811e-12  -1.0808891249e+07   9.9248591688e-02 
  1.3854389142e+20   6.4356847188e+18   1.4813213198e+60   2.9298571773e-29   1.2050939698e-12  -1.1404625757e+07   9.9248591688e-02 
  1.4732780417e+20   8.7839127432e+18   2.2558844821e+60   3.5845382034e-29   1.1835750048e-12  -1.2304752113e+07   9.9248591688e-02 
  1.5678017426e+20   9.4523700921e+18   2.7471732850e+60   4.4529253374e-29   1.1533955630e-12  -1.3291648950e+07   9.9248591688e-02 
  1.6332755879e+20   6.5473845290e+18   2.1080000207e+60   5.2593965248e-29   1.1244965387e-12  -1.3968650908e+07   9.9248591688e-02 
  1.6918556104e+20   5.8580022524e+18   2.0349882551e+60   5.9136117945e-29   1.1005985889e-12  -1.4368174867e+07   9.9248591688e-02 
  1.7808998415e+20   8.9044231094e+18   3.3744207243e+60   6.6356187834e-29   1.0709216396e-12  -1.4750732686e+07   9.9248591688e-02 
  1.8427323340e+20   6.1832492485e+18   2.5509208856e+60   7.2454085390e-29   1.0398697522e-12  -1.5084696973e+07   9.9248591688e-02 
  1.9186161943e+20   7.5883860340e+18   3.3732253920e+60   7.5883241929e-29   1.0111433517e-12  -1.5432818542e+07   9.9248591688e-02 
  1.9940117014e+20   7.5395507104e+18   3.6264874985e+60   7.7575044135e-29   9.7885872818e-13  -1.5866256815e+07   9.9248591688e-02 
  2.0920550626e+20   9.8043361122e+18   5.1435423463e+60   7.7628658725e-29   9.4065029301e-13  -1.6531169968e+07   9.9248591688e-02 
  2.1714028984e+20   7.9347835809e+18   4.5316782655e+60   7.6430006453e-29   9.0062223024e-13  -1.7386687710e+07   9.9248591688e-02 
  2.2709879141e+20   9.9585015730e+18   6.1751873017e+60   7.4390899259e-29   8.6366600260e-13  -1.8023208666e+07   9.9248591688e-02 
  2.3639070601e+20   9.2919145969e+18   6.2718123518e+60   7.1838069603e-29   8.2979302134e-13  -1.8205640892e+07   9.9248591688e-02 
  2.4132091172e+20   4.9302057129e+18   3.5347763345e+60   6.9579228179e-29   8.0662687522e-13  -1.8207975684e+07   9.9248591688e-02 
  2.4618341088e+20   4.8624991581e+18   3.6306196626e+60   6.7580636800e-29   7.9160638574e-13  -1.8183523233e+07   9.9248591688e-02 
  2.5711653830e+20   1.0933127423e+19   8.7019455665e+60   6.3668115887e-29   7.6977518019e-13  -1.7920599755e+07   9.9248591688e-02 
  2.6567761628e+20   8.5610779816e+18   7.3515444979e+60   5.8641558399e-29   7.4481911095e-13  -1.7369157514e+07   9.9248591688e-02 
  2.7153011553e+20   5.8524992461e+18   5.3063138036e+60   5.5242245654e-29   7.2774484471e-13  -1.6887612053e+07   9.9248591688e-02 
  2.7687849972e+20   5.3483841929e+18   5.0535291533e+60   5.3376122201e-29   7.1521218186e-13  -1.6511258765e+07   9.9248591688e-02 
  2.8102056136e+20   4.1420616374e+18   4.0502858113e+60   5.2233968061e-29   7.0499615334e-13  -1.6191206923e+07   9.9248591687e-02 
  2.9299149648e+20   1.1970935125e+19   1.2393185149e+61   5.1192983749e-29   6.8795870935e-13  -1.5704471076e+07   9.9248591684e-02 
  2.9988178948e+20   6.8902929976e+18   7.6090577350e+60   5.0456679245e-29   6.6784263325e-13  -1.5183320599e+07   9.9248591672e-02 
  3.0162349014e+20   1.7417006596e+18   1.9797187214e+60   5.0528857011e-29   6.5859387806e-13  -1.4985592561e+07   9.9248591642e-02 
  3.0275044232e+20   1.1269521811e+18   1.2932048154e+60   5.1404564109e-29   6.5548438887e-13  -1.4925844958e+07   9.9248591335e-02 
  3.0819054838e+20   5.4401060575e+18   6.3792151114e+60   5.2750560939e-29   6.4808262135e-13  -1.4812206076e+07   9.9248590151e-02 
  3.1289622371e+20   4.7056753308e+18   5.7027548395e+60   5.4714710030e-29   6.3630989188e-13  -1.4651408992e+07   9.9248584483e-02 
  3.1825478132e+20   5.3585576138e+18   6.7061732393e+60   5.5303921011e-29   6.2437941813e-13  -1.4522341974e+07   9.9248563747e-02 
  3.2982008934e+20   1.1565308012e+19   1.5261722067e+61   5.5029162360e-29   6.0476615063e-13  -1.4343806191e+07   9.9248495160e-02 
  3.4577614754e+20   1.5956058208e+19   2.2883933147e+61   5.3270551679e-29   5.7431881811e-13  -1.3962148606e+07   9.9248195346e-02 
  3.6443841367e+20   1.8662266124e+19   2.9579671096e+61   5.0157684439e-29   5.3914742029e-13  -1.3417338423e+07   9.9246819926e-02 
  3.8191231626e+20   1.7473902589e+19   3.0584758202e+61   4.6250852360e-29   5.0542730104e-13  -1.2904699799e+07   9.9239479948e-02 
  3.9111295035e+20   9.2006340947e+18   1.7273308017e+61   4.2700070954e-29   4.8314915180e-13  -1.2483613942e+07   9.9210957396e-02 
  3.9911606598e+20   8.0031156332e+18   1.5701088352e+61   3.9735906851e-29   4.6992059632e-13  -1.2292589536e+07   9.9013351255e-02 
  4.0377592802e+20   4.6598620371e+18   9.4371761763e+60   3.6638136462e-29   4.6115132854e-13  -1.2111536098e+07   9.8421876179e-02 
  4.0838509935e+20   4.6091713257e+18   9.5512822161e+60   3.3981928840e-29   4.5517291248e-13  -1.2030565288e+07   9.7327826287e-02 
  4.1549142490e+20   7.1063255539e+18   1.5154094760e+61   2.9528442927e-29   4.4861306956e-13  -1.1898274069e+07   9.6782262534e-02 
  4.1819615463e+20   2.7047297263e+18   5.9058434848e+60   2.5946256013e-29   4.4370822024e-13  -1.1771168105e+07   9.6622985312e-02 
  4.1959884552e+20   1.4026908942e+18   3.0930560116e+60   2.4891951616e-29   4.4202853421e-13  -1.1704057878e+07   9.6587816128e-02 
  4.2164163053e+20   2.0427850041e+18   4.5416504797e+60   2.4217040489e-29   4.4044203348e-13  -1.1679729109e+07   9.6582071584e-02 
  4.2752236437e+20   5.8807338440e+18   1.3322062988e+61   2.3278497509e-29   4.3721752125e-13  -1.1619103839e+07   9.6581745137e-02 
  4.3228843534e+20   4.7660709706e+18   1.1069311715e+61   2.2236968137e-29   4.3302425383e-13  -1.1523025950e+07   9.6581675286e-02 
  4.3565747542e+20   3.3690400803e+18   7.9734000449e+60   2.1565222485e-29   4.3003101010e-13  -1.1439925123e+07   9.6581671654e-02 
  4.3874650240e+20   3.0890269765e+18   7.4198927805e+60   2.1215960112e-29   4.2769296485e-13  -1.1389196520e+07   9.6581671427e-02 
  4.4215029449e+20   3.4037920922e+18   8.2978412276e+60   2.0927827037e-29   4.2538189156e-13  -1.1342619216e+07   9.6581671422e-02 
  4.4533548674e+20   3.1851922484e+18   7.8815238679e+60   2.0775394302e-29   4.2314342917e-13  -1.1285410989e+07   9.6581671421e-02 
  4.5710630024e+20   1.1770813507e+19   3.0117531487e+61   2.0539085420e-29   4.1808646395e-13  -1.1199599013e+07   9.6581671420e-02 
  4.6786554456e+20   1.0759244321e+19   2.8920663731e+61   2.0300947788e-29   4.1069955460e-13  -1.1055663011e+07   9.6581671417e-02 
  4.7164216591e+20   3.7766213441e+18   1.0472644286e+61   2.0255276264e-29   4.0610867036e-13  -1.0971289655e+07   9.6581671415e-02 
  4.7434941090e+20   2.7072449951e+18   7.6112003958e+60   2.0292499307e-29   4.0411199300e-13  -1.0931849998e+07   9.6581671413e-02 
  4.7689218215e+20   2.5427712466e+18   7.2283614664e+60   2.0479359978e-29   4.0249856981e-13  -1.0898421329e+07   9.6581671412e-02 
  4.7898199717e+20   2.0898150149e+18   5.9987376727e+60   2.0829452581e-29   4.0107076718e-13  -1.0868688182e+07   9.6581671410e-02 
  4.8795846146e+20   8.9764642955e+18   2.6367388666e+61   2.1831102695e-29   3.9759926433e-13  -1.0796322593e+07   9.6581671405e-02 
  4.9362879017e+20   5.6703287102e+18   1.7164089007e+61   2.3373648137e-29   3.9286095532e-13  -1.0684316344e+07   9.6581671371e-02 
  4.9585348048e+20   2.2246903107e+18   6.8428371075e+60   2.4471259498e-29   3.9028032017e-13  -1.0628523647e+07   9.6581671204e-02 
  4.9826717320e+20   2.4136927130e+18   7.4939518581e+60   2.5259571703e-29   3.8872092385e-13  -1.0591653345e+07   9.6581667886e-02 
  5.0293770339e+20   4.6705301937e+18   1.4708389412e+61   2.6361211103e-29   3.8615220912e-13  -1.0510389759e+07   9.6581652793e-02 
  5.0734002608e+20   4.4023226876e+18   1.4116143137e+61   2.7283736354e-29   3.8298778883e-13  -1.0418285435e+07   9.6581509174e-02 
  5.1326722427e+20   5.9271981896e+18   1.9396416570e+61   2.7828332794e-29   3.7933838917e-13  -1.0300242376e+07   9.6580792236e-02 
  5.2712373429e+20   1.3856510022e+19   4.7121873579e+61   2.8093016605e-29   3.7271845768e-13  -1.0031229443e+07   9.6578554856e-02 
  5.4603311255e+20   1.8909378261e+19   6.8422425816e+61   2.7995463279e-29   3.6233130255e-13  -9.4570913510e+06   9.6570114046e-02 
  5.6274322076e+20   1.6710108212e+19   6.4543113084e+61   2.7560680213e-29   3.5195397122e-13  -8.7291763353e+06   9.6538847966e-02 
  5.7300400172e+20   1.0260780956e+19   4.1582009338e+61   2.6979992148e-29   3.4483249744e-13  -8.1358627223e+06   9.6452373592e-02 
  5.8026937498e+20   7.2653732613e+18   3.0358344305e+61   2.6378235656e-29   3.4055113762e-13  -7.7545493441e+06   9.5984287665e-02 
  5.8646169154e+20   6.1923165599e+18   2.6481868484e+61   2.5658879201e-29   3.3750451773e-13  -7.4599694934e+06   9.2401780508e-02 
  5.8937410781e+20   2.9124162740e+18   1.2650205105e+61   2.4877443398e-29   3.3556900321e-13  -7.2560212088e+06   8.6535806706e-02 
  5.9464738277e+20   5.2732749565e+18   2.3224818627e+61   2.3777906512e-29   3.3372750433e-13  -7.1203468651e+06   7.8907323022e-02 
  5.9639773952e+20   1.7503567456e+18   7.8006930238e+60   2.2502682387e-29   3.3228796979e-13  -6.9937309360e+06   7.4854811014e-02 
  5.9849417420e+20   2.0964346800e+18   9.4034863369e+60   2.1879009068e-29   3.3148452171e-13  -6.9451514751e+06   7.3455513392e-02 
  6.0307088433e+20   4.5767101343e+18   2.0758690859e+61   2.1007002362e-29   3.3026285842e-13  -6.8447004716e+06   7.3344132179e-02 
  6.0624658650e+20   3.1757021693e+18   1.4590537492e+61   2.0190988698e-29   3.2892040511e-13  -6.6990347214e+06   7.3316571535e-02 
  6.0908808407e+20   2.8414975727e+18   1.3185291280e+61   1.9769956652e-29   3.2798525684e-13  -6.5790901002e+06   7.3313176857e-02 
  6.1304443014e+20   3.9563460663e+18   1.8564457369e+61   1.9462041364e-29   3.2686712658e-13  -6.4644716276e+06   7.3313031005e-02 
  6.1735830136e+20   4.3138712243e+18   2.0516978436e+61   1.9212674513e-29   3.2557562254e-13  -6.3286521708e+06   7.3313013000e-02 
  6.2138950032e+20   4.0311989622e+18   1.9433518266e+61   1.9044949097e-29   3.2434970183e-13  -6.1734439923e+06   7.3313011843e-02 
  6.3054530109e+20   9.1558007692e+18   4.5083473934e+61   1.8901765751e-29   3.2243791644e-13  -5.9463698758e+06   7.3313011781e-02 
  6.3729942002e+20   6.7541189222e+18   3.4107887167e+61   1.8772261702e-29   3.2014563637e-13  -5.6869391117e+06   7.3313011756e-02 
  6.4151185305e+20   4.2124330388e+18   2.1641998665e+61   1.8744901700e-29   3.1865346201e-13  -5.5073767329e+06   7.3313011751e-02 
  6.5278265416e+20   1.1270801108e+19   5.9317365248e+61   1.8780813175e-29   3.1661808817e-13  -5.2598556878e+06   7.3313011742e-02 
  6.6115141577e+20   8.3687616115e+18   4.5390408379e+61   1.8879116013e-29   3.1402193867e-13  -4.9631557781e+06   7.3313011688e-02 
  6.7225827295e+20   1.1106857178e+19   6.2040932540e+61   1.9033123122e-29   3.1146340808e-13  -4.7030864676e+06   7.3313011377e-02 
  6.7923454313e+20   6.9762701775e+18   4.0031743440e+61   1.9232305637e-29   3.0912207301e-13  -4.4740813129e+06   7.3313010341e-02 
  6.8596230480e+20   6.7277616696e+18   3.9392590403e+61   1.9449877153e-29   3.0741286152e-13  -4.3006413847e+06   7.3312996420e-02 
  6.9971693671e+20   1.3754631907e+19   8.2973332028e+61   1.9794611405e-29   3.0493444950e-13  -4.0390316883e+06   7.3312959179e-02 
  7.1647869118e+20   1.6761754476e+19   1.0561755878e+62   2.0257236511e-29   3.0136894230e-13  -3.6524100135e+06   7.3312782759e-02 
  7.2256308832e+20   6.0843971418e+18   3.9583739523e+61   2.0558890401e-29   2.9871929444e-13  -3.3956171850e+06   7.3312474306e-02 
  7.2780141037e+20   5.2383220485e+18   3.4617705396e+61   2.0627320521e-29   2.9744051665e-13  -3.2807130063e+06   7.3305959847e-02 
  7.4129093312e+20   1.3489522749e+19   9.1465403290e+61   2.0635935318e-29   2.9532968584e-13  -3.1163070086e+06   7.3285849851e-02 
  7.4889055445e+20   7.5996213241e+18   5.3018070483e+61   2.0616376353e-29   2.9300615352e-13  -2.9341472611e+06   7.3216670988e-02 
  7.5190182926e+20   3.0112748161e+18   2.1307970247e+61   2.0579793296e-29   2.9187154465e-13  -2.8503780534e+06   7.3059638932e-02 
  7.5640995954e+20   4.5081302819e+18   3.2220321918e+61   2.0520447641e-29   2.9106994381e-13  -2.7985255592e+06   7.2283797765e-02 
  7.5923254790e+20   2.8225883565e+18   2.0370020886e+61   2.0435534296e-29   2.9030837046e-13  -2.7459067959e+06   7.1011281565e-02 
  7.6272699562e+20   3.4944477145e+18   2.5429358184e+61   2.0340920642e-29   2.8966433150e-13  -2.7013247655e+06   6.9431660912e-02 
  7.6495836787e+20   2.2313722596e+18   1.6360254175e+61   2.0224247466e-29   2.8907267055e-13  -2.6655817074e+06   6.8654006352e-02 
  7.7088882284e+20   5.9304549681e+18   4.3947690666e+61   2.0071848244e-29   2.8826375595e-13  -2.6152572766e+06   6.8517244376e-02 
  7.7464899686e+20   3.7601740174e+18   2.8217461903e+61   1.9905056337e-29   2.8729663071e-13  -2.5596725864e+06   6.8457156821e-02 
  7.8172325132e+20   7.0742544614e+18   5.3834476897e+61   1.9779788152e-29   2.8625016820e-13  -2.5011969136e+06   6.8447488703e-02 
  7.8504578479e+20   3.3225334662e+18   2.5622992406e+61   1.9668641154e-29   2.8526777953e-13  -2.4426043916e+06   6.8445522129e-02 
  7.8768727077e+20   2.6414859870e+18   2.0526203103e+61   1.9631168697e-29   2.8472254765e-13  -2.4095577547e+06   6.8445109624e-02 
  7.9079992761e+20   3.1126568319e+18   2.4364853615e+61   1.9599980675e-29   2.8420899926e-13  -2.3764576369e+06   6.8445084680e-02 
  7.9266246019e+20   1.8625325867e+18   1.4671329023e+61   1.9593509869e-29   2.8376990539e-13  -2.3487699911e+06   6.8445084258e-02 
  7.9786073575e+20   5.1982755566e+18   4.1313380294e+61   1.9598090861e-29   2.8315773078e-13  -2.3111329120e+06   6.8445086476e-02 
  8.0141525653e+20   3.5545207778e+18   2.8561333522e+61   1.9629681579e-29   2.8240625440e-13  -2.2644854347e+06   6.8445100223e-02 
  8.0475583137e+20   3.3405748440e+18   2.7074180090e+61   1.9668644092e-29   2.8182848740e-13  -2.2283410470e+06   6.8445418955e-02 
  8.0768571125e+20   2.9298798792e+18   2.3931400965e+61   1.9730041311e-29   2.8131378870e-13  -2.1954832574e+06   6.8446695776e-02 
  8.2231426760e+20   1.4628556353e+19   1.2210633578e+62   2.0026748042e-29   2.7992874506e-13  -2.1032149493e+06   6.8450917234e-02 
  8.3266761635e+20   1.0353348746e+19   8.9088750883e+61   2.0488962319e-29   2.7799699313e-13  -1.9720662418e+06   6.8461141067e-02 
  8.3971903201e+20   7.0514156642e+18   6.1958678421e+61   2.0864372028e-29   2.7672780280e-13  -1.8806955514e+06   6.8487381124e-02 
  8.5313300595e+20   1.3413973938e+19   1.2076870842e+62   2.1295036768e-29   2.7530193517e-13  -1.7707939089e+06   6.8552636142e-02 
  8.6035021908e+20   7.2172131282e+18   6.6570479556e+61   2.1684604397e-29   2.7392010326e-13  -1.6551193114e+06   6.8671561872e-02 
  8.6636137072e+20   6.0111516396e+18   5.6305253612e+61   2.1866104533e-29   2.7308592751e-13  -1.5795644956e+06   6.9423502383e-02 
  8.7274271396e+20   6.3813432430e+18   6.0633840555e+61   2.1978803592e-29   2.7233909436e-13  -1.5061711515e+06   7.2576350640e-02 
  8.7610834332e+20   3.3656293564e+18   3.2338684087e+61   2.2047532387e-29   2.7177180254e-13  -1.4475241806e+06   7.7024033119e-02 
  8.7877560970e+20   2.6672663812e+18   2.5805566868e+61   2.2064305107e-29   2.7143525761e-13  -1.4112245743e+06   8.7648078648e-02 
  8.8695766198e+20   8.1820522834e+18   8.0142969923e+61   2.2061383628e-29   2.7086083820e-13  -1.3441182015e+06   9.1643794976e-02 
  8.9324288512e+20   6.2852231362e+18   6.2576351494e+61   2.2049311785e-29   2.7012541602e-13  -1.2506323262e+06   9.5400893314e-02 
  8.9956871969e+20   6.3258345690e+18   6.3876162143e+61   2.2038434266e-29   2.6954241389e-13  -1.1684322198e+06   9.7047392896e-02 
  9.0790655264e+20   8.3378329490e+18   8.5575781103e+61   2.2033279264e-29   2.6892227821e-13  -1.0697308620e+06   9.7267643136e-02 
  9.1461467013e+20   6.7081174952e+18   6.9999942494e+61   2.2045666223e-29   2.6833463828e-13  -9.6652963843e+05   9.7328496723e-02 
  9.2485286061e+20   1.0238190474e+19   1.0883330427e+62   2.2086656116e-29   2.6774558260e-13  -8.4962929208e+05   9.7334512443e-02 
  9.3257141876e+20   7.7185581508e+18   8.3658637895e+61   2.2182120393e-29   2.6718326751e-13  -7.1996568977e+05   9.7330153395e-02 
  9.3638451546e+20   3.8130967068e+18   4.1843347273e+61   2.2304152373e-29   2.6684950779e-13  -6.4231014290e+05   9.7321833262e-02 
  9.4048547078e+20   4.1009553103e+18   4.5384126310e+61   2.2493544420e-29   2.6664129177e-13  -5.9216623539e+05   9.7298669728e-02 
  9.5457326453e+20   1.4087793753e+19   1.5894475738e+62   2.3143781292e-29   2.6622541838e-13  -4.7719408661e+05   9.7347095676e-02 
  9.7300039316e+20   1.8427128632e+19   2.1510115136e+62   2.4527708585e-29   2.6550813601e-13  -2.9008674781e+05   9.7753031491e-02 
  9.7930518641e+20   6.3047932541e+18   7.5494936335e+61   2.5705583511e-29   2.6498888286e-13  -1.6492419612e+05   9.8225902355e-02 
  9.8599563558e+20   6.6904491671e+18   8.1182962865e+61   2.6600049502e-29   2.6472056539e-13  -1.0454655696e+05   1.0016997414e-01 
  9.9725005759e+20   1.1254422007e+19   1.3906914034e+62   2.8333982575e-29   2.6443431926e-13  -1.9452913585e+04   1.0050804224e-01 
  1.0022087390e+21   4.9586814353e+18   6.2279037113e+61   3.0180719611e-29   2.6417120695e-13   6.4974155386e+04   1.0036458581e-01 
  1.0127350974e+21   1.0526358394e+19   1.3426346985e+62   3.2873133758e-29   2.6394624765e-13   1.4425244925e+05   9.9543648071e-02 
  1.0215905974e+21   8.8554999715e+18   1.1513481591e+62   3.7211547262e-29   2.6374579695e-13   2.4740068979e+05   9.8477283511e-02 
  1.0288735891e+21   7.2829916991e+18   9.6197966239e+61   4.2197241351e-29   2.6358360748e-13   3.4916769735e+05   1.0029267423e-01 
  1.0338163866e+21   4.9427975393e+18   6.6068042846e+61   4.8418688492e-29   2.6340634424e-13   4.2558146395e+05   1.0770223761e-01 
  1.0360941190e+21   2.2777323671e+18   3.0658851282e+61   5.4416686249e-29   2.6353836810e-13   4.7379785864e+05   1.2084576301e-01 
  1.0404445625e+21   4.3504435075e+18   5.8933752192e+61   6.8290150606e-29   2.6341081226e-13   5.3710150968e+05   1.5328017315e-01 
  1.0423800314e+21   1.9354688927e+18   2.6377983220e+61   8.8093829116e-29   2.6343208062e-13   5.9288436549e+05   1.8107633404e-01 
  1.0427993039e+21   4.1927247288e+17   5.7270774073e+60   1.1735925956e-28   2.6336697221e-13   6.0315010282e+05   1.7857514316e-01 
  1.0450272411e+21   2.2279372201e+18   3.0509972515e+61   1.8804065617e-23   2.2181672229e-13   5.3977614303e+05   2.0033560083e-02 
  1.0483416389e+21   3.3143978478e+18   4.5629572635e+61   4.0780583454e-23   3.8997423727e-13   4.5144714896e+05   2.0018930981e-02 
  1.0489566213e+21   6.1498235956e+17   8.4983171932e+60   4.5022976386e-23   4.1972063230e-13   4.4062561775e+05   2.0003327362e-02 
  1.0495033232e+21   5.4670190707e+17   7.5631347639e+60   4.5908685004e-23   4.2584216368e-13   4.4016535533e+05   2.0001216558e-02 
  1.0501379263e+21   6.3460306180e+17   8.7890562036e+60   4.7417892251e-23   4.3628132067e-13   4.4073342389e+05   2.0000494384e-02 
  1.0508135916e+21   6.7566529438e+17   9.3694384121e+60   5.0249622968e-23   4.5561056459e-13   4.4328032109e+05   2.0000186696e-02 
  1.0514646249e+21   6.5103330296e+17   9.0392723567e+60   5.4173209367e-23   4.8199078161e-13   4.4727298210e+05   2.0000061748e-02 
  1.0520760714e+21   6.1144657648e+17   8.4998299996e+60   5.7985193174e-23   5.0720984946e-13   4.5077784001e+05   2.0000019515e-02 
  1.0526546309e+21   5.7855943274e+17   8.0517621047e+60   6.1557780336e-23   5.3038301145e-13   4.5359438298e+05   2.0000006052e-02 
  1.0531657804e+21   5.1114951730e+17   7.1209920025e+60   6.5184057475e-23   5.5353777675e-13   4.5630861249e+05   2.0000001797e-02 
  1.0536923822e+21   5.2660177948e+17   7.3434949795e+60   6.7909812557e-23   5.7080554536e-13   4.5788691292e+05   2.0000000512e-02 
  1.0541754159e+21   4.8303369315e+17   6.7423927024e+60   6.9190449185e-23   5.7885392004e-13   4.5777819905e+05   2.0000000134e-02 
  1.0547040604e+21   5.2864452862e+17   7.3861333468e+60   6.8453584418e-23   5.7448082367e-13   4.5511770403e+05   2.0000000034e-02 
  1.0552383056e+21   5.3424520318e+17   7.4719111412e+60   6.3392767059e-23   5.4292854402e-13   4.4757792145e+05   2.0000000007e-02 
  1.0558049447e+21   5.6663913689e+17   7.9332421844e+60   5.3398652773e-23   4.7805737818e-13   4.3179479927e+05   2.0000000002e-02 
  1.0564698003e+21   6.6485555355e+17   9.3191864509e+60   4.5505495911e-23   4.2353805107e-13   4.1601265280e+05   2.0000000000e-02 
  1.0571911252e+21   7.2132488215e+17   1.0123983779e+61   4.3297528679e-23   4.0787964087e-13   4.0932890537e+05   2.0000000000e-02 
  1.0578422809e+21   6.5115571999e+17   9.1510137699e+60   4.3140313895e-23   4.0666590977e-13   4.0742957037e+05   2.0000000000e-02 
  1.0584924606e+21   6.5017975015e+17   9.1485454140e+60   4.3732579271e-23   4.1077097142e-13   4.0699773976e+05   2.0000000000e-02 
  1.0591402911e+21   6.4783043473e+17   9.1266737002e+60   4.5549010970e-23   4.2330395358e-13   4.0776600662e+05   2.0000000000e-02 
  1.0598267133e+21   6.8642218419e+17   9.6825464021e+60   4.5084996620e-23   4.2049861707e-13   4.0509458201e+05   2.0000000000e-02 
  1.0602465417e+21   4.1982846374e+17   5.9282088161e+60   2.8000997061e-23   2.9947327016e-13   3.5737682324e+05   2.0000000000e-02 
  1.0613711294e+21   1.1245877277e+18   1.5902942961e+61   6.1220009226e-24   1.0682987768e-13   1.8187011265e+05   2.0000000000e-02 
  1.0631122028e+21   1.7410733229e+18   2.4687305276e+61   2.4612224570e-24   5.6392905532e-14   2.0023613514e+04   2.0000000000e-02 
  1.0650284252e+21   1.9162223877e+18   2.7264437719e+61   2.2398413322e-24   5.2148826400e-14   1.2390886535e+03   2.0000000000e-02 
  1.0669599986e+21   1.9315733995e+18   2.7582326300e+61   2.2254717278e-24   5.1887391761e-14   7.0854446498e+01   2.0000000000e-02 
  1.0688924831e+21   1.9324845378e+18   2.7695456394e+61   2.2246378985e-24   5.1872305549e-14   4.0536241504e+00   2.0000000000e-02 
  1.0708250198e+21   1.9325367375e+18   2.7796532816e+61   2.2245901572e-24   5.1871442464e-14   2.3186811356e-01   2.0000000000e-02 
  1.0727575596e+21   1.9325397247e+18   2.7897087083e+61   2.2245874259e-24   5.1871393093e-14   1.3237546074e-02   2.0000000000e-02 
  1.0746900995e+21   1.9325398958e+18   2.7997782341e+61   2.2245872689e-24   5.1871390251e-14   7.3537094879e-04   2.0000000000e-02 
  1.0766226394e+21   1.9325399057e+18   2.8098656671e+61   2.2245872599e-24   5.1871390088e-14   2.4159742557e-05   2.0000000000e-02 
  1.0785551793e+21   1.9325399057e+18   2.8199712253e+61   2.2245872600e-24   5.1871390088e-14  -1.1966293318e-05   2.0000000000e-02 
  1.0804877192e+21   1.9325399057e+18   2.8300949231e+61   2.2245872600e-24   5.1871390088e-14  -1.1631525207e-05   2.0000000000e-02 
  1.0824202591e+21   1.9325399057e+18   2.8402367603e+61   2.2245872600e-24   5.1871390088e-14  -9.0493940509e-06   2.0000000000e-02 
  1.0843527990e+21   1.9325399057e+18   2.8503967370e+61   2.2245872600e-24   5.1871390088e-14  -6.6256758331e-06   2.0000000000e-02 
  1.0862853389e+21   1.9325399057e+18   2.8605748532e+61   2.2245872600e-24   5.1871390087e-14  -5.6890807026e-06   2.0000000000e-02 
  1.0882178788e+21   1.9325399057e+18   2.8707711089e+61   2.2245872600e-24   5.1871390087e-14  -5.5942043483e-06   2.0000000000e-02 
  1.0901504187e+21   1.9325399057e+18   2.8809855042e+61   2.2245872600e-24   5.1871390087e-14  -6.3409092075e-06   2.0000000000e-02 
  1.0920829586e+21   1.9325399057e+18   2.8912180389e+61   2.2245872600e-24   5.1871390087e-14  -7.8386270111e-06   2.0000000000e-02 
  1.0940154985e+21   1.9325399057e+18   2.9014687131e+61   2.2245872600e-24   5.1871390086e-14  -9.9632108412e-06   2.0000000000e-02 
  1.0959480384e+21   1.9325399057e+18   2.9117375268e+61   2.2245872600e-24   5.1871390086e-14  -1.1407027402e-05   2.0000000000e-02 
  1.0978805783e+21   1.9325399057e+18   2.9220244800e+61   2.2245872600e-24   5.1871390086e-14  -1.1919658777e-05   2.0000000000e-02 
  1.0998131182e+21   1.9325399057e+18   2.9323295727e+61   2.2245872600e-24   5.1871390086e-14  -1.2089421626e-05   2.0000000000e-02 
  1.1017456581e+21   1.9325399057e+18   2.9426528049e+61   2.2245872600e-24   5.1871390086e-14  -1.2028800317e-05   2.0000000000e-02 
  1.1036781980e+21   1.9325399057e+18   2.9529941766e+61   2.2245872600e-24   5.1871390086e-14  -1.1402579495e-05   2.0000000000e-02 
  1.1056107379e+21   1.9325399057e+18   2.9633536878e+61   2.2245872600e-24   5.1871390086e-14  -1.0635879173e-05   2.0000000000e-02 
  1.1075432778e+21   1.9325399057e+18   2.9737313386e+61   2.2245872600e-24   5.1871390087e-14  -9.3380179432e-06   2.0000000000e-02 
  1.1094758178e+21   1.9325399057e+18   2.9841271288e+61   2.2245872600e-24   5.1871390087e-14  -8.3998149979e-06   2.0000000000e-02 
  1.1114083577e+21   1.9325399057e+18   2.9945410585e+61   2.2245872600e-24   5.1871390087e-14  -7.8588180672e-06   2.0000000000e-02 
  1.1133408976e+21   1.9325399057e+18   3.0049731276e+61   2.2245872600e-24   5.1871390087e-14  -7.5189304143e-06   2.0000000000e-02 
  1.1152734375e+21   1.9325399057e+18   3.0154233363e+61   2.2245872600e-24   5.1871390087e-14  -7.3259077732e-06   2.0000000000e-02 
  1.1172059774e+21   1.9325399057e+18   3.0258916845e+61   2.2245872600e-24   5.1871390087e-14  -7.2350578725e-06   2.0000000000e-02 
  1.1191385173e+21   1.9325399057e+18   3.0363781722e+61   2.2245872600e-24   5.1871390088e-14  -7.1918880391e-06   2.0000000000e-02 
  1.1210710572e+21   1.9325399057e+18   3.0468827994e+61   2.2245872600e-24   5.1871390088e-14  -7.1661286495e-06   2.0000000000e-02 
  1.1230035971e+21   1.9325399057e+18   3.0574055661e+61   2.2245872600e-24   5.1871390087e-14  -7.1056097275e-06   2.0000000000e-02 
  1.1249361370e+21   1.9325399057e+18   3.0679464723e+61   2.2245872600e-24   5.1871390087e-14  -6.9189447601e-06   2.0000000000e-02 
  1.1268686769e+21   1.9325399057e+18   3.0785055180e+61   2.2245872600e-24   5.1871390087e-14  -6.6649691411e-06   2.0000000000e-02 
  1.1288012168e+21   1.9325399057e+18   3.0890827032e+61   2.2245872600e-24   5.1871390087e-14  -6.3876507740e-06   2.0000000000e-02 
  1.1307337567e+21   1.9325399057e+18   3.0996780279e+61   2.2245872600e-24   5.1871390087e-14  -5.9903735351e-06   2.0000000000e-02 
  1.1326662966e+21   1.9325399057e+18   3.1102914920e+61   2.2245872600e-24   5.1871390087e-14  -5.6248306499e-06   2.0000000000e-02 
  1.1345988365e+21   1.9325399057e+18   3.1209230957e+61   2.2245872600e-24   5.1871390087e-14  -5.3513632862e-06   2.0000000000e-02 
  1.1365313764e+21   1.9325399057e+18   3.1315728389e+61   2.2245872600e-24   5.1871390087e-14  -5.1329551799e-06   2.0000000000e-02 
  1.1384639163e+21   1.9325399057e+18   3.1422407216e+61   2.2245872600e-24   5.1871390088e-14  -4.8701792849e-06   2.0000000000e-02 
  1.1403964562e+21   1.9325399057e+18   3.1529267437e+61   2.2245872600e-24   5.1871390088e-14  -4.5017043741e-06   2.0000000000e-02 
  1.1423289962e+21   1.9325399057e+18   3.1636309054e+61   2.2245872600e-24   5.1871390088e-14  -3.8950596282e-06   2.0000000000e-02 
  1.1442615361e+21   1.9325399057e+18   3.1743532066e+61   2.2245872600e-24   5.1871390088e-14  -2.6582308072e-06   2.0000000000e-02 
  1.1461940760e+21   1.9325399057e+18   3.1850936473e+61   2.2245872600e-24   5.1871390089e-14   5.4859211328e-08   2.0000000000e-02 
  1.1481266159e+21   1.9325399057e+18   3.1958522274e+61   2.2245872600e-24   5.1871390089e-14   1.7721410824e-06   2.0000000000e-02 
  1.1500591558e+21   1.9325399057e+18   3.2066289471e+61   2.2245872600e-24   5.1871390089e-14   2.1549733473e-06   2.0000000000e-02 
  1.1519916957e+21   1.9325399057e+18   3.2174238063e+61   2.2245872600e-24   5.1871390089e-14   2.3125017589e-06   2.0000000000e-02 
  1.1539242356e+21   1.9325399057e+18   3.2282368049e+61   2.2245872600e-24   5.1871390089e-14   2.6074719445e-06   2.0000000000e-02 
  1.1558567755e+21   1.9325399057e+18   3.2390679431e+61   2.2245872600e-24   5.1871390089e-14   2.9403963004e-06   2.0000000000e-02 
  1.1577893154e+21   1.9325399057e+18   3.2499172207e+61   2.2245872600e-24   5.1871390090e-14   3.0646687753e-06   2.0000000000e-02 
  1.1597218553e+21   1.9325399057e+18   3.2607846379e+61   2.2245872600e-24   5.1871390090e-14   3.0742716648e-06   2.0000000000e-02 
  1.1616543952e+21   1.9325399057e+18   3.2716701946e+61   2.2245872600e-24   5.1871390090e-14   3.0516230988e-06   2.0000000000e-02 
  1.1635869351e+21   1.9325399057e+18   3.2825738907e+61   2.2245872600e-24   5.1871390090e-14   3.0009569047e-06   2.0000000000e-02 
  1.1655194750e+21   1.9325399057e+18   3.2934957264e+61   2.2245872600e-24   5.1871390090e-14   2.9196973891e-06   2.0000000000e-02 
  1.1674520149e+21   1.9325399057e+18   3.3044357015e+61   2.2245872600e-24   5.1871390090e-14   2.7906699376e-06   2.0000000000e-02 
  1.1693845548e+21   1.9325399057e+18   3.3153938162e+61   2.2245872600e-24   5.1871390090e-14   2.6495926578e-06   2.0000000000e-02 
  1.1713170947e+21   1.9325399057e+18   3.3263700703e+61   2.2245872600e-24   5.1871390090e-14   2.4161672803e-06   2.0000000000e-02 
  1.1732496346e+21   1.9325399057e+18   3.3373644640e+61   2.2245872600e-24   5.1871390090e-14   1.7664962489e-06   2.0000000000e-02 
  1.1751821745e+21   1.9325399057e+18   3.3483769971e+61   2.2245872600e-24   5.1871390089e-14   5.4533324254e-08   2.0000000000e-02 
  1.1771147145e+21   1.9325399057e+18   3.3594076697e+61   2.2245872600e-24   5.1871390089e-14  -1.2950475279e-06   2.0000000000e-02 
  1.1790472544e+21   1.9325399057e+18   3.3704564819e+61   2.2245872600e-24   5.1871390089e-14  -1.8321201784e-07   2.0000000000e-02 
  1.1809797943e+21   1.9325399057e+18   3.3815234335e+61   2.2245872600e-24   5.1871390088e-14   2.8997456918e-06   2.0000000000e-02 
  1.1829123342e+21   1.9325399057e+18   3.3926085247e+61   2.2245872600e-24   5.1871390088e-14   5.0623325123e-06   2.0000000000e-02 
  1.1848448741e+21   1.9325399057e+18   3.4037117553e+61   2.2245872600e-24   5.1871390087e-14   5.7088751977e-06   2.0000000000e-02 
  1.1867774140e+21   1.9325399057e+18   3.4148331254e+61   2.2245872600e-24   5.1871390087e-14   6.0052205182e-06   2.0000000000e-02 
  1.1887099539e+21   1.9325399057e+18   3.4259726351e+61   2.2245872600e-24   5.1871390087e-14   6.3148138770e-06   2.0000000000e-02 
  1.1906424938e+21   1.9325399057e+18   3.4371302842e+61   2.2245872600e-24   5.1871390087e-14   6.5185675577e-06   2.0000000000e-02 
  1.1925750337e+21   1.9325399057e+18   3.4483060728e+61   2.2245872600e-24   5.1871390087e-14   6.5709232263e-06   2.0000000000e-02 
  1.1945075736e+21   1.9325399057e+18   3.4595000009e+61   2.2245872600e-24   5.1871390087e-14   6.5387741391e-06   2.0000000000e-02 
  1.1964401135e+21   1.9325399057e+18   3.4707120686e+61   2.2245872600e-24   5.1871390087e-14   6.5529735768e-06   2.0000000000e-02 
  1.1983726534e+21   1.9325399057e+18   3.4819422757e+61   2.2245872600e-24   5.1871390087e-14   6.6509366988e-06   2.0000000000e-02 
  1.2003051933e+21   1.9325399057e+18   3.4931906223e+61   2.2245872600e-24   5.1871390087e-14   6.8070845572e-06   2.0000000000e-02 
  1.2022377332e+21   1.9325399057e+18   3.5044571084e+61   2.2245872600e-24   5.1871390087e-14   6.9307836717e-06   2.0000000000e-02 
  1.2041702731e+21   1.9325399057e+18   3.5157417341e+61   2.2245872600e-24   5.1871390088e-14   6.9230749382e-06   2.0000000000e-02 
  1.2061028130e+21   1.9325399057e+18   3.5270444992e+61   2.2245872600e-24   5.1871390088e-14   6.7221481371e-06   2.0000000000e-02 
  1.2080353529e+21   1.9325399057e+18   3.5383654038e+61   2.2245872600e-24   5.1871390088e-14   6.4453765345e-06   2.0000000000e-02 
  1.2099678929e+21   1.9325399057e+18   3.5497044479e+61   2.2245872600e-24   5.1871390088e-14   6.2548842083e-06   2.0000000000e-02 
  1.2119004328e+21   1.9325399057e+18   3.5610616315e+61   2.2245872600e-24   5.1871390088e-14   6.1574261311e-06   2.0000000000e-02 
  1.2138329727e+21   1.9325399057e+18   3.5724369546e+61   2.2245872600e-24   5.1871390088e-14   6.1253318062e-06   2.0000000000e-02 
  1.2157655126e+21   1.9325399057e+18   3.5838304172e+61   2.2245872600e-24   5.1871390088e-14   6.1394561174e-06   2.0000000000e-02 
  1.2176980525e+21   1.9325399057e+18   3.5952420193e+61   2.2245872600e-24   5.1871390088e-14   6.2047576102e-06   2.0000000000e-02 
  1.2196305924e+21   1.9325399057e+18   3.6066717609e+61   2.2245872600e-24   5.1871390088e-14   6.4043865888e-06   2.0000000000e-02 
  1.2215631323e+21   1.9325399057e+18   3.6181196420e+61   2.2245872600e-24   5.1871390088e-14   6.8610702354e-06   2.0000000000e-02 
  1.2234956722e+21   1.9325399057e+18   3.6295856626e+61   2.2245872600e-24   5.1871390087e-14   7.7174095682e-06   2.0000000000e-02 
  1.2254282121e+21   1.9325399057e+18   3.6410698227e+61   2.2245872600e-24   5.1871390087e-14   9.0209876299e-06   2.0000000000e-02 
  1.2273607520e+21   1.9325399057e+18   3.6525721223e+61   2.2245872600e-24   5.1871390087e-14   1.0066337899e-05   2.0000000000e-02 
  1.2292932919e+21   1.9325399057e+18   3.6640925614e+61   2.2245872600e-24   5.1871390086e-14   1.0732429133e-05   2.0000000000e-02 
  1.2312258318e+21   1.9325399057e+18   3.6756311400e+61   2.2245872600e-24   5.1871390086e-14   1.0838499769e-05   2.0000000000e-02 
  1.2331583717e+21   1.9325399057e+18   3.6871878581e+61   2.2245872600e-24   5.1871390086e-14   1.0709543852e-05   2.0000000000e-02 
  1.2350909116e+21   1.9325399057e+18   3.6987627157e+61   2.2245872600e-24   5.1871390086e-14   1.0332890492e-05   2.0000000000e-02 
  1.2370234515e+21   1.9325399057e+18   3.7103557128e+61   2.2245872600e-24   5.1871390087e-14   9.4613501098e-06   2.0000000000e-02 
  1.2389559914e+21   1.9325399057e+18   3.7219668494e+61   2.2245872600e-24   5.1871390087e-14   8.6652328399e-06   2.0000000000e-02 
  1.2408885313e+21   1.9325399057e+18   3.7335961255e+61   2.2245872600e-24   5.1871390087e-14   7.8053227357e-06   2.0000000000e-02 
  1.2428210712e+21   1.9325399057e+18   3.7452435411e+61   2.2245872600e-24   5.1871390087e-14   7.0585078458e-06   2.0000000000e-02 
  1.2447536112e+21   1.9325399057e+18   3.7569090962e+61   2.2245872600e-24   5.1871390087e-14   6.7407475509e-06   2.0000000000e-02 
  1.2466861511e+21   1.9325399057e+18   3.7685927907e+61   2.2245872600e-24   5.1871390087e-14   6.8363235513e-06   2.0000000000e-02 
  1.2486186910e+21   1.9325399057e+18   3.7802946248e+61   2.2245872600e-24   5.1871390088e-14   7.2534120368e-06   2.0000000000e-02 
  1.2505512309e+21   1.9325399057e+18   3.7920145984e+61   2.2245872600e-24   5.1871390088e-14   8.5911049326e-06   2.0000000000e-02 
  1.2524837708e+21   1.9325399057e+18   3.8037527115e+61   2.2245872600e-24   5.1871390089e-14   9.7449513389e-06   2.0000000000e-02 
  1.2544163107e+21   1.9325399057e+18   3.8155089640e+61   2.2245872600e-24   5.1871390089e-14   9.7203609823e-06   2.0000000000e-02 
  1.2563488506e+21   1.9325399057e+18   3.8272833561e+61   2.2245872600e-24   5.1871390089e-14   8.7727638530e-06   2.0000000000e-02 
  1.2582813905e+21   1.9325399057e+18   3.8390758877e+61   2.2245872600e-24   5.1871390089e-14   7.7147838426e-06   2.0000000000e-02 
  1.2602139304e+21   1.9325399057e+18   3.8508865588e+61   2.2245872600e-24   5.1871390088e-14   7.3334520498e-06   2.0000000000e-02 
  1.2621464703e+21   1.9325399057e+18   3.8627153693e+61   2.2245872600e-24   5.1871390088e-14   7.2304560859e-06   2.0000000000e-02 
  1.2640790102e+21   1.9325399057e+18   3.8745623194e+61   2.2245872600e-24   5.1871390088e-14   7.2288447170e-06   2.0000000000e-02 
  1.2660115501e+21   1.9325399057e+18   3.8864274090e+61   2.2245872600e-24   5.1871390088e-14   7.3268712996e-06   2.0000000000e-02 
  1.2679440900e+21   1.9325399057e+18   3.8983106380e+61   2.2245872600e-24   5.1871390088e-14   7.4513798595e-06   2.0000000000e-02 
  1.2698766299e+21   1.9325399057e+18   3.9102120066e+61   2.2245872600e-24   5.1871390087e-14   7.5151963049e-06   2.0000000000e-02 
  1.2718091698e+21   1.9325399057e+18   3.9221315146e+61   2.2245872600e-24   5.1871390087e-14   7.5221901007e-06   2.0000000000e-02 
  1.2737417097e+21   1.9325399057e+18   3.9340691622e+61   2.2245872600e-24   5.1871390087e-14   7.5791036307e-06   2.0000000000e-02 
  1.2756742496e+21   1.9325399057e+18   3.9460249492e+61   2.2245872600e-24   5.1871390087e-14   7.7099636604e-06   2.0000000000e-02 
  1.2776067896e+21   1.9325399057e+18   3.9579988758e+61   2.2245872600e-24   5.1871390087e-14   7.8624665074e-06   2.0000000000e-02 
  1.2795393295e+21   1.9325399057e+18   3.9699909419e+61   2.2245872600e-24   5.1871390087e-14   7.9118859783e-06   2.0000000000e-02 
  1.2814718694e+21   1.9325399057e+18   3.9820011474e+61   2.2245872600e-24   5.1871390087e-14   7.8875442404e-06   2.0000000000e-02 
  1.2834044093e+21   1.9325399057e+18   3.9940294925e+61   2.2245872600e-24   5.1871390087e-14   7.5659603683e-06   2.0000000000e-02 
  1.2853369492e+21   1.9325399057e+18   4.0060759770e+61   2.2245872600e-24   5.1871390087e-14   6.7018832868e-06   2.0000000000e-02 
  1.2872694891e+21   1.9325399057e+18   4.0181406010e+61   2.2245872600e-24   5.1871390087e-14   4.8915989401e-06   2.0000000000e-02 
  1.2892020290e+21   1.9325399057e+18   4.0302233646e+61   2.2245872600e-24   5.1871390087e-14   1.8283071492e-06   2.0000000000e-02 
  1.2911345689e+21   1.9325399057e+18   4.0423242676e+61   2.2245872600e-24   5.1871390086e-14  -1.5434433945e-06   2.0000000000e-02 
  1.2930671088e+21   1.9325399057e+18   4.0544433102e+61   2.2245872600e-24   5.1871390087e-14  -3.0013839587e-06   2.0000000000e-02 
  1.2949996487e+21   1.9325399057e+18   4.0665804922e+61   2.2245872600e-24   5.1871390087e-14  -3.3182932121e-06   2.0000000000e-02 
  1.2969321886e+21   1.9325399057e+18   4.0787358138e+61   2.2245872600e-24   5.1871390086e-14  -3.3814878064e-06   2.0000000000e-02 
  1.2988647285e+21   1.9325399057e+18   4.0909092748e+61   2.2245872600e-24   5.1871390086e-14  -3.4420700633e-06   2.0000000000e-02 
  1.3007972684e+21   1.9325399057e+18   4.1031008753e+61   2.2245872600e-24   5.1871390086e-14  -3.5003488843e-06   2.0000000000e-02 
  1.3027298083e+21   1.9325399057e+18   4.1153106154e+61   2.2245872600e-24   5.1871390086e-14  -3.5210615407e-06   2.0000000000e-02 
  1.3046623482e+21   1.9325399057e+18   4.1275384949e+61   2.2245872600e-24   5.1871390086e-14  -3.5190996362e-06   2.0000000000e-02 
  1.3065948881e+21   1.9325399057e+18   4.1397845139e+61   2.2245872600e-24   5.1871390087e-14  -3.3649652417e-06   2.0000000000e-02 
  1.3085274280e+21   1.9325399057e+18   4.1520486724e+61   2.2245872600e-24   5.1871390087e-14  -2.4957717706e-06   2.0000000000e-02 
  1.3104599679e+21   1.9325399057e+18   4.1643309705e+61   2.2245872600e-24   5.1871390087e-14  -9.3623433590e-07   2.0000000000e-02 
  1.3123925079e+21   1.9325399057e+18   4.1766314080e+61   2.2245872600e-24   5.1871390087e-14  -2.0344721919e-07   2.0000000000e-02 
  1.3143250478e+21   1.9325399057e+18   4.1889499850e+61   2.2245872600e-24   5.1871390087e-14   4.4888564738e-08   2.0000000000e-02 
  1.3162575877e+21   1.9325399057e+18   4.2012867015e+61   2.2245872600e-24   5.1871390087e-14   1.7518760622e-07   2.0000000000e-02 
  1.3181901276e+21   1.9325399057e+18   4.2136415576e+61   2.2245872600e-24   5.1871390087e-14   1.8147729135e-07   2.0000000000e-02 
  1.3201226675e+21   1.9325399057e+18   4.2260145531e+61   2.2245872600e-24   5.1871390087e-14   1.3953842252e-07   2.0000000000e-02 
  1.3220552074e+21   1.9325399057e+18   4.2384056881e+61   2.2245872600e-24   5.1871390087e-14   1.0932812323e-07   2.0000000000e-02 
  1.3239877473e+21   1.9325399057e+18   4.2508149626e+61   2.2245872600e-24   5.1871390087e-14   1.1397504007e-07   2.0000000000e-02 
  1.3259202872e+21   1.9325399057e+18   4.2632423766e+61   2.2245872600e-24   5.1871390087e-14   1.7291968864e-07   2.0000000000e-02 
  1.3278528271e+21   1.9325399057e+18   4.2756879301e+61   2.2245872600e-24   5.1871390087e-14   2.7293238822e-07   2.0000000000e-02 
  1.3297853670e+21   1.9325399057e+18   4.2881516231e+61   2.2245872600e-24   5.1871390087e-14   4.4892298759e-07   2.0000000000e-02 
  1.3317179069e+21   1.9325399057e+18   4.3006334556e+61   2.2245872600e-24   5.1871390087e-14   5.8208630913e-07   2.0000000000e-02 
  1.3336504468e+21   1.9325399057e+18   4.3131334276e+61   2.2245872600e-24   5.1871390087e-14   5.8226155801e-07   2.0000000000e-02 
  1.3355829867e+21   1.9325399057e+18   4.3256515391e+61   2.2245872600e-24   5.1871390087e-14   4.6101319241e-07   2.0000000000e-02 
  1.3375155266e+21   1.9325399057e+18   4.3381877901e+61   2.2245872600e-24   5.1871390087e-14   3.1644206256e-07   2.0000000000e-02 
  1.3394480665e+21   1.9325399057e+18   4.3507421806e+61   2.2245872600e-24   5.1871390087e-14   2.3754136583e-07   2.0000000000e-02 
  1.3413806064e+21   1.9325399057e+18   4.3633147106e+61   2.2245872600e-24   5.1871390087e-14   2.1302016809e-07   2.0000000000e-02 
  1.3433131463e+21   1.9325399057e+18   4.3759053801e+61   2.2245872600e-24   5.1871390087e-14   2.8485392512e-07   2.0000000000e-02 
  1.3452456863e+21   1.9325399057e+18   4.3885141891e+61   2.2245872600e-24   5.1871390087e-14   4.8874763716e-07   2.0000000000e-02 
  1.3471782262e+21   1.9325399057e+18   4.4011411376e+61   2.2245872600e-24   5.1871390087e-14   6.9716443768e-07   2.0000000000e-02 
  1.3491107661e+21   1.9325399057e+18   4.4137862256e+61   2.2245872600e-24   5.1871390087e-14   8.1249650589e-07   2.0000000000e-02 
  1.3510433060e+21   1.9325399057e+18   4.4264494531e+61   2.2245872600e-24   5.1871390087e-14   8.7574239138e-07   2.0000000000e-02 
  1.3529758459e+21   1.9325399057e+18   4.4391308201e+61   2.2245872600e-24   5.1871390087e-14   1.0250702312e-06   2.0000000000e-02 
  1.3549083858e+21   1.9325399057e+18   4.4518303266e+61   2.2245872600e-24   5.1871390087e-14   1.2394889730e-06   2.0000000000e-02 
  1.3568409257e+21   1.9325399057e+18   4.4645479726e+61   2.2245872600e-24   5.1871390087e-14   1.2133083402e-06   2.0000000000e-02 
  1.3587734656e+21   1.9325399057e+18   4.4772837581e+61   2.2245872600e-24   5.1871390087e-14   1.0138300615e-06   2.0000000000e-02 
  1.3607060055e+21   1.9325399057e+18   4.4900376830e+61   2.2245872600e-24   5.1871390087e-14   7.7659866450e-07   2.0000000000e-02 
  1.3626385454e+21   1.9325399057e+18   4.5028097475e+61   2.2245872600e-24   5.1871390087e-14   5.5453684097e-07   2.0000000000e-02 
  1.3645710853e+21   1.9325399057e+18   4.5155999515e+61   2.2245872600e-24   5.1871390087e-14   3.0831589425e-07   2.0000000000e-02 
  1.3665036252e+21   1.9325399057e+18   4.5284082950e+61   2.2245872600e-24   5.1871390087e-14   5.3291241382e-08   2.0000000000e-02 
  1.3684361651e+21   1.9325399057e+18   4.5412347779e+61   2.2245872600e-24   5.1871390087e-14  -1.0116915738e-07   2.0000000000e-02 
  1.3703687050e+21   1.9325399057e+18   4.5540794004e+61   2.2245872600e-24   5.1871390087e-14  -1.9153792948e-07   2.0000000000e-02 
  1.3723012449e+21   1.9325399057e+18   4.5669421624e+61   2.2245872600e-24   5.1871390087e-14  -2.5324875422e-07   2.0000000000e-02 
  1.3742337848e+21   1.9325399057e+18   4.5798230639e+61   2.2245872600e-24   5.1871390087e-14  -2.8384216988e-07   2.0000000000e-02 
  1.3761663247e+21   1.9325399057e+18   4.5927221048e+61   2.2245872600e-24   5.1871390087e-14  -2.7093509970e-07   2.0000000000e-02 
  1.3780988646e+21   1.9325399057e+18   4.6056392853e+61   2.2245872600e-24   5.1871390087e-14  -1.9481616821e-07   2.0000000000e-02 
  1.3800314046e+21   1.9325399057e+18   4.6185746053e+61   2.2245872600e-24   5.1871390087e-14  -1.0072658781e-07   2.0000000000e-02 
  1.3819639445e+21   1.9325399057e+18   4.6315280647e+61   2.2245872600e-24   5.1871390087e-14   2.6720746746e-08   2.0000000000e-02 
  1.3838964844e+21   1.9325399057e+18   4.6444996637e+61   2.2245872600e-24   5.1871390087e-14   2.0775332399e-07   2.0000000000e-02 
  1.3858290243e+21   1.9325399057e+18   4.6574894021e+61   2.2245872600e-24   5.1871390087e-14   4.5051478121e-07   2.0000000000e-02 
  1.3877615642e+21   1.9325399057e+18   4.6704972801e+61   2.2245872600e-24   5.1871390087e-14   7.4664006562e-07   2.0000000000e-02 
  1.3896941041e+21   1.9325399057e+18   4.6835232976e+61   2.2245872600e-24   5.1871390087e-14   9.6967037286e-07   2.0000000000e-02 
  1.3916266440e+21   1.9325399057e+18   4.6965674545e+61   2.2245872600e-24   5.1871390087e-14   1.0392199812e-06   2.0000000000e-02 
  1.3935591839e+21   1.9325399057e+18   4.7096297510e+61   2.2245872600e-24   5.1871390087e-14   9.5089695397e-07   2.0000000000e-02 
  1.3954917238e+21   1.9325399057e+18   4.7227101869e+61   2.2245872600e-24   5.1871390087e-14   8.0409735425e-07   2.0000000000e-02 
  1.3974242637e+21   1.9325399057e+18   4.7358087624e+61   2.2245872600e-24   5.1871390087e-14   7.1293711712e-07   2.0000000000e-02 
  1.3993568036e+21   1.9325399057e+18   4.7489254773e+61   2.2245872600e-24   5.1871390087e-14   7.8645057027e-07   2.0000000000e-02 
  1.4012893435e+21   1.9325399057e+18   4.7620603318e+61   2.2245872600e-24   5.1871390087e-14   1.0477087886e-06   2.0000000000e-02 
  1.4032218834e+21   1.9325399057e+18   4.7752133257e+61   2.2245872600e-24   5.1871390087e-14   1.3276957666e-06   2.0000000000e-02 
  1.4051544233e+21   1.9325399057e+18   4.7883844591e+61   2.2245872600e-24   5.1871390087e-14   1.3279059521e-06   2.0000000000e-02 
  1.4070869632e+21   1.9325399057e+18   4.8015737321e+61   2.2245872600e-24   5.1871390087e-14   1.0597969956e-06   2.0000000000e-02 
  1.4090195031e+21   1.9325399057e+18   4.8147811445e+61   2.2245872600e-24   5.1871390087e-14   8.6226217253e-07   2.0000000000e-02 
  1.4109520430e+21   1.9325399057e+18   4.8280066965e+61   2.2245872600e-24   5.1871390087e-14   8.3417712067e-07   2.0000000000e-02 
  1.4128845830e+21   1.9325399057e+18   4.8412503879e+61   2.2245872600e-24   5.1871390087e-14   8.5715204214e-07   2.0000000000e-02 
  1.4148171229e+21   1.9325399057e+18   4.8545122188e+61   2.2245872600e-24   5.1871390087e-14   8.9815515336e-07   2.0000000000e-02 
  1.4167496628e+21   1.9325399057e+18   4.8677921893e+61   2.2245872600e-24   5.1871390087e-14   8.9104753523e-07   2.0000000000e-02 
  1.4186822027e+21   1.9325399057e+18   4.8810902992e+61   2.2245872600e-24   5.1871390087e-14   8.3922505233e-07   2.0000000000e-02 
  1.4206147426e+21   1.9325399057e+18   4.8944065486e+61   2.2245872600e-24   5.1871390087e-14   6.1560991156e-07   2.0000000000e-02 
  1.4225472825e+21   1.9325399057e+18   4.9077409376e+61   2.2245872600e-24   5.1871390087e-14   2.5808147409e-07   2.0000000000e-02 
  1.4244798224e+21   1.9325399057e+18   4.9210934660e+61   2.2245872600e-24   5.1871390087e-14   5.1519176393e-08   2.0000000000e-02 
  1.4264123623e+21   1.9325399057e+18   4.9344641339e+61   2.2245872600e-24   5.1871390087e-14  -2.2460519915e-08   2.0000000000e-02 
  1.4283449022e+21   1.9325399057e+18   4.9478529413e+61   2.2245872600e-24   5.1871390087e-14  -3.4991038213e-08   2.0000000000e-02 
  1.4302774421e+21   1.9325399057e+18   4.9612598883e+61   2.2245872600e-24   5.1871390087e-14  -1.0588966360e-08   2.0000000000e-02 
  1.4322099820e+21   1.9325399057e+18   4.9746849747e+61   2.2245872600e-24   5.1871390087e-14  -2.3321757628e-08   2.0000000000e-02 
  1.4341425219e+21   1.9325399057e+18   4.9881282006e+61   2.2245872600e-24   5.1871390087e-14  -1.2210628609e-07   2.0000000000e-02 
  1.4360750618e+21   1.9325399057e+18   5.0015895660e+61   2.2245872600e-24   5.1871390087e-14  -2.2915137402e-07   2.0000000000e-02 
  1.4380076017e+21   1.9325399057e+18   5.0150690709e+61   2.2245872600e-24   5.1871390087e-14  -2.8699150226e-07   2.0000000000e-02 
  1.4399401416e+21   1.9325399057e+18   5.0285667153e+61   2.2245872600e-24   5.1871390087e-14  -3.2022262121e-07   2.0000000000e-02 
  1.4418726815e+21   1.9325399057e+18   5.0420824992e+61   2.2245872600e-24   5.1871390087e-14  -3.4712644860e-07   2.0000000000e-02 
  1.4438052214e+21   1.9325399057e+18   5.0556164226e+61   2.2245872600e-24   5.1871390087e-14  -3.6948429139e-07   2.0000000000e-02 
  1.4457377613e+21   1.9325399057e+18   5.0691684856e+61   2.2245872600e-24   5.1871390087e-14  -3.7250176384e-07   2.0000000000e-02 
  1.4476703013e+21   1.9325399057e+18   5.0827386880e+61   2.2245872600e-24   5.1871390087e-14  -3.4893011304e-07   2.0000000000e-02 
  1.4496028412e+21   1.9325399057e+18   5.0963270299e+61   2.2245872600e-24   5.1871390087e-14  -3.2482692291e-07   2.0000000000e-02 
  1.4515353811e+21   1.9325399057e+18   5.1099335113e+61   2.2245872600e-24   5.1871390087e-14  -2.9815405650e-07   2.0000000000e-02 
  1.4534679210e+21   1.9325399057e+18   5.1235581322e+61   2.2245872600e-24   5.1871390087e-14  -2.4673956870e-07   2.0000000000e-02 
  1.4554004609e+21   1.9325399057e+18   5.1372008926e+61   2.2245872600e-24   5.1871390087e-14  -1.6925270511e-07   2.0000000000e-02 
  1.4573330008e+21   1.9325399057e+18   5.1508617925e+61   2.2245872600e-24   5.1871390087e-14  -1.0363669898e-08   2.0000000000e-02 
  1.4592655407e+21   1.9325399057e+18   5.1645408319e+61   2.2245872600e-24   5.1871390087e-14   4.2480328470e-07   2.0000000000e-02 
  1.4611980806e+21   1.9325399057e+18   5.1782380108e+61   2.2245872600e-24   5.1871390087e-14   1.6064508726e-06   2.0000000000e-02 
  1.4631306205e+21   1.9325399057e+18   5.1919533291e+61   2.2245872600e-24   5.1871390087e-14   2.6522277192e-06   2.0000000000e-02 
  1.4650631604e+21   1.9325399057e+18   5.2056867870e+61   2.2245872600e-24   5.1871390086e-14   2.8232341994e-06   2.0000000000e-02 
  1.4669957003e+21   1.9325399057e+18   5.2194383844e+61   2.2245872600e-24   5.1871390086e-14   2.8783450702e-06   2.0000000000e-02 
  1.4689282402e+21   1.9325399057e+18   5.2332081213e+61   2.2245872600e-24   5.1871390086e-14   2.8745443177e-06   2.0000000000e-02 
  1.4708607801e+21   1.9325399057e+18   5.2469959977e+61   2.2245872600e-24   5.1871390086e-14   2.8623239458e-06   2.0000000000e-02 
  1.4727933200e+21   1.9325399057e+18   5.2608020136e+61   2.2245872600e-24   5.1871390086e-14   2.8288126464e-06   2.0000000000e-02 
  1.4747258599e+21   1.9325399057e+18   5.2746261690e+61   2.2245872600e-24   5.1871390086e-14   2.7839540194e-06   2.0000000000e-02 
  1.4766583998e+21   1.9325399057e+18   5.2884684638e+61   2.2245872600e-24   5.1871390087e-14   2.7010289320e-06   2.0000000000e-02 
  1.4785909397e+21   1.9325399057e+18   5.3023288982e+61   2.2245872600e-24   5.1871390087e-14   2.4375209442e-06   2.0000000000e-02 
  1.4805234797e+21   1.9325399057e+18   5.3162074721e+61   2.2245872600e-24   5.1871390087e-14   1.4102559666e-06   2.0000000000e-02 
  1.4824560196e+21   1.9325399057e+18   5.3301041855e+61   2.2245872600e-24   5.1871390087e-14  -1.8810074996e-06   2.0000000000e-02 
  1.4843885595e+21   1.9325399057e+18   5.3440190383e+61   2.2245872600e-24   5.1871390088e-14  -4.8307143579e-06   2.0000000000e-02 
  1.4863210994e+21   1.9325399057e+18   5.3579520307e+61   2.2245872600e-24   5.1871390088e-14  -6.7326285028e-06   2.0000000000e-02 
  1.4882536393e+21   1.9325399057e+18   5.3719031626e+61   2.2245872600e-24   5.1871390088e-14  -7.9138543442e-06   2.0000000000e-02 
  1.4901861792e+21   1.9325399057e+18   5.3858724340e+61   2.2245872600e-24   5.1871390088e-14  -8.3449247453e-06   2.0000000000e-02 
  1.4921187191e+21   1.9325399057e+18   5.3998598448e+61   2.2245872600e-24   5.1871390088e-14  -8.5296686446e-06   2.0000000000e-02 
  1.4940512590e+21   1.9325399057e+18   5.4138653952e+61   2.2245872600e-24   5.1871390088e-14  -8.7140111897e-06   2.0000000000e-02 
  1.4959837989e+21   1.9325399057e+18   5.4278890850e+61   2.2245872600e-24   5.1871390088e-14  -8.9009503200e-06   2.0000000000e-02 
  1.4979163388e+21   1.9325399057e+18   5.4419309144e+61   2.2245872600e-24   5.1871390088e-14  -9.0019198907e-06   2.0000000000e-02 
  1.4998488787e+21   1.9325399057e+18   5.4559908833e+61   2.2245872600e-24   5.1871390088e-14  -8.8994086084e-06   2.0000000000e-02 
  1.5017814186e+21   1.9325399057e+18   5.4700689916e+61   2.2245872600e-24   5.1871390088e-14  -8.6764542310e-06   2.0000000000e-02 
  1.5037139585e+21   1.9325399057e+18   5.4841652395e+61   2.2245872600e-24   5.1871390089e-14  -8.3928560028e-06   2.0000000000e-02 
  1.5056464984e+21   1.9325399057e+18   5.4982796268e+61   2.2245872600e-24   5.1871390089e-14  -8.2108847997e-06   2.0000000000e-02 
  1.5075790383e+21   1.9325399057e+18   5.5124121537e+61   2.2245872600e-24   5.1871390089e-14  -8.1304965984e-06   2.0000000000e-02 
  1.5095115782e+21   1.9325399057e+18   5.5265628200e+61   2.2245872600e-24   5.1871390089e-14  -8.1074197032e-06   2.0000000000e-02 
  1.5114441181e+21   1.9325399057e+18   5.5407316259e+61   2.2245872600e-24   5.1871390089e-14  -8.1143343843e-06   2.0000000000e-02 
  1.5133766580e+21   1.9325399057e+18   5.5549185712e+61   2.2245872600e-24   5.1871390089e-14  -8.1587404062e-06   2.0000000000e-02 
  1.5153091980e+21   1.9325399057e+18   5.5691236561e+61   2.2245872600e-24   5.1871390089e-14  -8.2398805581e-06   2.0000000000e-02 
  1.5172417379e+21   1.9325399057e+18   5.5833468804e+61   2.2245872600e-24   5.1871390089e-14  -8.4182261609e-06   2.0000000000e-02 
  1.5191742778e+21   1.9325399057e+18   5.5975882443e+61   2.2245872600e-24   5.1871390089e-14  -8.7272222837e-06   2.0000000000e-02 
  1.5211068177e+21   1.9325399057e+18   5.6118477476e+61   2.2245872600e-24   5.1871390089e-14  -9.5259131942e-06   2.0000000000e-02 
  1.5230393576e+21   1.9325399057e+18   5.6261253905e+61   2.2245872600e-24   5.1871390090e-14  -1.1025645656e-05   2.0000000000e-02 
  1.5249718975e+21   1.9325399057e+18   5.6404211728e+61   2.2245872600e-24   5.1871390090e-14  -1.2271517007e-05   2.0000000000e-02 
  1.5269044374e+21   1.9325399057e+18   5.6547350946e+61   2.2245872600e-24   5.1871390090e-14  -1.3130020854e-05   2.0000000000e-02 
  1.5288369773e+21   1.9325399057e+18   5.6690671560e+61   2.2245872600e-24   5.1871390090e-14  -1.3003576534e-05   2.0000000000e-02 
  1.5307695172e+21   1.9325399057e+18   5.6834173568e+61   2.2245872600e-24   5.1871390089e-14  -1.1260822370e-05   2.0000000000e-02 
  1.5327020571e+21   1.9325399057e+18   5.6977856971e+61   2.2245872600e-24   5.1871390089e-14  -8.7792458591e-06   2.0000000000e-02 
  1.5346345970e+21   1.9325399057e+18   5.7121721770e+61   2.2245872600e-24   5.1871390088e-14  -7.0631568791e-06   2.0000000000e-02 
  1.5365671369e+21   1.9325399057e+18   5.7265767963e+61   2.2245872600e-24   5.1871390088e-14  -6.0459095573e-06   2.0000000000e-02 
  1.5384996768e+21   1.9325399057e+18   5.7409995551e+61   2.2245872600e-24   5.1871390088e-14  -5.9524987172e-06   2.0000000000e-02 
  1.5404322167e+21   1.9325399057e+18   5.7554404534e+61   2.2245872600e-24   5.1871390087e-14  -6.7261603205e-06   2.0000000000e-02 
  1.5423647566e+21   1.9325399057e+18   5.7698994913e+61   2.2245872600e-24   5.1871390087e-14  -8.2019191682e-06   2.0000000000e-02 
  1.5442972965e+21   1.9325399057e+18   5.7843766686e+61   2.2245872600e-24   5.1871390086e-14  -1.0322740601e-05   2.0000000000e-02 
  1.5462298364e+21   1.9325399057e+18   5.7988719854e+61   2.2245872600e-24   5.1871390086e-14  -1.1659913568e-05   2.0000000000e-02 
  1.5481623764e+21   1.9325399057e+18   5.8133854417e+61   2.2245872600e-24   5.1871390086e-14  -1.2199315303e-05   2.0000000000e-02 
  1.5500949163e+21   1.9325399057e+18   5.8279170375e+61   2.2245872600e-24   5.1871390086e-14  -1.2372961110e-05   2.0000000000e-02 
  1.5520274562e+21   1.9325399057e+18   5.8424667728e+61   2.2245872600e-24   5.1871390086e-14  -1.2297035733e-05   2.0000000000e-02 
  1.5539599961e+21   1.9325399057e+18   5.8570346477e+61   2.2245872600e-24   5.1871390086e-14  -1.1612349226e-05   2.0000000000e-02 
  1.5558925360e+21   1.9325399057e+18   5.8716206620e+61   2.2245872600e-24   5.1871390086e-14  -1.0812871421e-05   2.0000000000e-02 
  1.5578250759e+21   1.9325399057e+18   5.8862248158e+61   2.2245872600e-24   5.1871390087e-14  -9.4651414692e-06   2.0000000000e-02 
  1.5597576158e+21   1.9325399057e+18   5.9008471091e+61   2.2245872600e-24   5.1871390087e-14  -8.5393936891e-06   2.0000000000e-02 
  1.5616901557e+21   1.9325399057e+18   5.9154875419e+61   2.2245872600e-24   5.1871390087e-14  -8.0109040184e-06   2.0000000000e-02 
  1.5636226956e+21   1.9325399057e+18   5.9301461142e+61   2.2245872600e-24   5.1871390087e-14  -7.6538566569e-06   2.0000000000e-02 
  1.5655552355e+21   1.9325399057e+18   5.9448228260e+61   2.2245872600e-24   5.1871390087e-14  -7.4611458712e-06   2.0000000000e-02 
  1.5674877754e+21   1.9325399057e+18   5.9595176773e+61   2.2245872600e-24   5.1871390087e-14  -7.3671236944e-06   2.0000000000e-02 
  1.5694203153e+21   1.9325399057e+18   5.9742306681e+61   2.2245872600e-24   5.1871390087e-14  -7.3267556858e-06   2.0000000000e-02 
  1.5713528552e+21   1.9325399057e+18   5.9889617984e+61   2.2245872600e-24   5.1871390087e-14  -7.3350026397e-06   2.0000000000e-02 
  1.5732853951e+21   1.9325399057e+18   6.0037110682e+61   2.2245872600e-24   5.1871390087e-14  -7.3669861669e-06   2.0000000000e-02 
  1.5752179350e+21   1.9325399057e+18   6.0184784775e+61   2.2245872600e-24   5.1871390087e-14  -7.3384081151e-06   2.0000000000e-02 
  1.5771504749e+21   1.9325399057e+18   6.0332640263e+61   2.2245872600e-24   5.1871390087e-14  -7.1826668889e-06   2.0000000000e-02 
  1.5790830148e+21   1.9325399057e+18   6.0480677146e+61   2.2245872600e-24   5.1871390087e-14  -6.9071938606e-06   2.0000000000e-02 
  1.5810155547e+21   1.9325399057e+18   6.0628895424e+61   2.2245872600e-24   5.1871390087e-14  -6.6441413477e-06   2.0000000000e-02 
  1.5829480947e+21   1.9325399057e+18   6.0777295096e+61   2.2245872600e-24   5.1871390087e-14  -6.3168491333e-06   2.0000000000e-02 
  1.5848806346e+21   1.9325399057e+18   6.0925876164e+61   2.2245872600e-24   5.1871390087e-14  -5.8793744971e-06   2.0000000000e-02 
  1.5868131745e+21   1.9325399057e+18   6.1074638627e+61   2.2245872600e-24   5.1871390088e-14  -5.5056105928e-06   2.0000000000e-02 
  1.5887457144e+21   1.9325399057e+18   6.1223582485e+61   2.2245872600e-24   5.1871390088e-14  -5.1734790178e-06   2.0000000000e-02 
  1.5906782543e+21   1.9325399057e+18   6.1372707738e+61   2.2245872600e-24   5.1871390088e-14  -4.7844842250e-06   2.0000000000e-02 
  1.5926107942e+21   1.9325399057e+18   6.1522014386e+61   2.2245872600e-24   5.1871390088e-14  -4.2058964745e-06   2.0000000000e-02 
  1.5945433341e+21   1.9325399057e+18   6.1671502428e+61   2.2245872600e-24   5.1871390088e-14  -3.1471937540e-06   2.0000000000e-02 
  1.5964758740e+21   1.9325399057e+18   6.1821171866e+61   2.2245872600e-24   5.1871390089e-14  -5.5478195746e-07   2.0000000000e-02 
  1.5984084139e+21   1.9325399057e+18   6.1971022699e+61   2.2245872600e-24   5.1871390089e-14   1.6082661002e-06   2.0000000000e-02 
  1.6003409538e+21   1.9325399057e+18   6.2121054927e+61   2.2245872600e-24   5.1871390089e-14   2.0872253785e-06   2.0000000000e-02 
  1.6022734937e+21   1.9325399057e+18   6.2271268549e+61   2.2245872600e-24   5.1871390089e-14   2.1531627368e-06   2.0000000000e-02 
  1.6042060336e+21   1.9325399057e+18   6.2421663567e+61   2.2245872600e-24   5.1871390089e-14   2.2046398929e-06   2.0000000000e-02 
  1.6061385735e+21   1.9325399057e+18   6.2572239980e+61   2.2245872600e-24   5.1871390089e-14   2.3848750661e-06   2.0000000000e-02 
  1.6080711134e+21   1.9325399057e+18   6.2722997787e+61   2.2245872600e-24   5.1871390090e-14   2.6372881912e-06   2.0000000000e-02 
  1.6100036533e+21   1.9325399057e+18   6.2873936990e+61   2.2245872600e-24   5.1871390090e-14   2.7893868713e-06   2.0000000000e-02 
  1.6119361932e+21   1.9325399057e+18   6.3025057587e+61   2.2245872600e-24   5.1871390090e-14   2.8447623153e-06   2.0000000000e-02 
  1.6138687331e+21   1.9325399057e+18   6.3176359580e+61   2.2245872600e-24   5.1871390090e-14   2.8379890992e-06   2.0000000000e-02 
  1.6158012731e+21   1.9325399057e+18   6.3327842968e+61   2.2245872600e-24   5.1871390090e-14   2.7903371828e-06   2.0000000000e-02 
  1.6177338130e+21   1.9325399057e+18   6.3479507750e+61   2.2245872600e-24   5.1871390090e-14   2.7210059464e-06   2.0000000000e-02 
  1.6196663529e+21   1.9325399057e+18   6.3631353928e+61   2.2245872600e-24   5.1871390090e-14   2.6708820897e-06   2.0000000000e-02 
  1.6215988928e+21   1.9325399057e+18   6.3783381500e+61   2.2245872600e-24   5.1871390090e-14   2.4294785627e-06   2.0000000000e-02 
  1.6235314327e+21   1.9325399057e+18   6.3935590468e+61   2.2245872600e-24   5.1871390090e-14   1.8904221717e-06   2.0000000000e-02 
  1.6254639726e+21   1.9325399057e+18   6.4087980830e+61   2.2245872600e-24   5.1871390089e-14   1.1540708073e-06   2.0000000000e-02 
  1.6273965125e+21   1.9325399057e+18   6.4240552588e+61   2.2245872600e-24   5.1871390089e-14   7.8790858955e-07   2.0000000000e-02 
  1.6293290524e+21   1.9325399057e+18   6.4393305740e+61   2.2245872600e-24   5.1871390089e-14   7.6206517005e-07   2.0000000000e-02 
  1.6312615923e+21   1.9325399057e+18   6.4546240288e+61   2.2245872600e-24   5.1871390089e-14   8.0794763759e-07   2.0000000000e-02 
  1.6331941322e+21   1.9325399057e+18   6.4699356230e+61   2.2245872600e-24   5.1871390089e-14   9.4035418276e-07   2.0000000000e-02 
  1.6351266721e+21   1.9325399057e+18   6.4852653568e+61   2.2245872600e-24   5.1871390089e-14   1.1685743287e-06   2.0000000000e-02 
  1.6370592120e+21   1.9325399057e+18   6.5006132300e+61   2.2245872600e-24   5.1871390089e-14   1.3829981954e-06   2.0000000000e-02 
  1.6389917519e+21   1.9325399057e+18   6.5159792427e+61   2.2245872600e-24   5.1871390089e-14   1.4369670176e-06   2.0000000000e-02 
  1.6409242918e+21   1.9325399057e+18   6.5313633950e+61   2.2245872600e-24   5.1871390089e-14   1.4315235076e-06   2.0000000000e-02 
  1.6428568317e+21   1.9325399057e+18   6.5467656867e+61   2.2245872600e-24   5.1871390089e-14   1.3980060341e-06   2.0000000000e-02 
  1.6447893716e+21   1.9325399057e+18   6.5621861179e+61   2.2245872600e-24   5.1871390089e-14   1.3339136384e-06   2.0000000000e-02 
  1.6467219115e+21   1.9325399057e+18   6.5776246887e+61   2.2245872600e-24   5.1871390089e-14   1.2734953981e-06   2.0000000000e-02 
  1.6486544514e+21   1.9325399057e+18   6.5930813989e+61   2.2245872600e-24   5.1871390089e-14   1.2088193128e-06   2.0000000000e-02 
  1.6505869914e+21   1.9325399057e+18   6.6085562486e+61   2.2245872600e-24   5.1871390089e-14   1.1232446513e-06   2.0000000000e-02 
  1.6525195313e+21   1.9325399057e+18   6.6240492379e+61   2.2245872600e-24   5.1871390089e-14   1.0496642089e-06   2.0000000000e-02 
  1.6544520712e+21   1.9325399057e+18   6.6395603666e+61   2.2245872600e-24   5.1871390089e-14   1.0259019063e-06   2.0000000000e-02 
  1.6563846111e+21   1.9325399057e+18   6.6550896348e+61   2.2245872600e-24   5.1871390089e-14   1.0617251145e-06   2.0000000000e-02 
  1.6583171510e+21   1.9325399057e+18   6.6706370425e+61   2.2245872600e-24   5.1871390089e-14   1.1893467345e-06   2.0000000000e-02 
  1.6602496909e+21   1.9325399057e+18   6.6862025897e+61   2.2245872600e-24   5.1871390089e-14   1.3487111404e-06   2.0000000000e-02 
  1.6621822308e+21   1.9325399057e+18   6.7017862765e+61   2.2245872600e-24   5.1871390089e-14   1.3464050167e-06   2.0000000000e-02 
  1.6641147707e+21   1.9325399057e+18   6.7173881027e+61   2.2245872600e-24   5.1871390089e-14   1.2181737272e-06   2.0000000000e-02 
  1.6660473106e+21   1.9325399057e+18   6.7330080684e+61   2.2245872600e-24   5.1871390089e-14   1.1532561071e-06   2.0000000000e-02 
  1.6679798505e+21   1.9325399057e+18   6.7486461736e+61   2.2245872600e-24   5.1871390089e-14   1.1541468832e-06   2.0000000000e-02 
  1.6699123904e+21   1.9325399057e+18   6.7643024183e+61   2.2245872600e-24   5.1871390089e-14   1.1944509475e-06   2.0000000000e-02 
  1.6718449303e+21   1.9325399057e+18   6.7799768025e+61   2.2245872600e-24   5.1871390089e-14   1.2740600514e-06   2.0000000000e-02 
  1.6737774702e+21   1.9325399057e+18   6.7956693262e+61   2.2245872600e-24   5.1871390089e-14   1.3758336187e-06   2.0000000000e-02 
  1.6757100101e+21   1.9325399057e+18   6.8113799894e+61   2.2245872600e-24   5.1871390089e-14   1.4710973570e-06   2.0000000000e-02 
  1.6776425500e+21   1.9325399057e+18   6.8271087921e+61   2.2245872600e-24   5.1871390089e-14   1.5038637207e-06   2.0000000000e-02 
  1.6795750899e+21   1.9325399057e+18   6.8428557343e+61   2.2245872600e-24   5.1871390089e-14   1.4230879912e-06   2.0000000000e-02 
  1.6815076298e+21   1.9325399057e+18   6.8586208160e+61   2.2245872600e-24   5.1871390089e-14   1.1073774666e-06   2.0000000000e-02 
  1.6834401697e+21   1.9325399057e+18   6.8744040372e+61   2.2245872600e-24   5.1871390089e-14   1.8697527779e-07   2.0000000000e-02 
  1.6853727097e+21   1.9325399057e+18   6.8902053979e+61   2.2245872600e-24   5.1871390089e-14  -1.1679840998e-06   2.0000000000e-02 
  1.6873052496e+21   1.9325399057e+18   6.9060248981e+61   2.2245872600e-24   5.1871390089e-14  -1.7920993085e-06   2.0000000000e-02 
  1.6892377895e+21   1.9325399057e+18   6.9218625378e+61   2.2245872600e-24   5.1871390089e-14  -1.9256861415e-06   2.0000000000e-02 
  1.6911703294e+21   1.9325399057e+18   6.9377183170e+61   2.2245872600e-24   5.1871390089e-14  -1.9212107797e-06   2.0000000000e-02 
  1.6931028693e+21   1.9325399057e+18   6.9535922357e+61   2.2245872600e-24   5.1871390089e-14  -1.7459611199e-06   2.0000000000e-02 
  1.6950354092e+21   1.9325399057e+18   6.9694842939e+61   2.2245872600e-24   5.1871390089e-14  -6.0153442064e-07   2.0000000000e-02 
  1.6969679491e+21   1.9325399057e+18   6.9853944916e+61   2.2245872600e-24   5.1871390088e-14   2.3421290394e-06   2.0000000000e-02 
  1.6989004890e+21   1.9325399057e+18   7.0013228288e+61   2.2245872600e-24   5.1871390088e-14   4.4916290569e-06   2.0000000000e-02 
  1.7008330289e+21   1.9325399057e+18   7.0172693055e+61   2.2245872600e-24   5.1871390087e-14   5.2082072812e-06   2.0000000000e-02 
  1.7027655688e+21   1.9325399057e+18   7.0332339216e+61   2.2245872600e-24   5.1871390087e-14   5.5673678729e-06   2.0000000000e-02 
  1.7046981087e+21   1.9325399057e+18   7.0492166773e+61   2.2245872600e-24   5.1871390087e-14   5.9312323057e-06   2.0000000000e-02 
  1.7066306486e+21   1.9325399057e+18   7.0652175725e+61   2.2245872600e-24   5.1871390087e-14   6.2416798328e-06   2.0000000000e-02 
  1.7085631885e+21   1.9325399057e+18   7.0812366072e+61   2.2245872600e-24   5.1871390087e-14   6.3654665993e-06   2.0000000000e-02 
  1.7104957284e+21   1.9325399057e+18   7.0972737814e+61   2.2245872600e-24   5.1871390087e-14   6.3629304532e-06   2.0000000000e-02 
  1.7124282683e+21   1.9325399057e+18   7.1133290950e+61   2.2245872600e-24   5.1871390087e-14   6.3740246555e-06   2.0000000000e-02 
  1.7143608082e+21   1.9325399057e+18   7.1294025482e+61   2.2245872600e-24   5.1871390087e-14   6.4237171876e-06   2.0000000000e-02 
  1.7162933481e+21   1.9325399057e+18   7.1454941409e+61   2.2245872600e-24   5.1871390087e-14   6.5046626574e-06   2.0000000000e-02 
  1.7182258881e+21   1.9325399057e+18   7.1616038730e+61   2.2245872600e-24   5.1871390087e-14   6.5432944318e-06   2.0000000000e-02 
  1.7201584280e+21   1.9325399057e+18   7.1777317447e+61   2.2245872600e-24   5.1871390088e-14   6.4548386343e-06   2.0000000000e-02 
  1.7220909679e+21   1.9325399057e+18   7.1938777559e+61   2.2245872600e-24   5.1871390088e-14   6.1914300809e-06   2.0000000000e-02 
  1.7240235078e+21   1.9325399057e+18   7.2100419065e+61   2.2245872600e-24   5.1871390088e-14   5.9864964331e-06   2.0000000000e-02 
  1.7259560477e+21   1.9325399057e+18   7.2262241967e+61   2.2245872600e-24   5.1871390088e-14   5.8831791815e-06   2.0000000000e-02 
  1.7278885876e+21   1.9325399057e+18   7.2424246264e+61   2.2245872600e-24   5.1871390088e-14   5.8353211695e-06   2.0000000000e-02 
  1.7298211275e+21   1.9325399057e+18   7.2586431955e+61   2.2245872600e-24   5.1871390088e-14   5.8000506135e-06   2.0000000000e-02 
  1.7317536674e+21   1.9325399057e+18   7.2748799042e+61   2.2245872600e-24   5.1871390088e-14   5.7965068760e-06   2.0000000000e-02 
  1.7336862073e+21   1.9325399057e+18   7.2911347523e+61   2.2245872600e-24   5.1871390088e-14   5.8701087969e-06   2.0000000000e-02 
  1.7356187472e+21   1.9325399057e+18   7.3074077400e+61   2.2245872600e-24   5.1871390088e-14   6.0901829283e-06   2.0000000000e-02 
  1.7375512871e+21   1.9325399057e+18   7.3236988671e+61   2.2245872600e-24   5.1871390088e-14   6.5129084594e-06   2.0000000000e-02 
  1.7394838270e+21   1.9325399057e+18   7.3400081338e+61   2.2245872600e-24   5.1871390087e-14   7.3212744107e-06   2.0000000000e-02 
  1.7414163669e+21   1.9325399057e+18   7.3563355399e+61   2.2245872600e-24   5.1871390087e-14   8.6029911875e-06   2.0000000000e-02 
  1.7433489068e+21   1.9325399057e+18   7.3726810856e+61   2.2245872600e-24   5.1871390087e-14   9.6201721273e-06   2.0000000000e-02 
  1.7452814467e+21   1.9325399057e+18   7.3890447707e+61   2.2245872600e-24   5.1871390086e-14   1.0370901746e-05   2.0000000000e-02 
  1.7472139866e+21   1.9325399057e+18   7.4054265954e+61   2.2245872600e-24   5.1871390086e-14   1.0561429595e-05   2.0000000000e-02 
  1.7491465265e+21   1.9325399057e+18   7.4218265595e+61   2.2245872600e-24   5.1871390086e-14   1.0492783779e-05   2.0000000000e-02 
  1.7510790664e+21   1.9325399057e+18   7.4382446632e+61   2.2245872600e-24   5.1871390086e-14   1.0221638773e-05   2.0000000000e-02 
  1.7530116064e+21   1.9325399057e+18   7.4546809063e+61   2.2245872600e-24   5.1871390087e-14   9.4106665078e-06   2.0000000000e-02 
  1.7549441463e+21   1.9325399057e+18   7.4711352889e+61   2.2245872600e-24   5.1871390087e-14   8.5676429872e-06   2.0000000000e-02 
  1.7568766862e+21   1.9325399057e+18   7.4876078111e+61   2.2245872600e-24   5.1871390087e-14   7.6593597326e-06   2.0000000000e-02 
  1.7588092261e+21   1.9325399057e+18   7.5040984727e+61   2.2245872600e-24   5.1871390087e-14   6.8628164194e-06   2.0000000000e-02 
  1.7607417660e+21   1.9325399057e+18   7.5206072738e+61   2.2245872600e-24   5.1871390087e-14   6.6375928358e-06   2.0000000000e-02 
  1.7626743059e+21   1.9325399057e+18   7.5371342145e+61   2.2245872600e-24   5.1871390087e-14   6.8118637341e-06   2.0000000000e-02 
  1.7646068458e+21   1.9325399057e+18   7.5536792946e+61   2.2245872600e-24   5.1871390088e-14   7.0898691786e-06   2.0000000000e-02 
  1.7665393857e+21   1.9325399057e+18   7.5702425142e+61   2.2245872600e-24   5.1871390088e-14   8.1414577301e-06   2.0000000000e-02 
  1.7684719256e+21   1.9325399057e+18   7.5868238733e+61   2.2245872600e-24   5.1871390088e-14   9.2196531936e-06   2.0000000000e-02 
  1.7704044655e+21   1.9325399057e+18   7.6034233720e+61   2.2245872600e-24   5.1871390089e-14   9.1482788219e-06   2.0000000000e-02 
  1.7723370054e+21   1.9325399057e+18   7.6200410101e+61   2.2245872600e-24   5.1871390089e-14   8.2875323254e-06   2.0000000000e-02 
  1.7742695453e+21   1.9325399057e+18   7.6366767877e+61   2.2245872600e-24   5.1871390088e-14   7.3943397347e-06   2.0000000000e-02 
  1.7762020852e+21   1.9325399057e+18   7.6533307048e+61   2.2245872600e-24   5.1871390088e-14   7.1679710987e-06   2.0000000000e-02 
  1.7781346251e+21   1.9325399057e+18   7.6700027614e+61   2.2245872600e-24   5.1871390088e-14   7.1616239206e-06   2.0000000000e-02 
  1.7800671650e+21   1.9325399057e+18   7.6866929575e+61   2.2245872600e-24   5.1871390088e-14   7.2854346762e-06   2.0000000000e-02 
  1.7819997049e+21   1.9325399057e+18   7.7034012932e+61   2.2245872600e-24   5.1871390088e-14   7.3293087853e-06   2.0000000000e-02 
  1.7839322448e+21   1.9325399057e+18   7.7201277683e+61   2.2245872600e-24   5.1871390087e-14   7.4190379175e-06   2.0000000000e-02 
  1.7858647848e+21   1.9325399057e+18   7.7368723829e+61   2.2245872600e-24   5.1871390087e-14   7.5582656660e-06   2.0000000000e-02 
  1.7877973247e+21   1.9325399057e+18   7.7536351370e+61   2.2245872600e-24   5.1871390087e-14   7.6629407333e-06   2.0000000000e-02 
  1.7897298646e+21   1.9325399057e+18   7.7704160306e+61   2.2245872600e-24   5.1871390087e-14   7.6943508006e-06   2.0000000000e-02 
  1.7916624045e+21   1.9325399057e+18   7.7872150637e+61   2.2245872600e-24   5.1871390087e-14   7.6957856419e-06   2.0000000000e-02 
  1.7935949444e+21   1.9325399057e+18   7.8040322363e+61   2.2245872600e-24   5.1871390087e-14   7.7390153448e-06   2.0000000000e-02 
  1.7955274843e+21   1.9325399057e+18   7.8208675484e+61   2.2245872600e-24   5.1871390087e-14   7.7724690307e-06   2.0000000000e-02 
  1.7974600242e+21   1.9325399057e+18   7.8377210000e+61   2.2245872600e-24   5.1871390087e-14   7.7537175293e-06   2.0000000000e-02 
  1.7993925641e+21   1.9325399057e+18   7.8545925911e+61   2.2245872600e-24   5.1871390087e-14   7.4759105394e-06   2.0000000000e-02 
  1.8013251040e+21   1.9325399057e+18   7.8714823217e+61   2.2245872600e-24   5.1871390087e-14   6.6988085105e-06   2.0000000000e-02 
  1.8032576439e+21   1.9325399057e+18   7.8883901918e+61   2.2245872600e-24   5.1871390087e-14   4.8430772385e-06   2.0000000000e-02 
  1.8051901838e+21   1.9325399057e+18   7.9053162014e+61   2.2245872600e-24   5.1871390087e-14   1.7428115467e-06   2.0000000000e-02 
  1.8071227237e+21   1.9325399057e+18   7.9222603505e+61   2.2245872600e-24   5.1871390086e-14  -1.4340396801e-06   2.0000000000e-02 
  1.8090552636e+21   1.9325399057e+18   7.9392226391e+61   2.2245872600e-24   5.1871390086e-14  -2.8834337341e-06   2.0000000000e-02 
  1.8109878035e+21   1.9325399057e+18   7.9562030672e+61   2.2245872600e-24   5.1871390087e-14  -3.3279760920e-06   2.0000000000e-02 
  1.8129203434e+21   1.9325399057e+18   7.9732016347e+61   2.2245872600e-24   5.1871390086e-14  -3.4223227130e-06   2.0000000000e-02 
  1.8148528833e+21   1.9325399057e+18   7.9902183418e+61   2.2245872600e-24   5.1871390086e-14  -3.4807202380e-06   2.0000000000e-02 
  1.8167854232e+21   1.9325399057e+18   8.0072531884e+61   2.2245872600e-24   5.1871390086e-14  -3.5548999994e-06   2.0000000000e-02 
  1.8187179631e+21   1.9325399057e+18   8.0243061745e+61   2.2245872600e-24   5.1871390086e-14  -3.5809958405e-06   2.0000000000e-02 
  1.8206505031e+21   1.9325399057e+18   8.0413773001e+61   2.2245872600e-24   5.1871390086e-14  -3.5107669232e-06   2.0000000000e-02 
  1.8225830430e+21   1.9325399057e+18   8.0584665651e+61   2.2245872600e-24   5.1871390087e-14  -3.2527932690e-06   2.0000000000e-02 
  1.8245155829e+21   1.9325399057e+18   8.0755739697e+61   2.2245872600e-24   5.1871390087e-14  -2.0057267517e-06   2.0000000000e-02 
  1.8264481228e+21   1.9325399057e+18   8.0926995138e+61   2.2245872600e-24   5.1871390087e-14  -7.1805464269e-07   2.0000000000e-02 
  1.8283806627e+21   1.9325399057e+18   8.1098431974e+61   2.2245872600e-24   5.1871390087e-14  -2.8922467339e-07   2.0000000000e-02 
  1.8303132026e+21   1.9325399057e+18   8.1270050204e+61   2.2245872600e-24   5.1871390087e-14  -1.2136466042e-07   2.0000000000e-02 
  1.8322457425e+21   1.9325399057e+18   8.1441849830e+61   2.2245872600e-24   5.1871390087e-14  -3.2765761753e-08   2.0000000000e-02 
  1.8341782824e+21   1.9325399057e+18   8.1613830851e+61   2.2245872600e-24   5.1871390087e-14   2.1129567340e-08   2.0000000000e-02 
  1.8361108223e+21   1.9325399057e+18   8.1785993266e+61   2.2245872600e-24   5.1871390087e-14   8.2634633572e-08   2.0000000000e-02 
  1.8380433622e+21   1.9325399057e+18   8.1958337077e+61   2.2245872600e-24   5.1871390087e-14   1.0834048595e-07   2.0000000000e-02 
  1.8399759021e+21   1.9325399057e+18   8.2130862283e+61   2.2245872600e-24   5.1871390087e-14   4.3303892263e-08   2.0000000000e-02 
  1.8419084420e+21   1.9325399057e+18   8.2303568883e+61   2.2245872600e-24   5.1871390087e-14  -6.0847324411e-08   2.0000000000e-02 
  1.8438409819e+21   1.9325399057e+18   8.2476456879e+61   2.2245872600e-24   5.1871390087e-14  -1.4543013270e-07   2.0000000000e-02 
  1.8457735218e+21   1.9325399057e+18   8.2649526269e+61   2.2245872600e-24   5.1871390087e-14  -1.9214217074e-07   2.0000000000e-02 
  1.8477060617e+21   1.9325399057e+18   8.2822777055e+61   2.2245872600e-24   5.1871390087e-14  -1.9748582008e-07   2.0000000000e-02 
  1.8496386016e+21   1.9325399057e+18   8.2996209236e+61   2.2245872600e-24   5.1871390087e-14  -1.9137187741e-07   2.0000000000e-02 
  1.8515711415e+21   1.9325399057e+18   8.3169822811e+61   2.2245872600e-24   5.1871390087e-14  -1.3314180230e-07   2.0000000000e-02 
  1.8535036815e+21   1.9325399057e+18   8.3343617782e+61   2.2245872600e-24   5.1871390087e-14  -8.3012504776e-08   2.0000000000e-02 
  1.8554362214e+21   1.9325399057e+18   8.3517594147e+61   2.2245872600e-24   5.1871390087e-14  -5.8528807395e-08   2.0000000000e-02 
  1.8573687613e+21   1.9325399057e+18   8.3691751907e+61   2.2245872600e-24   5.1871390087e-14  -2.0021390961e-08   2.0000000000e-02 
  1.8593013012e+21   1.9325399057e+18   8.3866091063e+61   2.2245872600e-24   5.1871390087e-14   5.5262014741e-08   2.0000000000e-02 
  1.8612338411e+21   1.9325399057e+18   8.4040611613e+61   2.2245872600e-24   5.1871390087e-14   1.6247533346e-07   2.0000000000e-02 
  1.8631663810e+21   1.9325399057e+18   8.4215313559e+61   2.2245872600e-24   5.1871390087e-14   1.9442307585e-07   2.0000000000e-02 
  1.8650989209e+21   1.9325399057e+18   8.4390196899e+61   2.2245872600e-24   5.1871390087e-14   1.3052141686e-07   2.0000000000e-02 
  1.8670314608e+21   1.9325399057e+18   8.4565261635e+61   2.2245872600e-24   5.1871390087e-14   5.3084468199e-08   2.0000000000e-02 
  1.8689640007e+21   1.9325399057e+18   8.4740507765e+61   2.2245872600e-24   5.1871390087e-14   3.0930124229e-08   2.0000000000e-02 
  1.8708965406e+21   1.9325399057e+18   8.4915935290e+61   2.2245872600e-24   5.1871390087e-14   2.5870669455e-08   2.0000000000e-02 
  1.8728290805e+21   1.9325399057e+18   8.5091544211e+61   2.2245872600e-24   5.1871390087e-14   5.9055510747e-08   2.0000000000e-02 
  1.8747616204e+21   1.9325399057e+18   8.5267334526e+61   2.2245872600e-24   5.1871390087e-14   1.4033356869e-07   2.0000000000e-02 
  1.8766941603e+21   1.9325399057e+18   8.5443306236e+61   2.2245872600e-24   5.1871390087e-14   2.3668268584e-07   2.0000000000e-02 
  1.8786267002e+21   1.9325399057e+18   8.5619459342e+61   2.2245872600e-24   5.1871390087e-14   3.7897418062e-07   2.0000000000e-02 
  1.8805592401e+21   1.9325399057e+18   8.5795793842e+61   2.2245872600e-24   5.1871390087e-14   5.5342232545e-07   2.0000000000e-02 
  1.8824917800e+21   1.9325399057e+18   8.5972309737e+61   2.2245872600e-24   5.1871390087e-14   6.6384224729e-07   2.0000000000e-02 
  1.8844243199e+21   1.9325399057e+18   8.6149007027e+61   2.2245872600e-24   5.1871390087e-14   6.6119099901e-07   2.0000000000e-02 
  1.8863568598e+21   1.9325399057e+18   8.6325885712e+61   2.2245872600e-24   5.1871390087e-14   5.7069542653e-07   2.0000000000e-02 
  1.8882893998e+21   1.9325399057e+18   8.6502945793e+61   2.2245872600e-24   5.1871390087e-14   3.8981943454e-07   2.0000000000e-02 
  1.8902219397e+21   1.9325399057e+18   8.6680187268e+61   2.2245872600e-24   5.1871390087e-14   1.5792949992e-07   2.0000000000e-02 
  1.8921544796e+21   1.9325399057e+18   8.6857610138e+61   2.2245872600e-24   5.1871390087e-14  -2.4481476459e-08   2.0000000000e-02 
  1.8940870195e+21   1.9325399057e+18   8.7035214403e+61   2.2245872600e-24   5.1871390087e-14  -1.2338690687e-07   2.0000000000e-02 
  1.8960195594e+21   1.9325399057e+18   8.7213000063e+61   2.2245872600e-24   5.1871390087e-14  -1.4830994919e-07   2.0000000000e-02 
  1.8979520993e+21   1.9325399057e+18   8.7390967118e+61   2.2245872600e-24   5.1871390087e-14  -1.4713609420e-07   2.0000000000e-02 
  1.8998846392e+21   1.9325399057e+18   8.7569115569e+61   2.2245872600e-24   5.1871390087e-14  -1.0801952713e-07   2.0000000000e-02 
  1.9018171791e+21   1.9325399057e+18   8.7747445414e+61   2.2245872600e-24   5.1871390087e-14  -2.1479446008e-08   2.0000000000e-02 
  1.9037497190e+21   1.9325399057e+18   8.7925956654e+61   2.2245872600e-24   5.1871390087e-14   1.4606957056e-07   2.0000000000e-02 
  1.9056822589e+21   1.9325399057e+18   8.8104649289e+61   2.2245872600e-24   5.1871390087e-14   4.6761199834e-07   2.0000000000e-02 
  1.9076147988e+21   1.9325399057e+18   8.8283523319e+61   2.2245872600e-24   5.1871390087e-14   7.7017732520e-07   2.0000000000e-02 
  1.9095473387e+21   1.9325399057e+18   8.8462578744e+61   2.2245872600e-24   5.1871390087e-14   8.8710466834e-07   2.0000000000e-02 
  1.9114798786e+21   1.9325399057e+18   8.8641815564e+61   2.2245872600e-24   5.1871390087e-14   8.5194419161e-07   2.0000000000e-02 
  1.9134124185e+21   1.9325399057e+18   8.8821233779e+61   2.2245872600e-24   5.1871390087e-14   8.0639195177e-07   2.0000000000e-02 
  1.9153449584e+21   1.9325399057e+18   8.9000833389e+61   2.2245872600e-24   5.1871390087e-14   8.6665099236e-07   2.0000000000e-02 
  1.9172774983e+21   1.9325399057e+18   8.9180614394e+61   2.2245872600e-24   5.1871390087e-14   9.9082355980e-07   2.0000000000e-02 
  1.9192100382e+21   1.9325399057e+18   8.9360576794e+61   2.2245872600e-24   5.1871390087e-14   9.4855604205e-07   2.0000000000e-02 
  1.9211425782e+21   1.9325399057e+18   8.9540720589e+61   2.2245872600e-24   5.1871390087e-14   8.0505053113e-07   2.0000000000e-02 
  1.9230751181e+21   1.9325399057e+18   8.9721045778e+61   2.2245872600e-24   5.1871390087e-14   7.1037091061e-07   2.0000000000e-02 
  1.9250076580e+21   1.9325399057e+18   8.9901552363e+61   2.2245872600e-24   5.1871390087e-14   6.5874391475e-07   2.0000000000e-02 
  1.9269401979e+21   1.9325399057e+18   9.0082240343e+61   2.2245872600e-24   5.1871390087e-14   5.9984526023e-07   2.0000000000e-02 
  1.9288727378e+21   1.9325399057e+18   9.0263109718e+61   2.2245872600e-24   5.1871390087e-14   4.3753666963e-07   2.0000000000e-02 
  1.9308052777e+21   1.9325399057e+18   9.0444160488e+61   2.2245872600e-24   5.1871390087e-14   1.6017584071e-07   2.0000000000e-02 
  1.9327378176e+21   1.9325399057e+18   9.0625392653e+61   2.2245872600e-24   5.1871390087e-14  -8.6169974530e-08   2.0000000000e-02 
  1.9346703575e+21   1.9325399057e+18   9.0806806212e+61   2.2245872600e-24   5.1871390087e-14  -2.1215628090e-07   2.0000000000e-02 
  1.9366028974e+21   1.9325399057e+18   9.0988401167e+61   2.2245872600e-24   5.1871390087e-14  -2.3339984411e-07   2.0000000000e-02 
  1.9385354373e+21   1.9325399057e+18   9.1170177517e+61   2.2245872600e-24   5.1871390087e-14  -2.2496493567e-07   2.0000000000e-02 
  1.9404679772e+21   1.9325399057e+18   9.1352135262e+61   2.2245872600e-24   5.1871390087e-14  -2.3013381455e-07   2.0000000000e-02 
  1.9424005171e+21   1.9325399057e+18   9.1534274401e+61   2.2245872600e-24   5.1871390087e-14  -2.4039847618e-07   2.0000000000e-02 
  1.9443330570e+21   1.9325399057e+18   9.1716594936e+61   2.2245872600e-24   5.1871390087e-14  -2.2359902607e-07   2.0000000000e-02 
  1.9462655969e+21   1.9325399057e+18   9.1899096866e+61   2.2245872600e-24   5.1871390087e-14  -1.9342111973e-07   2.0000000000e-02 
  1.9481981368e+21   1.9325399057e+18   9.2081780190e+61   2.2245872600e-24   5.1871390087e-14  -1.5899491483e-07   2.0000000000e-02 
  1.9501306767e+21   1.9325399057e+18   9.2264644910e+61   2.2245872600e-24   5.1871390087e-14  -9.2094385057e-08   2.0000000000e-02 
  1.9520632166e+21   1.9325399057e+18   9.2447691025e+61   2.2245872600e-24   5.1871390087e-14  -3.5886859211e-08   2.0000000000e-02 
  1.9539957565e+21   1.9325399057e+18   9.2630918534e+61   2.2245872600e-24   5.1871390087e-14  -2.0831449791e-08   2.0000000000e-02 
  1.9559282965e+21   1.9325399057e+18   9.2814327439e+61   2.2245872600e-24   5.1871390087e-14  -9.3624168429e-09   2.0000000000e-02 
  1.9578608364e+21   1.9325399057e+18   9.2997917739e+61   2.2245872600e-24   5.1871390087e-14  -2.6881426676e-08   2.0000000000e-02 
  1.9597933763e+21   1.9325399057e+18   9.3181689433e+61   2.2245872600e-24   5.1871390087e-14  -9.7387162480e-08   2.0000000000e-02 
  1.9617259162e+21   1.9325399057e+18   9.3365642523e+61   2.2245872600e-24   5.1871390087e-14  -1.5881061585e-07   2.0000000000e-02 
  1.9636584561e+21   1.9325399057e+18   9.3549777007e+61   2.2245872600e-24   5.1871390087e-14  -1.6162499534e-07   2.0000000000e-02 
  1.9655909960e+21   1.9325399057e+18   9.3734092887e+61   2.2245872600e-24   5.1871390087e-14  -1.5600644918e-07   2.0000000000e-02 
  1.9675235359e+21   1.9325399057e+18   9.3918590161e+61   2.2245872600e-24   5.1871390087e-14  -1.8877282052e-07   2.0000000000e-02 
  1.9694560758e+21   1.9325399057e+18   9.4103268831e+61   2.2245872600e-24   5.1871390087e-14  -2.2691006172e-07   2.0000000000e-02 
  1.9713886157e+21   1.9325399057e+18   9.4288128895e+61   2.2245872600e-24   5.1871390087e-14  -2.1415383900e-07   2.0000000000e-02 
  1.9733211556e+21   1.9325399057e+18   9.4473170355e+61   2.2245872600e-24   5.1871390087e-14  -1.8887947155e-07   2.0000000000e-02 
  1.9752536955e+21   1.9325399057e+18   9.4658393209e+61   2.2245872600e-24   5.1871390087e-14  -1.5034085173e-07   2.0000000000e-02 
  1.9771862354e+21   1.9325399057e+18   9.4843797459e+61   2.2245872600e-24   5.1871390087e-14  -6.6832354433e-08   2.0000000000e-02 
  1.9791187753e+21   1.9325399057e+18   9.5029383103e+61   2.2245872600e-24   5.1871390087e-14   0.0000000000e+00   2.0000000000e-02 
