# time = 1.391024e+15 [s] 
# r                  dr                 dV                 Density            Pressure           Velocity           Z
  2.1304517832e+18   2.1304517832e+18   4.0504543152e+55   4.1687559741e-31   2.9230668872e-13   0.0000000000e+00   9.9248591688e-02 
  2.7551170653e+18   6.2466528204e+17   4.7096399540e+55   4.1687559741e-31   2.9230668872e-13   1.9325667530e+05   9.9248591688e-02 
  3.5178411881e+18   7.6272412282e+17   9.4753898572e+55   4.1694446394e-31   2.9231478469e-13   3.3561487909e+05   9.9248591688e-02 
  4.2228915732e+18   7.0505038506e+17   1.3308634784e+56   4.1751621166e-31   2.9231467903e-13   4.9309245197e+05   9.9248591688e-02 
  4.7720683090e+18   5.4917673578e+17   1.3976542567e+56   4.1806214924e-31   2.9231629301e-13   5.9552922588e+05   9.9248591688e-02 
  5.2161085166e+18   4.4404020768e+17   1.3926135983e+56   4.1861097288e-31   2.9231757476e-13   6.6664840519e+05   9.9248591688e-02 
  5.9037205445e+18   6.8761202788e+17   2.6745009310e+56   4.1946926522e-31   2.9232020038e-13   7.4039694955e+05   9.9248591688e-02 
  6.5233535324e+18   6.1963298789e+17   3.0087211495e+56   4.2079650914e-31   2.9232544197e-13   8.1980315416e+05   9.9248591688e-02 
  7.3614815762e+18   8.3812804380e+17   5.0824001341e+56   4.2266201961e-31   2.9233557809e-13   9.0013578377e+05   9.9248591688e-02 
  8.1753496564e+18   8.1386808020e+17   6.1776861020e+56   4.2519280979e-31   2.9234898274e-13   9.9137030686e+05   9.9248591688e-02 
  9.1987292250e+18   1.0233795686e+18   9.7161042878e+56   4.2847041266e-31   2.9235492778e-13   1.0947403857e+06   9.9248591688e-02 
  1.0250709322e+19   1.0519800967e+18   1.2513962164e+57   4.3273509072e-31   2.9235965153e-13   1.2119235697e+06   9.9248591688e-02 
  1.1494048888e+19   1.2433395662e+18   1.8489358003e+57   4.3805310070e-31   2.9235430441e-13   1.3479020222e+06   9.9248591688e-02 
  1.2816766019e+19   1.3227171314e+18   2.4583528622e+57   4.4478172152e-31   2.9234739912e-13   1.5069454429e+06   9.9248591688e-02 
  1.4316396014e+19   1.4996299948e+18   3.4719766415e+57   4.5281625878e-31   2.9233989738e-13   1.6916166460e+06   9.9248591688e-02 
  1.5975418443e+19   1.6590224288e+18   4.7872567085e+57   4.6282880642e-31   2.9232812900e-13   1.9117070753e+06   9.9248591688e-02 
  1.7802457494e+19   1.8270390515e+18   6.5551964070e+57   4.7463109597e-31   2.9231157864e-13   2.1607998754e+06   9.9248591688e-02 
  1.9849299353e+19   2.0468418584e+18   9.1249871750e+57   4.8903684402e-31   2.9229218636e-13   2.4284489782e+06   9.9248591688e-02 
  2.2052605415e+19   2.2033060623e+18   1.2164445346e+58   5.0585213317e-31   2.9226992620e-13   2.7028518474e+06   9.9248591688e-02 
  2.4544079784e+19   2.4914743691e+18   1.7011006753e+58   5.2611768812e-31   2.9225207441e-13   2.9870237662e+06   9.9248591688e-02 
  2.7179104763e+19   2.6350249783e+18   2.2165660492e+58   5.4977594585e-31   2.9224802516e-13   3.2829776746e+06   9.9248591688e-02 
  3.0203086118e+19   3.0239813555e+18   3.1310145473e+58   5.7794831606e-31   2.9223751322e-13   3.6247909218e+06   9.9248591688e-02 
  3.3343379781e+19   3.1402936631e+18   3.9870926002e+58   6.1069971058e-31   2.9220644376e-13   4.0276855610e+06   9.9248591688e-02 
  3.6865591265e+19   3.5222114842e+18   5.4590202681e+58   6.4871243424e-31   2.9217822792e-13   4.4347309793e+06   9.9248591688e-02 
  4.0499770872e+19   3.6341796066e+18   6.8386236353e+58   6.9251737117e-31   2.9215284925e-13   4.8305141121e+06   9.9248591688e-02 
  4.4647160728e+19   4.1473898565e+18   9.4537924009e+58   7.4302506533e-31   2.9214107939e-13   5.2475776369e+06   9.9248591688e-02 
  4.8527697236e+19   3.8805365072e+18   1.0589858419e+59   7.9928189203e-31   2.9214719206e-13   5.6713359862e+06   9.9248591688e-02 
  5.4016610167e+19   5.4889129312e+18   1.8149886097e+59   8.7055658360e-31   2.9218784193e-13   6.1494898990e+06   9.9248591688e-02 
  6.2958274368e+19   8.9416642014e+18   3.8512219459e+59   9.8620422079e-31   2.9220994469e-13   6.9126262963e+06   9.9248591688e-02 
  6.5883683003e+19   2.9254086343e+18   1.5258985649e+59   1.0850897155e-30   2.9218373787e-13   7.5631761372e+06   9.9248591688e-02 
  6.8876352862e+19   2.9926698590e+18   1.7076635388e+59   1.1414621828e-30   2.9217636145e-13   7.8443218480e+06   9.9248591688e-02 
  7.1870823312e+19   2.9944704499e+18   1.8638665213e+59   1.2060304954e-30   2.9220162973e-13   8.1337016340e+06   9.9248591688e-02 
  7.5007869577e+19   3.1370462655e+18   2.1264463323e+59   1.2810390463e-30   2.9218227352e-13   8.4598467833e+06   9.9248591688e-02 
  7.7777130861e+19   2.7692612842e+18   2.0310602299e+59   1.3610917518e-30   2.9215430741e-13   8.7895952292e+06   9.9248591688e-02 
  8.1442042165e+19   3.6649113041e+18   2.9193136839e+59   1.4604195385e-30   2.9212486810e-13   9.1598091336e+06   9.9248591688e-02 
  8.4880718422e+19   3.4386762570e+18   2.9888657372e+59   1.5808107979e-30   2.9210851185e-13   9.5726374431e+06   9.9248591688e-02 
  8.8193175723e+19   3.3124573005e+18   3.1175707368e+59   1.7070127363e-30   2.9211042287e-13   9.9604260346e+06   9.9248591688e-02 
  9.1275410769e+19   3.0822350459e+18   3.1191424434e+59   1.8393054513e-30   2.9216065645e-13   1.0303858755e+07   9.9248591688e-02 
  9.5188601511e+19   3.9131907421e+18   4.2749859672e+59   2.0028328271e-30   2.9218603477e-13   1.0719657256e+07   9.9248591688e-02 
  9.8991014285e+19   3.8024127747e+18   4.5047626634e+59   2.1995611201e-30   2.9218289718e-13   1.1198858299e+07   9.9248591688e-02 
  1.0257940638e+20   3.5883920945e+18   4.5808834712e+59   2.4058657873e-30   2.9215198702e-13   1.1659515085e+07   9.9248591688e-02 
  1.0609540256e+20   3.5159961833e+18   4.8103803049e+59   2.6254424608e-30   2.9215795542e-13   1.2097720471e+07   9.9248591688e-02 
  1.1038727710e+20   4.2918745405e+18   6.3197528898e+59   2.8922189535e-30   2.9210771970e-13   1.2587359398e+07   9.9248591688e-02 
  1.1459091523e+20   4.2036381277e+18   6.6850795245e+59   3.2089653750e-30   2.9207210712e-13   1.3101197808e+07   9.9248591688e-02 
  1.1848913842e+20   3.8982231838e+18   6.6537623177e+59   3.5412207736e-30   2.9205253952e-13   1.3572373997e+07   9.9248591688e-02 
  1.2270524586e+20   4.2161074457e+18   7.7061979039e+59   3.9088306442e-30   2.9203892999e-13   1.4024994426e+07   9.9248591688e-02 
  1.2758740256e+20   4.8821567025e+18   9.6097668503e+59   4.3629155910e-30   2.9204016970e-13   1.4522623682e+07   9.9248591688e-02 
  1.3229382726e+20   4.7064247003e+18   9.9870745024e+59   4.8845206349e-30   2.9210048347e-13   1.5028025129e+07   9.9248591688e-02 
  1.3613651020e+20   3.8426829364e+18   8.6991593241e+59   5.3963635850e-30   2.9212288171e-13   1.5502774209e+07   9.9248591688e-02 
  1.4149218820e+20   5.3556779999e+18   1.2970207180e+60   6.0311441263e-30   2.9210018960e-13   1.6021590140e+07   9.9248591688e-02 
  1.4806471875e+20   6.5725305488e+18   1.7315096802e+60   6.8945966432e-30   2.9206426146e-13   1.6687604415e+07   9.9248591688e-02 
  1.5463903125e+20   6.5743124985e+18   1.8927972608e+60   7.9467590996e-30   2.9195952424e-13   1.7433905275e+07   9.9248591688e-02 
  1.6030741624e+20   5.6683849912e+18   1.7665646292e+60   9.0350626515e-30   2.9186215328e-13   1.8126117480e+07   9.9248591688e-02 
  1.6788624741e+20   7.5788311699e+18   2.5650136499e+60   1.0312182047e-29   2.9179540082e-13   1.8862629078e+07   9.9248591688e-02 
  1.7359874079e+20   5.7124933816e+18   2.0929522731e+60   1.1796059955e-29   2.9166090527e-13   1.9585808632e+07   9.9248591688e-02 
  1.8237081059e+20   8.7720698015e+18   3.4927343531e+60   1.3563590685e-29   2.9153937213e-13   2.0364279157e+07   9.9248591688e-02 
  1.9443866707e+20   1.2067856483e+19   5.3848313208e+60   1.6483434681e-29   2.9118139898e-13   2.1514578968e+07   9.9248591688e-02 
  2.0675110988e+20   1.2312442802e+19   6.2277352525e+60   2.0208293679e-29   2.9078150329e-13   2.2818211328e+07   9.9248591688e-02 
  2.1520457918e+20   8.4534693004e+18   4.7290798280e+60   2.3831918606e-29   2.9042383393e-13   2.3912306908e+07   9.9248591688e-02 
  2.2319431271e+20   7.9897335292e+18   4.8246869937e+60   2.6948452472e-29   2.9011899952e-13   2.4762146532e+07   9.9248591688e-02 
  2.3450786200e+20   1.1313549290e+19   7.4473735536e+60   3.0017511426e-29   2.8984479980e-13   2.5749421717e+07   9.9248591688e-02 
  2.4264156618e+20   8.1337041877e+18   5.8182064261e+60   3.2671795751e-29   2.8958863646e-13   2.6747169464e+07   9.9248591688e-02 
  2.5215471711e+20   9.5131509213e+18   7.3178015281e+60   3.4375286711e-29   2.8939181211e-13   2.7648165500e+07   9.9248591688e-02 
  2.6183722733e+20   9.6825102267e+18   8.0371455088e+60   3.5598870558e-29   2.8927573082e-13   2.8627453396e+07   9.9248591688e-02 
  2.7364025727e+20   1.1803029935e+19   1.0633987347e+61   3.6378227810e-29   2.8923756904e-13   2.9708656899e+07   9.9248591688e-02 
  2.8312813883e+20   9.4878815671e+18   9.2408158429e+60   3.6810286843e-29   2.8925603369e-13   3.0755488479e+07   9.9248591688e-02 
  2.9463163325e+20   1.1503494419e+19   1.2065119936e+61   3.6888030290e-29   2.8925647238e-13   3.1733931054e+07   9.9248591688e-02 
  3.0529527856e+20   1.0663645305e+19   1.2058630502e+61   3.6618967775e-29   2.8910614025e-13   3.2704201452e+07   9.9248591688e-02 
  3.1089439419e+20   5.5991156313e+18   6.6789792250e+60   3.6207185025e-29   2.8891850342e-13   3.3357008463e+07   9.9248591688e-02 
  3.1619162764e+20   5.2972334519e+18   6.5443053678e+60   3.5678164629e-29   2.8876443498e-13   3.3749861849e+07   9.9248591688e-02 
  3.2810703945e+20   1.1915411812e+19   1.5541141117e+61   3.4636674578e-29   2.8831453462e-13   3.4297132732e+07   9.9248591688e-02 
  3.3768725095e+20   9.5802114980e+18   1.3342434355e+61   3.3419712604e-29   2.8744777819e-13   3.4918793177e+07   9.9248591688e-02 
  3.4405812705e+20   6.3708760980e+18   9.3026370725e+60   3.2686924928e-29   2.8663712990e-13   3.5318353262e+07   9.9248591688e-02 
  3.4964647326e+20   5.5883462153e+18   8.4487356241e+60   3.2276566108e-29   2.8593445830e-13   3.5576633724e+07   9.9248591688e-02 
  3.5378248592e+20   4.1360126588e+18   6.4295003464e+60   3.2040288772e-29   2.8533573688e-13   3.5759346118e+07   9.9248591687e-02 
  3.6618242740e+20   1.2399941480e+19   2.0194593335e+61   3.1934275948e-29   2.8413174665e-13   3.6005975951e+07   9.9248591682e-02 
  3.7345132694e+20   7.2688995342e+18   1.2492977737e+61   3.1968960206e-29   2.8247973541e-13   3.6265633124e+07   9.9248591664e-02 
  3.7512333518e+20   1.6720082417e+18   2.9434675658e+60   3.2105424182e-29   2.8169388475e-13   3.6364307682e+07   9.9248591626e-02 
  3.7631111161e+20   1.1877764350e+18   2.1070126299e+60   3.2214212191e-29   2.8143593543e-13   3.6389914231e+07   9.9248591184e-02 
  3.8212300296e+20   5.8118913475e+18   1.0502956796e+61   3.2460862447e-29   2.8077154842e-13   3.6437478890e+07   9.9248589711e-02 
  3.8711261833e+20   4.9896153652e+18   9.2755956042e+60   3.2750615155e-29   2.7968752531e-13   3.6503154340e+07   9.9248583304e-02 
  3.9226955478e+20   5.1569364493e+18   9.8412196667e+60   3.2893147144e-29   2.7862839476e-13   3.6545443956e+07   9.9248559517e-02 
  4.0388053443e+20   1.1610979655e+19   2.3122746714e+61   3.2852755648e-29   2.7672391249e-13   3.6572834691e+07   9.9248483385e-02 
  4.2103202842e+20   1.7151493993e+19   3.6671632293e+61   3.2407251911e-29   2.7314051123e-13   3.6479113765e+07   9.9248122207e-02 
  4.3167573496e+20   1.0643706533e+19   2.4314522947e+61   3.1731203591e-29   2.6948476880e-13   3.6274474885e+07   9.9247104654e-02 
  4.4137946635e+20   9.7037313963e+18   2.3237528244e+61   3.1039972481e-29   2.6671698120e-13   3.6002461590e+07   9.9245811613e-02 
  4.5097793452e+20   9.5984681667e+18   2.4012988342e+61   3.0182092667e-29   2.6384212331e-13   3.5685745071e+07   9.9239260956e-02 
  4.6022501432e+20   9.2470798033e+18   2.4121239452e+61   2.9097710262e-29   2.6101628311e-13   3.5271318384e+07   9.9236930747e-02 
  4.7094626274e+20   1.0721248418e+19   2.9206099782e+61   2.7667728918e-29   2.5789872235e-13   3.4756842042e+07   9.9203166530e-02 
  4.7991194492e+20   8.9656821831e+18   2.5466989085e+61   2.5998146657e-29   2.5482819150e-13   3.4169673053e+07   9.8973754551e-02 
  4.8500725298e+20   5.0953080514e+18   1.4904116935e+61   2.4591165800e-29   2.5268883980e-13   3.3713010072e+07   9.8435809583e-02 
  4.8957364245e+20   4.5663894732e+18   1.3625793049e+61   2.3369538872e-29   2.5127518955e-13   3.3377058299e+07   9.7416489955e-02 
  4.9657123312e+20   6.9975906692e+18   2.1378987866e+61   2.1519085619e-29   2.4965988377e-13   3.2958733300e+07   9.6863154269e-02 
  4.9908916965e+20   2.5179365307e+18   7.8418412921e+60   1.9819819680e-29   2.4840689686e-13   3.2608230854e+07   9.6649063599e-02 
  5.0031559738e+20   1.2264277350e+18   3.8483528697e+60   1.9080124646e-29   2.4795378873e-13   3.2466835671e+07   9.6595055872e-02 
  5.0212542096e+20   1.8098235771e+18   5.7135264756e+60   1.8613217578e-29   2.4759691337e-13   3.2349775360e+07   9.6583172503e-02 
  5.0762824226e+20   5.5028212952e+18   1.7626677395e+61   1.7864549441e-29   2.4675919635e-13   3.2066364021e+07   9.6582003497e-02 
  5.1204663709e+20   4.4183948297e+18   1.4432466336e+61   1.7009108554e-29   2.4564875969e-13   3.1680748175e+07   9.6581692609e-02 
  5.1517880172e+20   3.1321646362e+18   1.0383107069e+61   1.6482914181e-29   2.4483538930e-13   3.1384320479e+07   9.6581673035e-02 
  5.1806944658e+20   2.8906448540e+18   9.6951626285e+60   1.6174371075e-29   2.4419870366e-13   3.1145348864e+07   9.6581671468e-02 
  5.2127623554e+20   3.2067889632e+18   1.0882825444e+61   1.5961560945e-29   2.4355914943e-13   3.0902001375e+07   9.6581671423e-02 
  5.2396035300e+20   2.6841174606e+18   9.2125859392e+60   1.5827044775e-29   2.4294244989e-13   3.0665944122e+07   9.6581671421e-02 
  5.3518668300e+20   1.1226330004e+19   3.9565481117e+61   1.5705169711e-29   2.4145407901e-13   3.0096060296e+07   9.6581671420e-02 
  5.4576891672e+20   1.0582233714e+19   3.8846939278e+61   1.5601779057e-29   2.3910667318e-13   2.9193288997e+07   9.6581671417e-02 
  5.4944639049e+20   3.6774737714e+18   1.3857985382e+61   1.5605690491e-29   2.3760128747e-13   2.8610945741e+07   9.6581671415e-02 
  5.5202654467e+20   2.5801541825e+18   9.8343120950e+60   1.5653256649e-29   2.3694604709e-13   2.8358698330e+07   9.6581671413e-02 
  5.5445016082e+20   2.4236161514e+18   9.3217822890e+60   1.5771950457e-29   2.3642265927e-13   2.8159368417e+07   9.6581671412e-02 
  5.5641087894e+20   1.9607181130e+18   7.6012489311e+60   1.5965352625e-29   2.3596269188e-13   2.7987193040e+07   9.6581671408e-02 
  5.6536338569e+20   8.9525067574e+18   3.5392781504e+61   1.6715295330e-29   2.3478383059e-13   2.7565561830e+07   9.6581671390e-02 
  5.7091290912e+20   5.5495234234e+18   2.2510073210e+61   1.7800978148e-29   2.3317398856e-13   2.7009361524e+07   9.6581671269e-02 
  5.7300694288e+20   2.0940337683e+18   8.6084553761e+60   1.8454131051e-29   2.3230530575e-13   2.6723950294e+07   9.6581670815e-02 
  5.7549692418e+20   2.4899812924e+18   1.0318381026e+61   1.8825235271e-29   2.3176817605e-13   2.6553618560e+07   9.6581664163e-02 
  5.8035046711e+20   4.8535429341e+18   2.0370997491e+61   1.9203616420e-29   2.3089416128e-13   2.6280141929e+07   9.6581640803e-02 
  5.8495607502e+20   4.6056079105e+18   1.9648050497e+61   1.9540917996e-29   2.2975894433e-13   2.5929910206e+07   9.6581414181e-02 
  5.9097795204e+20   6.0218770216e+18   2.6160826821e+61   1.9740059372e-29   2.2847715966e-13   2.5538578867e+07   9.6580456988e-02 
  6.0550107577e+20   1.4523123725e+19   6.5319284623e+61   1.9874580419e-29   2.2597358943e-13   2.4774856744e+07   9.6577742318e-02 
  6.1577585034e+20   1.0274774573e+19   4.8146056966e+61   1.9938417230e-29   2.2299389968e-13   2.3867767930e+07   9.6571149767e-02 
  6.2524105800e+20   9.4652076598e+18   4.5797717879e+61   1.9902814428e-29   2.2064227799e-13   2.3141687270e+07   9.6562946273e-02 
  6.4291608032e+20   1.7675022321e+19   8.9306713053e+61   1.9678083061e-29   2.1763472509e-13   2.2190188940e+07   9.6529887967e-02 
  6.5430043888e+20   1.1384358561e+19   6.0185868077e+61   1.9345503743e-29   2.1474948564e-13   2.1252201135e+07   9.6410059866e-02 
  6.6229379387e+20   7.9933549869e+18   4.3529953771e+61   1.9037577591e-29   2.1297354885e-13   2.0630884051e+07   9.5823430829e-02 
  6.6893770985e+20   6.6439159791e+18   3.6990038512e+61   1.8709935096e-29   2.1171596415e-13   2.0165455289e+07   9.1840386452e-02 
  6.7204609688e+20   3.1083870252e+18   1.7560335334e+61   1.8395167761e-29   2.1090452763e-13   1.9855376587e+07   8.6943079989e-02 
  6.7744136090e+20   5.3952640291e+18   3.0867580855e+61   1.7942840173e-29   2.1022430454e-13   1.9587389856e+07   7.9985741141e-02 
  6.7920974604e+20   1.7683851306e+18   1.0225000083e+61   1.7477297949e-29   2.0966551315e-13   1.9364230652e+07   7.5382651978e-02 
  6.8125819868e+20   2.0484526492e+18   1.1911124312e+61   1.7131697591e-29   2.0937601082e-13   1.9245172833e+07   7.3563539998e-02 
  6.8576028289e+20   4.5020842102e+18   2.6431014269e+61   1.6592388949e-29   2.0888896568e-13   1.9040708391e+07   7.3388602492e-02 
  6.8884087219e+20   3.0805892938e+18   1.8286804018e+61   1.6067415693e-29   2.0834477551e-13   1.8808846395e+07   7.3324748609e-02 
  6.9158803010e+20   2.7471579140e+18   1.6446070885e+61   1.5756092893e-29   2.0793560995e-13   1.8631480802e+07   7.3313700029e-02 
  6.9544546648e+20   3.8574363776e+18   2.3314368837e+61   1.5510504174e-29   2.0748005907e-13   1.8432039524e+07   7.3313090090e-02 
  6.9965735419e+20   4.2118877072e+18   2.5753746097e+61   1.5298012525e-29   2.0692749511e-13   1.8188659453e+07   7.3313015373e-02 
  7.0345100932e+20   3.7936551277e+18   2.3463414092e+61   1.5152723871e-29   2.0638666159e-13   1.7950053050e+07   7.3313011944e-02 
  7.1247192166e+20   9.0209123478e+18   5.6817934552e+61   1.5010986618e-29   2.0551579664e-13   1.7567941274e+07   7.3313011808e-02 
  7.1927116176e+20   6.7992400949e+18   4.3786849881e+61   1.4880147420e-29   2.0445302300e-13   1.7100953094e+07   7.3313011760e-02 
  7.2335020837e+20   4.0790466088e+18   2.6669472169e+61   1.4818899176e-29   2.0372855693e-13   1.6782160405e+07   7.3313011750e-02 
  7.3460881979e+20   1.1258611423e+19   7.5185479625e+61   1.4791951898e-29   2.0272089951e-13   1.6332429000e+07   7.3313011733e-02 
  7.4309690219e+20   8.4880824047e+18   5.8229109209e+61   1.4785935317e-29   2.0145802422e-13   1.5761909496e+07   7.3313011644e-02 
  7.5441079654e+20   1.1313894350e+19   7.9709187519e+61   1.4816898759e-29   2.0025611570e-13   1.5199451749e+07   7.3313011197e-02 
  7.6173190095e+20   7.3211044100e+18   5.2870084647e+61   1.4885705266e-29   1.9919400880e-13   1.4685272001e+07   7.3313009806e-02 
  7.6866165976e+20   6.9297588085e+18   5.0989085096e+61   1.4991815088e-29   1.9841625199e-13   1.4292625744e+07   7.3312989478e-02 
  7.8271044696e+20   1.4048787200e+19   1.0622641764e+62   1.5190606462e-29   1.9731545302e-13   1.3726741808e+07   7.3312937772e-02 
  8.0018193189e+20   1.7471484931e+19   1.3753084246e+62   1.5463013432e-29   1.9571437153e-13   1.2900205874e+07   7.3312639976e-02 
  8.0687480161e+20   6.6928697205e+18   5.4303418810e+61   1.5640599950e-29   1.9450948517e-13   1.2281670293e+07   7.3311990241e-02 
  8.1227685495e+20   5.4020533382e+18   4.4492356570e+61   1.5694017892e-29   1.9391025968e-13   1.1975386175e+07   7.3301237760e-02 
  8.2624919209e+20   1.3972337133e+19   1.1785178221e+62   1.5723227383e-29   1.9297493962e-13   1.1480820178e+07   7.3272321754e-02 
  8.3450217630e+20   8.2529842141e+18   7.1511139763e+61   1.5740941671e-29   1.9192648953e-13   1.0908064045e+07   7.3188526618e-02 
  8.3781357417e+20   3.3113978712e+18   2.9093660443e+61   1.5742251592e-29   1.9139941916e-13   1.0608239731e+07   7.3038071676e-02 
  8.4251753662e+20   4.7039624473e+18   4.1725792093e+61   1.5734237211e-29   1.9102907358e-13   1.0400589573e+07   7.2263742835e-02 
  8.4551426642e+20   2.9967298035e+18   2.6826200440e+61   1.5718408299e-29   1.9066924846e-13   1.0202980918e+07   7.1044842543e-02 
  8.4915106203e+20   3.6367956042e+18   3.2812348933e+61   1.5693868335e-29   1.9035433042e-13   1.0035133258e+07   6.9481531524e-02 
  8.5149251618e+20   2.3414541524e+18   2.1274649432e+61   1.5664267945e-29   1.9006860634e-13   9.8853722951e+06   6.8716824972e-02 
  8.5757635525e+20   6.0838390703e+18   5.5827547908e+61   1.5619258744e-29   1.8966676644e-13   9.6765102732e+06   6.8556907044e-02 
  8.6148191120e+20   3.9055559486e+18   3.6258904434e+61   1.5571892976e-29   1.8919545794e-13   9.4310471782e+06   6.8468809272e-02 
  8.6872798030e+20   7.2460691043e+18   6.8147897933e+61   1.5533610755e-29   1.8868115798e-13   9.1564081925e+06   6.8451279629e-02 
  8.7222773279e+20   3.4997524913e+18   3.3324468861e+61   1.5505858656e-29   1.8820011431e-13   8.8916482657e+06   6.8446428666e-02 
  8.7495419498e+20   2.7264621839e+18   2.6147246509e+61   1.5498614576e-29   1.8793663702e-13   8.7360445170e+06   6.8445200640e-02 
  8.7814295243e+20   3.1887574520e+18   3.0788164927e+61   1.5497542795e-29   1.8769477749e-13   8.5861560311e+06   6.8445091045e-02 
  8.8006154225e+20   1.9185898223e+18   1.8632492422e+61   1.5500727569e-29   1.8749105235e-13   8.4557604371e+06   6.8445086623e-02 
  8.8534284171e+20   5.2812994609e+18   5.1710693630e+61   1.5516202239e-29   1.8721155887e-13   8.2710931318e+06   6.8445089323e-02 
  8.8901171765e+20   3.6688759328e+18   3.6288108474e+61   1.5544986618e-29   1.8687222876e-13   8.0436701126e+06   6.8445109126e-02 
  8.9244643404e+20   3.4347163919e+18   3.4244635119e+61   1.5581808402e-29   1.8660838434e-13   7.8650108493e+06   6.8445578473e-02 
  8.9532537507e+20   2.8789410327e+18   2.8907277209e+61   1.5630947399e-29   1.8636866317e-13   7.7090462517e+06   6.8447041450e-02 
  9.1023399205e+20   1.4908616981e+19   1.5269353349e+62   1.5808779387e-29   1.8565158030e-13   7.2994150894e+06   6.8451833730e-02 
  9.2117344270e+20   1.0939450649e+19   1.1527111580e+62   1.6093900928e-29   1.8465044905e-13   6.7461064511e+06   6.8464558876e-02 
  9.2859264595e+20   7.4192032461e+18   7.9752277996e+61   1.6313075558e-29   1.8392683058e-13   6.4018862448e+06   6.8495058745e-02 
  9.4253028652e+20   1.3937640570e+19   1.5330340762e+62   1.6558128739e-29   1.8313547338e-13   6.0006787933e+06   6.8567001444e-02 
  9.5033640606e+20   7.8061195413e+18   8.7867362623e+61   1.6791969929e-29   1.8243521657e-13   5.5804122968e+06   6.8701526779e-02 
  9.5673081786e+20   6.3944117980e+18   7.3060746580e+61   1.6931332591e-29   1.8212565984e-13   5.2812324507e+06   6.9496998583e-02 
  9.6345102021e+20   6.7202023586e+18   7.7842847089e+61   1.7044981878e-29   1.8188176081e-13   4.9969961677e+06   7.3163854839e-02 
  9.6707934623e+20   3.6283260202e+18   4.2482489811e+61   1.7125074911e-29   1.8168796312e-13   4.7797021092e+06   7.7844382916e-02 
  9.6991781183e+20   2.8384656011e+18   3.3457368991e+61   1.7168205176e-29   1.8155326916e-13   4.6550332751e+06   8.7093649952e-02 
  9.7839433402e+20   8.4765221808e+18   1.0108515737e+62   1.7233020937e-29   1.8128388645e-13   4.4645909805e+06   9.1094458195e-02 
  9.8502909517e+20   6.6347611533e+18   8.0353492362e+61   1.7315644156e-29   1.8089381350e-13   4.2347473551e+06   9.5078632947e-02 
  9.9161956455e+20   6.5904693765e+18   8.0895952509e+61   1.7387525357e-29   1.8052799690e-13   4.0654949784e+06   9.7028760726e-02 
  1.0002433420e+21   8.6237774261e+18   1.0749023527e+62   1.7477170829e-29   1.8012383283e-13   3.8676740965e+06   9.7244773644e-02 
  1.0071767768e+21   6.9334348092e+18   8.7776160693e+61   1.7585892247e-29   1.7977554605e-13   3.6488643208e+06   9.7321503544e-02 
  1.0176260020e+21   1.0449225234e+19   1.3458705029e+62   1.7748833729e-29   1.7953551327e-13   3.3671909789e+06   9.7331412574e-02 
  1.0255633250e+21   7.9373230156e+18   1.0409822747e+62   1.7974405970e-29   1.7939888545e-13   3.0427206399e+06   9.7328927157e-02 
  1.0295076398e+21   3.9443147850e+18   5.2332998638e+61   1.8185289836e-29   1.7936331586e-13   2.8274587472e+06   9.7325651850e-02 
  1.0335158572e+21   4.0082174272e+18   5.3593243299e+61   1.8435120504e-29   1.7931714476e-13   2.6879613830e+06   9.7337152912e-02 
  1.0472549774e+21   1.3739120159e+19   1.8688033748e+62   1.9299201165e-29   1.7915387165e-13   2.4103707190e+06   9.7399366026e-02 
  1.0652256759e+21   1.7970698505e+19   2.5194792587e+62   2.1187025260e-29   1.7875444117e-13   1.9641644395e+06   9.7799467165e-02 
  1.0708422326e+21   5.6165567240e+18   8.0510242306e+61   2.3010520677e-29   1.7840491407e-13   1.7039628641e+06   9.8213790824e-02 
  1.0763423366e+21   5.5001039562e+18   7.9663700376e+61   2.4812982363e-29   1.7823253560e-13   1.5617369273e+06   9.9990567413e-02 
  1.0861438256e+21   9.8014889884e+18   1.4399638096e+62   2.9336399360e-29   1.7802522355e-13   1.3509798032e+06   1.0030972297e-01 
  1.0889158758e+21   2.7720502748e+18   4.1199654537e+61   3.5015305603e-29   1.7784380323e-13   1.1818679935e+06   1.0023091016e-01 
  1.0957943664e+21   6.8784905792e+18   1.0314119147e+62   4.6417787310e-29   1.7764287017e-13   1.0509105398e+06   9.9571184310e-02 
  1.1002436054e+21   4.4492389978e+18   6.7408690830e+61   6.9344467738e-29   1.7731766927e-13   8.9120558196e+05   9.7234262659e-02 
  1.1038631075e+21   3.6195021018e+18   5.5241356026e+61   1.1094351349e-28   1.7700734309e-13   7.3443435582e+05   7.7157260470e-02 
  1.1076307852e+21   3.7676776738e+18   5.7888930129e+61   2.4742506396e-28   1.7632279683e-13   4.9952624290e+05   3.0327085656e-02 
  1.1196813538e+21   1.2050568600e+19   1.8781220763e+62   2.7656783834e-27   1.7781303739e-13   3.8140664094e+05   2.0501012858e-02 
  1.1271556352e+21   7.4742814038e+18   1.1853976157e+62   1.4067070405e-23   1.7738170029e-13   3.6494453061e+05   2.0026601258e-02 
  1.1293737591e+21   2.2181239339e+18   3.5482794079e+61   2.1715896114e-23   2.4479708525e-13   3.4666170040e+05   2.0014111839e-02 
  1.1305516317e+21   1.1778725607e+18   1.8898895339e+61   2.1513009863e-23   2.4313455611e-13   3.5164948040e+05   2.0003879739e-02 
  1.1315511696e+21   9.9953790379e+17   1.6068444751e+61   2.1581467953e-23   2.4371890324e-13   3.5656795309e+05   2.0001154262e-02 
  1.1327342376e+21   1.1830679935e+18   1.9055570376e+61   2.1705386299e-23   2.4477696858e-13   3.6228483809e+05   2.0000472066e-02 
  1.1340450701e+21   1.3108325356e+18   2.1159997520e+61   2.1984291925e-23   2.4716301802e-13   3.6863979684e+05   2.0000179979e-02 
  1.1353853401e+21   1.3402699502e+18   2.1685824753e+61   2.2462072856e-23   2.5109671680e-13   3.7470202297e+05   2.0000060193e-02 
  1.1366953480e+21   1.3100079493e+18   2.1245715059e+61   2.3207566789e-23   2.5717587825e-13   3.7965509719e+05   2.0000019090e-02 
  1.1379432277e+21   1.2478797024e+18   2.0283712075e+61   2.4235247019e-23   2.6546182797e-13   3.8338824411e+05   2.0000005925e-02 
  1.1390792158e+21   1.1359880936e+18   1.8503688589e+61   2.5477331748e-23   2.7534289849e-13   3.8619290963e+05   2.0000001743e-02 
  1.1401826858e+21   1.1034699266e+18   1.8009384515e+61   2.6909690699e-23   2.8657258490e-13   3.8854502644e+05   2.0000000500e-02 
  1.1411829410e+21   1.0002551967e+18   1.6354998342e+61   2.8509961419e-23   2.9892056284e-13   3.9072751343e+05   2.0000000134e-02 
  1.1421594279e+21   9.7648695866e+17   1.5994048822e+61   3.0209654174e-23   3.1204004144e-13   3.9299335329e+05   2.0000000035e-02 
  1.1430345064e+21   8.7507852204e+17   1.4356317147e+61   3.1960636670e-23   3.2538365681e-13   3.9552246762e+05   2.0000000008e-02 
  1.1437959247e+21   7.6141826443e+17   1.2509533213e+61   3.3666290280e-23   3.3819485562e-13   3.9811196407e+05   2.0000000002e-02 
  1.1445274770e+21   7.3155230440e+17   1.2034556054e+61   3.5369180317e-23   3.5081700886e-13   4.0074910823e+05   2.0000000000e-02 
  1.1452468044e+21   7.1932744607e+17   1.1848458845e+61   3.7261019424e-23   3.6465104663e-13   4.0336763623e+05   2.0000000000e-02 
  1.1458677607e+21   6.2095627540e+17   1.0240107509e+61   3.9116603754e-23   3.7803617128e-13   4.0593986576e+05   2.0000000000e-02 
  1.1464635097e+21   5.9574899988e+17   9.8348550164e+60   4.0820086910e-23   3.9017378024e-13   4.0847248854e+05   2.0000000000e-02 
  1.1470501880e+21   5.8667829480e+17   9.6951064007e+60   4.2514877999e-23   4.0212454126e-13   4.1105169699e+05   2.0000000000e-02 
  1.1475403188e+21   4.9013074768e+17   8.1072247449e+60   4.3993156229e-23   4.1245974107e-13   4.1319182221e+05   2.0000000000e-02 
  1.1481432700e+21   6.0295121424e+17   9.9828860971e+60   4.5578659342e-23   4.2345612075e-13   4.1519412841e+05   2.0000000000e-02 
  1.1487919335e+21   6.4866355322e+17   1.0751445773e+61   4.7163437316e-23   4.3449880230e-13   4.1706669945e+05   2.0000000000e-02 
  1.1493519860e+21   5.6005246916e+17   9.2925101196e+60   4.8622737497e-23   4.4457038756e-13   4.1875021483e+05   2.0000000000e-02 
  1.1499152516e+21   5.6326555147e+17   9.3549608582e+60   4.9557076337e-23   4.5096708086e-13   4.2006154423e+05   2.0000000000e-02 
  1.1504819683e+21   5.6671677790e+17   9.4215340043e+60   5.0277585854e-23   4.5589293166e-13   4.2163638146e+05   2.0000000000e-02 
  1.1510860192e+21   6.0405085992e+17   1.0052428812e+61   5.0475223130e-23   4.5731825966e-13   4.2235223135e+05   2.0000000000e-02 
  1.1514456505e+21   3.5963133994e+17   5.9898870356e+60   4.8898180429e-23   4.4699247535e-13   4.1870501533e+05   2.0000000000e-02 
  1.1516628314e+21   2.1718090092e+17   3.6190975877e+60   4.0806110792e-23   3.9215078631e-13   4.0390198224e+05   2.0000000000e-02 
  1.1524551632e+21   7.9233179610e+17   1.3214976818e+61   1.3383140863e-23   1.7896552432e-13   2.8200504823e+05   2.0000000000e-02 
  1.1539775449e+21   1.5223816967e+18   2.5442223662e+61   2.9893927999e-24   6.5613800381e-14   5.7107442812e+04   2.0000000000e-02 
  1.1558601848e+21   1.8826398833e+18   3.1555870545e+61   2.2742761649e-24   5.2783579334e-14   4.1505657764e+03   2.0000000000e-02 
  1.1577895085e+21   1.9293237312e+18   3.2445187398e+61   2.2275336644e-24   5.1924873100e-14   2.3687141389e+02   2.0000000000e-02 
  1.1597218662e+21   1.9323576201e+18   3.2604776402e+61   2.2247539727e-24   5.1874415050e-14   1.3371045663e+01   2.0000000000e-02 
  1.1616543958e+21   1.9325296547e+18   3.2716528725e+61   2.2245966329e-24   5.1871560303e-14   7.5212691716e-01   2.0000000000e-02 
  1.1635869351e+21   1.9325393328e+18   3.2825729193e+61   2.2245877837e-24   5.1871399615e-14   4.2066997208e-02   2.0000000000e-02 
  1.1655194750e+21   1.9325398733e+18   3.2934956711e+61   2.2245872897e-24   5.1871390626e-14   2.3477346516e-03   2.0000000000e-02 
  1.1674520149e+21   1.9325399049e+18   3.3044357001e+61   2.2245872606e-24   5.1871390106e-14   1.2886873017e-04   2.0000000000e-02 
  1.1693845548e+21   1.9325399057e+18   3.3153938162e+61   2.2245872600e-24   5.1871390088e-14   1.1562217684e-05   2.0000000000e-02 
  1.1713170947e+21   1.9325399057e+18   3.3263700703e+61   2.2245872600e-24   5.1871390089e-14   8.2441024689e-06   2.0000000000e-02 
  1.1732496346e+21   1.9325399057e+18   3.3373644640e+61   2.2245872600e-24   5.1871390089e-14   8.8312705502e-06   2.0000000000e-02 
  1.1751821745e+21   1.9325399057e+18   3.3483769971e+61   2.2245872600e-24   5.1871390089e-14   9.2999988210e-06   2.0000000000e-02 
  1.1771147145e+21   1.9325399057e+18   3.3594076697e+61   2.2245872600e-24   5.1871390089e-14   9.5632912252e-06   2.0000000000e-02 
  1.1790472544e+21   1.9325399057e+18   3.3704564819e+61   2.2245872600e-24   5.1871390089e-14   9.6613656480e-06   2.0000000000e-02 
  1.1809797943e+21   1.9325399057e+18   3.3815234335e+61   2.2245872600e-24   5.1871390089e-14   9.5352500321e-06   2.0000000000e-02 
  1.1829123342e+21   1.9325399057e+18   3.3926085247e+61   2.2245872600e-24   5.1871390089e-14   9.1333725846e-06   2.0000000000e-02 
  1.1848448741e+21   1.9325399057e+18   3.4037117553e+61   2.2245872600e-24   5.1871390089e-14   8.7234221953e-06   2.0000000000e-02 
  1.1867774140e+21   1.9325399057e+18   3.4148331254e+61   2.2245872600e-24   5.1871390089e-14   8.3223737356e-06   2.0000000000e-02 
  1.1887099539e+21   1.9325399057e+18   3.4259726351e+61   2.2245872600e-24   5.1871390089e-14   7.8980513100e-06   2.0000000000e-02 
  1.1906424938e+21   1.9325399057e+18   3.4371302842e+61   2.2245872600e-24   5.1871390089e-14   7.4030214408e-06   2.0000000000e-02 
  1.1925750337e+21   1.9325399057e+18   3.4483060728e+61   2.2245872600e-24   5.1871390089e-14   7.0851024401e-06   2.0000000000e-02 
  1.1945075736e+21   1.9325399057e+18   3.4595000009e+61   2.2245872600e-24   5.1871390089e-14   6.9923758898e-06   2.0000000000e-02 
  1.1964401135e+21   1.9325399057e+18   3.4707120686e+61   2.2245872600e-24   5.1871390089e-14   7.1040714507e-06   2.0000000000e-02 
  1.1983726534e+21   1.9325399057e+18   3.4819422757e+61   2.2245872600e-24   5.1871390088e-14   7.5265931537e-06   2.0000000000e-02 
  1.2003051933e+21   1.9325399057e+18   3.4931906223e+61   2.2245872600e-24   5.1871390088e-14   7.8386762537e-06   2.0000000000e-02 
  1.2022377332e+21   1.9325399057e+18   3.5044571084e+61   2.2245872600e-24   5.1871390088e-14   7.9818339899e-06   2.0000000000e-02 
  1.2041702731e+21   1.9325399057e+18   3.5157417341e+61   2.2245872600e-24   5.1871390087e-14   8.2413769086e-06   2.0000000000e-02 
  1.2061028130e+21   1.9325399057e+18   3.5270444992e+61   2.2245872600e-24   5.1871390087e-14   8.6441017041e-06   2.0000000000e-02 
  1.2080353529e+21   1.9325399057e+18   3.5383654038e+61   2.2245872600e-24   5.1871390087e-14   9.1786860072e-06   2.0000000000e-02 
  1.2099678929e+21   1.9325399057e+18   3.5497044479e+61   2.2245872600e-24   5.1871390087e-14   9.6863173529e-06   2.0000000000e-02 
  1.2119004328e+21   1.9325399057e+18   3.5610616315e+61   2.2245872600e-24   5.1871390087e-14   9.8300871552e-06   2.0000000000e-02 
  1.2138329727e+21   1.9325399057e+18   3.5724369546e+61   2.2245872600e-24   5.1871390087e-14   9.7883908125e-06   2.0000000000e-02 
  1.2157655126e+21   1.9325399057e+18   3.5838304172e+61   2.2245872600e-24   5.1871390087e-14   9.6602245869e-06   2.0000000000e-02 
  1.2176980525e+21   1.9325399057e+18   3.5952420193e+61   2.2245872600e-24   5.1871390087e-14   9.4047092585e-06   2.0000000000e-02 
  1.2196305924e+21   1.9325399057e+18   3.6066717609e+61   2.2245872600e-24   5.1871390088e-14   9.0540786784e-06   2.0000000000e-02 
  1.2215631323e+21   1.9325399057e+18   3.6181196420e+61   2.2245872600e-24   5.1871390088e-14   8.7438794458e-06   2.0000000000e-02 
  1.2234956722e+21   1.9325399057e+18   3.6295856626e+61   2.2245872600e-24   5.1871390088e-14   8.2631192436e-06   2.0000000000e-02 
  1.2254282121e+21   1.9325399057e+18   3.6410698227e+61   2.2245872600e-24   5.1871390088e-14   7.4272667114e-06   2.0000000000e-02 
  1.2273607520e+21   1.9325399057e+18   3.6525721223e+61   2.2245872600e-24   5.1871390088e-14   6.6838222918e-06   2.0000000000e-02 
  1.2292932919e+21   1.9325399057e+18   3.6640925614e+61   2.2245872600e-24   5.1871390088e-14   6.1772136438e-06   2.0000000000e-02 
  1.2312258318e+21   1.9325399057e+18   3.6756311400e+61   2.2245872600e-24   5.1871390089e-14   5.9698244272e-06   2.0000000000e-02 
  1.2331583717e+21   1.9325399057e+18   3.6871878581e+61   2.2245872600e-24   5.1871390089e-14   5.9605008157e-06   2.0000000000e-02 
  1.2350909116e+21   1.9325399057e+18   3.6987627157e+61   2.2245872600e-24   5.1871390089e-14   5.9504132729e-06   2.0000000000e-02 
  1.2370234515e+21   1.9325399057e+18   3.7103557128e+61   2.2245872600e-24   5.1871390089e-14   6.0620621328e-06   2.0000000000e-02 
  1.2389559914e+21   1.9325399057e+18   3.7219668494e+61   2.2245872600e-24   5.1871390088e-14   6.4293309776e-06   2.0000000000e-02 
  1.2408885313e+21   1.9325399057e+18   3.7335961255e+61   2.2245872600e-24   5.1871390088e-14   6.7939970621e-06   2.0000000000e-02 
  1.2428210712e+21   1.9325399057e+18   3.7452435411e+61   2.2245872600e-24   5.1871390088e-14   7.1002999594e-06   2.0000000000e-02 
  1.2447536112e+21   1.9325399057e+18   3.7569090962e+61   2.2245872600e-24   5.1871390088e-14   7.2241543484e-06   2.0000000000e-02 
  1.2466861511e+21   1.9325399057e+18   3.7685927907e+61   2.2245872600e-24   5.1871390088e-14   7.0274330201e-06   2.0000000000e-02 
  1.2486186910e+21   1.9325399057e+18   3.7802946248e+61   2.2245872600e-24   5.1871390088e-14   6.6690346656e-06   2.0000000000e-02 
  1.2505512309e+21   1.9325399057e+18   3.7920145984e+61   2.2245872600e-24   5.1871390088e-14   6.3510210167e-06   2.0000000000e-02 
  1.2524837708e+21   1.9325399057e+18   3.8037527115e+61   2.2245872600e-24   5.1871390088e-14   6.2803321580e-06   2.0000000000e-02 
  1.2544163107e+21   1.9325399057e+18   3.8155089640e+61   2.2245872600e-24   5.1871390088e-14   6.2725122109e-06   2.0000000000e-02 
  1.2563488506e+21   1.9325399057e+18   3.8272833561e+61   2.2245872600e-24   5.1871390088e-14   6.2768226282e-06   2.0000000000e-02 
  1.2582813905e+21   1.9325399057e+18   3.8390758877e+61   2.2245872600e-24   5.1871390088e-14   6.2569773913e-06   2.0000000000e-02 
  1.2602139304e+21   1.9325399057e+18   3.8508865588e+61   2.2245872600e-24   5.1871390088e-14   6.2414118445e-06   2.0000000000e-02 
  1.2621464703e+21   1.9325399057e+18   3.8627153693e+61   2.2245872600e-24   5.1871390088e-14   6.1998090070e-06   2.0000000000e-02 
  1.2640790102e+21   1.9325399057e+18   3.8745623194e+61   2.2245872600e-24   5.1871390088e-14   6.2391105080e-06   2.0000000000e-02 
  1.2660115501e+21   1.9325399057e+18   3.8864274090e+61   2.2245872600e-24   5.1871390088e-14   6.4568392665e-06   2.0000000000e-02 
  1.2679440900e+21   1.9325399057e+18   3.8983106380e+61   2.2245872600e-24   5.1871390088e-14   6.8828529194e-06   2.0000000000e-02 
  1.2698766299e+21   1.9325399057e+18   3.9102120066e+61   2.2245872600e-24   5.1871390089e-14   7.3998142913e-06   2.0000000000e-02 
  1.2718091698e+21   1.9325399057e+18   3.9221315146e+61   2.2245872600e-24   5.1871390089e-14   7.9560925575e-06   2.0000000000e-02 
  1.2737417097e+21   1.9325399057e+18   3.9340691622e+61   2.2245872600e-24   5.1871390089e-14   8.6115982113e-06   2.0000000000e-02 
  1.2756742496e+21   1.9325399057e+18   3.9460249492e+61   2.2245872600e-24   5.1871390089e-14   8.8113152323e-06   2.0000000000e-02 
  1.2776067896e+21   1.9325399057e+18   3.9579988758e+61   2.2245872600e-24   5.1871390089e-14   8.8358394991e-06   2.0000000000e-02 
  1.2795393295e+21   1.9325399057e+18   3.9699909419e+61   2.2245872600e-24   5.1871390089e-14   8.7176425231e-06   2.0000000000e-02 
  1.2814718694e+21   1.9325399057e+18   3.9820011474e+61   2.2245872600e-24   5.1871390089e-14   8.2597480444e-06   2.0000000000e-02 
  1.2834044093e+21   1.9325399057e+18   3.9940294925e+61   2.2245872600e-24   5.1871390089e-14   7.5567051924e-06   2.0000000000e-02 
  1.2853369492e+21   1.9325399057e+18   4.0060759770e+61   2.2245872600e-24   5.1871390089e-14   6.8235596040e-06   2.0000000000e-02 
  1.2872694891e+21   1.9325399057e+18   4.0181406010e+61   2.2245872600e-24   5.1871390089e-14   6.1817147419e-06   2.0000000000e-02 
  1.2892020290e+21   1.9325399057e+18   4.0302233646e+61   2.2245872600e-24   5.1871390089e-14   5.5931990228e-06   2.0000000000e-02 
  1.2911345689e+21   1.9325399057e+18   4.0423242676e+61   2.2245872600e-24   5.1871390089e-14   5.0012225155e-06   2.0000000000e-02 
  1.2930671088e+21   1.9325399057e+18   4.0544433102e+61   2.2245872600e-24   5.1871390089e-14   4.5387274311e-06   2.0000000000e-02 
  1.2949996487e+21   1.9325399057e+18   4.0665804922e+61   2.2245872600e-24   5.1871390089e-14   4.3147361953e-06   2.0000000000e-02 
  1.2969321886e+21   1.9325399057e+18   4.0787358138e+61   2.2245872600e-24   5.1871390089e-14   4.2855457210e-06   2.0000000000e-02 
  1.2988647285e+21   1.9325399057e+18   4.0909092748e+61   2.2245872600e-24   5.1871390089e-14   4.2002821731e-06   2.0000000000e-02 
  1.3007972684e+21   1.9325399057e+18   4.1031008753e+61   2.2245872600e-24   5.1871390089e-14   2.8718149088e-06   2.0000000000e-02 
  1.3027298083e+21   1.9325399057e+18   4.1153106154e+61   2.2245872600e-24   5.1871390088e-14   1.2023634630e-07   2.0000000000e-02 
  1.3046623482e+21   1.9325399057e+18   4.1275384949e+61   2.2245872600e-24   5.1871390088e-14  -2.0499927211e-06   2.0000000000e-02 
  1.3065948881e+21   1.9325399057e+18   4.1397845139e+61   2.2245872600e-24   5.1871390087e-14  -2.8070794761e-06   2.0000000000e-02 
  1.3085274280e+21   1.9325399057e+18   4.1520486724e+61   2.2245872600e-24   5.1871390087e-14  -3.1947239246e-06   2.0000000000e-02 
  1.3104599679e+21   1.9325399057e+18   4.1643309705e+61   2.2245872600e-24   5.1871390087e-14  -3.5033064724e-06   2.0000000000e-02 
  1.3123925079e+21   1.9325399057e+18   4.1766314080e+61   2.2245872600e-24   5.1871390087e-14  -3.6742046796e-06   2.0000000000e-02 
  1.3143250478e+21   1.9325399057e+18   4.1889499850e+61   2.2245872600e-24   5.1871390087e-14  -3.6577605252e-06   2.0000000000e-02 
  1.3162575877e+21   1.9325399057e+18   4.2012867015e+61   2.2245872600e-24   5.1871390087e-14  -3.4223378871e-06   2.0000000000e-02 
  1.3181901276e+21   1.9325399057e+18   4.2136415576e+61   2.2245872600e-24   5.1871390088e-14  -2.6060847553e-06   2.0000000000e-02 
  1.3201226675e+21   1.9325399057e+18   4.2260145531e+61   2.2245872600e-24   5.1871390088e-14  -9.9261260645e-07   2.0000000000e-02 
  1.3220552074e+21   1.9325399057e+18   4.2384056881e+61   2.2245872600e-24   5.1871390088e-14  -1.6804476821e-07   2.0000000000e-02 
  1.3239877473e+21   1.9325399057e+18   4.2508149626e+61   2.2245872600e-24   5.1871390088e-14   9.8428092972e-08   2.0000000000e-02 
  1.3259202872e+21   1.9325399057e+18   4.2632423766e+61   2.2245872600e-24   5.1871390088e-14   2.3451423902e-07   2.0000000000e-02 
  1.3278528271e+21   1.9325399057e+18   4.2756879301e+61   2.2245872600e-24   5.1871390088e-14   3.2741500669e-07   2.0000000000e-02 
  1.3297853670e+21   1.9325399057e+18   4.2881516231e+61   2.2245872600e-24   5.1871390088e-14   4.5085556515e-07   2.0000000000e-02 
  1.3317179069e+21   1.9325399057e+18   4.3006334556e+61   2.2245872600e-24   5.1871390088e-14   5.4272828456e-07   2.0000000000e-02 
  1.3336504468e+21   1.9325399057e+18   4.3131334276e+61   2.2245872600e-24   5.1871390088e-14   5.4866985510e-07   2.0000000000e-02 
  1.3355829867e+21   1.9325399057e+18   4.3256515391e+61   2.2245872600e-24   5.1871390088e-14   5.0215406450e-07   2.0000000000e-02 
  1.3375155266e+21   1.9325399057e+18   4.3381877901e+61   2.2245872600e-24   5.1871390088e-14   4.4720156038e-07   2.0000000000e-02 
  1.3394480665e+21   1.9325399057e+18   4.3507421806e+61   2.2245872600e-24   5.1871390088e-14   4.2236402691e-07   2.0000000000e-02 
  1.3413806064e+21   1.9325399057e+18   4.3633147106e+61   2.2245872600e-24   5.1871390088e-14   4.1974263255e-07   2.0000000000e-02 
  1.3433131463e+21   1.9325399057e+18   4.3759053801e+61   2.2245872600e-24   5.1871390088e-14   4.9332663418e-07   2.0000000000e-02 
  1.3452456863e+21   1.9325399057e+18   4.3885141891e+61   2.2245872600e-24   5.1871390088e-14   7.1569500152e-07   2.0000000000e-02 
  1.3471782262e+21   1.9325399057e+18   4.4011411376e+61   2.2245872600e-24   5.1871390088e-14   9.5786640971e-07   2.0000000000e-02 
  1.3491107661e+21   1.9325399057e+18   4.4137862256e+61   2.2245872600e-24   5.1871390088e-14   1.0842636488e-06   2.0000000000e-02 
  1.3510433060e+21   1.9325399057e+18   4.4264494531e+61   2.2245872600e-24   5.1871390088e-14   1.1064443049e-06   2.0000000000e-02 
  1.3529758459e+21   1.9325399057e+18   4.4391308201e+61   2.2245872600e-24   5.1871390088e-14   1.1176120291e-06   2.0000000000e-02 
  1.3549083858e+21   1.9325399057e+18   4.4518303266e+61   2.2245872600e-24   5.1871390088e-14   1.1028225802e-06   2.0000000000e-02 
  1.3568409257e+21   1.9325399057e+18   4.4645479726e+61   2.2245872600e-24   5.1871390088e-14   1.0823017194e-06   2.0000000000e-02 
  1.3587734656e+21   1.9325399057e+18   4.4772837581e+61   2.2245872600e-24   5.1871390088e-14   1.1007938489e-06   2.0000000000e-02 
  1.3607060055e+21   1.9325399057e+18   4.4900376830e+61   2.2245872600e-24   5.1871390088e-14   1.0318587200e-06   2.0000000000e-02 
  1.3626385454e+21   1.9325399057e+18   4.5028097475e+61   2.2245872600e-24   5.1871390088e-14   8.3892723806e-07   2.0000000000e-02 
  1.3645710853e+21   1.9325399057e+18   4.5155999515e+61   2.2245872600e-24   5.1871390088e-14   4.8047106263e-07   2.0000000000e-02 
  1.3665036252e+21   1.9325399057e+18   4.5284082950e+61   2.2245872600e-24   5.1871390088e-14   9.7234151181e-08   2.0000000000e-02 
  1.3684361651e+21   1.9325399057e+18   4.5412347779e+61   2.2245872600e-24   5.1871390088e-14  -1.0585223815e-07   2.0000000000e-02 
  1.3703687050e+21   1.9325399057e+18   4.5540794004e+61   2.2245872600e-24   5.1871390088e-14  -1.9859144959e-07   2.0000000000e-02 
  1.3723012449e+21   1.9325399057e+18   4.5669421624e+61   2.2245872600e-24   5.1871390088e-14  -2.5308034909e-07   2.0000000000e-02 
  1.3742337848e+21   1.9325399057e+18   4.5798230639e+61   2.2245872600e-24   5.1871390088e-14  -2.7713848024e-07   2.0000000000e-02 
  1.3761663247e+21   1.9325399057e+18   4.5927221048e+61   2.2245872600e-24   5.1871390088e-14  -2.5751727548e-07   2.0000000000e-02 
  1.3780988646e+21   1.9325399057e+18   4.6056392853e+61   2.2245872600e-24   5.1871390088e-14  -1.7624044329e-07   2.0000000000e-02 
  1.3800314046e+21   1.9325399057e+18   4.6185746053e+61   2.2245872600e-24   5.1871390088e-14  -7.1243471490e-08   2.0000000000e-02 
  1.3819639445e+21   1.9325399057e+18   4.6315280647e+61   2.2245872600e-24   5.1871390088e-14   7.2731088921e-08   2.0000000000e-02 
  1.3838964844e+21   1.9325399057e+18   4.6444996637e+61   2.2245872600e-24   5.1871390088e-14   3.0878892037e-07   2.0000000000e-02 
  1.3858290243e+21   1.9325399057e+18   4.6574894021e+61   2.2245872600e-24   5.1871390088e-14   6.7450974130e-07   2.0000000000e-02 
  1.3877615642e+21   1.9325399057e+18   4.6704972801e+61   2.2245872600e-24   5.1871390088e-14   1.0415194328e-06   2.0000000000e-02 
  1.3896941041e+21   1.9325399057e+18   4.6835232976e+61   2.2245872600e-24   5.1871390088e-14   1.2422419472e-06   2.0000000000e-02 
  1.3916266440e+21   1.9325399057e+18   4.6965674545e+61   2.2245872600e-24   5.1871390088e-14   1.2972433185e-06   2.0000000000e-02 
  1.3935591839e+21   1.9325399057e+18   4.7096297510e+61   2.2245872600e-24   5.1871390088e-14   1.1944505752e-06   2.0000000000e-02 
  1.3954917238e+21   1.9325399057e+18   4.7227101869e+61   2.2245872600e-24   5.1871390088e-14   1.0452619209e-06   2.0000000000e-02 
  1.3974242637e+21   1.9325399057e+18   4.7358087624e+61   2.2245872600e-24   5.1871390088e-14   9.6040882748e-07   2.0000000000e-02 
  1.3993568036e+21   1.9325399057e+18   4.7489254773e+61   2.2245872600e-24   5.1871390088e-14   9.8595288577e-07   2.0000000000e-02 
  1.4012893435e+21   1.9325399057e+18   4.7620603318e+61   2.2245872600e-24   5.1871390088e-14   1.0328012350e-06   2.0000000000e-02 
  1.4032218834e+21   1.9325399057e+18   4.7752133257e+61   2.2245872600e-24   5.1871390088e-14   9.9283385401e-07   2.0000000000e-02 
  1.4051544233e+21   1.9325399057e+18   4.7883844591e+61   2.2245872600e-24   5.1871390088e-14   1.0006339866e-06   2.0000000000e-02 
  1.4070869632e+21   1.9325399057e+18   4.8015737321e+61   2.2245872600e-24   5.1871390088e-14   1.0372174118e-06   2.0000000000e-02 
  1.4090195031e+21   1.9325399057e+18   4.8147811445e+61   2.2245872600e-24   5.1871390088e-14   1.0327784494e-06   2.0000000000e-02 
  1.4109520430e+21   1.9325399057e+18   4.8280066965e+61   2.2245872600e-24   5.1871390088e-14   1.0497508508e-06   2.0000000000e-02 
  1.4128845830e+21   1.9325399057e+18   4.8412503879e+61   2.2245872600e-24   5.1871390088e-14   1.0854131452e-06   2.0000000000e-02 
  1.4148171229e+21   1.9325399057e+18   4.8545122188e+61   2.2245872600e-24   5.1871390088e-14   1.1285951079e-06   2.0000000000e-02 
  1.4167496628e+21   1.9325399057e+18   4.8677921893e+61   2.2245872600e-24   5.1871390088e-14   1.1373816681e-06   2.0000000000e-02 
  1.4186822027e+21   1.9325399057e+18   4.8810902992e+61   2.2245872600e-24   5.1871390088e-14   1.1253868345e-06   2.0000000000e-02 
  1.4206147426e+21   1.9325399057e+18   4.8944065486e+61   2.2245872600e-24   5.1871390088e-14   9.8178004974e-07   2.0000000000e-02 
  1.4225472825e+21   1.9325399057e+18   4.9077409376e+61   2.2245872600e-24   5.1871390088e-14   6.3281142842e-07   2.0000000000e-02 
  1.4244798224e+21   1.9325399057e+18   4.9210934660e+61   2.2245872600e-24   5.1871390088e-14   3.2074328722e-07   2.0000000000e-02 
  1.4264123623e+21   1.9325399057e+18   4.9344641339e+61   2.2245872600e-24   5.1871390088e-14   1.2802314410e-07   2.0000000000e-02 
  1.4283449022e+21   1.9325399057e+18   4.9478529413e+61   2.2245872600e-24   5.1871390088e-14  -4.8479275941e-09   2.0000000000e-02 
  1.4302774421e+21   1.9325399057e+18   4.9612598883e+61   2.2245872600e-24   5.1871390088e-14  -1.0761985971e-07   2.0000000000e-02 
  1.4322099820e+21   1.9325399057e+18   4.9746849747e+61   2.2245872600e-24   5.1871390088e-14  -2.0045084782e-07   2.0000000000e-02 
  1.4341425219e+21   1.9325399057e+18   4.9881282006e+61   2.2245872600e-24   5.1871390088e-14  -2.9881022966e-07   2.0000000000e-02 
  1.4360750618e+21   1.9325399057e+18   5.0015895660e+61   2.2245872600e-24   5.1871390088e-14  -3.9120662814e-07   2.0000000000e-02 
  1.4380076017e+21   1.9325399057e+18   5.0150690709e+61   2.2245872600e-24   5.1871390088e-14  -4.4526773410e-07   2.0000000000e-02 
  1.4399401416e+21   1.9325399057e+18   5.0285667153e+61   2.2245872600e-24   5.1871390088e-14  -4.5899402754e-07   2.0000000000e-02 
  1.4418726815e+21   1.9325399057e+18   5.0420824992e+61   2.2245872600e-24   5.1871390088e-14  -4.4939809230e-07   2.0000000000e-02 
  1.4438052214e+21   1.9325399057e+18   5.0556164226e+61   2.2245872600e-24   5.1871390088e-14  -4.3845933777e-07   2.0000000000e-02 
  1.4457377613e+21   1.9325399057e+18   5.0691684856e+61   2.2245872600e-24   5.1871390088e-14  -3.9054651513e-07   2.0000000000e-02 
  1.4476703013e+21   1.9325399057e+18   5.0827386880e+61   2.2245872600e-24   5.1871390088e-14  -1.8650622063e-07   2.0000000000e-02 
  1.4496028412e+21   1.9325399057e+18   5.0963270299e+61   2.2245872600e-24   5.1871390088e-14   5.5097862424e-07   2.0000000000e-02 
  1.4515353811e+21   1.9325399057e+18   5.1099335113e+61   2.2245872600e-24   5.1871390088e-14   1.9941252958e-06   2.0000000000e-02 
  1.4534679210e+21   1.9325399057e+18   5.1235581322e+61   2.2245872600e-24   5.1871390087e-14   2.7828305938e-06   2.0000000000e-02 
  1.4554004609e+21   1.9325399057e+18   5.1372008926e+61   2.2245872600e-24   5.1871390087e-14   2.9749592060e-06   2.0000000000e-02 
  1.4573330008e+21   1.9325399057e+18   5.1508617925e+61   2.2245872600e-24   5.1871390087e-14   2.9418629938e-06   2.0000000000e-02 
  1.4592655407e+21   1.9325399057e+18   5.1645408319e+61   2.2245872600e-24   5.1871390087e-14   2.6626543933e-06   2.0000000000e-02 
  1.4611980806e+21   1.9325399057e+18   5.1782380108e+61   2.2245872600e-24   5.1871390087e-14   1.8508350271e-06   2.0000000000e-02 
  1.4631306205e+21   1.9325399057e+18   5.1919533291e+61   2.2245872600e-24   5.1871390088e-14  -6.8717225528e-08   2.0000000000e-02 
  1.4650631604e+21   1.9325399057e+18   5.2056867870e+61   2.2245872600e-24   5.1871390088e-14  -2.7980483752e-06   2.0000000000e-02 
  1.4669957003e+21   1.9325399057e+18   5.2194383844e+61   2.2245872600e-24   5.1871390089e-14  -4.4556790894e-06   2.0000000000e-02 
  1.4689282402e+21   1.9325399057e+18   5.2332081213e+61   2.2245872600e-24   5.1871390089e-14  -5.1000807293e-06   2.0000000000e-02 
  1.4708607801e+21   1.9325399057e+18   5.2469959977e+61   2.2245872600e-24   5.1871390089e-14  -5.2985831628e-06   2.0000000000e-02 
  1.4727933200e+21   1.9325399057e+18   5.2608020136e+61   2.2245872600e-24   5.1871390090e-14  -5.6163447997e-06   2.0000000000e-02 
  1.4747258599e+21   1.9325399057e+18   5.2746261690e+61   2.2245872600e-24   5.1871390090e-14  -5.9876270272e-06   2.0000000000e-02 
  1.4766583998e+21   1.9325399057e+18   5.2884684638e+61   2.2245872600e-24   5.1871390090e-14  -6.4016781525e-06   2.0000000000e-02 
  1.4785909397e+21   1.9325399057e+18   5.3023288982e+61   2.2245872600e-24   5.1871390090e-14  -6.8135267270e-06   2.0000000000e-02 
  1.4805234797e+21   1.9325399057e+18   5.3162074721e+61   2.2245872600e-24   5.1871390090e-14  -7.2722532091e-06   2.0000000000e-02 
  1.4824560196e+21   1.9325399057e+18   5.3301041855e+61   2.2245872600e-24   5.1871390090e-14  -7.7958496687e-06   2.0000000000e-02 
  1.4843885595e+21   1.9325399057e+18   5.3440190383e+61   2.2245872600e-24   5.1871390089e-14  -8.1977618380e-06   2.0000000000e-02 
  1.4863210994e+21   1.9325399057e+18   5.3579520307e+61   2.2245872600e-24   5.1871390089e-14  -8.5201429543e-06   2.0000000000e-02 
  1.4882536393e+21   1.9325399057e+18   5.3719031626e+61   2.2245872600e-24   5.1871390089e-14  -8.7924747673e-06   2.0000000000e-02 
  1.4901861792e+21   1.9325399057e+18   5.3858724340e+61   2.2245872600e-24   5.1871390089e-14  -8.9998689623e-06   2.0000000000e-02 
  1.4921187191e+21   1.9325399057e+18   5.3998598448e+61   2.2245872600e-24   5.1871390089e-14  -9.1047693769e-06   2.0000000000e-02 
  1.4940512590e+21   1.9325399057e+18   5.4138653952e+61   2.2245872600e-24   5.1871390090e-14  -9.0297447342e-06   2.0000000000e-02 
  1.4959837989e+21   1.9325399057e+18   5.4278890850e+61   2.2245872600e-24   5.1871390090e-14  -8.9360653577e-06   2.0000000000e-02 
  1.4979163388e+21   1.9325399057e+18   5.4419309144e+61   2.2245872600e-24   5.1871390090e-14  -9.0147808350e-06   2.0000000000e-02 
  1.4998488787e+21   1.9325399057e+18   5.4559908833e+61   2.2245872600e-24   5.1871390090e-14  -9.4785611258e-06   2.0000000000e-02 
  1.5017814186e+21   1.9325399057e+18   5.4700689916e+61   2.2245872600e-24   5.1871390090e-14  -1.0313669095e-05   2.0000000000e-02 
  1.5037139585e+21   1.9325399057e+18   5.4841652395e+61   2.2245872600e-24   5.1871390090e-14  -1.1005274857e-05   2.0000000000e-02 
  1.5056464984e+21   1.9325399057e+18   5.4982796268e+61   2.2245872600e-24   5.1871390090e-14  -1.1393873725e-05   2.0000000000e-02 
  1.5075790383e+21   1.9325399057e+18   5.5124121537e+61   2.2245872600e-24   5.1871390090e-14  -1.1410975960e-05   2.0000000000e-02 
  1.5095115782e+21   1.9325399057e+18   5.5265628200e+61   2.2245872600e-24   5.1871390090e-14  -1.0966213273e-05   2.0000000000e-02 
  1.5114441181e+21   1.9325399057e+18   5.5407316259e+61   2.2245872600e-24   5.1871390089e-14  -9.7579194388e-06   2.0000000000e-02 
  1.5133766580e+21   1.9325399057e+18   5.5549185712e+61   2.2245872600e-24   5.1871390089e-14  -8.8994864914e-06   2.0000000000e-02 
  1.5153091980e+21   1.9325399057e+18   5.5691236561e+61   2.2245872600e-24   5.1871390089e-14  -8.1441476037e-06   2.0000000000e-02 
  1.5172417379e+21   1.9325399057e+18   5.5833468804e+61   2.2245872600e-24   5.1871390089e-14  -7.6787483457e-06   2.0000000000e-02 
  1.5191742778e+21   1.9325399057e+18   5.5975882443e+61   2.2245872600e-24   5.1871390089e-14  -7.3576386496e-06   2.0000000000e-02 
  1.5211068177e+21   1.9325399057e+18   5.6118477476e+61   2.2245872600e-24   5.1871390089e-14  -7.0239759683e-06   2.0000000000e-02 
  1.5230393576e+21   1.9325399057e+18   5.6261253905e+61   2.2245872600e-24   5.1871390089e-14  -6.5372508487e-06   2.0000000000e-02 
  1.5249718975e+21   1.9325399057e+18   5.6404211728e+61   2.2245872600e-24   5.1871390088e-14  -5.8388751515e-06   2.0000000000e-02 
  1.5269044374e+21   1.9325399057e+18   5.6547350946e+61   2.2245872600e-24   5.1871390088e-14  -5.1560598260e-06   2.0000000000e-02 
  1.5288369773e+21   1.9325399057e+18   5.6690671560e+61   2.2245872600e-24   5.1871390088e-14  -4.6397499031e-06   2.0000000000e-02 
  1.5307695172e+21   1.9325399057e+18   5.6834173568e+61   2.2245872600e-24   5.1871390089e-14  -4.3655287339e-06   2.0000000000e-02 
  1.5327020571e+21   1.9325399057e+18   5.6977856971e+61   2.2245872600e-24   5.1871390089e-14  -4.3114872066e-06   2.0000000000e-02 
  1.5346345970e+21   1.9325399057e+18   5.7121721770e+61   2.2245872600e-24   5.1871390089e-14  -4.4898878641e-06   2.0000000000e-02 
  1.5365671369e+21   1.9325399057e+18   5.7265767963e+61   2.2245872600e-24   5.1871390089e-14  -4.6179503082e-06   2.0000000000e-02 
  1.5384996768e+21   1.9325399057e+18   5.7409995551e+61   2.2245872600e-24   5.1871390089e-14  -4.7595897315e-06   2.0000000000e-02 
  1.5404322167e+21   1.9325399057e+18   5.7554404534e+61   2.2245872600e-24   5.1871390089e-14  -4.8916487485e-06   2.0000000000e-02 
  1.5423647566e+21   1.9325399057e+18   5.7698994913e+61   2.2245872600e-24   5.1871390089e-14  -4.8144110176e-06   2.0000000000e-02 
  1.5442972965e+21   1.9325399057e+18   5.7843766686e+61   2.2245872600e-24   5.1871390089e-14  -4.8006053359e-06   2.0000000000e-02 
  1.5462298364e+21   1.9325399057e+18   5.7988719854e+61   2.2245872600e-24   5.1871390089e-14  -4.9762617751e-06   2.0000000000e-02 
  1.5481623764e+21   1.9325399057e+18   5.8133854417e+61   2.2245872600e-24   5.1871390089e-14  -5.2347452468e-06   2.0000000000e-02 
  1.5500949163e+21   1.9325399057e+18   5.8279170375e+61   2.2245872600e-24   5.1871390089e-14  -5.6687756486e-06   2.0000000000e-02 
  1.5520274562e+21   1.9325399057e+18   5.8424667728e+61   2.2245872600e-24   5.1871390089e-14  -6.1732469467e-06   2.0000000000e-02 
  1.5539599961e+21   1.9325399057e+18   5.8570346477e+61   2.2245872600e-24   5.1871390088e-14  -6.7142274828e-06   2.0000000000e-02 
  1.5558925360e+21   1.9325399057e+18   5.8716206620e+61   2.2245872600e-24   5.1871390088e-14  -7.1079579577e-06   2.0000000000e-02 
  1.5578250759e+21   1.9325399057e+18   5.8862248158e+61   2.2245872600e-24   5.1871390088e-14  -7.2938629745e-06   2.0000000000e-02 
  1.5597576158e+21   1.9325399057e+18   5.9008471091e+61   2.2245872600e-24   5.1871390088e-14  -7.3617163374e-06   2.0000000000e-02 
  1.5616901557e+21   1.9325399057e+18   5.9154875419e+61   2.2245872600e-24   5.1871390088e-14  -7.5843470025e-06   2.0000000000e-02 
  1.5636226956e+21   1.9325399057e+18   5.9301461142e+61   2.2245872600e-24   5.1871390087e-14  -8.2914484212e-06   2.0000000000e-02 
  1.5655552355e+21   1.9325399057e+18   5.9448228260e+61   2.2245872600e-24   5.1871390087e-14  -9.5724892707e-06   2.0000000000e-02 
  1.5674877754e+21   1.9325399057e+18   5.9595176773e+61   2.2245872600e-24   5.1871390087e-14  -1.0440045028e-05   2.0000000000e-02 
  1.5694203153e+21   1.9325399057e+18   5.9742306681e+61   2.2245872600e-24   5.1871390087e-14  -1.0680562674e-05   2.0000000000e-02 
  1.5713528552e+21   1.9325399057e+18   5.9889617984e+61   2.2245872600e-24   5.1871390087e-14  -1.0668253662e-05   2.0000000000e-02 
  1.5732853951e+21   1.9325399057e+18   6.0037110682e+61   2.2245872600e-24   5.1871390087e-14  -1.0558814670e-05   2.0000000000e-02 
  1.5752179350e+21   1.9325399057e+18   6.0184784775e+61   2.2245872600e-24   5.1871390087e-14  -1.0258511259e-05   2.0000000000e-02 
  1.5771504749e+21   1.9325399057e+18   6.0332640263e+61   2.2245872600e-24   5.1871390087e-14  -9.8064607665e-06   2.0000000000e-02 
  1.5790830148e+21   1.9325399057e+18   6.0480677146e+61   2.2245872600e-24   5.1871390087e-14  -9.2066344942e-06   2.0000000000e-02 
  1.5810155547e+21   1.9325399057e+18   6.0628895424e+61   2.2245872600e-24   5.1871390088e-14  -8.7098409509e-06   2.0000000000e-02 
  1.5829480947e+21   1.9325399057e+18   6.0777295096e+61   2.2245872600e-24   5.1871390088e-14  -8.3450883857e-06   2.0000000000e-02 
  1.5848806346e+21   1.9325399057e+18   6.0925876164e+61   2.2245872600e-24   5.1871390088e-14  -8.0300538661e-06   2.0000000000e-02 
  1.5868131745e+21   1.9325399057e+18   6.1074638627e+61   2.2245872600e-24   5.1871390088e-14  -7.8375593683e-06   2.0000000000e-02 
  1.5887457144e+21   1.9325399057e+18   6.1223582485e+61   2.2245872600e-24   5.1871390088e-14  -7.7408365601e-06   2.0000000000e-02 
  1.5906782543e+21   1.9325399057e+18   6.1372707738e+61   2.2245872600e-24   5.1871390088e-14  -7.6446155231e-06   2.0000000000e-02 
  1.5926107942e+21   1.9325399057e+18   6.1522014386e+61   2.2245872600e-24   5.1871390088e-14  -7.5722131748e-06   2.0000000000e-02 
  1.5945433341e+21   1.9325399057e+18   6.1671502428e+61   2.2245872600e-24   5.1871390088e-14  -7.5360131653e-06   2.0000000000e-02 
  1.5964758740e+21   1.9325399057e+18   6.1821171866e+61   2.2245872600e-24   5.1871390088e-14  -7.4485423053e-06   2.0000000000e-02 
  1.5984084139e+21   1.9325399057e+18   6.1971022699e+61   2.2245872600e-24   5.1871390088e-14  -7.3811528034e-06   2.0000000000e-02 
  1.6003409538e+21   1.9325399057e+18   6.2121054927e+61   2.2245872600e-24   5.1871390088e-14  -7.2245157304e-06   2.0000000000e-02 
  1.6022734937e+21   1.9325399057e+18   6.2271268549e+61   2.2245872600e-24   5.1871390088e-14  -6.9846550608e-06   2.0000000000e-02 
  1.6042060336e+21   1.9325399057e+18   6.2421663567e+61   2.2245872600e-24   5.1871390088e-14  -6.6307203904e-06   2.0000000000e-02 
  1.6061385735e+21   1.9325399057e+18   6.2572239980e+61   2.2245872600e-24   5.1871390088e-14  -5.9303353375e-06   2.0000000000e-02 
  1.6080711134e+21   1.9325399057e+18   6.2722997787e+61   2.2245872600e-24   5.1871390088e-14  -5.0725619786e-06   2.0000000000e-02 
  1.6100036533e+21   1.9325399057e+18   6.2873936990e+61   2.2245872600e-24   5.1871390088e-14  -4.4050732248e-06   2.0000000000e-02 
  1.6119361932e+21   1.9325399057e+18   6.3025057587e+61   2.2245872600e-24   5.1871390088e-14  -3.8238201360e-06   2.0000000000e-02 
  1.6138687331e+21   1.9325399057e+18   6.3176359580e+61   2.2245872600e-24   5.1871390089e-14  -2.8324297505e-06   2.0000000000e-02 
  1.6158012731e+21   1.9325399057e+18   6.3327842968e+61   2.2245872600e-24   5.1871390089e-14  -7.1192435284e-07   2.0000000000e-02 
  1.6177338130e+21   1.9325399057e+18   6.3479507750e+61   2.2245872600e-24   5.1871390090e-14   1.1567576009e-06   2.0000000000e-02 
  1.6196663529e+21   1.9325399057e+18   6.3631353928e+61   2.2245872600e-24   5.1871390090e-14   1.8275475914e-06   2.0000000000e-02 
  1.6215988928e+21   1.9325399057e+18   6.3783381500e+61   2.2245872600e-24   5.1871390090e-14   2.2059455109e-06   2.0000000000e-02 
  1.6235314327e+21   1.9325399057e+18   6.3935590468e+61   2.2245872600e-24   5.1871390090e-14   2.4183558301e-06   2.0000000000e-02 
  1.6254639726e+21   1.9325399057e+18   6.4087980830e+61   2.2245872600e-24   5.1871390090e-14   2.5751524153e-06   2.0000000000e-02 
  1.6273965125e+21   1.9325399057e+18   6.4240552588e+61   2.2245872600e-24   5.1871390090e-14   2.7547917703e-06   2.0000000000e-02 
  1.6293290524e+21   1.9325399057e+18   6.4393305740e+61   2.2245872600e-24   5.1871390090e-14   2.9706437113e-06   2.0000000000e-02 
  1.6312615923e+21   1.9325399057e+18   6.4546240288e+61   2.2245872600e-24   5.1871390090e-14   3.1749028620e-06   2.0000000000e-02 
  1.6331941322e+21   1.9325399057e+18   6.4699356230e+61   2.2245872600e-24   5.1871390090e-14   3.2053827400e-06   2.0000000000e-02 
  1.6351266721e+21   1.9325399057e+18   6.4852653568e+61   2.2245872600e-24   5.1871390090e-14   3.1679360092e-06   2.0000000000e-02 
  1.6370592120e+21   1.9325399057e+18   6.5006132300e+61   2.2245872600e-24   5.1871390090e-14   3.1131182890e-06   2.0000000000e-02 
  1.6389917519e+21   1.9325399057e+18   6.5159792427e+61   2.2245872600e-24   5.1871390090e-14   3.0253904176e-06   2.0000000000e-02 
  1.6409242918e+21   1.9325399057e+18   6.5313633950e+61   2.2245872600e-24   5.1871390090e-14   2.7878739850e-06   2.0000000000e-02 
  1.6428568317e+21   1.9325399057e+18   6.5467656867e+61   2.2245872600e-24   5.1871390090e-14   2.3606432501e-06   2.0000000000e-02 
  1.6447893716e+21   1.9325399057e+18   6.5621861179e+61   2.2245872600e-24   5.1871390090e-14   1.7793242566e-06   2.0000000000e-02 
  1.6467219115e+21   1.9325399057e+18   6.5776246887e+61   2.2245872600e-24   5.1871390090e-14   1.5863901561e-06   2.0000000000e-02 
  1.6486544514e+21   1.9325399057e+18   6.5930813989e+61   2.2245872600e-24   5.1871390090e-14   1.5296085788e-06   2.0000000000e-02 
  1.6505869914e+21   1.9325399057e+18   6.6085562486e+61   2.2245872600e-24   5.1871390090e-14   1.4719367006e-06   2.0000000000e-02 
  1.6525195313e+21   1.9325399057e+18   6.6240492379e+61   2.2245872600e-24   5.1871390090e-14   1.4163882764e-06   2.0000000000e-02 
  1.6544520712e+21   1.9325399057e+18   6.6395603666e+61   2.2245872600e-24   5.1871390090e-14   1.3707784245e-06   2.0000000000e-02 
  1.6563846111e+21   1.9325399057e+18   6.6550896348e+61   2.2245872600e-24   5.1871390090e-14   1.3241923460e-06   2.0000000000e-02 
  1.6583171510e+21   1.9325399057e+18   6.6706370425e+61   2.2245872600e-24   5.1871390090e-14   1.3089072912e-06   2.0000000000e-02 
  1.6602496909e+21   1.9325399057e+18   6.6862025897e+61   2.2245872600e-24   5.1871390090e-14   1.3173322633e-06   2.0000000000e-02 
  1.6621822308e+21   1.9325399057e+18   6.7017862765e+61   2.2245872600e-24   5.1871390090e-14   1.3393630906e-06   2.0000000000e-02 
  1.6641147707e+21   1.9325399057e+18   6.7173881027e+61   2.2245872600e-24   5.1871390090e-14   1.3618109083e-06   2.0000000000e-02 
  1.6660473106e+21   1.9325399057e+18   6.7330080684e+61   2.2245872600e-24   5.1871390090e-14   1.3850557633e-06   2.0000000000e-02 
  1.6679798505e+21   1.9325399057e+18   6.7486461736e+61   2.2245872600e-24   5.1871390090e-14   1.3992736121e-06   2.0000000000e-02 
  1.6699123904e+21   1.9325399057e+18   6.7643024183e+61   2.2245872600e-24   5.1871390090e-14   1.4291056576e-06   2.0000000000e-02 
  1.6718449303e+21   1.9325399057e+18   6.7799768025e+61   2.2245872600e-24   5.1871390090e-14   1.5910347549e-06   2.0000000000e-02 
  1.6737774702e+21   1.9325399057e+18   6.7956693262e+61   2.2245872600e-24   5.1871390090e-14   2.3144434871e-06   2.0000000000e-02 
  1.6757100101e+21   1.9325399057e+18   6.8113799894e+61   2.2245872600e-24   5.1871390089e-14   3.4854944738e-06   2.0000000000e-02 
  1.6776425500e+21   1.9325399057e+18   6.8271087921e+61   2.2245872600e-24   5.1871390089e-14   4.5047017136e-06   2.0000000000e-02 
  1.6795750899e+21   1.9325399057e+18   6.8428557343e+61   2.2245872600e-24   5.1871390089e-14   5.4252306082e-06   2.0000000000e-02 
  1.6815076298e+21   1.9325399057e+18   6.8586208160e+61   2.2245872600e-24   5.1871390088e-14   6.0350513078e-06   2.0000000000e-02 
  1.6834401697e+21   1.9325399057e+18   6.8744040372e+61   2.2245872600e-24   5.1871390088e-14   6.4331440970e-06   2.0000000000e-02 
  1.6853727097e+21   1.9325399057e+18   6.8902053979e+61   2.2245872600e-24   5.1871390088e-14   6.6543645557e-06   2.0000000000e-02 
  1.6873052496e+21   1.9325399057e+18   6.9060248981e+61   2.2245872600e-24   5.1871390088e-14   6.6598567357e-06   2.0000000000e-02 
  1.6892377895e+21   1.9325399057e+18   6.9218625378e+61   2.2245872600e-24   5.1871390088e-14   6.5476680880e-06   2.0000000000e-02 
  1.6911703294e+21   1.9325399057e+18   6.9377183170e+61   2.2245872600e-24   5.1871390088e-14   6.3897113694e-06   2.0000000000e-02 
  1.6931028693e+21   1.9325399057e+18   6.9535922357e+61   2.2245872600e-24   5.1871390088e-14   6.2517559219e-06   2.0000000000e-02 
  1.6950354092e+21   1.9325399057e+18   6.9694842939e+61   2.2245872600e-24   5.1871390088e-14   6.1074175210e-06   2.0000000000e-02 
  1.6969679491e+21   1.9325399057e+18   6.9853944916e+61   2.2245872600e-24   5.1871390088e-14   5.9711101633e-06   2.0000000000e-02 
  1.6989004890e+21   1.9325399057e+18   7.0013228288e+61   2.2245872600e-24   5.1871390088e-14   5.8817383246e-06   2.0000000000e-02 
  1.7008330289e+21   1.9325399057e+18   7.0172693055e+61   2.2245872600e-24   5.1871390088e-14   5.8159996052e-06   2.0000000000e-02 
  1.7027655688e+21   1.9325399057e+18   7.0332339216e+61   2.2245872600e-24   5.1871390088e-14   5.7560364445e-06   2.0000000000e-02 
  1.7046981087e+21   1.9325399057e+18   7.0492166773e+61   2.2245872600e-24   5.1871390088e-14   5.7113539592e-06   2.0000000000e-02 
  1.7066306486e+21   1.9325399057e+18   7.0652175725e+61   2.2245872600e-24   5.1871390088e-14   5.6919658059e-06   2.0000000000e-02 
  1.7085631885e+21   1.9325399057e+18   7.0812366072e+61   2.2245872600e-24   5.1871390088e-14   5.6846208308e-06   2.0000000000e-02 
  1.7104957284e+21   1.9325399057e+18   7.0972737814e+61   2.2245872600e-24   5.1871390088e-14   5.7492396588e-06   2.0000000000e-02 
  1.7124282683e+21   1.9325399057e+18   7.1133290950e+61   2.2245872600e-24   5.1871390088e-14   5.9683307844e-06   2.0000000000e-02 
  1.7143608082e+21   1.9325399057e+18   7.1294025482e+61   2.2245872600e-24   5.1871390088e-14   6.4586838244e-06   2.0000000000e-02 
  1.7162933481e+21   1.9325399057e+18   7.1454941409e+61   2.2245872600e-24   5.1871390088e-14   6.9710800206e-06   2.0000000000e-02 
  1.7182258881e+21   1.9325399057e+18   7.1616038730e+61   2.2245872600e-24   5.1871390088e-14   7.3420517375e-06   2.0000000000e-02 
  1.7201584280e+21   1.9325399057e+18   7.1777317447e+61   2.2245872600e-24   5.1871390088e-14   7.8282171278e-06   2.0000000000e-02 
  1.7220909679e+21   1.9325399057e+18   7.1938777559e+61   2.2245872600e-24   5.1871390087e-14   8.3285842000e-06   2.0000000000e-02 
  1.7240235078e+21   1.9325399057e+18   7.2100419065e+61   2.2245872600e-24   5.1871390087e-14   8.8233621842e-06   2.0000000000e-02 
  1.7259560477e+21   1.9325399057e+18   7.2262241967e+61   2.2245872600e-24   5.1871390087e-14   9.3100426052e-06   2.0000000000e-02 
  1.7278885876e+21   1.9325399057e+18   7.2424246264e+61   2.2245872600e-24   5.1871390087e-14   9.5755230557e-06   2.0000000000e-02 
  1.7298211275e+21   1.9325399057e+18   7.2586431955e+61   2.2245872600e-24   5.1871390087e-14   9.6428391947e-06   2.0000000000e-02 
  1.7317536674e+21   1.9325399057e+18   7.2748799042e+61   2.2245872600e-24   5.1871390087e-14   9.6195422876e-06   2.0000000000e-02 
  1.7336862073e+21   1.9325399057e+18   7.2911347523e+61   2.2245872600e-24   5.1871390087e-14   9.4548831989e-06   2.0000000000e-02 
  1.7356187472e+21   1.9325399057e+18   7.3074077400e+61   2.2245872600e-24   5.1871390088e-14   9.0396112769e-06   2.0000000000e-02 
  1.7375512871e+21   1.9325399057e+18   7.3236988671e+61   2.2245872600e-24   5.1871390088e-14   8.6313400361e-06   2.0000000000e-02 
  1.7394838270e+21   1.9325399057e+18   7.3400081338e+61   2.2245872600e-24   5.1871390088e-14   8.0386002345e-06   2.0000000000e-02 
  1.7414163669e+21   1.9325399057e+18   7.3563355399e+61   2.2245872600e-24   5.1871390088e-14   7.1582654518e-06   2.0000000000e-02 
  1.7433489068e+21   1.9325399057e+18   7.3726810856e+61   2.2245872600e-24   5.1871390088e-14   6.4761150155e-06   2.0000000000e-02 
  1.7452814467e+21   1.9325399057e+18   7.3890447707e+61   2.2245872600e-24   5.1871390088e-14   5.9910322802e-06   2.0000000000e-02 
  1.7472139866e+21   1.9325399057e+18   7.4054265954e+61   2.2245872600e-24   5.1871390089e-14   5.7859818473e-06   2.0000000000e-02 
  1.7491465265e+21   1.9325399057e+18   7.4218265595e+61   2.2245872600e-24   5.1871390089e-14   5.6596007273e-06   2.0000000000e-02 
  1.7510790664e+21   1.9325399057e+18   7.4382446632e+61   2.2245872600e-24   5.1871390089e-14   5.6385903204e-06   2.0000000000e-02 
  1.7530116064e+21   1.9325399057e+18   7.4546809063e+61   2.2245872600e-24   5.1871390089e-14   5.8179856131e-06   2.0000000000e-02 
  1.7549441463e+21   1.9325399057e+18   7.4711352889e+61   2.2245872600e-24   5.1871390088e-14   6.2466352979e-06   2.0000000000e-02 
  1.7568766862e+21   1.9325399057e+18   7.4876078111e+61   2.2245872600e-24   5.1871390088e-14   6.6549736292e-06   2.0000000000e-02 
  1.7588092261e+21   1.9325399057e+18   7.5040984727e+61   2.2245872600e-24   5.1871390088e-14   6.9508188428e-06   2.0000000000e-02 
  1.7607417660e+21   1.9325399057e+18   7.5206072738e+61   2.2245872600e-24   5.1871390088e-14   7.0210515995e-06   2.0000000000e-02 
  1.7626743059e+21   1.9325399057e+18   7.5371342145e+61   2.2245872600e-24   5.1871390088e-14   6.7740392500e-06   2.0000000000e-02 
  1.7646068458e+21   1.9325399057e+18   7.5536792946e+61   2.2245872600e-24   5.1871390088e-14   6.3451994020e-06   2.0000000000e-02 
  1.7665393857e+21   1.9325399057e+18   7.5702425142e+61   2.2245872600e-24   5.1871390088e-14   5.9089526721e-06   2.0000000000e-02 
  1.7684719256e+21   1.9325399057e+18   7.5868238733e+61   2.2245872600e-24   5.1871390088e-14   5.7697627080e-06   2.0000000000e-02 
  1.7704044655e+21   1.9325399057e+18   7.6034233720e+61   2.2245872600e-24   5.1871390088e-14   5.7432754457e-06   2.0000000000e-02 
  1.7723370054e+21   1.9325399057e+18   7.6200410101e+61   2.2245872600e-24   5.1871390088e-14   5.7019436429e-06   2.0000000000e-02 
  1.7742695453e+21   1.9325399057e+18   7.6366767877e+61   2.2245872600e-24   5.1871390088e-14   5.7190108563e-06   2.0000000000e-02 
  1.7762020852e+21   1.9325399057e+18   7.6533307048e+61   2.2245872600e-24   5.1871390088e-14   5.7250027787e-06   2.0000000000e-02 
  1.7781346251e+21   1.9325399057e+18   7.6700027614e+61   2.2245872600e-24   5.1871390088e-14   5.9002151330e-06   2.0000000000e-02 
  1.7800671650e+21   1.9325399057e+18   7.6866929575e+61   2.2245872600e-24   5.1871390088e-14   6.1548983099e-06   2.0000000000e-02 
  1.7819997049e+21   1.9325399057e+18   7.7034012932e+61   2.2245872600e-24   5.1871390088e-14   6.4806938776e-06   2.0000000000e-02 
  1.7839322448e+21   1.9325399057e+18   7.7201277683e+61   2.2245872600e-24   5.1871390088e-14   6.9118150363e-06   2.0000000000e-02 
  1.7858647848e+21   1.9325399057e+18   7.7368723829e+61   2.2245872600e-24   5.1871390088e-14   7.3806553476e-06   2.0000000000e-02 
  1.7877973247e+21   1.9325399057e+18   7.7536351370e+61   2.2245872600e-24   5.1871390089e-14   7.7896549976e-06   2.0000000000e-02 
  1.7897298646e+21   1.9325399057e+18   7.7704160306e+61   2.2245872600e-24   5.1871390089e-14   8.4164659174e-06   2.0000000000e-02 
  1.7916624045e+21   1.9325399057e+18   7.7872150637e+61   2.2245872600e-24   5.1871390089e-14   8.6761103954e-06   2.0000000000e-02 
  1.7935949444e+21   1.9325399057e+18   7.8040322363e+61   2.2245872600e-24   5.1871390089e-14   8.7069832321e-06   2.0000000000e-02 
  1.7955274843e+21   1.9325399057e+18   7.8208675484e+61   2.2245872600e-24   5.1871390089e-14   8.5536970563e-06   2.0000000000e-02 
  1.7974600242e+21   1.9325399057e+18   7.8377210000e+61   2.2245872600e-24   5.1871390089e-14   8.1213597467e-06   2.0000000000e-02 
  1.7993925641e+21   1.9325399057e+18   7.8545925911e+61   2.2245872600e-24   5.1871390089e-14   7.4946884932e-06   2.0000000000e-02 
  1.8013251040e+21   1.9325399057e+18   7.8714823217e+61   2.2245872600e-24   5.1871390089e-14   6.8399579873e-06   2.0000000000e-02 
  1.8032576439e+21   1.9325399057e+18   7.8883901918e+61   2.2245872600e-24   5.1871390089e-14   6.2949146800e-06   2.0000000000e-02 
  1.8051901838e+21   1.9325399057e+18   7.9053162014e+61   2.2245872600e-24   5.1871390089e-14   5.8171272452e-06   2.0000000000e-02 
  1.8071227237e+21   1.9325399057e+18   7.9222603505e+61   2.2245872600e-24   5.1871390089e-14   5.2452883344e-06   2.0000000000e-02 
  1.8090552636e+21   1.9325399057e+18   7.9392226391e+61   2.2245872600e-24   5.1871390089e-14   4.7118492730e-06   2.0000000000e-02 
  1.8109878035e+21   1.9325399057e+18   7.9562030672e+61   2.2245872600e-24   5.1871390089e-14   4.4406283940e-06   2.0000000000e-02 
  1.8129203434e+21   1.9325399057e+18   7.9732016347e+61   2.2245872600e-24   5.1871390089e-14   4.3916463852e-06   2.0000000000e-02 
  1.8148528833e+21   1.9325399057e+18   7.9902183418e+61   2.2245872600e-24   5.1871390089e-14   4.2972084387e-06   2.0000000000e-02 
  1.8167854232e+21   1.9325399057e+18   8.0072531884e+61   2.2245872600e-24   5.1871390088e-14   2.9166810970e-06   2.0000000000e-02 
  1.8187179631e+21   1.9325399057e+18   8.0243061745e+61   2.2245872600e-24   5.1871390088e-14   3.0459355268e-08   2.0000000000e-02 
  1.8206505031e+21   1.9325399057e+18   8.0413773001e+61   2.2245872600e-24   5.1871390087e-14  -2.3497509831e-06   2.0000000000e-02 
  1.8225830430e+21   1.9325399057e+18   8.0584665651e+61   2.2245872600e-24   5.1871390087e-14  -3.1557581208e-06   2.0000000000e-02 
  1.8245155829e+21   1.9325399057e+18   8.0755739697e+61   2.2245872600e-24   5.1871390087e-14  -3.4817949594e-06   2.0000000000e-02 
  1.8264481228e+21   1.9325399057e+18   8.0926995138e+61   2.2245872600e-24   5.1871390087e-14  -3.6737778389e-06   2.0000000000e-02 
  1.8283806627e+21   1.9325399057e+18   8.1098431974e+61   2.2245872600e-24   5.1871390087e-14  -3.7270496090e-06   2.0000000000e-02 
  1.8303132026e+21   1.9325399057e+18   8.1270050204e+61   2.2245872600e-24   5.1871390087e-14  -3.5604468499e-06   2.0000000000e-02 
  1.8322457425e+21   1.9325399057e+18   8.1441849830e+61   2.2245872600e-24   5.1871390088e-14  -2.9136679133e-06   2.0000000000e-02 
  1.8341782824e+21   1.9325399057e+18   8.1613830851e+61   2.2245872600e-24   5.1871390088e-14  -1.4450355104e-06   2.0000000000e-02 
  1.8361108223e+21   1.9325399057e+18   8.1785993266e+61   2.2245872600e-24   5.1871390088e-14  -4.6435962910e-07   2.0000000000e-02 
  1.8380433622e+21   1.9325399057e+18   8.1958337077e+61   2.2245872600e-24   5.1871390088e-14  -1.7452674824e-07   2.0000000000e-02 
  1.8399759021e+21   1.9325399057e+18   8.2130862283e+61   2.2245872600e-24   5.1871390088e-14  -1.2341069438e-07   2.0000000000e-02 
  1.8419084420e+21   1.9325399057e+18   8.2303568883e+61   2.2245872600e-24   5.1871390088e-14  -1.3779838909e-07   2.0000000000e-02 
  1.8438409819e+21   1.9325399057e+18   8.2476456879e+61   2.2245872600e-24   5.1871390088e-14  -2.0028376378e-07   2.0000000000e-02 
  1.8457735218e+21   1.9325399057e+18   8.2649526269e+61   2.2245872600e-24   5.1871390088e-14  -2.9434131264e-07   2.0000000000e-02 
  1.8477060617e+21   1.9325399057e+18   8.2822777055e+61   2.2245872600e-24   5.1871390088e-14  -3.4633459305e-07   2.0000000000e-02 
  1.8496386016e+21   1.9325399057e+18   8.2996209236e+61   2.2245872600e-24   5.1871390088e-14  -3.4681427966e-07   2.0000000000e-02 
  1.8515711415e+21   1.9325399057e+18   8.3169822811e+61   2.2245872600e-24   5.1871390088e-14  -2.5166372105e-07   2.0000000000e-02 
  1.8535036815e+21   1.9325399057e+18   8.3343617782e+61   2.2245872600e-24   5.1871390088e-14  -1.5660007027e-07   2.0000000000e-02 
  1.8554362214e+21   1.9325399057e+18   8.3517594147e+61   2.2245872600e-24   5.1871390088e-14  -1.1228734969e-07   2.0000000000e-02 
  1.8573687613e+21   1.9325399057e+18   8.3691751907e+61   2.2245872600e-24   5.1871390088e-14  -7.9880999613e-08   2.0000000000e-02 
  1.8593013012e+21   1.9325399057e+18   8.3866091063e+61   2.2245872600e-24   5.1871390088e-14  -5.0501723719e-08   2.0000000000e-02 
  1.8612338411e+21   1.9325399057e+18   8.4040611613e+61   2.2245872600e-24   5.1871390088e-14  -4.1965488041e-09   2.0000000000e-02 
  1.8631663810e+21   1.9325399057e+18   8.4215313559e+61   2.2245872600e-24   5.1871390088e-14   4.6214354378e-08   2.0000000000e-02 
  1.8650989209e+21   1.9325399057e+18   8.4390196899e+61   2.2245872600e-24   5.1871390088e-14   6.9835817143e-08   2.0000000000e-02 
  1.8670314608e+21   1.9325399057e+18   8.4565261635e+61   2.2245872600e-24   5.1871390088e-14   6.5306180132e-08   2.0000000000e-02 
  1.8689640007e+21   1.9325399057e+18   8.4740507765e+61   2.2245872600e-24   5.1871390088e-14   6.7693135314e-08   2.0000000000e-02 
  1.8708965406e+21   1.9325399057e+18   8.4915935290e+61   2.2245872600e-24   5.1871390088e-14   7.4703611872e-08   2.0000000000e-02 
  1.8728290805e+21   1.9325399057e+18   8.5091544211e+61   2.2245872600e-24   5.1871390088e-14   1.1387128199e-07   2.0000000000e-02 
  1.8747616204e+21   1.9325399057e+18   8.5267334526e+61   2.2245872600e-24   5.1871390088e-14   1.9597893129e-07   2.0000000000e-02 
  1.8766941603e+21   1.9325399057e+18   8.5443306236e+61   2.2245872600e-24   5.1871390088e-14   2.9225693481e-07   2.0000000000e-02 
  1.8786267002e+21   1.9325399057e+18   8.5619459342e+61   2.2245872600e-24   5.1871390088e-14   4.2024188136e-07   2.0000000000e-02 
  1.8805592401e+21   1.9325399057e+18   8.5795793842e+61   2.2245872600e-24   5.1871390088e-14   5.4262317206e-07   2.0000000000e-02 
  1.8824917800e+21   1.9325399057e+18   8.5972309737e+61   2.2245872600e-24   5.1871390088e-14   6.0143291516e-07   2.0000000000e-02 
  1.8844243199e+21   1.9325399057e+18   8.6149007027e+61   2.2245872600e-24   5.1871390088e-14   5.9680908975e-07   2.0000000000e-02 
  1.8863568598e+21   1.9325399057e+18   8.6325885712e+61   2.2245872600e-24   5.1871390088e-14   5.4858457238e-07   2.0000000000e-02 
  1.8882893998e+21   1.9325399057e+18   8.6502945793e+61   2.2245872600e-24   5.1871390088e-14   4.4007687916e-07   2.0000000000e-02 
  1.8902219397e+21   1.9325399057e+18   8.6680187268e+61   2.2245872600e-24   5.1871390088e-14   2.4670312827e-07   2.0000000000e-02 
  1.8921544796e+21   1.9325399057e+18   8.6857610138e+61   2.2245872600e-24   5.1871390088e-14   5.9714131393e-08   2.0000000000e-02 
  1.8940870195e+21   1.9325399057e+18   8.7035214403e+61   2.2245872600e-24   5.1871390088e-14  -3.5166938480e-08   2.0000000000e-02 
  1.8960195594e+21   1.9325399057e+18   8.7213000063e+61   2.2245872600e-24   5.1871390088e-14  -5.3438506549e-08   2.0000000000e-02 
  1.8979520993e+21   1.9325399057e+18   8.7390967118e+61   2.2245872600e-24   5.1871390088e-14  -4.4108543970e-08   2.0000000000e-02 
  1.8998846392e+21   1.9325399057e+18   8.7569115569e+61   2.2245872600e-24   5.1871390088e-14   8.6819230751e-09   2.0000000000e-02 
  1.9018171791e+21   1.9325399057e+18   8.7747445414e+61   2.2245872600e-24   5.1871390088e-14   1.2484908349e-07   2.0000000000e-02 
  1.9037497190e+21   1.9325399057e+18   8.7925956654e+61   2.2245872600e-24   5.1871390088e-14   3.4542591043e-07   2.0000000000e-02 
  1.9056822589e+21   1.9325399057e+18   8.8104649289e+61   2.2245872600e-24   5.1871390088e-14   7.0230358737e-07   2.0000000000e-02 
  1.9076147988e+21   1.9325399057e+18   8.8283523319e+61   2.2245872600e-24   5.1871390088e-14   1.0187024995e-06   2.0000000000e-02 
  1.9095473387e+21   1.9325399057e+18   8.8462578744e+61   2.2245872600e-24   5.1871390088e-14   1.1398339412e-06   2.0000000000e-02 
  1.9114798786e+21   1.9325399057e+18   8.8641815564e+61   2.2245872600e-24   5.1871390088e-14   1.1027891486e-06   2.0000000000e-02 
  1.9134124185e+21   1.9325399057e+18   8.8821233779e+61   2.2245872600e-24   5.1871390088e-14   9.9591210138e-07   2.0000000000e-02 
  1.9153449584e+21   1.9325399057e+18   8.9000833389e+61   2.2245872600e-24   5.1871390088e-14   8.6673894222e-07   2.0000000000e-02 
  1.9172774983e+21   1.9325399057e+18   8.9180614394e+61   2.2245872600e-24   5.1871390088e-14   7.5504767109e-07   2.0000000000e-02 
  1.9192100382e+21   1.9325399057e+18   8.9360576794e+61   2.2245872600e-24   5.1871390088e-14   7.4236597275e-07   2.0000000000e-02 
  1.9211425782e+21   1.9325399057e+18   8.9540720589e+61   2.2245872600e-24   5.1871390088e-14   8.2928171900e-07   2.0000000000e-02 
  1.9230751181e+21   1.9325399057e+18   8.9721045778e+61   2.2245872600e-24   5.1871390088e-14   8.7386067600e-07   2.0000000000e-02 
  1.9250076580e+21   1.9325399057e+18   8.9901552363e+61   2.2245872600e-24   5.1871390088e-14   8.7293186922e-07   2.0000000000e-02 
  1.9269401979e+21   1.9325399057e+18   9.0082240343e+61   2.2245872600e-24   5.1871390088e-14   8.3006558913e-07   2.0000000000e-02 
  1.9288727378e+21   1.9325399057e+18   9.0263109718e+61   2.2245872600e-24   5.1871390088e-14   6.4135413677e-07   2.0000000000e-02 
  1.9308052777e+21   1.9325399057e+18   9.0444160488e+61   2.2245872600e-24   5.1871390088e-14   2.8726831021e-07   2.0000000000e-02 
  1.9327378176e+21   1.9325399057e+18   9.0625392653e+61   2.2245872600e-24   5.1871390088e-14  -5.6249281455e-08   2.0000000000e-02 
  1.9346703575e+21   1.9325399057e+18   9.0806806212e+61   2.2245872600e-24   5.1871390088e-14  -2.3952657746e-07   2.0000000000e-02 
  1.9366028974e+21   1.9325399057e+18   9.0988401167e+61   2.2245872600e-24   5.1871390088e-14  -2.7528399130e-07   2.0000000000e-02 
  1.9385354373e+21   1.9325399057e+18   9.1170177517e+61   2.2245872600e-24   5.1871390088e-14  -2.6973411408e-07   2.0000000000e-02 
  1.9404679772e+21   1.9325399057e+18   9.1352135262e+61   2.2245872600e-24   5.1871390088e-14  -2.7117883345e-07   2.0000000000e-02 
  1.9424005171e+21   1.9325399057e+18   9.1534274401e+61   2.2245872600e-24   5.1871390088e-14  -2.7354831779e-07   2.0000000000e-02 
  1.9443330570e+21   1.9325399057e+18   9.1716594936e+61   2.2245872600e-24   5.1871390088e-14  -2.5154260609e-07   2.0000000000e-02 
  1.9462655969e+21   1.9325399057e+18   9.1899096866e+61   2.2245872600e-24   5.1871390088e-14  -2.1232058005e-07   2.0000000000e-02 
  1.9481981368e+21   1.9325399057e+18   9.2081780190e+61   2.2245872600e-24   5.1871390088e-14  -1.6595901477e-07   2.0000000000e-02 
  1.9501306767e+21   1.9325399057e+18   9.2264644910e+61   2.2245872600e-24   5.1871390088e-14  -1.0799453043e-07   2.0000000000e-02 
  1.9520632166e+21   1.9325399057e+18   9.2447691025e+61   2.2245872600e-24   5.1871390088e-14  -7.4221035217e-08   2.0000000000e-02 
  1.9539957565e+21   1.9325399057e+18   9.2630918534e+61   2.2245872600e-24   5.1871390088e-14  -8.7527021484e-08   2.0000000000e-02 
  1.9559282965e+21   1.9325399057e+18   9.2814327439e+61   2.2245872600e-24   5.1871390088e-14  -1.2477594513e-07   2.0000000000e-02 
  1.9578608364e+21   1.9325399057e+18   9.2997917739e+61   2.2245872600e-24   5.1871390088e-14  -1.6194515092e-07   2.0000000000e-02 
  1.9597933763e+21   1.9325399057e+18   9.3181689433e+61   2.2245872600e-24   5.1871390088e-14  -1.9882522952e-07   2.0000000000e-02 
  1.9617259162e+21   1.9325399057e+18   9.3365642523e+61   2.2245872600e-24   5.1871390088e-14  -2.2411654626e-07   2.0000000000e-02 
  1.9636584561e+21   1.9325399057e+18   9.3549777007e+61   2.2245872600e-24   5.1871390088e-14  -2.1293117029e-07   2.0000000000e-02 
  1.9655909960e+21   1.9325399057e+18   9.3734092887e+61   2.2245872600e-24   5.1871390088e-14  -1.9677756987e-07   2.0000000000e-02 
  1.9675235359e+21   1.9325399057e+18   9.3918590161e+61   2.2245872600e-24   5.1871390088e-14  -2.2559716413e-07   2.0000000000e-02 
  1.9694560758e+21   1.9325399057e+18   9.4103268831e+61   2.2245872600e-24   5.1871390088e-14  -2.5397680387e-07   2.0000000000e-02 
  1.9713886157e+21   1.9325399057e+18   9.4288128895e+61   2.2245872600e-24   5.1871390088e-14  -2.3800134811e-07   2.0000000000e-02 
  1.9733211556e+21   1.9325399057e+18   9.4473170355e+61   2.2245872600e-24   5.1871390088e-14  -2.0405959055e-07   2.0000000000e-02 
  1.9752536955e+21   1.9325399057e+18   9.4658393209e+61   2.2245872600e-24   5.1871390088e-14  -1.4764588093e-07   2.0000000000e-02 
  1.9771862354e+21   1.9325399057e+18   9.4843797459e+61   2.2245872600e-24   5.1871390088e-14  -6.1160227076e-08   2.0000000000e-02 
  1.9791187753e+21   1.9325399057e+18   9.5029383103e+61   2.2245872600e-24   5.1871390088e-14   0.0000000000e+00   2.0000000000e-02 
