# time = 3.601221e+15 [s] 
# r                  dr                 dV                 Density            Pressure           Velocity           Z
  2.1304517832e+18   2.1304517832e+18   4.0504543150e+55   3.5287612855e-31   2.8416097307e-14   0.0000000000e+00   9.9248591688e-02 
  2.6711221430e+18   5.4067035980e+17   3.9326141142e+55   3.5287612855e-31   2.8416097307e-14  -6.6144911770e+03   9.9248591688e-02 
  3.6020722475e+18   9.3095010447e+17   1.1593919237e+56   3.5289577300e-31   2.8415976395e-14  -1.2823979916e+04   9.9248591688e-02 
  4.6004840747e+18   9.9841182725e+17   2.1207893786e+56   3.5296131271e-31   2.8416015628e-14  -2.1312037305e+04   9.9248591688e-02 
  5.0869924815e+18   4.8650840677e+17   1.4355770487e+56   3.5305221048e-31   2.8416036780e-14  -2.6812324983e+04   9.9248591688e-02 
  5.5150521752e+18   4.2805969368e+17   1.5124094862e+56   3.5316588420e-31   2.8416039980e-14  -3.0015845778e+04   9.9248591688e-02 
  6.2464976826e+18   7.3144550747e+17   3.1828815777e+56   3.5340125868e-31   2.8416043893e-14  -3.3930210728e+04   9.9248591688e-02 
  6.9211210623e+18   6.7462337970e+17   3.6779478820e+56   3.5376105190e-31   2.8416048990e-14  -3.8566434480e+04   9.9248591688e-02 
  7.8190686990e+18   8.9794763670e+17   6.1368276986e+56   3.5426422435e-31   2.8416053447e-14  -4.3628292979e+04   9.9248591688e-02 
  8.6979686183e+18   8.7889991925e+17   7.5398603764e+56   3.5493055393e-31   2.8416058411e-14  -4.9261207640e+04   9.9248591688e-02 
  9.7919388278e+18   1.0939702095e+18   1.1763357883e+57   3.5579559258e-31   2.8416063452e-14  -5.5445950414e+04   9.9248591688e-02 
  1.0930449982e+19   1.1385111547e+18   1.5374590439e+57   3.5690557282e-31   2.8416068481e-14  -6.2400042822e+04   9.9248591688e-02 
  1.2272456636e+19   1.3420066537e+18   2.2723400679e+57   3.5829949586e-31   2.8416073326e-14  -7.0074821159e+04   9.9248591688e-02 
  1.3715816653e+19   1.4433600171e+18   3.0656720983e+57   3.6004195717e-31   2.8416076935e-14  -7.8636199729e+04   9.9248591688e-02 
  1.5364988235e+19   1.6491715818e+18   4.3862550147e+57   3.6218644559e-31   2.8416076601e-14  -8.8099717326e+04   9.9248591688e-02 
  1.7222816115e+19   1.8578278803e+18   6.2049144643e+57   3.6485580730e-31   2.8416083523e-14  -9.8778150758e+04   9.9248591688e-02 
  1.9295490914e+19   2.0726747986e+18   8.6929744320e+57   3.6811435195e-31   2.8416095272e-14  -1.1074679799e+05   9.9248591688e-02 
  2.1632802033e+19   2.3373111188e+18   1.2313613564e+58   3.7206928997e-31   2.8416109221e-14  -1.2421296435e+05   9.9248591688e-02 
  2.4169718292e+19   2.5369162593e+18   1.6737039691e+58   3.7676704980e-31   2.8416121700e-14  -1.3907424864e+05   9.9248591688e-02 
  2.7050150716e+19   2.8804324233e+18   2.3765232992e+58   3.8236254437e-31   2.8416134790e-14  -1.5561356894e+05   9.9248591688e-02 
  3.0150419350e+19   3.1002686343e+18   3.1898845970e+58   3.8895395743e-31   2.8416147666e-14  -1.7389976307e+05   9.9248591688e-02 
  3.3742382271e+19   3.5919629209e+18   4.6115070177e+58   3.9682255636e-31   2.8416156648e-14  -1.9438478419e+05   9.9248591688e-02 
  3.7563553789e+19   3.8211715185e+18   6.1096073540e+58   4.0608338523e-31   2.8416164139e-14  -2.1704064633e+05   9.9248591688e-02 
  4.1889965149e+19   4.3264113601e+18   8.5888096233e+58   4.1690823697e-31   2.8416176135e-14  -2.4186111833e+05   9.9248591688e-02 
  4.6495233265e+19   4.6052681159e+18   1.1312451135e+59   4.2949405961e-31   2.8416195712e-14  -2.6894164212e+05   9.9248591688e-02 
  5.1744273829e+19   5.2490405636e+18   1.5929980366e+59   4.4423069632e-31   2.8416230190e-14  -2.9862698717e+05   9.9248591688e-02 
  5.6930078673e+19   5.1858048444e+18   1.9255272997e+59   4.6073394828e-31   2.8416285188e-14  -3.2984380492e+05   9.9248591688e-02 
  6.4744237185e+19   7.8141585114e+18   3.6393731058e+59   4.8257516863e-31   2.8416344648e-14  -3.6865768247e+05   9.9248591688e-02 
  7.6297008263e+19   1.1552771078e+19   7.2359990565e+59   5.1663552465e-31   2.8416415851e-14  -4.2631622153e+05   9.9248591688e-02 
  8.0726579398e+19   4.4295711351e+18   3.4320731107e+59   5.4580989635e-31   2.8416386360e-14  -4.7389411083e+05   9.9248591688e-02 
  8.4682499150e+19   3.9559197528e+18   3.4009388585e+59   5.6269736389e-31   2.8416424419e-14  -4.9901151375e+05   9.9248591688e-02 
  8.8818317314e+19   4.1358181634e+18   3.9119798189e+59   5.8084455721e-31   2.8416446057e-14  -5.2324905430e+05   9.9248591688e-02 
  9.3230731256e+19   4.4124139418e+18   4.5950261011e+59   6.0206885197e-31   2.8416463817e-14  -5.4890326309e+05   9.9248591688e-02 
  9.7336531173e+19   4.1057999175e+18   4.6850198841e+59   6.2536458373e-31   2.8416497852e-14  -5.7451371445e+05   9.9248591688e-02 
  1.0255253279e+20   5.2160016175e+18   6.5488376036e+59   6.5364576706e-31   2.8416579256e-14  -6.0234398702e+05   9.9248591688e-02 
  1.0767817424e+20   5.1256414538e+18   7.1183025443e+59   6.8769373727e-31   2.8416742664e-14  -6.3294418140e+05   9.9248591688e-02 
  1.1262152485e+20   4.9433506081e+18   7.5382750606e+59   7.2369909437e-31   2.8416929094e-14  -6.6264032826e+05   9.9248591688e-02 
  1.1737128341e+20   4.7497585618e+18   7.8942641886e+59   7.6147645903e-31   2.8417226837e-14  -6.9161209156e+05   9.9248591688e-02 
  1.2319207801e+20   5.8207945989e+18   1.0584634397e+60   8.0666692012e-31   2.8417625885e-14  -7.2323197422e+05   9.9248591688e-02 
  1.2907283501e+20   5.8807569985e+18   1.1759137542e+60   8.6088613597e-31   2.8418202689e-14  -7.5817399901e+05   9.9248591688e-02 
  1.3473638830e+20   5.6635532882e+18   1.2384701116e+60   9.1895417712e-31   2.8418914499e-14  -7.9239084603e+05   9.9248591688e-02 
  1.4039881238e+20   5.6624240825e+18   1.3468086337e+60   9.8100075846e-31   2.8419717169e-14  -8.2599781591e+05   9.9248591688e-02 
  1.4707495813e+20   6.6761457435e+18   1.7336052009e+60   1.0547368857e-30   2.8420858821e-14  -8.6338130237e+05   9.9248591688e-02 
  1.5379817107e+20   6.7232129421e+18   1.9123431497e+60   1.1414104992e-30   2.8422388043e-14  -9.0405845635e+05   9.9248591688e-02 
  1.6025174946e+20   6.4535783964e+18   1.9999031570e+60   1.2339458949e-30   2.8424158193e-14  -9.4404167750e+05   9.9248591688e-02 
  1.6718605453e+20   6.9343050605e+18   2.3360136403e+60   1.3364805157e-30   2.8426404152e-14  -9.8490571669e+05   9.9248591688e-02 
  1.7507135045e+20   7.8852959208e+18   2.9023541826e+60   1.4599024282e-30   2.8429413456e-14  -1.0305054629e+06   9.9248591688e-02 
  1.8278768353e+20   7.7163330888e+18   3.1049321304e+60   1.6006428512e-30   2.8433333635e-14  -1.0791000641e+06   9.9248591688e-02 
  1.8960940620e+20   6.8217226664e+18   2.9723850202e+60   1.7435937669e-30   2.8437714089e-14  -1.1247612366e+06   9.9248591688e-02 
  1.9853289253e+20   8.9234863250e+18   4.2241846222e+60   1.9145499246e-30   2.8443371401e-14  -1.1743594772e+06   9.9248591688e-02 
  2.0935523497e+20   1.0822342446e+19   5.6578987724e+60   2.1468985864e-30   2.8452120892e-14  -1.2377686936e+06   9.9248591688e-02 
  2.2036628474e+20   1.1011049765e+19   6.3892199987e+60   2.4237652929e-30   2.8464298393e-14  -1.3098945838e+06   9.9248591688e-02 
  2.3054239643e+20   1.0176111693e+19   6.5010372705e+60   2.7146218274e-30   2.8478737840e-14  -1.3821700231e+06   9.9248591688e-02 
  2.4304328793e+20   1.2500891503e+19   8.8102624438e+60   3.0560725119e-30   2.8498321326e-14  -1.4634917093e+06   9.9248591688e-02 
  2.5402784389e+20   1.0984555961e+19   8.5278617493e+60   3.4400583964e-30   2.8522717745e-14  -1.5499841307e+06   9.9248591688e-02 
  2.6998930644e+20   1.5961462549e+19   1.3773612167e+61   3.9205155965e-30   2.8555827814e-14  -1.6443337020e+06   9.9248591688e-02 
  2.8153030123e+20   1.1540994786e+19   1.1030073798e+61   4.4453363163e-30   2.8594257154e-14  -1.7323769064e+06   9.9248591688e-02 
  2.9183017591e+20   1.0299874679e+19   1.0638589048e+61   4.9007262394e-30   2.8627177836e-14  -1.7887226861e+06   9.9248591688e-02 
  3.0265190746e+20   1.0821731557e+19   1.2016338069e+61   5.3513155784e-30   2.8661737072e-14  -1.8325001294e+06   9.9248591688e-02 
  3.1265102734e+20   9.9991198780e+18   1.1893997684e+61   5.7555007143e-30   2.8696299216e-14  -1.8660439044e+06   9.9248591688e-02 
  3.2755094251e+20   1.4899915163e+19   1.9188723635e+61   6.1827786726e-30   2.8738165186e-14  -1.8998288325e+06   9.9248591688e-02 
  3.4291208773e+20   1.5361145221e+19   2.1696971714e+61   6.6611561273e-30   2.8793672108e-14  -1.9354622068e+06   9.9248591688e-02 
  3.5303410040e+20   1.0122012677e+19   1.5402765099e+61   7.0222471288e-30   2.8844634057e-14  -1.9597577030e+06   9.9248591688e-02 
  3.6256613812e+20   9.5320377202e+18   1.5335652652e+61   7.2541188036e-30   2.8886456128e-14  -1.9763226089e+06   9.9248591688e-02 
  3.7804356093e+20   1.5477422806e+19   2.6674146325e+61   7.4933839104e-30   2.8942567161e-14  -1.9998236069e+06   9.9248591688e-02 
  3.9532371456e+20   1.7280153636e+19   3.2474414029e+61   7.7572345405e-30   2.9016697313e-14  -2.0374518835e+06   9.9248591688e-02 
  4.1357148109e+20   1.8247766527e+19   3.7516106955e+61   8.0070643108e-30   2.9105174998e-14  -2.0960555992e+06   9.9248591688e-02 
  4.2382306268e+20   1.0251581584e+19   2.2585135180e+61   8.1805625792e-30   2.9184880828e-14  -2.1575446073e+06   9.9248591688e-02 
  4.3367376135e+20   9.8506986750e+18   2.2756268616e+61   8.2738591289e-30   2.9246693174e-14  -2.2086561921e+06   9.9248591688e-02 
  4.5073187962e+20   1.7058118268e+19   4.1921600306e+61   8.3618777959e-30   2.9332831576e-14  -2.2773358768e+06   9.9248591688e-02 
  4.6991127359e+20   1.9179393971e+19   5.1077570428e+61   8.4557493214e-30   2.9454310507e-14  -2.3683830606e+06   9.9248591688e-02 
  4.8662187890e+20   1.6710605308e+19   4.8038151551e+61   8.5334167079e-30   2.9576188587e-14  -2.4420463061e+06   9.9248591688e-02 
  4.9554954567e+20   8.9276667734e+18   2.7056673089e+61   8.5789397510e-30   2.9663841045e-14  -2.4795684227e+06   9.9248591688e-02 
  5.0444259840e+20   8.8930527335e+18   2.7938646688e+61   8.6026933884e-30   2.9723694226e-14  -2.4993965541e+06   9.9248591688e-02 
  5.2224694640e+20   1.7804347997e+19   5.8965469177e+61   8.6260165088e-30   2.9813829438e-14  -2.5205688581e+06   9.9248591688e-02 
  5.3721517945e+20   1.4968233049e+19   5.2786172869e+61   8.6445865779e-30   2.9925055414e-14  -2.5383292566e+06   9.9248591688e-02 
  5.4693982504e+20   9.7246455891e+18   3.5910219540e+61   8.6501579283e-30   3.0006998388e-14  -2.5458813217e+06   9.9248591688e-02 
  5.5497378465e+20   8.0339596059e+18   3.0646600416e+61   8.6480106691e-30   3.0064647687e-14  -2.5475074785e+06   9.9248591687e-02 
  5.6188211620e+20   6.9083315584e+18   2.7072157663e+61   8.6420747937e-30   3.0112514639e-14  -2.5454639535e+06   9.9248591685e-02 
  5.7903161379e+20   1.7149497586e+19   7.0135774054e+61   8.6197928674e-30   3.0188143628e-14  -2.5369813600e+06   9.9248591674e-02 
  5.9004905950e+20   1.1017445711e+19   4.7307784587e+61   8.5880821456e-30   3.0276257493e-14  -2.5239146100e+06   9.9248591641e-02 
  5.9283457943e+20   2.7855199307e+18   1.2244498306e+61   8.5696876598e-30   3.0319492257e-14  -2.5168634931e+06   9.9248591570e-02 
  5.9513815667e+20   2.3035772428e+18   1.0213301296e+61   8.5574942899e-30   3.0335644393e-14  -2.5142786158e+06   9.9248590832e-02 
  6.0335548156e+20   8.2173248823e+18   3.7081611700e+61   8.5208702230e-30   3.0369472701e-14  -2.5089911887e+06   9.9248588477e-02 
  6.1100921762e+20   7.6537360614e+18   3.5459072605e+61   8.4624187812e-30   3.0421424236e-14  -2.5011196012e+06   9.9248578344e-02 
  6.1925161174e+20   8.2423941239e+18   3.9192605944e+61   8.3984760828e-30   3.0474349933e-14  -2.4937663514e+06   9.9248538819e-02 
  6.3636733626e+20   1.7115724522e+19   8.4778900620e+61   8.2902796842e-30   3.0562345443e-14  -2.4821212165e+06   9.9248426891e-02 
  6.5059517972e+20   1.4227843455e+19   7.4035231631e+61   8.1504804121e-30   3.0671521604e-14  -2.4654571705e+06   9.9248193296e-02 
  6.6407274925e+20   1.3477569535e+19   7.3182763490e+61   8.0192075997e-30   3.0762736334e-14  -2.4550078397e+06   9.9247887273e-02 
  6.8149298911e+20   1.7420239854e+19   9.9091888885e+61   7.8619480419e-30   3.0859338863e-14  -2.4412197340e+06   9.9247036974e-02 
  6.9751576245e+20   1.6022773341e+19   9.5728477036e+61   7.6793864459e-30   3.0956528783e-14  -2.4253213990e+06   9.9244784394e-02 
  7.1298187863e+20   1.5466116176e+19   9.6670346239e+61   7.4927733709e-30   3.1040176928e-14  -2.4067668833e+06   9.9238758678e-02 
  7.2793411123e+20   1.4952232609e+19   9.7532381073e+61   7.2899823727e-30   3.1115482239e-14  -2.3845280405e+06   9.9220031667e-02 
  7.4467580848e+20   1.6741697247e+19   1.1406266387e+62   7.0574088945e-30   3.1189845732e-14  -2.3558356325e+06   9.9143959123e-02 
  7.5862297579e+20   1.3947167305e+19   9.9023655929e+61   6.8042801931e-30   3.1258289367e-14  -2.3224824702e+06   9.8877985207e-02 
  7.6655579527e+20   7.9328194871e+18   5.7972611474e+61   6.6124232048e-30   3.1304309827e-14  -2.2949188047e+06   9.8441330585e-02 
  7.7335561465e+20   6.7998193729e+18   5.0657242514e+61   6.4500734745e-30   3.1333922887e-14  -2.2737841508e+06   9.7594446425e-02 
  7.8243545675e+20   9.0798421006e+18   6.9045542958e+61   6.2550959411e-30   3.1365306329e-14  -2.2493042605e+06   9.6985127636e-02 
  7.8605497460e+20   3.6195178547e+18   2.7974679146e+61   6.0837222108e-30   3.1390192947e-14  -2.2295128560e+06   9.6709067144e-02 
  7.8771875236e+20   1.6637777631e+18   1.2945830950e+61   6.0030316122e-30   3.1400440826e-14  -2.2212009342e+06   9.6619899602e-02 
  7.9032093475e+20   2.6021823866e+18   2.0357471806e+61   5.9437972011e-30   3.1408672073e-14  -2.2144263506e+06   9.6589617322e-02 
  7.9686402419e+20   6.5430894359e+18   5.1783364938e+61   5.8506885900e-30   3.1426269352e-14  -2.1997875302e+06   9.6584190092e-02 
  8.0208561490e+20   5.2215907122e+18   4.1939554640e+61   5.7484169466e-30   3.1448864365e-14  -2.1805923153e+06   9.6581994002e-02 
  8.0582083291e+20   3.7352180079e+18   3.0338084885e+61   5.6811297451e-30   3.1466207625e-14  -2.1655123742e+06   9.6581715006e-02 
  8.0927301504e+20   3.4521821379e+18   2.8290443834e+61   5.6431453316e-30   3.1480533993e-14  -2.1514441660e+06   9.6581674086e-02 
  8.1300703379e+20   3.7340187459e+18   3.0872996798e+61   5.6150792199e-30   3.1494166018e-14  -2.1390209224e+06   9.6581671555e-02 
  8.1639948312e+20   3.3924493277e+18   2.8295851499e+61   5.6019282301e-30   3.1507402557e-14  -2.1273277619e+06   9.6581671427e-02 
  8.2923718942e+20   1.2837706299e+19   1.0922298265e+62   5.5886639102e-30   3.1537410077e-14  -2.0994815178e+06   9.6581671421e-02 
  8.4155251787e+20   1.2315328452e+19   1.0800585998e+62   5.5797723252e-30   3.1583456457e-14  -2.0568669683e+06   9.6581671417e-02 
  8.4603872737e+20   4.4862095031e+18   4.0138854491e+61   5.5772782954e-30   3.1613717942e-14  -2.0282925591e+06   9.6581671415e-02 
  8.4907432889e+20   3.0356015188e+18   2.7402641960e+61   5.5773057543e-30   3.1627089634e-14  -2.0157943123e+06   9.6581671414e-02 
  8.5198588468e+20   2.9115557901e+18   2.6467613670e+61   5.5783584596e-30   3.1637608873e-14  -2.0061553602e+06   9.6581671408e-02 
  8.5502540877e+20   3.0395240850e+18   2.7824585890e+61   5.5811320007e-30   3.1647902362e-14  -1.9968373070e+06   9.6581671362e-02 
  8.6606440750e+20   1.1038998733e+19   1.0272888665e+62   5.5920929003e-30   3.1671748901e-14  -1.9753653837e+06   9.6581671197e-02 
  8.7328177143e+20   7.2173639281e+18   6.8596668628e+61   5.6090334638e-30   3.1702333189e-14  -1.9481321099e+06   9.6581670461e-02 
  8.7630156250e+20   3.0197910701e+18   2.9039990278e+61   5.6216241701e-30   3.1719815916e-14  -1.9329300221e+06   9.6581668579e-02 
  8.8017935304e+20   3.8777905443e+18   3.7585626742e+61   5.6336179921e-30   3.1730913471e-14  -1.9224367520e+06   9.6581649311e-02 
  8.8706478641e+20   6.8854333651e+18   6.7557948043e+61   5.6498005533e-30   3.1748546354e-14  -1.9060599305e+06   9.6581586782e-02 
  8.9404383118e+20   6.9790447750e+18   6.9555085657e+61   5.6660808408e-30   3.1770754843e-14  -1.8845348066e+06   9.6581089426e-02 
  9.0346817423e+20   9.4243430484e+18   9.5664000341e+61   5.6797054804e-30   3.1795969166e-14  -1.8581669249e+06   9.6579726215e-02 
  9.1365444750e+20   1.0186273267e+19   1.0566671706e+62   5.6915782713e-30   3.1824619928e-14  -1.8242966346e+06   9.6577258137e-02 
  9.2366479964e+20   1.0010352142e+19   1.0616290023e+62   5.6998608204e-30   3.1851879398e-14  -1.7861290124e+06   9.6576094883e-02 
  9.3946256329e+20   1.5797763651e+19   1.7228242695e+62   5.7055771487e-30   3.1883730024e-14  -1.7335513994e+06   9.6570937080e-02 
  9.5366895111e+20   1.4206387815e+19   1.5995700397e+62   5.7081827362e-30   3.1918982851e-14  -1.6715171742e+06   9.6557219207e-02 
  9.6651459783e+20   1.2845646721e+19   1.4879824689e+62   5.7073626610e-30   3.1951992506e-14  -1.6170493670e+06   9.6527698982e-02 
  9.7911038003e+20   1.2595782207e+19   1.4979570069e+62   5.7032322646e-30   3.1985191490e-14  -1.5711632000e+06   9.6449357382e-02 
  9.9540609367e+20   1.6295713634e+19   1.9959728978e+62   5.6930871488e-30   3.2023990388e-14  -1.5200835665e+06   9.6145933802e-02 
  1.0075353449e+21   1.2129251222e+19   1.5287120050e+62   5.6766443800e-30   3.2060866751e-14  -1.4670820294e+06   9.5127447824e-02 
  1.0170029430e+21   9.4675980613e+18   1.2191154624e+62   5.6566585921e-30   3.2085540315e-14  -1.4218835658e+06   9.1855534226e-02 
  1.0220689155e+21   5.0659725247e+18   6.6172669971e+61   5.6370006468e-30   3.2100618908e-14  -1.3893841052e+06   8.8062870214e-02 
  1.0290403005e+21   6.9713850443e+18   9.2139995646e+61   5.6090717025e-30   3.2112979447e-14  -1.3612574985e+06   8.1666752461e-02 
  1.0318350799e+21   2.7947793361e+18   3.7290750565e+61   5.5813111039e-30   3.2123063285e-14  -1.3384098009e+06   7.6442293783e-02 
  1.0347930917e+21   2.9580118746e+18   3.9689421870e+61   5.5547619383e-30   3.2128979317e-14  -1.3245110367e+06   7.3826949203e-02 
  1.0403849438e+21   5.5918520230e+18   7.5651460722e+61   5.5026708993e-30   3.2137832485e-14  -1.3032782685e+06   7.3519351669e-02 
  1.0443878417e+21   4.0028979303e+18   5.4656570882e+61   5.4438174633e-30   3.2146272048e-14  -1.2821181515e+06   7.3367304086e-02 
  1.0479714705e+21   3.5836287911e+18   4.9288527845e+61   5.4031796472e-30   3.2152397364e-14  -1.2657251530e+06   7.3319681121e-02 
  1.0527865455e+21   4.8150750471e+18   6.6758374325e+61   5.3685757638e-30   3.2160101679e-14  -1.2454700425e+06   7.3314186543e-02 
  1.0580368376e+21   5.2502920335e+18   7.3491654034e+61   5.3362159130e-30   3.2168921221e-14  -1.2221786174e+06   7.3313106904e-02 
  1.0629855386e+21   4.9487010892e+18   6.9941087955e+61   5.3113130435e-30   3.2178074689e-14  -1.1998639715e+06   7.3313017123e-02 
  1.0736685045e+21   1.0682965888e+19   1.5321939783e+62   5.2841867070e-30   3.2193435206e-14  -1.1674839620e+06   7.3313012855e-02 
  1.0821838051e+21   8.5153005239e+18   1.2433406188e+62   5.2580415065e-30   3.2212983591e-14  -1.1310979595e+06   7.3313011876e-02 
  1.0878250520e+21   5.6412469721e+18   8.3454349708e+61   5.2440084512e-30   3.2227217873e-14  -1.1076660534e+06   7.3313011758e-02 
  1.1012024349e+21   1.3377382833e+19   2.0138580931e+62   5.2338049534e-30   3.2247329076e-14  -1.0749133696e+06   7.3313011676e-02 
  1.1121613608e+21   1.0958925954e+19   1.6866579506e+62   5.2254065013e-30   3.2271012588e-14  -1.0289020478e+06   7.3313011376e-02 
  1.1260995400e+21   1.3938179188e+19   2.1937288484e+62   5.2205875152e-30   3.2289415711e-14  -9.7349005656e+05   7.3313009743e-02 
  1.1359467711e+21   9.8472311436e+18   1.5829592405e+62   5.2181718079e-30   3.2303108766e-14  -9.1749928065e+05   7.3313002057e-02 
  1.1453386645e+21   9.3918933433e+18   1.5355527282e+62   5.2178646866e-30   3.2315337152e-14  -8.7313326305e+05   7.3312946140e-02 
  1.1628392391e+21   1.7500574604e+19   2.9292002415e+62   5.2196183687e-30   3.2334023633e-14  -8.1816556869e+05   7.3312817102e-02 
  1.1746566438e+21   1.1817404681e+19   2.0285111065e+62   5.2230927556e-30   3.2353676573e-14  -7.5640958514e+05   7.3312569768e-02 
  1.1860503692e+21   1.1393725378e+19   1.9948175146e+62   5.2272885454e-30   3.2363002796e-14  -6.9815127847e+05   7.3311648328e-02 
  1.1957762806e+21   9.7259114939e+18   1.7334163956e+62   5.2329904934e-30   3.2368272147e-14  -6.4249947441e+05   7.3306591401e-02 
  1.2037825789e+21   8.0062982899e+18   1.4482584315e+62   5.2405646898e-30   3.2375274599e-14  -6.0028656151e+05   7.3287315023e-02 
  1.2212524689e+21   1.7469889951e+19   3.2276288891e+62   5.2571096345e-30   3.2387373227e-14  -5.4695898762e+05   7.3237610040e-02 
  1.2328829494e+21   1.1630480515e+19   2.2006340507e+62   5.2790415600e-30   3.2398165448e-14  -4.8072527361e+05   7.3134671266e-02 
  1.2382867548e+21   5.4038053915e+18   1.0367055111e+62   5.2940526763e-30   3.2396371165e-14  -4.3470584727e+05   7.2987990616e-02 
  1.2445042656e+21   6.2175107896e+18   1.2040587001e+62   5.3089077688e-30   3.2395111017e-14  -3.9989162212e+05   7.2235515797e-02 
  1.2488005157e+21   4.2962501053e+18   8.3905532512e+61   5.3265118132e-30   3.2397215207e-14  -3.7535653694e+05   7.1105440362e-02 
  1.2535555111e+21   4.7549953713e+18   9.3540285978e+61   5.3469157168e-30   3.2401509826e-14  -3.6262012608e+05   6.9603940463e-02 
  1.2570684807e+21   3.5129696022e+18   6.9564536736e+61   5.3701621482e-30   3.2406863250e-14  -3.5220432426e+05   6.8868043343e-02 
  1.2645960932e+21   7.5276125353e+18   1.5037756699e+62   5.4101169227e-30   3.2410897355e-14  -3.3115078089e+05   6.8637965438e-02 
  1.2700725225e+21   5.4764292642e+18   1.1053260510e+62   5.4635904735e-30   3.2413006716e-14  -3.0188094691e+05   6.8509290647e-02 
  1.2789067318e+21   8.8342093393e+18   1.8032332198e+62   5.5356710782e-30   3.2411056489e-14  -2.6409526555e+05   6.8466735486e-02 
  1.2836847267e+21   4.7779949249e+18   9.8572281491e+61   5.6185887881e-30   3.2411346842e-14  -2.2999646986e+05   6.8451726752e-02 
  1.2872474228e+21   3.5626960432e+18   7.3979288891e+61   5.6902473108e-30   3.2416650198e-14  -2.2242670153e+05   6.8446600655e-02 
  1.2911192927e+21   3.8718699030e+18   8.0864951016e+61   5.7863446285e-30   3.2426435202e-14  -2.2554384141e+05   6.8445243728e-02 
  1.2936479519e+21   2.5286592635e+18   5.3074169408e+61   5.9010461885e-30   3.2439527562e-14  -2.3267599461e+05   6.8445121710e-02 
  1.2995648516e+21   5.9168996573e+18   1.2500320409e+62   6.1281489201e-30   3.2445188004e-14  -2.2371506309e+05   6.8445120570e-02 
  1.3037323287e+21   4.1674771305e+18   8.8730098761e+61   6.4628218862e-30   3.2444136324e-14  -2.0240808807e+05   6.8445233621e-02 
  1.3074554422e+21   3.7231134567e+18   7.9750358535e+61   6.8204157379e-30   3.2431888466e-14  -1.6344133164e+05   6.8446041399e-02 
  1.3098189622e+21   2.3635200082e+18   5.0863681360e+61   7.2182346827e-30   3.2419801044e-14  -1.4081838798e+05   6.8448112926e-02 
  1.3225653147e+21   1.2746352561e+19   2.7748388727e+62   8.7587581137e-30   3.2407900402e-14  -8.8968603619e+04   6.8457774312e-02 
  1.3303882911e+21   7.8229763742e+18   1.7297465002e+62   1.1308316198e-29   3.2385342247e-14  -3.5105015609e+04   6.8488865939e-02 
  1.3332627960e+21   2.8745049124e+18   6.4071924374e+61   1.3404622835e-29   3.2461377446e-14  -1.2897986140e+05   6.8543116157e-02 
  1.3410358543e+21   7.7730583090e+18   1.7464768429e+62   1.8449790170e-29   3.2510693401e-14  -1.6594307719e+05   6.9075756198e-02 
  1.3432844843e+21   2.2486299407e+18   5.0902211048e+61   2.5792287293e-29   3.2457327441e-14  -7.6407286220e+04   7.0467928599e-02 
  1.3447226694e+21   1.4381850656e+18   3.2645665708e+61   3.3757931593e-29   3.2316936228e-14   6.2466160895e+04   7.2374790864e-02 
  1.3465699033e+21   1.8472339715e+18   4.2033318003e+61   5.3753112322e-29   3.2270168983e-14   4.9790240255e+04   7.3560517618e-02 
  1.3470030809e+21   4.3317759376e+17   9.8735505974e+60   8.3543174279e-29   3.2348194767e-14   1.7140940506e+04   7.0581089140e-02 
  1.3490570773e+21   2.0539963659e+18   4.6903881578e+61   2.3607545941e-28   3.2340874578e-14   1.0529116137e+03   4.8793733610e-02 
  1.3496020654e+21   5.4498816556e+17   1.2469040001e+61   6.3373821848e-28   3.2335431166e-14  -2.2084800362e+04   3.1004025262e-02 
  1.3511177059e+21   1.5156404551e+18   3.4730029704e+61   3.2917169495e-27   3.2340085526e-14  -3.5167818122e+04   2.4139084960e-02 
  1.3520991837e+21   9.8147777161e+17   2.2531605798e+61   2.0628583194e-26   3.2364372041e-14  -3.7343360689e+04   2.1342980090e-02 
  1.3532188562e+21   1.1196725314e+18   2.5744091984e+61   5.0225029632e-26   3.2464068774e-14  -3.7470415571e+04   2.0420526022e-02 
  1.3541359044e+21   9.1704816887e+17   2.1117007425e+61   6.2451144345e-26   3.2522879429e-14  -3.7193091657e+04   2.0079575919e-02 
  1.3664304264e+21   1.2294522051e+19   2.8587956813e+62   6.6868067862e-26   3.2184045619e-14  -4.4232701379e+04   2.0049934293e-02 
  1.3757502720e+21   9.3198455786e+18   2.2016708918e+62   8.2032649751e-25   3.2376787184e-14  -4.2596085534e+04   2.0035467475e-02 
  1.3859782043e+21   1.0227932306e+19   2.4507649420e+62   8.5369862385e-25   3.2834614901e-14  -3.6729169965e+04   2.0032145029e-02 
  1.3968891909e+21   1.0910986605e+19   2.6546125651e+62   9.0615408910e-25   3.3545819676e-14  -3.1529325906e+04   2.0028743584e-02 
  1.4076301088e+21   1.0740917913e+19   2.6540570848e+62   9.5648959715e-25   3.4253547438e-14  -2.6268699988e+04   2.0028590391e-02 
  1.4232306154e+21   1.5600506569e+19   3.9276246392e+62   1.0165027652e-24   3.5138000864e-14  -2.0094587240e+04   2.0022769652e-02 
  1.4389685454e+21   1.5737929989e+19   4.0504339875e+62   1.0834200801e-24   3.6085470258e-14  -1.2900077049e+04   2.0022469950e-02 
  1.4586093501e+21   1.9640804712e+19   5.1806713359e+62   1.1801475581e-24   3.7465403450e-14  -4.9298493890e+03   2.0014599961e-02 
  1.4722125773e+21   1.3603227203e+19   3.6709105946e+62   1.2786665682e-24   3.8941481681e-14   3.4954196901e+03   2.0005264853e-02 
  1.4827546569e+21   1.0542079632e+19   2.8919005035e+62   1.3629834687e-24   4.0157968096e-14   1.0107985927e+04   2.0001224533e-02 
  1.4930196818e+21   1.0265024853e+19   2.8556934749e+62   1.4434306976e-24   4.1281674237e-14   1.5882835368e+04   2.0000449320e-02 
  1.5035313477e+21   1.0511665871e+19   2.9652857978e+62   1.5253469119e-24   4.2445961013e-14   2.1435847498e+04   2.0000173684e-02 
  1.5139024261e+21   1.0371078432e+19   2.9665453756e+62   1.6141553658e-24   4.3722246748e-14   2.7085712467e+04   2.0000059537e-02 
  1.5237642884e+21   9.8618622996e+18   2.8588447890e+62   1.7106989447e-24   4.5077496564e-14   3.2733342602e+04   2.0000019190e-02 
  1.5329371317e+21   9.1728432645e+18   2.6925339414e+62   1.8096571156e-24   4.6435225602e-14   3.8231263140e+04   2.0000006011e-02 
  1.5413956629e+21   8.4585312844e+18   2.5115838632e+62   1.9102827354e-24   4.7786718870e-14   4.3322459713e+04   2.0000001767e-02 
  1.5493099590e+21   7.9142960196e+18   2.3750808410e+62   2.0097100463e-24   4.9165104900e-14   4.8353442947e+04   2.0000000505e-02 
  1.5566739883e+21   7.3640293608e+18   2.2318479889e+62   2.1256945271e-24   5.0525425152e-14   5.3202941364e+04   2.0000000135e-02 
  1.5635965994e+21   6.9226111173e+18   2.1174103690e+62   2.2249740437e-24   5.1862461608e-14   5.7346393492e+04   2.0000000035e-02 
  1.5699473858e+21   6.3507863255e+18   1.9590682164e+62   2.3226962269e-24   5.3140642134e-14   6.1257255379e+04   2.0000000008e-02 
  1.5757248079e+21   5.7774221755e+18   1.7960209235e+62   2.4188785322e-24   5.4379686049e-14   6.4818317123e+04   2.0000000002e-02 
  1.5811883437e+21   5.4635357353e+18   1.7106035267e+62   2.5067801744e-24   5.5497000991e-14   6.7930366438e+04   2.0000000000e-02 
  1.5864186048e+21   5.2302611699e+18   1.6486794206e+62   2.5868105596e-24   5.6501098929e-14   7.0589623450e+04   2.0000000000e-02 
  1.5912869799e+21   4.8683750340e+18   1.5444062609e+62   2.6611249660e-24   5.7472738722e-14   7.2968353994e+04   2.0000000000e-02 
  1.5959145797e+21   4.6275998402e+18   1.4768113919e+62   2.7335885410e-24   5.8419057024e-14   7.5239565062e+04   2.0000000000e-02 
  1.6003641509e+21   4.4495712172e+18   1.4280966655e+62   2.8061461679e-24   5.9357858532e-14   7.7447691273e+04   2.0000000000e-02 
  1.6046681285e+21   4.3039775395e+18   1.3889446707e+62   2.8792781838e-24   6.0295630440e-14   7.9612975299e+04   2.0000000000e-02 
  1.6092746053e+21   4.6064767966e+18   1.4948421200e+62   2.9567699241e-24   6.1280449514e-14   8.1854312640e+04   2.0000000000e-02 
  1.6140432603e+21   4.7686550344e+18   1.5565116184e+62   3.0417687264e-24   6.2350376207e-14   8.4233511819e+04   2.0000000000e-02 
  1.6185881526e+21   4.5448922897e+18   1.4920594643e+62   3.1296249819e-24   6.3445402540e-14   8.6610998952e+04   2.0000000000e-02 
  1.6229938776e+21   4.4057250342e+18   1.4543922824e+62   3.2172429555e-24   6.4526851537e-14   8.8917282187e+04   2.0000000000e-02 
  1.6273530224e+21   4.3591448120e+18   1.4468078571e+62   3.3072635411e-24   6.5627940385e-14   9.1180366563e+04   2.0000000000e-02 
  1.6316635803e+21   4.3105578472e+18   1.4383240738e+62   3.3977338069e-24   6.6724852172e-14   9.3387058822e+04   2.0000000000e-02 
  1.6358415500e+21   4.1779697538e+18   1.4013543219e+62   3.4832086347e-24   6.7752896245e-14   9.5385557670e+04   2.0000000000e-02 
  1.6397040611e+21   3.8625110572e+18   1.3019284344e+62   3.5613095667e-24   6.8685744332e-14   9.7132955250e+04   2.0000000000e-02 
  1.6434016128e+21   3.6975517166e+18   1.2520856458e+62   3.6335338476e-24   6.9577837686e-14   9.8710856808e+04   2.0000000000e-02 
  1.6469326879e+21   3.5310750757e+18   1.2009834993e+62   3.7051320372e-24   7.0467134975e-14   1.0024147612e+05   2.0000000000e-02 
  1.6501306999e+21   3.1980119648e+18   1.0921560268e+62   3.7738092781e-24   7.1315258746e-14   1.0172058011e+05   2.0000000000e-02 
  1.6531846417e+21   3.0539418381e+18   1.0469135645e+62   3.8413646869e-24   7.2144936482e-14   1.0312078076e+05   2.0000000000e-02 
  1.6561893936e+21   3.0047519053e+18   1.0338328355e+62   3.9087934063e-24   7.2968643985e-14   1.0453748918e+05   2.0000000000e-02 
  1.6591461053e+21   2.9567116913e+18   1.0209722405e+62   3.9788804664e-24   7.3821367017e-14   1.0595984374e+05   2.0000000000e-02 
  1.6619730297e+21   2.8269243945e+18   9.7956459742e+61   4.0491194565e-24   7.4670161407e-14   1.0739516791e+05   2.0000000000e-02 
  1.6644674680e+21   2.4944383409e+18   8.6712607517e+61   4.1168723114e-24   7.5484828135e-14   1.0873997627e+05   2.0000000000e-02 
  1.6668327454e+21   2.3652773727e+18   8.2463083116e+61   4.1806276928e-24   7.6247732449e-14   1.1000440712e+05   2.0000000000e-02 
  1.6691623077e+21   2.3295623368e+18   8.1446996849e+61   4.2446714738e-24   7.7010586894e-14   1.1124652985e+05   2.0000000000e-02 
  1.6714752292e+21   2.3129214279e+18   8.1090417269e+61   4.3098254562e-24   7.7783115478e-14   1.1250253856e+05   2.0000000000e-02 
  1.6737735717e+21   2.2983425449e+18   8.0801894756e+61   4.3768135195e-24   7.8573755579e-14   1.1376842106e+05   2.0000000000e-02 
  1.6760575388e+21   2.2839670486e+18   8.0516631454e+61   4.4453370559e-24   7.9378760603e-14   1.1504895288e+05   2.0000000000e-02 
  1.6783264907e+21   2.2689519283e+18   8.0204880665e+61   4.5156620589e-24   8.0201066363e-14   1.1633950356e+05   2.0000000000e-02 
  1.6805789779e+21   2.2524871688e+18   7.9837664936e+61   4.5876067365e-24   8.1038022355e-14   1.1764303357e+05   2.0000000000e-02 
  1.6828009371e+21   2.2219592388e+18   7.8965588493e+61   4.6610575684e-24   8.1888233095e-14   1.1895355725e+05   2.0000000000e-02 
  1.6849143078e+21   2.1133706966e+18   7.5300235902e+61   4.7344772642e-24   8.2734037178e-14   1.2024484792e+05   2.0000000000e-02 
  1.6866953063e+21   1.7809984667e+18   6.3604526771e+61   4.8024237374e-24   8.3513268105e-14   1.2142389500e+05   2.0000000000e-02 
  1.6883610171e+21   1.6657108355e+18   5.9608963242e+61   4.8644919512e-24   8.4222191282e-14   1.2248056295e+05   2.0000000000e-02 
  1.6900009410e+21   1.6399239279e+18   5.8801169740e+61   4.9246280853e-24   8.4906516528e-14   1.2349065543e+05   2.0000000000e-02 
  1.6916195837e+21   1.6186427051e+18   5.8150123541e+61   4.9821936409e-24   8.5559194995e-14   1.2443295861e+05   2.0000000000e-02 
  1.6931532252e+21   1.5336414579e+18   5.5199200746e+61   5.0354936710e-24   8.6161554215e-14   1.2527986605e+05   2.0000000000e-02 
  1.6944382112e+21   1.2849860627e+18   4.6326593146e+61   5.0809656085e-24   8.6673421369e-14   1.2598234574e+05   2.0000000000e-02 
  1.6958612071e+21   1.4229958757e+18   5.1384205967e+61   5.1229995099e-24   8.7144411567e-14   1.2661421410e+05   2.0000000000e-02 
  1.6971217289e+21   1.2605218307e+18   4.5589372572e+61   5.1639492704e-24   8.7618644114e-14   1.2722447859e+05   2.0000000000e-02 
  1.6985395548e+21   1.4178258821e+18   5.1359587137e+61   5.2055860797e-24   8.8102716508e-14   1.2784728387e+05   2.0000000000e-02 
  1.6997916258e+21   1.2520709771e+18   4.5426600928e+61   5.2481516230e-24   8.8596470099e-14   1.2848159152e+05   2.0000000000e-02 
  1.7011972427e+21   1.4056168424e+18   5.1077222231e+61   5.2916634315e-24   8.9100045375e-14   1.2912849764e+05   2.0000000000e-02 
  1.7024388050e+21   1.2415623564e+18   4.5186079039e+61   5.3360144678e-24   8.9612155045e-14   1.2978467423e+05   2.0000000000e-02 
  1.7038293070e+21   1.3905020004e+18   5.0684967526e+61   5.3811182445e-24   9.0131750150e-14   1.3044883777e+05   2.0000000000e-02 
  1.7049739830e+21   1.1446759469e+18   4.1786531774e+61   5.4253765573e-24   9.0640427890e-14   1.3109618594e+05   2.0000000000e-02 
  1.7060250970e+21   1.0511140518e+18   3.8420492971e+61   5.4643424003e-24   9.1087320834e-14   1.3166292092e+05   2.0000000000e-02 
  1.7070765514e+21   1.0514544285e+18   3.8480329845e+61   5.5022278218e-24   9.1520970034e-14   1.3221005949e+05   2.0000000000e-02 
  1.7081060690e+21   1.0295175569e+18   3.7723458879e+61   5.5402047839e-24   9.1954830515e-14   1.3275544576e+05   2.0000000000e-02 
  1.7090587575e+21   9.5268852706e+17   3.4948832638e+61   5.5768182178e-24   9.2372329543e-14   1.3327742792e+05   2.0000000000e-02 
  1.7096776104e+21   6.1885284124e+17   2.2723147654e+61   5.6060967495e-24   9.2705693149e-14   1.3369252479e+05   2.0000000000e-02 
  1.7102028506e+21   5.2524019820e+17   1.9298772408e+61   5.6275697547e-24   9.2949935188e-14   1.3399559380e+05   2.0000000000e-02 
  1.7107126937e+21   5.0984309532e+17   1.8744381851e+61   5.6471189507e-24   9.3172067207e-14   1.3427043869e+05   2.0000000000e-02 
  1.7112261818e+21   5.1348816555e+17   1.8889689101e+61   5.6665500509e-24   9.3392645024e-14   1.3454272169e+05   2.0000000000e-02 
  1.7117416698e+21   5.1548799593e+17   1.8974663070e+61   5.6861955812e-24   9.3615425338e-14   1.3481689164e+05   2.0000000000e-02 
  1.7122570996e+21   5.1542977258e+17   1.8983949798e+61   5.7059755015e-24   9.3839484490e-14   1.3509193979e+05   2.0000000000e-02 
  1.7127715362e+21   5.1443661831e+17   1.8958770283e+61   5.7258285601e-24   9.4064155493e-14   1.3536695361e+05   2.0000000000e-02 
  1.7132851193e+21   5.1358311716e+17   1.8938679554e+61   5.7457384634e-24   9.4289250805e-14   1.3564164486e+05   2.0000000000e-02 
  1.7137979155e+21   5.1279621825e+17   1.8920993818e+61   5.7657042623e-24   9.4514758559e-14   1.3591606269e+05   2.0000000000e-02 
  1.7143100243e+21   5.1210878322e+17   1.8906932616e+61   5.7857294040e-24   9.4740716781e-14   1.3619019315e+05   2.0000000000e-02 
  1.7148214641e+21   5.1143978750e+17   1.8893510678e+61   5.8058134683e-24   9.4967122441e-14   1.3646400264e+05   2.0000000000e-02 
  1.7153322194e+21   5.1075528853e+17   1.8879474640e+61   5.8259469814e-24   9.5193871034e-14   1.3673736235e+05   2.0000000000e-02 
  1.7158422782e+21   5.1005876990e+17   1.8864952052e+61   5.8461203584e-24   9.5420852133e-14   1.3701010516e+05   2.0000000000e-02 
  1.7163516433e+21   5.0936512600e+17   1.8850493264e+61   5.8663267188e-24   9.5647987064e-14   1.3728210758e+05   2.0000000000e-02 
  1.7168603248e+21   5.0868154801e+17   1.8836364930e+61   5.8865611394e-24   9.5875219718e-14   1.3755328270e+05   2.0000000000e-02 
  1.7173683309e+21   5.0800602218e+17   1.8822493333e+61   5.9068199413e-24   9.6102508324e-14   1.3782356732e+05   2.0000000000e-02 
  1.7178756637e+21   5.0733283606e+17   1.8808667368e+61   5.9271001569e-24   9.6329819389e-14   1.3809291311e+05   2.0000000000e-02 
  1.7183823315e+21   5.0666774795e+17   1.8795100944e+61   5.9473994894e-24   9.6557127165e-14   1.3836128449e+05   2.0000000000e-02 
  1.7188883384e+21   5.0600692575e+17   1.8781652522e+61   5.9677162178e-24   9.6784412503e-14   1.3862865636e+05   2.0000000000e-02 
  1.7193936837e+21   5.0534530357e+17   1.8768134306e+61   5.9880488962e-24   9.7011659438e-14   1.3889500947e+05   2.0000000000e-02 
  1.7198983773e+21   5.0469365581e+17   1.8754946765e+61   6.0083965788e-24   9.7238857677e-14   1.3916033310e+05   2.0000000000e-02 
  1.7204024191e+21   5.0404179095e+17   1.8741711737e+61   6.0287586591e-24   9.7466000779e-14   1.3942462267e+05   2.0000000000e-02 
  1.7209058158e+21   5.0339664656e+17   1.8728687420e+61   6.0491347441e-24   9.7693084745e-14   1.3968787759e+05   2.0000000000e-02 
  1.7214085760e+21   5.0276019679e+17   1.8715947939e+61   6.0695248478e-24   9.7920110143e-14   1.3995010347e+05   2.0000000000e-02 
  1.7219107021e+21   5.0212612147e+17   1.8703258598e+61   6.0899290752e-24   9.8147078568e-14   1.4021130778e+05   2.0000000000e-02 
  1.7224122007e+21   5.0149863402e+17   1.8690776708e+61   6.1103476139e-24   9.8373992551e-14   1.4047149989e+05   2.0000000000e-02 
  1.7229130749e+21   5.0087414945e+17   1.8678369143e+61   6.1307807616e-24   9.8600855848e-14   1.4073069116e+05   2.0000000000e-02 
  1.7234133294e+21   5.0025450624e+17   1.8666104808e+61   6.1512288611e-24   9.8827672720e-14   1.4098889377e+05   2.0000000000e-02 
  1.7239129679e+21   4.9963849283e+17   1.8653938903e+61   6.1716923388e-24   9.9054448338e-14   1.4124612089e+05   2.0000000000e-02 
  1.7244119974e+21   4.9902950296e+17   1.8641998584e+61   6.1921717229e-24   9.9281188970e-14   1.4150238719e+05   2.0000000000e-02 
  1.7249104167e+21   4.9841932703e+17   1.8629977535e+61   6.2126674902e-24   9.9507900285e-14   1.4175770730e+05   2.0000000000e-02 
  1.7254082331e+21   4.9781641173e+17   1.8618191675e+61   6.2331801803e-24   9.9734588632e-14   1.4201209704e+05   2.0000000000e-02 
  1.7259054496e+21   4.9721649887e+17   1.8606482263e+61   6.2537105128e-24   9.9961262333e-14   1.4226557415e+05   2.0000000000e-02 
  1.7264020708e+21   4.9662113582e+17   1.8594907537e+61   6.2742592609e-24   1.0018793025e-13   1.4251815647e+05   2.0000000000e-02 
  1.7268981035e+21   4.9603269935e+17   1.8583556982e+61   6.2948273764e-24   1.0041460313e-13   1.4276986437e+05   2.0000000000e-02 
  1.7273935478e+21   4.9544436422e+17   1.8572175296e+61   6.3154157933e-24   1.0064129148e-13   1.4302071960e+05   2.0000000000e-02 
  1.7278884080e+21   4.9486019464e+17   1.8560914990e+61   6.3360254849e-24   1.0086800625e-13   1.4327074554e+05   2.0000000000e-02 
  1.7283826879e+21   4.9427988806e+17   1.8549765090e+61   6.3566576569e-24   1.0109476089e-13   1.4351996781e+05   2.0000000000e-02 
  1.7288763913e+21   4.9370343546e+17   1.8538725611e+61   6.3773136785e-24   1.0132157059e-13   1.4376841298e+05   2.0000000000e-02 
  1.7293695210e+21   4.9312963021e+17   1.8527751557e+61   6.3979950135e-24   1.0154845141e-13   1.4401611012e+05   2.0000000000e-02 
  1.7298620835e+21   4.9256255875e+17   1.8516996843e+61   6.4187032971e-24   1.0177542122e-13   1.4426309400e+05   2.0000000000e-02 
  1.7303540784e+21   4.9199485636e+17   1.8506184968e+61   6.4394403613e-24   1.0200250002e-13   1.4450940350e+05   2.0000000000e-02 
  1.7308455076e+21   4.9142921939e+17   1.8495417407e+61   6.4602084514e-24   1.0222971227e-13   1.4475507939e+05   2.0000000000e-02 
  1.7313363729e+21   4.9086529934e+17   1.8484681232e+61   6.4810104098e-24   1.0245708876e-13   1.4500016612e+05   2.0000000000e-02 
  1.7318266615e+21   4.9028856771e+17   1.8473429039e+61   6.5018489750e-24   1.0268465903e-13   1.4524470946e+05   2.0000000000e-02 
  1.7323163749e+21   4.8971343713e+17   1.8462203268e+61   6.5227265584e-24   1.0291244935e-13   1.4548875648e+05   2.0000000000e-02 
  1.7328055160e+21   4.8914113036e+17   1.8451050214e+61   6.5436449859e-24   1.0314048027e-13   1.4573234431e+05   2.0000000000e-02 
  1.7332940919e+21   4.8857587746e+17   1.8440129839e+61   6.5646045394e-24   1.0336875623e-13   1.4597547748e+05   2.0000000000e-02 
  1.7337821027e+21   4.8801078404e+17   1.8429182334e+61   6.5856029039e-24   1.0359725350e-13   1.4621811368e+05   2.0000000000e-02 
  1.7342695510e+21   4.8744834547e+17   1.8418302046e+61   6.6066344654e-24   1.0382591109e-13   1.4646017830e+05   2.0000000000e-02 
  1.7347564645e+21   4.8691344613e+17   1.8408430275e+61   6.6276918016e-24   1.0405464787e-13   1.4670161866e+05   2.0000000000e-02 
  1.7352428814e+21   4.8641688574e+17   1.8399978021e+61   6.6487728315e-24   1.0428344000e-13   1.4694243249e+05   2.0000000000e-02 
  1.7357288076e+21   4.8592623778e+17   1.8391720904e+61   6.6698877570e-24   1.0451252311e-13   1.4718271474e+05   2.0000000000e-02 
  1.7362142215e+21   4.8541391969e+17   1.8382614595e+61   6.6910696524e-24   1.0474219708e-13   1.4742285661e+05   2.0000000000e-02 
  1.7366990951e+21   4.8487357264e+17   1.8372416266e+61   6.7123163448e-24   1.0497236768e-13   1.4766321756e+05   2.0000000000e-02 
  1.7371834020e+21   4.8430691359e+17   1.8361188672e+61   6.7336664416e-24   1.0520344671e-13   1.4790370765e+05   2.0000000000e-02 
  1.7376671308e+21   4.8372877084e+17   1.8349492254e+61   6.7550971449e-24   1.0543518773e-13   1.4814486019e+05   2.0000000000e-02 
  1.7381502749e+21   4.8314412036e+17   1.8337514979e+61   6.7766654707e-24   1.0566820097e-13   1.4838652205e+05   2.0000000000e-02 
  1.7386328274e+21   4.8255250263e+17   1.8325238866e+61   6.7983534570e-24   1.0590228487e-13   1.4862944811e+05   2.0000000000e-02 
  1.7391147824e+21   4.8195497994e+17   1.8312703726e+61   6.8202350997e-24   1.0613822900e-13   1.4887373425e+05   2.0000000000e-02 
  1.7395961292e+21   4.8134682315e+17   1.8299729247e+61   6.8423272144e-24   1.0637619579e-13   1.4912048052e+05   2.0000000000e-02 
  1.7400768482e+21   4.8071894251e+17   1.8285968702e+61   6.8647365791e-24   1.0661731535e-13   1.4937050301e+05   2.0000000000e-02 
  1.7405569150e+21   4.8006685898e+17   1.8271249942e+61   6.8875580206e-24   1.0686257008e-13   1.4962570760e+05   2.0000000000e-02 
  1.7410362899e+21   4.7937491152e+17   1.8254974419e+61   6.9109824233e-24   1.0711396380e-13   1.4988842232e+05   2.0000000000e-02 
  1.7415149146e+21   4.7862467806e+17   1.8236436718e+61   6.9352543352e-24   1.0737404935e-13   1.5016251697e+05   2.0000000000e-02 
  1.7419927177e+21   4.7780305874e+17   1.8215132463e+61   6.9607824130e-24   1.0764646812e-13   1.5045238761e+05   2.0000000000e-02 
  1.7424696327e+21   4.7691504885e+17   1.8191246328e+61   6.9875578795e-24   1.0792451069e-13   1.5075715521e+05   2.0000000000e-02 
  1.7429456351e+21   4.7600243583e+17   1.8166368066e+61   7.0148993525e-24   1.0820858936e-13   1.5106651462e+05   2.0000000000e-02 
  1.7434207495e+21   4.7511439179e+17   1.8142373863e+61   7.0417937098e-24   1.0848810689e-13   1.5136901172e+05   2.0000000000e-02 
  1.7438950193e+21   4.7426977664e+17   1.8119986600e+61   7.0680583778e-24   1.0876066494e-13   1.5166064891e+05   2.0000000000e-02 
  1.7443684832e+21   4.7346390827e+17   1.8099030924e+61   7.0938604804e-24   1.0902804709e-13   1.5194403343e+05   2.0000000000e-02 
  1.7448411732e+21   4.7268996927e+17   1.8079249292e+61   7.1193151427e-24   1.0929148426e-13   1.5222095049e+05   2.0000000000e-02 
  1.7453131103e+21   4.7193707719e+17   1.8060227841e+61   7.1445090644e-24   1.0955189629e-13   1.5249272532e+05   2.0000000000e-02 
  1.7457843148e+21   4.7120455428e+17   1.8041942405e+61   7.1695150793e-24   1.0981004917e-13   1.5276047024e+05   2.0000000000e-02 
  1.7462548009e+21   4.7048608133e+17   1.8024152566e+61   7.1943991692e-24   1.1006663593e-13   1.5302518568e+05   2.0000000000e-02 
  1.7467245767e+21   4.6977579929e+17   1.8006634886e+61   7.2192249993e-24   1.1032232503e-13   1.5328775430e+05   2.0000000000e-02 
  1.7471936500e+21   4.6907326075e+17   1.7989372924e+61   7.2440351224e-24   1.1057789241e-13   1.5354896852e+05   2.0000000000e-02 
  1.7476620254e+21   4.6837541494e+17   1.7972250264e+61   7.2688923507e-24   1.1083388797e-13   1.5380943106e+05   2.0000000000e-02 
  1.7481297095e+21   4.6768409483e+17   1.7955337725e+61   7.2936979690e-24   1.1108914281e-13   1.5406823544e+05   2.0000000000e-02 
  1.7485967161e+21   4.6700659723e+17   1.7938916246e+61   7.3183958033e-24   1.1134302506e-13   1.5432438776e+05   2.0000000000e-02 
  1.7490630541e+21   4.6633802424e+17   1.7922798710e+61   7.3430117102e-24   1.1159578233e-13   1.5457821425e+05   2.0000000000e-02 
  1.7495287307e+21   4.6567659451e+17   1.7906917370e+61   7.3675956024e-24   1.1184792872e-13   1.5483041768e+05   2.0000000000e-02 
  1.7499937514e+21   4.6502068556e+17   1.7891210405e+61   7.3921888192e-24   1.1209988139e-13   1.5508158237e+05   2.0000000000e-02 
  1.7504581158e+21   4.6436443018e+17   1.7875452388e+61   7.4168475861e-24   1.1235223227e-13   1.5533230431e+05   2.0000000000e-02 
  1.7509218230e+21   4.6370721664e+17   1.7859619761e+61   7.4416355009e-24   1.1260559700e-13   1.5558307053e+05   2.0000000000e-02 
  1.7513848796e+21   4.6305657899e+17   1.7844002882e+61   7.4664784382e-24   1.1285944028e-13   1.5583349271e+05   2.0000000000e-02 
  1.7518473082e+21   4.6242856867e+17   1.7829221360e+61   7.4909622494e-24   1.1310956245e-13   1.5607819420e+05   2.0000000000e-02 
  1.7523091587e+21   4.6185048393e+17   1.7816330405e+61   7.5147382728e-24   1.1335241762e-13   1.5631238939e+05   2.0000000000e-02 
  1.7527705016e+21   4.6134298597e+17   1.7806131761e+61   7.5374192285e-24   1.1358498184e-13   1.5653169559e+05   2.0000000000e-02 
  1.7532314286e+21   4.6092694217e+17   1.7799437226e+61   7.5586264476e-24   1.1380251532e-13   1.5673097550e+05   2.0000000000e-02 
  1.7536920465e+21   4.6061793216e+17   1.7796856348e+61   7.5781125007e-24   1.1400236556e-13   1.5690709012e+05   2.0000000000e-02 
  1.7541524589e+21   4.6041236966e+17   1.7798259150e+61   7.5959088648e-24   1.1418473194e-13   1.5706024247e+05   2.0000000000e-02 
  1.7546127473e+21   4.6028840469e+17   1.7802808705e+61   7.6123422983e-24   1.1435275416e-13   1.5719500639e+05   2.0000000000e-02 
  1.7550729605e+21   4.6021317338e+17   1.7809239544e+61   7.6280075391e-24   1.1451286457e-13   1.5732040141e+05   2.0000000000e-02 
  1.7555331063e+21   4.6014579726e+17   1.7815972470e+61   7.6435158462e-24   1.1467694331e-13   1.5744388522e+05   2.0000000000e-02 
  1.7559931730e+21   4.6006673294e+17   1.7822250841e+61   7.6592516465e-24   1.1484323852e-13   1.5757157492e+05   2.0000000000e-02 
  1.7564531400e+21   4.5996697996e+17   1.7827724767e+61   7.6753976079e-24   1.1501373196e-13   1.5770406454e+05   2.0000000000e-02 
  1.7569129823e+21   4.5984235506e+17   1.7832230303e+61   7.6919560370e-24   1.1518846706e-13   1.5784247572e+05   2.0000000000e-02 
  1.7573726739e+21   4.5969154900e+17   1.7835714616e+61   7.7089995736e-24   1.1536821415e-13   1.5798652999e+05   2.0000000000e-02 
  1.7578321920e+21   4.5951808022e+17   1.7838312198e+61   7.7264609577e-24   1.1555226399e-13   1.5813666910e+05   2.0000000000e-02 
  1.7582915086e+21   4.5931664622e+17   1.7839815204e+61   7.7443940143e-24   1.1574117775e-13   1.5829203002e+05   2.0000000000e-02 
  1.7587506039e+21   4.5909529179e+17   1.7840534068e+61   7.7627018278e-24   1.1593392911e-13   1.5845287176e+05   2.0000000000e-02 
  1.7592094553e+21   4.5885142601e+17   1.7840366409e+61   7.7814345697e-24   1.1613103943e-13   1.5861810061e+05   2.0000000000e-02 
  1.7596680436e+21   4.5858829731e+17   1.7839436800e+61   7.8004863424e-24   1.1633138697e-13   1.5878790621e+05   2.0000000000e-02 
  1.7601263511e+21   4.5830748567e+17   1.7837805190e+61   7.8199039148e-24   1.1653545873e-13   1.5896112039e+05   2.0000000000e-02 
  1.7605843635e+21   4.5801238864e+17   1.7835602485e+61   7.8395833990e-24   1.1674215521e-13   1.5913784079e+05   2.0000000000e-02 
  1.7610420648e+21   4.5770133149e+17   1.7832762262e+61   7.8595636329e-24   1.1695188089e-13   1.5931690785e+05   2.0000000000e-02 
  1.7614994465e+21   4.5738165326e+17   1.7829569395e+61   7.8797475869e-24   1.1716360860e-13   1.5949833576e+05   2.0000000000e-02 
  1.7619564963e+21   4.5704981192e+17   1.7825885007e+61   7.9001610224e-24   1.1737760460e-13   1.5968110700e+05   2.0000000000e-02 
  1.7624132084e+21   4.5671211874e+17   1.7821954461e+61   7.9207148116e-24   1.1759292646e-13   1.5986524739e+05   2.0000000000e-02 
  1.7628695776e+21   4.5636919291e+17   1.7817801468e+61   7.9414280073e-24   1.1780977035e-13   1.6004993873e+05   2.0000000000e-02 
  1.7633256000e+21   4.5602244257e+17   1.7813480631e+61   7.9622278249e-24   1.1802736706e-13   1.6023526830e+05   2.0000000000e-02 
  1.7637812726e+21   4.5567252156e+17   1.7809017206e+61   7.9831339261e-24   1.1824592376e-13   1.6042062282e+05   2.0000000000e-02 
  1.7642365939e+21   4.5532131874e+17   1.7804484821e+61   8.0041200492e-24   1.1846515809e-13   1.6060595171e+05   2.0000000000e-02 
  1.7646915599e+21   4.5496602715e+17   1.7799773533e+61   8.0251863848e-24   1.1868506790e-13   1.6079105426e+05   2.0000000000e-02 
  1.7651461699e+21   4.5460996490e+17   1.7795012932e+61   8.0463337416e-24   1.1890565537e-13   1.6097592170e+05   2.0000000000e-02 
  1.7656004204e+21   4.5425051862e+17   1.7790100588e+61   8.0675718396e-24   1.1912701727e-13   1.6116059526e+05   2.0000000000e-02 
  1.7660543093e+21   4.5388887636e+17   1.7785082797e+61   8.0888869322e-24   1.1934901161e-13   1.6134532837e+05   2.0000000000e-02 
  1.7665078335e+21   4.5352418489e+17   1.7779925930e+61   8.1103205856e-24   1.1957206659e-13   1.6152995142e+05   2.0000000000e-02 
  1.7669609901e+21   4.5315659899e+17   1.7774635821e+61   8.1318372249e-24   1.1979581271e-13   1.6171489807e+05   2.0000000000e-02 
  1.7674137741e+21   4.5278408347e+17   1.7769132353e+61   8.1534868584e-24   1.2002076746e-13   1.6189988150e+05   2.0000000000e-02 
  1.7678661852e+21   4.5241105632e+17   1.7763588650e+61   8.1752226664e-24   1.2024644439e-13   1.6208535220e+05   2.0000000000e-02 
  1.7683182159e+21   4.5203071721e+17   1.7757737463e+61   8.1970949551e-24   1.2047336457e-13   1.6227092528e+05   2.0000000000e-02 
  1.7687698667e+21   4.5165074340e+17   1.7751880040e+61   8.2190515285e-24   1.2070098394e-13   1.6245701955e+05   2.0000000000e-02 
  1.7692211318e+21   4.5126513935e+17   1.7745780585e+61   8.2411328770e-24   1.2092970829e-13   1.6264323977e+05   2.0000000000e-02 
  1.7696720103e+21   4.5087851403e+17   1.7739620039e+61   8.2632946332e-24   1.2115906785e-13   1.6282982146e+05   2.0000000000e-02 
  1.7701224989e+21   4.5048856875e+17   1.7733307818e+61   8.2855523093e-24   1.2138924718e-13   1.6301647874e+05   2.0000000000e-02 
  1.7705725974e+21   4.5009851915e+17   1.7726970342e+61   8.3078803690e-24   1.2161997723e-13   1.6320332402e+05   2.0000000000e-02 
  1.7710223025e+21   4.4970513382e+17   1.7720480248e+61   8.3302873926e-24   1.2185134625e-13   1.6339022439e+05   2.0000000000e-02 
  1.7714716161e+21   4.4931357990e+17   1.7714041040e+61   8.3527589221e-24   1.2208320361e-13   1.6357726081e+05   2.0000000000e-02 
  1.7719205332e+21   4.4891710032e+17   1.7707386277e+61   8.3753096821e-24   1.2231569892e-13   1.6376431810e+05   2.0000000000e-02 
  1.7723690553e+21   4.4852205435e+17   1.7700766603e+61   8.3979245302e-24   1.2254867524e-13   1.6395153029e+05   2.0000000000e-02 
  1.7728171789e+21   4.4812367616e+17   1.7693993917e+61   8.4206219559e-24   1.2278232128e-13   1.6413877657e+05   2.0000000000e-02 
  1.7732649045e+21   4.4772556679e+17   1.7687210254e+61   8.4433840112e-24   1.2301645017e-13   1.6432623014e+05   2.0000000000e-02 
  1.7737122296e+21   4.4732506999e+17   1.7680310634e+61   8.4662224309e-24   1.2325118415e-13   1.6451380185e+05   2.0000000000e-02 
  1.7741591549e+21   4.4692535935e+17   1.7673420403e+61   8.4891281196e-24   1.2348642840e-13   1.6470155557e+05   2.0000000000e-02 
  1.7746056767e+21   4.4652181260e+17   1.7666356712e+61   8.5121078747e-24   1.2372225354e-13   1.6488940141e+05   2.0000000000e-02 
  1.7750517966e+21   4.4611987277e+17   1.7659334775e+61   8.5351583731e-24   1.2395862299e-13   1.6507732858e+05   2.0000000000e-02 
  1.7754975116e+21   4.4571501197e+17   1.7652175362e+61   8.5582781791e-24   1.2419552074e-13   1.6526530934e+05   2.0000000000e-02 
  1.7759428223e+21   4.4531063464e+17   1.7645013183e+61   8.5814622255e-24   1.2443289345e-13   1.6545334882e+05   2.0000000000e-02 
  1.7763877277e+21   4.4490543571e+17   1.7637796534e+61   8.6047073723e-24   1.2467070905e-13   1.6564143639e+05   2.0000000000e-02 
  1.7768322271e+21   4.4449943935e+17   1.7630526319e+61   8.6280140996e-24   1.2490897252e-13   1.6582953146e+05   2.0000000000e-02 
  1.7772763199e+21   4.4409272021e+17   1.7623205448e+61   8.6513853292e-24   1.2514771213e-13   1.6601758598e+05   2.0000000000e-02 
  1.7777200057e+21   4.4368585483e+17   1.7615856769e+61   8.6748205142e-24   1.2538691966e-13   1.6620560096e+05   2.0000000000e-02 
  1.7781632835e+21   4.4327778515e+17   1.7608438242e+61   8.6983165815e-24   1.2562656244e-13   1.6639361000e+05   2.0000000000e-02 
  1.7786061533e+21   4.4286982403e+17   1.7601001971e+61   8.7218723009e-24   1.2586662821e-13   1.6658163204e+05   2.0000000000e-02 
  1.7790486136e+21   4.4246025515e+17   1.7593479711e+61   8.7454901887e-24   1.2610714323e-13   1.6676964717e+05   2.0000000000e-02 
  1.7794906636e+21   4.4205001989e+17   1.7585908807e+61   8.7691759572e-24   1.2634816375e-13   1.6695761757e+05   2.0000000000e-02 
  1.7799323038e+21   4.4164017074e+17   1.7578331117e+61   8.7929278713e-24   1.2658966954e-13   1.6714557748e+05   2.0000000000e-02 
  1.7803735320e+21   4.4122820878e+17   1.7570647147e+61   8.8167444252e-24   1.2683164462e-13   1.6733356142e+05   2.0000000000e-02 
  1.7808143477e+21   4.4081569536e+17   1.7562918961e+61   8.8406252060e-24   1.2707408504e-13   1.6752159056e+05   2.0000000000e-02 
  1.7812547489e+21   4.4040122322e+17   1.7555090418e+61   8.8645738140e-24   1.2731702794e-13   1.6770964129e+05   2.0000000000e-02 
  1.7816947353e+21   4.3998643541e+17   1.7547226918e+61   8.8885972912e-24   1.2756054130e-13   1.6789768408e+05   2.0000000000e-02 
  1.7821343075e+21   4.3957213281e+17   1.7539360410e+61   8.9126880715e-24   1.2780454761e-13   1.6808579778e+05   2.0000000000e-02 
  1.7825734615e+21   4.3915407267e+17   1.7531321529e+61   8.9368546576e-24   1.2804913128e-13   1.6827395234e+05   2.0000000000e-02 
  1.7830121996e+21   4.3873804899e+17   1.7523341460e+61   8.9610858727e-24   1.2829418085e-13   1.6846224007e+05   2.0000000000e-02 
  1.7834505217e+21   4.3832208142e+17   1.7515341222e+61   8.9854030749e-24   1.2853990938e-13   1.6865053139e+05   2.0000000000e-02 
  1.7838884190e+21   4.3789729103e+17   1.7506965766e+61   9.0097860984e-24   1.2878611281e-13   1.6883898665e+05   2.0000000000e-02 
  1.7843258967e+21   4.3747770033e+17   1.7498775440e+61   9.0342605344e-24   1.2903304670e-13   1.6902745230e+05   2.0000000000e-02 
  1.7847629579e+21   4.3706123162e+17   1.7490687494e+61   9.0587985776e-24   1.2928043129e-13   1.6921615017e+05   2.0000000000e-02 
  1.7851995898e+21   4.3663191198e+17   1.7482062497e+61   9.0834350263e-24   1.2952861452e-13   1.6940485744e+05   2.0000000000e-02 
  1.7856357947e+21   4.3620487554e+17   1.7473505848e+61   9.1081333122e-24   1.2977722851e-13   1.6959384921e+05   2.0000000000e-02 
  1.7860715760e+21   4.3578134697e+17   1.7465066830e+61   9.1329371337e-24   1.3002671020e-13   1.6978284627e+05   2.0000000000e-02 
  1.7865069278e+21   4.3535180446e+17   1.7456363839e+61   9.1578019057e-24   1.3027661159e-13   1.6997218222e+05   2.0000000000e-02 
  1.7869418545e+21   4.3492664018e+17   1.7447813419e+61   9.1827795116e-24   1.3052745108e-13   1.7016151766e+05   2.0000000000e-02 
  1.7873763487e+21   4.3449424627e+17   1.7438949915e+61   9.2078170612e-24   1.3077869757e-13   1.7035124576e+05   2.0000000000e-02 
  1.7878104096e+21   4.3406087989e+17   1.7430024097e+61   9.2329730333e-24   1.3103093545e-13   1.7054097828e+05   2.0000000000e-02 
  1.7882440507e+21   4.3364113109e+17   1.7421622203e+61   9.2581897053e-24   1.3128358600e-13   1.7073114231e+05   2.0000000000e-02 
  1.7886772632e+21   4.3321242114e+17   1.7412837542e+61   9.2835333369e-24   1.3153730950e-13   1.7092130646e+05   2.0000000000e-02 
  1.7891100485e+21   4.3278532517e+17   1.7404094800e+61   9.3089352034e-24   1.3179141801e-13   1.7111196937e+05   2.0000000000e-02 
  1.7895423940e+21   4.3234548636e+17   1.7394816351e+61   9.3344687998e-24   1.3204664448e-13   1.7130263883e+05   2.0000000000e-02 
  1.7899742975e+21   4.3190354086e+17   1.7385429456e+61   9.3600612151e-24   1.3230225935e-13   1.7149383655e+05   2.0000000000e-02 
  1.7904057655e+21   4.3146803367e+17   1.7376278177e+61   9.3857898606e-24   1.3255903459e-13   1.7168504078e+05   2.0000000000e-02 
  1.7908368087e+21   4.3104319041e+17   1.7367533327e+61   9.4115845068e-24   1.3281626561e-13   1.7187677642e+05   2.0000000000e-02 
  1.7912674407e+21   4.3063201414e+17   1.7359316832e+61   9.4375130047e-24   1.3307462994e-13   1.7206859551e+05   2.0000000000e-02 
  1.7916976702e+21   4.3022948274e+17   1.7351427169e+61   9.4635174730e-24   1.3333354634e-13   1.7226093898e+05   2.0000000000e-02 
  1.7921274981e+21   4.2982782487e+17   1.7343551371e+61   9.4896514449e-24   1.3359354988e-13   1.7245344425e+05   2.0000000000e-02 
  1.7925569151e+21   4.2941701241e+17   1.7335284590e+61   9.5158742743e-24   1.3385423027e-13   1.7264641925e+05   2.0000000000e-02 
  1.7929859070e+21   4.2899195671e+17   1.7326420556e+61   9.5422180500e-24   1.3411590916e-13   1.7283963153e+05   2.0000000000e-02 
  1.7934144616e+21   4.2855454793e+17   1.7317034575e+61   9.5686630036e-24   1.3437838387e-13   1.7303323517e+05   2.0000000000e-02 
  1.7938425695e+21   4.2810796827e+17   1.7307254385e+61   9.5952190594e-24   1.3464175478e-13   1.7322715586e+05   2.0000000000e-02 
  1.7942702240e+21   4.2765449455e+17   1.7297171405e+61   9.6218846803e-24   1.3490600198e-13   1.7342142250e+05   2.0000000000e-02 
  1.7946974223e+21   4.2719824131e+17   1.7286951655e+61   9.6486559885e-24   1.3517108833e-13   1.7361605701e+05   2.0000000000e-02 
  1.7951241605e+21   4.2673821984e+17   1.7276554900e+61   9.6755472051e-24   1.3543714966e-13   1.7381098680e+05   2.0000000000e-02 
  1.7955504381e+21   4.2627756660e+17   1.7266107935e+61   9.7025394705e-24   1.3570399992e-13   1.7400634372e+05   2.0000000000e-02 
  1.7959762527e+21   4.2581460994e+17   1.7255542970e+61   9.7296598196e-24   1.3597190210e-13   1.7420197554e+05   2.0000000000e-02 
  1.7964016033e+21   4.2535058760e+17   1.7244910039e+61   9.7568783084e-24   1.3624056053e-13   1.7439809636e+05   2.0000000000e-02 
  1.7968264882e+21   4.2488491920e+17   1.7234185528e+61   9.7842331958e-24   1.3651034948e-13   1.7459448270e+05   2.0000000000e-02 
  1.7972509061e+21   4.2441795759e+17   1.7223383651e+61   9.8116889538e-24   1.3678091718e-13   1.7479139755e+05   2.0000000000e-02 
  1.7976748545e+21   4.2394841064e+17   1.7212451853e+61   9.8392891040e-24   1.3705268879e-13   1.7498860189e+05   2.0000000000e-02 
  1.7980983326e+21   4.2347800894e+17   1.7201460263e+61   9.8669921201e-24   1.3732525386e-13   1.7518642069e+05   2.0000000000e-02 
  1.7985213362e+21   4.2300359902e+17   1.7190280651e+61   9.8948470904e-24   1.3759909304e-13   1.7538458976e+05   2.0000000000e-02 
  1.7989438645e+21   4.2252839382e+17   1.7179043390e+61   9.9228114926e-24   1.3787369602e-13   1.7558337244e+05   2.0000000000e-02 
  1.7993659144e+21   4.2204980509e+17   1.7167643130e+61   9.9509188743e-24   1.3814947610e-13   1.7578235422e+05   2.0000000000e-02 
  1.7997874851e+21   4.2157074337e+17   1.7156198107e+61   9.9791166486e-24   1.3842592430e-13   1.7598177448e+05   2.0000000000e-02 
  1.8002085747e+21   4.2108964613e+17   1.7144644668e+61   1.0007443417e-23   1.3870341734e-13   1.7618131479e+05   2.0000000000e-02 
  1.8006291827e+21   4.2060798741e+17   1.7133042734e+61   1.0035853708e-23   1.3898150914e-13   1.7638121576e+05   2.0000000000e-02 
  1.8010493071e+21   4.2012432639e+17   1.7121333551e+61   1.0064396615e-23   1.3926067700e-13   1.7658110610e+05   2.0000000000e-02 
  1.8014689473e+21   4.1964028976e+17   1.7109583324e+61   1.0093033446e-23   1.3954050641e-13   1.7678147271e+05   2.0000000000e-02 
  1.8018881020e+21   4.1915462567e+17   1.7097740966e+61   1.0121740729e-23   1.3982087848e-13   1.7698254497e+05   2.0000000000e-02 
  1.8023067660e+21   4.1866401452e+17   1.7085670869e+61   1.0150725952e-23   1.4010371379e-13   1.7718224325e+05   2.0000000000e-02 
  1.8027249210e+21   4.1815497703e+17   1.7072822206e+61   1.0179900982e-23   1.4038791418e-13   1.7738219805e+05   2.0000000000e-02 
  1.8031424843e+21   4.1756330297e+17   1.7056570141e+61   1.0209251138e-23   1.4067250395e-13   1.7760371349e+05   2.0000000000e-02 
  1.8035591016e+21   4.1661732637e+17   1.7025803774e+61   1.0248832254e-23   1.4105818062e-13   1.7787089733e+05   2.0000000000e-02 
  1.8039756433e+21   4.1654167030e+17   1.7030577459e+61   1.0277430771e-23   1.4134563681e-13   1.7803312938e+05   2.0000000000e-02 
  1.8044000702e+21   4.2442691941e+17   1.7361062408e+61   1.0248699352e-23   1.4108523382e-13   1.7762042022e+05   2.0000000000e-02 
  1.8049108774e+21   5.1080721919e+17   2.0905256457e+61   9.5693739859e-24   1.3465787212e-13   1.7418184135e+05   2.0000000000e-02 
  1.8057962750e+21   8.8539757716e+17   3.6263752594e+61   6.4757850821e-24   1.0396673823e-13   1.3191498640e+05   2.0000000000e-02 
  1.8072567660e+21   1.4604910655e+18   5.9895952448e+61   3.0204651850e-24   6.3277583647e-14   4.5253680448e+04   2.0000000000e-02 
  1.8090769242e+21   1.8201581507e+18   7.4781819704e+61   2.3474726801e-24   5.3719084178e-14   8.4216548541e+03   2.0000000000e-02 
  1.8109909677e+21   1.9140435181e+18   7.8801621115e+61   2.2427767178e-24   5.2147189457e-14   1.2644519245e+03   2.0000000000e-02 
  1.8129207972e+21   1.9298295138e+18   7.9620350961e+61   2.2272075487e-24   5.1911183330e-14   1.8246364748e+02   2.0000000000e-02 
  1.8148529481e+21   1.9321508966e+18   7.9886122406e+61   2.2249623303e-24   5.1877088593e-14   2.6130624023e+01   2.0000000000e-02 
  1.8167854324e+21   1.9324843173e+18   8.0070231905e+61   2.2246408239e-24   5.1872204097e-14   3.7329395818e+00   2.0000000000e-02 
  1.8187179644e+21   1.9325319744e+18   8.0242732882e+61   2.2245948963e-24   5.1871506163e-14   5.3234498488e-01   2.0000000000e-02 
  1.8206505033e+21   1.9325388719e+18   8.0413730049e+61   2.2245883467e-24   5.1871406611e-14   7.5785230591e-02   2.0000000000e-02 
  1.8225830430e+21   1.9325397394e+18   8.0584658728e+61   2.2245874148e-24   5.1871392442e-14   1.0779256787e-02   2.0000000000e-02 
  1.8245155829e+21   1.9325398776e+18   8.0755738529e+61   2.2245872814e-24   5.1871390414e-14   1.5321050261e-03   2.0000000000e-02 
  1.8264481228e+21   1.9325398979e+18   8.0926994815e+61   2.2245872618e-24   5.1871390121e-14   1.8675305379e-04   2.0000000000e-02 
  1.8283806627e+21   1.9325399000e+18   8.1098431736e+61   2.2245872599e-24   5.1871390087e-14   1.5443585905e-05   2.0000000000e-02 
  1.8303132026e+21   1.9325399000e+18   8.1270049966e+61   2.2245872600e-24   5.1871390087e-14   1.9739669996e-06   2.0000000000e-02 
  1.8322457425e+21   1.9325399000e+18   8.1441849591e+61   2.2245872600e-24   5.1871390087e-14   1.2889267288e-06   2.0000000000e-02 
  1.8341782824e+21   1.9325399000e+18   8.1613830610e+61   2.2245872600e-24   5.1871390087e-14   1.2616632522e-06   2.0000000000e-02 
  1.8361108223e+21   1.9325399000e+18   8.1785993025e+61   2.2245872600e-24   5.1871390087e-14   1.1969316120e-06   2.0000000000e-02 
  1.8380433622e+21   1.9325399000e+18   8.1958336835e+61   2.2245872600e-24   5.1871390087e-14   7.6521356504e-07   2.0000000000e-02 
  1.8399759021e+21   1.9325399000e+18   8.2130862039e+61   2.2245872600e-24   5.1871390087e-14  -3.7251679606e-07   2.0000000000e-02 
  1.8419084420e+21   1.9325399000e+18   8.2303568639e+61   2.2245872600e-24   5.1871390087e-14  -1.2330186894e-06   2.0000000000e-02 
  1.8438409819e+21   1.9325399000e+18   8.2476456633e+61   2.2245872600e-24   5.1871390087e-14  -1.8951794254e-06   2.0000000000e-02 
  1.8457735218e+21   1.9325399000e+18   8.2649526023e+61   2.2245872600e-24   5.1871390087e-14  -2.3819099346e-06   2.0000000000e-02 
  1.8477060617e+21   1.9325399000e+18   8.2822776807e+61   2.2245872600e-24   5.1871390087e-14  -2.4872606357e-06   2.0000000000e-02 
  1.8496386016e+21   1.9325399000e+18   8.2996208987e+61   2.2245872600e-24   5.1871390087e-14  -2.5157426805e-06   2.0000000000e-02 
  1.8515711415e+21   1.9325399000e+18   8.3169822561e+61   2.2245872600e-24   5.1871390087e-14  -2.5308524979e-06   2.0000000000e-02 
  1.8535036815e+21   1.9325400000e+18   8.3343621848e+61   2.2245872600e-24   5.1871390087e-14  -2.5683157834e-06   2.0000000000e-02 
  1.8554362214e+21   1.9325399000e+18   8.3517593904e+61   2.2245872600e-24   5.1871390087e-14  -2.6124568901e-06   2.0000000000e-02 
  1.8573687613e+21   1.9325399000e+18   8.3691751664e+61   2.2245872600e-24   5.1871390087e-14  -2.6699922158e-06   2.0000000000e-02 
  1.8593013012e+21   1.9325399000e+18   8.3866090818e+61   2.2245872600e-24   5.1871390087e-14  -2.7165141696e-06   2.0000000000e-02 
  1.8612338411e+21   1.9325399000e+18   8.4040611368e+61   2.2245872600e-24   5.1871390087e-14  -2.7232101681e-06   2.0000000000e-02 
  1.8631663810e+21   1.9325399000e+18   8.4215313312e+61   2.2245872600e-24   5.1871390087e-14  -2.7158066451e-06   2.0000000000e-02 
  1.8650989209e+21   1.9325399000e+18   8.4390196651e+61   2.2245872600e-24   5.1871390087e-14  -2.7596831087e-06   2.0000000000e-02 
  1.8670314608e+21   1.9325399000e+18   8.4565261386e+61   2.2245872600e-24   5.1871390087e-14  -2.8614404936e-06   2.0000000000e-02 
  1.8689640007e+21   1.9325399000e+18   8.4740507515e+61   2.2245872600e-24   5.1871390087e-14  -2.8511495212e-06   2.0000000000e-02 
  1.8708965406e+21   1.9325399000e+18   8.4915935039e+61   2.2245872600e-24   5.1871390087e-14  -2.7535559390e-06   2.0000000000e-02 
  1.8728290805e+21   1.9325399000e+18   8.5091543959e+61   2.2245872600e-24   5.1871390087e-14  -2.7342669490e-06   2.0000000000e-02 
  1.8747616204e+21   1.9325399000e+18   8.5267334273e+61   2.2245872600e-24   5.1871390087e-14  -2.7366270151e-06   2.0000000000e-02 
  1.8766941603e+21   1.9325399000e+18   8.5443305982e+61   2.2245872600e-24   5.1871390087e-14  -2.6096199300e-06   2.0000000000e-02 
  1.8786267002e+21   1.9325399000e+18   8.5619459086e+61   2.2245872600e-24   5.1871390087e-14  -2.3639378697e-06   2.0000000000e-02 
  1.8805592401e+21   1.9325399000e+18   8.5795793586e+61   2.2245872600e-24   5.1871390087e-14  -1.9517398915e-06   2.0000000000e-02 
  1.8824917800e+21   1.9325399000e+18   8.5972309480e+61   2.2245872600e-24   5.1871390087e-14  -1.4446729173e-06   2.0000000000e-02 
  1.8844243199e+21   1.9325399000e+18   8.6149006769e+61   2.2245872600e-24   5.1871390087e-14  -1.2210230371e-06   2.0000000000e-02 
  1.8863568598e+21   1.9325399000e+18   8.6325885453e+61   2.2245872600e-24   5.1871390087e-14  -1.1503636247e-06   2.0000000000e-02 
  1.8882893998e+21   1.9325400000e+18   8.6502950013e+61   2.2245872600e-24   5.1871390087e-14  -1.0983048424e-06   2.0000000000e-02 
  1.8902219397e+21   1.9325399000e+18   8.6680187016e+61   2.2245872600e-24   5.1871390088e-14  -7.8496929555e-07   2.0000000000e-02 
  1.8921544796e+21   1.9325399000e+18   8.6857609885e+61   2.2245872600e-24   5.1871390088e-14  -5.2503739427e-07   2.0000000000e-02 
  1.8940870195e+21   1.9325399000e+18   8.7035214149e+61   2.2245872600e-24   5.1871390088e-14  -6.2867259231e-07   2.0000000000e-02 
  1.8960195594e+21   1.9325399000e+18   8.7212999808e+61   2.2245872600e-24   5.1871390088e-14  -6.9541963022e-07   2.0000000000e-02 
  1.8979520993e+21   1.9325399000e+18   8.7390966862e+61   2.2245872600e-24   5.1871390088e-14  -5.5728554928e-07   2.0000000000e-02 
  1.8998846392e+21   1.9325399000e+18   8.7569115311e+61   2.2245872600e-24   5.1871390088e-14  -5.5040684458e-07   2.0000000000e-02 
  1.9018171791e+21   1.9325399000e+18   8.7747445155e+61   2.2245872600e-24   5.1871390088e-14  -4.6384552184e-07   2.0000000000e-02 
  1.9037497190e+21   1.9325399000e+18   8.7925956394e+61   2.2245872600e-24   5.1871390088e-14  -2.9108039855e-07   2.0000000000e-02 
  1.9056822589e+21   1.9325399000e+18   8.8104649028e+61   2.2245872600e-24   5.1871390088e-14  -2.9527003763e-07   2.0000000000e-02 
  1.9076147988e+21   1.9325399000e+18   8.8283523057e+61   2.2245872600e-24   5.1871390088e-14   1.4532326567e-08   2.0000000000e-02 
  1.9095473387e+21   1.9325399000e+18   8.8462578481e+61   2.2245872600e-24   5.1871390088e-14   6.9650049137e-07   2.0000000000e-02 
  1.9114798786e+21   1.9325399000e+18   8.8641815300e+61   2.2245872600e-24   5.1871390088e-14   1.0496800886e-06   2.0000000000e-02 
  1.9134124185e+21   1.9325399000e+18   8.8821233514e+61   2.2245872600e-24   5.1871390088e-14   1.1290762338e-06   2.0000000000e-02 
  1.9153449584e+21   1.9325399000e+18   8.9000833123e+61   2.2245872600e-24   5.1871390088e-14   1.1488061133e-06   2.0000000000e-02 
  1.9172774983e+21   1.9325399000e+18   8.9180614127e+61   2.2245872600e-24   5.1871390088e-14   1.1493886927e-06   2.0000000000e-02 
  1.9192100382e+21   1.9325399000e+18   8.9360576526e+61   2.2245872600e-24   5.1871390088e-14   1.1435482110e-06   2.0000000000e-02 
  1.9211425782e+21   1.9325400000e+18   8.9540724957e+61   2.2245872600e-24   5.1871390088e-14   1.1075404640e-06   2.0000000000e-02 
  1.9230751181e+21   1.9325399000e+18   8.9721045518e+61   2.2245872600e-24   5.1871390088e-14   1.0781827962e-06   2.0000000000e-02 
  1.9250076580e+21   1.9325399000e+18   8.9901552101e+61   2.2245872600e-24   5.1871390088e-14   1.0857146257e-06   2.0000000000e-02 
  1.9269401979e+21   1.9325399000e+18   9.0082240080e+61   2.2245872600e-24   5.1871390088e-14   1.1127226765e-06   2.0000000000e-02 
  1.9288727378e+21   1.9325399000e+18   9.0263109454e+61   2.2245872600e-24   5.1871390088e-14   1.0783554317e-06   2.0000000000e-02 
  1.9308052777e+21   1.9325399000e+18   9.0444160223e+61   2.2245872600e-24   5.1871390088e-14   8.4128311476e-07   2.0000000000e-02 
  1.9327378176e+21   1.9325399000e+18   9.0625392386e+61   2.2245872600e-24   5.1871390088e-14  -7.3746201307e-08   2.0000000000e-02 
  1.9346703575e+21   1.9325399000e+18   9.0806805945e+61   2.2245872600e-24   5.1871390088e-14  -9.5560929726e-07   2.0000000000e-02 
  1.9366028974e+21   1.9325399000e+18   9.0988400899e+61   2.2245872600e-24   5.1871390088e-14  -1.1432394657e-06   2.0000000000e-02 
  1.9385354373e+21   1.9325399000e+18   9.1170177248e+61   2.2245872600e-24   5.1871390088e-14  -1.2111679116e-06   2.0000000000e-02 
  1.9404679772e+21   1.9325399000e+18   9.1352134991e+61   2.2245872600e-24   5.1871390088e-14  -1.2582815435e-06   2.0000000000e-02 
  1.9424005171e+21   1.9325399000e+18   9.1534274130e+61   2.2245872600e-24   5.1871390088e-14  -1.2880665569e-06   2.0000000000e-02 
  1.9443330570e+21   1.9325399000e+18   9.1716594664e+61   2.2245872600e-24   5.1871390088e-14  -1.2876022274e-06   2.0000000000e-02 
  1.9462655969e+21   1.9325399000e+18   9.1899096592e+61   2.2245872600e-24   5.1871390088e-14  -1.3079275926e-06   2.0000000000e-02 
  1.9481981368e+21   1.9325399000e+18   9.2081779916e+61   2.2245872600e-24   5.1871390088e-14  -1.3389997519e-06   2.0000000000e-02 
  1.9501306767e+21   1.9325399000e+18   9.2264644634e+61   2.2245872600e-24   5.1871390088e-14  -1.3185183434e-06   2.0000000000e-02 
  1.9520632166e+21   1.9325399000e+18   9.2447690748e+61   2.2245872600e-24   5.1871390088e-14  -1.2909514071e-06   2.0000000000e-02 
  1.9539957565e+21   1.9325399000e+18   9.2630918256e+61   2.2245872600e-24   5.1871390088e-14  -1.2849072501e-06   2.0000000000e-02 
  1.9559282965e+21   1.9325400000e+18   9.2814331967e+61   2.2245872600e-24   5.1871390088e-14  -1.2616714325e-06   2.0000000000e-02 
  1.9578608364e+21   1.9325399000e+18   9.2997917468e+61   2.2245872600e-24   5.1871390088e-14  -1.2544516018e-06   2.0000000000e-02 
  1.9597933763e+21   1.9325399000e+18   9.3181689161e+61   2.2245872600e-24   5.1871390088e-14  -1.3241715868e-06   2.0000000000e-02 
  1.9617259162e+21   1.9325399000e+18   9.3365642250e+61   2.2245872600e-24   5.1871390088e-14  -1.3606629467e-06   2.0000000000e-02 
  1.9636584561e+21   1.9325399000e+18   9.3549776733e+61   2.2245872600e-24   5.1871390088e-14  -1.3368441411e-06   2.0000000000e-02 
  1.9655909960e+21   1.9325399000e+18   9.3734092612e+61   2.2245872600e-24   5.1871390088e-14  -1.2976094732e-06   2.0000000000e-02 
  1.9675235359e+21   1.9325399000e+18   9.3918589885e+61   2.2245872600e-24   5.1871390088e-14  -1.2896908238e-06   2.0000000000e-02 
  1.9694560758e+21   1.9325399000e+18   9.4103268554e+61   2.2245872600e-24   5.1871390088e-14  -1.2807228554e-06   2.0000000000e-02 
  1.9713886157e+21   1.9325399000e+18   9.4288128617e+61   2.2245872600e-24   5.1871390088e-14  -1.2012560865e-06   2.0000000000e-02 
  1.9733211556e+21   1.9325399000e+18   9.4473170075e+61   2.2245872600e-24   5.1871390088e-14  -1.1930976608e-06   2.0000000000e-02 
  1.9752536955e+21   1.9325399000e+18   9.4658392929e+61   2.2245872600e-24   5.1871390088e-14  -1.1674687250e-06   2.0000000000e-02 
  1.9771862354e+21   1.9325399000e+18   9.4843797177e+61   2.2245872600e-24   5.1871390088e-14  -1.1272619694e-06   2.0000000000e-02 
  1.9791187753e+21   1.9325399000e+18   9.5029382820e+61   2.2245872600e-24   5.1871390088e-14  -1.0706674405e-06   2.0000000000e-02 
  1.9810513152e+21   1.9325399000e+18   9.5215149859e+61   2.2245872600e-24   5.1871390088e-14  -8.5106702827e-07   2.0000000000e-02 
  1.9829838551e+21   1.9325399000e+18   9.5401098292e+61   2.2245872600e-24   5.1871390088e-14   2.4018963640e-08   2.0000000000e-02 
  1.9849163950e+21   1.9325399000e+18   9.5587228120e+61   2.2245872600e-24   5.1871390088e-14   1.0134516601e-06   2.0000000000e-02 
  1.9868489349e+21   1.9325399000e+18   9.5773539343e+61   2.2245872600e-24   5.1871390088e-14   1.1955872645e-06   2.0000000000e-02 
  1.9887814748e+21   1.9325399000e+18   9.5960031962e+61   2.2245872600e-24   5.1871390088e-14   1.0614067434e-06   2.0000000000e-02 
  1.9907140147e+21   1.9325399000e+18   9.6146705975e+61   2.2245872600e-24   5.1871390088e-14   5.6995677373e-07   2.0000000000e-02 
  1.9926465546e+21   1.9325399000e+18   9.6333561383e+61   2.2245872600e-24   5.1871390088e-14  -2.8666483932e-07   2.0000000000e-02 
  1.9945790945e+21   1.9325399000e+18   9.6520598186e+61   2.2245872600e-24   5.1871390088e-14  -8.2642920151e-07   2.0000000000e-02 
  1.9965116344e+21   1.9325399000e+18   9.6707816384e+61   2.2245872600e-24   5.1871390088e-14  -9.2973633397e-07   2.0000000000e-02 
  1.9984441743e+21   1.9325399000e+18   9.6895215977e+61   2.2245872600e-24   5.1871390088e-14  -9.9999841029e-07   2.0000000000e-02 
  2.0003767142e+21   1.9325399000e+18   9.7082796965e+61   2.2245872600e-24   5.1871390088e-14  -1.0457259988e-06   2.0000000000e-02 
  2.0023092541e+21   1.9325399000e+18   9.7270559349e+61   2.2245872600e-24   5.1871390088e-14  -9.8728336578e-07   2.0000000000e-02 
  2.0042417940e+21   1.9325399000e+18   9.7458503127e+61   2.2245872600e-24   5.1871390088e-14  -8.0266000773e-07   2.0000000000e-02 
  2.0061743339e+21   1.9325399000e+18   9.7646628300e+61   2.2245872600e-24   5.1871390088e-14  -5.1201160584e-07   2.0000000000e-02 
  2.0081068738e+21   1.9325399000e+18   9.7834934868e+61   2.2245872600e-24   5.1871390088e-14  -5.9062201091e-07   2.0000000000e-02 
  2.0100394137e+21   1.9325399000e+18   9.8023422831e+61   2.2245872600e-24   5.1871390088e-14  -9.0702197245e-07   2.0000000000e-02 
  2.0119719536e+21   1.9325399000e+18   9.8212092189e+61   2.2245872600e-24   5.1871390088e-14  -9.3900589822e-07   2.0000000000e-02 
  2.0139044935e+21   1.9325399000e+18   9.8400942942e+61   2.2245872600e-24   5.1871390088e-14  -9.8170988924e-07   2.0000000000e-02 
  2.0158370334e+21   1.9325399000e+18   9.8589975090e+61   2.2245872600e-24   5.1871390088e-14  -1.0242777854e-06   2.0000000000e-02 
  2.0177695733e+21   1.9325399000e+18   9.8779188633e+61   2.2245872600e-24   5.1871390088e-14  -9.9139994965e-07   2.0000000000e-02 
  2.0197021132e+21   1.9325399000e+18   9.8968583570e+61   2.2245872600e-24   5.1871390088e-14  -8.7508100550e-07   2.0000000000e-02 
  2.0216346531e+21   1.9325399000e+18   9.9158159903e+61   2.2245872600e-24   5.1871390088e-14  -4.3017062168e-07   2.0000000000e-02 
  2.0235671930e+21   1.9325399000e+18   9.9347917631e+61   2.2245872600e-24   5.1871390088e-14   2.0117558077e-07   2.0000000000e-02 
  2.0254997329e+21   1.9325399000e+18   9.9537856754e+61   2.2245872600e-24   5.1871390088e-14   1.7909286425e-07   2.0000000000e-02 
  2.0274322728e+21   1.9325399000e+18   9.9727977272e+61   2.2245872600e-24   5.1871390088e-14  -3.9453145846e-07   2.0000000000e-02 
  2.0293648127e+21   1.9325399000e+18   9.9918279185e+61   2.2245872600e-24   5.1871390088e-14  -6.8689499000e-07   2.0000000000e-02 
  2.0312973526e+21   1.9325399000e+18   1.0010876249e+62   2.2245872600e-24   5.1871390088e-14  -6.2057518135e-07   2.0000000000e-02 
  2.0332298925e+21   1.9325399000e+18   1.0029942720e+62   2.2245872600e-24   5.1871390088e-14  -3.4047947894e-07   2.0000000000e-02 
  2.0351624324e+21   1.9325399000e+18   1.0049027329e+62   2.2245872600e-24   5.1871390088e-14  -2.8700793423e-07   2.0000000000e-02 
  2.0370949723e+21   1.9325399000e+18   1.0068130079e+62   2.2245872600e-24   5.1871390088e-14  -4.9420107312e-07   2.0000000000e-02 
  2.0390275122e+21   1.9325399000e+18   1.0087250967e+62   2.2245872600e-24   5.1871390088e-14  -7.5426734841e-07   2.0000000000e-02 
  2.0409600521e+21   1.9325399000e+18   1.0106389996e+62   2.2245872600e-24   5.1871390088e-14  -9.8785325349e-07   2.0000000000e-02 
  2.0428925920e+21   1.9325399000e+18   1.0125547163e+62   2.2245872600e-24   5.1871390088e-14  -1.0980039628e-06   2.0000000000e-02 
  2.0448251319e+21   1.9325399000e+18   1.0144722471e+62   2.2245872600e-24   5.1871390088e-14  -1.1371733545e-06   2.0000000000e-02 
  2.0467576718e+21   1.9325399000e+18   1.0163915917e+62   2.2245872600e-24   5.1871390088e-14  -1.0772550476e-06   2.0000000000e-02 
  2.0486902117e+21   1.9325399000e+18   1.0183127504e+62   2.2245872600e-24   5.1871390088e-14  -1.0005657405e-06   2.0000000000e-02 
  2.0506227516e+21   1.9325399000e+18   1.0202357229e+62   2.2245872600e-24   5.1871390088e-14  -1.0258925826e-06   2.0000000000e-02 
  2.0525552915e+21   1.9325399000e+18   1.0221605095e+62   2.2245872600e-24   5.1871390088e-14  -1.0152327984e-06   2.0000000000e-02 
  2.0544878314e+21   1.9325399000e+18   1.0240871099e+62   2.2245872600e-24   5.1871390088e-14  -1.0960494446e-06   2.0000000000e-02 
  2.0564203713e+21   1.9325399000e+18   1.0260155244e+62   2.2245872600e-24   5.1871390088e-14  -1.1343980578e-06   2.0000000000e-02 
  2.0583529112e+21   1.9325399000e+18   1.0279457527e+62   2.2245872600e-24   5.1871390088e-14  -1.0464632733e-06   2.0000000000e-02 
  2.0602854511e+21   1.9325399000e+18   1.0298777951e+62   2.2245872600e-24   5.1871390088e-14  -9.1798852578e-07   2.0000000000e-02 
  2.0622179910e+21   1.9325399000e+18   1.0318116513e+62   2.2245872600e-24   5.1871390088e-14  -6.5502096246e-07   2.0000000000e-02 
  2.0641505309e+21   1.9325399000e+18   1.0337473216e+62   2.2245872600e-24   5.1871390088e-14  -4.6424022634e-07   2.0000000000e-02 
  2.0660830708e+21   1.9325399000e+18   1.0356848057e+62   2.2245872600e-24   5.1871390088e-14  -3.7344594265e-07   2.0000000000e-02 
  2.0680156107e+21   1.9325399000e+18   1.0376241039e+62   2.2245872600e-24   5.1871390089e-14  -3.1134538674e-08   2.0000000000e-02 
  2.0699481506e+21   1.9325399000e+18   1.0395652159e+62   2.2245872600e-24   5.1871390088e-14  -7.6903262648e-08   2.0000000000e-02 
  2.0718806905e+21   1.9325399000e+18   1.0415081420e+62   2.2245872600e-24   5.1871390088e-14  -5.5127404556e-07   2.0000000000e-02 
  2.0738132304e+21   1.9325399000e+18   1.0434528819e+62   2.2245872600e-24   5.1871390088e-14  -7.8595109074e-07   2.0000000000e-02 
  2.0757457703e+21   1.9325399000e+18   1.0453994359e+62   2.2245872600e-24   5.1871390088e-14  -7.9163337008e-07   2.0000000000e-02 
  2.0776783102e+21   1.9325399000e+18   1.0473478037e+62   2.2245872600e-24   5.1871390088e-14  -6.4040661134e-07   2.0000000000e-02 
  2.0796108501e+21   1.9325399000e+18   1.0492979856e+62   2.2245872600e-24   5.1871390088e-14   4.6558416827e-08   2.0000000000e-02 
  2.0815433900e+21   1.9325399000e+18   1.0512499813e+62   2.2245872600e-24   5.1871390088e-14   8.0569862190e-07   2.0000000000e-02 
  2.0834759299e+21   1.9325399000e+18   1.0532037911e+62   2.2245872600e-24   5.1871390088e-14   7.7785816165e-07   2.0000000000e-02 
  2.0854084698e+21   1.9325399000e+18   1.0551594147e+62   2.2245872600e-24   5.1871390088e-14   4.7913617379e-08   2.0000000000e-02 
  2.0873410097e+21   1.9325399000e+18   1.0571168524e+62   2.2245872600e-24   5.1871390088e-14  -5.2777375265e-07   2.0000000000e-02 
  2.0892735496e+21   1.9325399000e+18   1.0590761039e+62   2.2245872600e-24   5.1871390088e-14  -5.9021790661e-07   2.0000000000e-02 
  2.0912060895e+21   1.9325399000e+18   1.0610371695e+62   2.2245872600e-24   5.1871390088e-14  -4.2850165542e-07   2.0000000000e-02 
  2.0931386294e+21   1.9325399000e+18   1.0630000489e+62   2.2245872600e-24   5.1871390088e-14  -5.1460974630e-07   2.0000000000e-02 
  2.0950711693e+21   1.9325399000e+18   1.0649647423e+62   2.2245872600e-24   5.1871390088e-14  -8.2994895508e-07   2.0000000000e-02 
  2.0970037092e+21   1.9325399000e+18   1.0669312497e+62   2.2245872600e-24   5.1871390088e-14  -9.5974250407e-07   2.0000000000e-02 
  2.0989362491e+21   1.9325399000e+18   1.0688995710e+62   2.2245872600e-24   5.1871390088e-14  -9.8672268282e-07   2.0000000000e-02 
  2.1008687890e+21   1.9325399000e+18   1.0708697063e+62   2.2245872600e-24   5.1871390088e-14  -1.0206540556e-06   2.0000000000e-02 
  2.1028013289e+21   1.9325399000e+18   1.0728416555e+62   2.2245872600e-24   5.1871390088e-14  -9.7741964383e-07   2.0000000000e-02 
  2.1047338688e+21   1.9325399000e+18   1.0748154187e+62   2.2245872600e-24   5.1871390088e-14  -9.5121927761e-07   2.0000000000e-02 
  2.1066664087e+21   1.9325399000e+18   1.0767909958e+62   2.2245872600e-24   5.1871390088e-14  -8.3004412958e-07   2.0000000000e-02 
  2.1085989486e+21   1.9325399000e+18   1.0787683869e+62   2.2245872600e-24   5.1871390088e-14  -7.4296848585e-07   2.0000000000e-02 
  2.1105314885e+21   1.9325399000e+18   1.0807475919e+62   2.2245872600e-24   5.1871390088e-14  -6.7152405039e-07   2.0000000000e-02 
  2.1124640284e+21   1.9325399000e+18   1.0827286109e+62   2.2245872600e-24   5.1871390088e-14  -4.6825791218e-07   2.0000000000e-02 
  2.1143965683e+21   1.9325399000e+18   1.0847114438e+62   2.2245872600e-24   5.1871390088e-14  -5.1111405128e-07   2.0000000000e-02 
  2.1163291082e+21   1.9325399000e+18   1.0866960907e+62   2.2245872600e-24   5.1871390088e-14  -7.9704904357e-07   2.0000000000e-02 
  2.1182616481e+21   1.9325399000e+18   1.0886825515e+62   2.2245872600e-24   5.1871390088e-14  -9.2171441380e-07   2.0000000000e-02 
  2.1201941880e+21   1.9325399000e+18   1.0906708263e+62   2.2245872600e-24   5.1871390088e-14  -9.6351697317e-07   2.0000000000e-02 
  2.1221267279e+21   1.9325399000e+18   1.0926609150e+62   2.2245872600e-24   5.1871390088e-14  -9.4525606544e-07   2.0000000000e-02 
  2.1240592678e+21   1.9325399000e+18   1.0946528177e+62   2.2245872600e-24   5.1871390088e-14  -8.7353690390e-07   2.0000000000e-02 
  2.1259918077e+21   1.9325399000e+18   1.0966465343e+62   2.2245872600e-24   5.1871390089e-14  -7.1009449666e-07   2.0000000000e-02 
  2.1279243476e+21   1.9325399000e+18   1.0986420648e+62   2.2245872600e-24   5.1871390089e-14  -3.9559219236e-07   2.0000000000e-02 
  2.1298568875e+21   1.9325399000e+18   1.1006394094e+62   2.2245872600e-24   5.1871390089e-14  -3.9050715337e-07   2.0000000000e-02 
  2.1317894274e+21   1.9325399000e+18   1.1026385678e+62   2.2245872600e-24   5.1871390089e-14  -6.7945621367e-07   2.0000000000e-02 
  2.1337219673e+21   1.9325399000e+18   1.1046395402e+62   2.2245872600e-24   5.1871390089e-14  -8.4970953944e-07   2.0000000000e-02 
  2.1356545072e+21   1.9325399000e+18   1.1066423266e+62   2.2245872600e-24   5.1871390089e-14  -8.1592657142e-07   2.0000000000e-02 
  2.1375870471e+21   1.9325399000e+18   1.1086469269e+62   2.2245872600e-24   5.1871390089e-14  -7.3977648943e-07   2.0000000000e-02 
  2.1395195870e+21   1.9325399000e+18   1.1106533412e+62   2.2245872600e-24   5.1871390089e-14  -8.0621862359e-07   2.0000000000e-02 
  2.1414521269e+21   1.9325399000e+18   1.1126615694e+62   2.2245872600e-24   5.1871390089e-14  -9.3503499413e-07   2.0000000000e-02 
  2.1433846668e+21   1.9325399000e+18   1.1146716116e+62   2.2245872600e-24   5.1871390089e-14  -9.8262650421e-07   2.0000000000e-02 
  2.1453172067e+21   1.9325399000e+18   1.1166834677e+62   2.2245872600e-24   5.1871390089e-14  -1.0385979822e-06   2.0000000000e-02 
  2.1472497466e+21   1.9325399000e+18   1.1186971378e+62   2.2245872600e-24   5.1871390089e-14  -1.0938957602e-06   2.0000000000e-02 
  2.1491822865e+21   1.9325399000e+18   1.1207126218e+62   2.2245872600e-24   5.1871390089e-14  -1.0890532927e-06   2.0000000000e-02 
  2.1511148264e+21   1.9325399000e+18   1.1227299198e+62   2.2245872600e-24   5.1871390089e-14  -1.0815152282e-06   2.0000000000e-02 
  2.1530473663e+21   1.9325399000e+18   1.1247490317e+62   2.2245872600e-24   5.1871390089e-14  -1.0895214389e-06   2.0000000000e-02 
  2.1549799062e+21   1.9325399000e+18   1.1267699575e+62   2.2245872600e-24   5.1871390089e-14  -1.1011145960e-06   2.0000000000e-02 
  2.1569124461e+21   1.9325399000e+18   1.1287926974e+62   2.2245872600e-24   5.1871390089e-14  -1.1151489433e-06   2.0000000000e-02 
  2.1588449860e+21   1.9325399000e+18   1.1308172511e+62   2.2245872600e-24   5.1871390089e-14  -1.0614701906e-06   2.0000000000e-02 
  2.1607775259e+21   1.9325399000e+18   1.1328436188e+62   2.2245872600e-24   5.1871390089e-14  -9.2664526975e-07   2.0000000000e-02 
  2.1627100658e+21   1.9325399000e+18   1.1348718005e+62   2.2245872600e-24   5.1871390089e-14  -5.2254618096e-07   2.0000000000e-02 
  2.1646426057e+21   1.9325399000e+18   1.1369017961e+62   2.2245872600e-24   5.1871390089e-14   6.4910516616e-07   2.0000000000e-02 
  2.1665751456e+21   1.9325399000e+18   1.1389336057e+62   2.2245872600e-24   5.1871390088e-14   1.5986283518e-06   2.0000000000e-02 
  2.1685076855e+21   1.9325399000e+18   1.1409672292e+62   2.2245872600e-24   5.1871390089e-14   1.9973824131e-06   2.0000000000e-02 
  2.1704402254e+21   1.9325399000e+18   1.1430026667e+62   2.2245872600e-24   5.1871390088e-14   2.1523970219e-06   2.0000000000e-02 
  2.1723727653e+21   1.9325399000e+18   1.1450399181e+62   2.2245872600e-24   5.1871390088e-14   2.3916024726e-06   2.0000000000e-02 
  2.1743053052e+21   1.9325399000e+18   1.1470789834e+62   2.2245872600e-24   5.1871390088e-14   2.6852039788e-06   2.0000000000e-02 
  2.1762378451e+21   1.9325399000e+18   1.1491198628e+62   2.2245872600e-24   5.1871390088e-14   2.6609049019e-06   2.0000000000e-02 
  2.1781703850e+21   1.9325399000e+18   1.1511625560e+62   2.2245872600e-24   5.1871390088e-14   2.2911670146e-06   2.0000000000e-02 
  2.1801029249e+21   1.9325399000e+18   1.1532070632e+62   2.2245872600e-24   5.1871390088e-14   2.1183548370e-06   2.0000000000e-02 
  2.1820354648e+21   1.9325399000e+18   1.1552533844e+62   2.2245872600e-24   5.1871390088e-14   2.0331046185e-06   2.0000000000e-02 
  2.1839680047e+21   1.9325399000e+18   1.1573015195e+62   2.2245872600e-24   5.1871390088e-14   1.6507321530e-06   2.0000000000e-02 
  2.1859005446e+21   1.9325399000e+18   1.1593514686e+62   2.2245872600e-24   5.1871390088e-14   7.6406330052e-07   2.0000000000e-02 
  2.1878330845e+21   1.9325399000e+18   1.1614032316e+62   2.2245872600e-24   5.1871390087e-14  -4.2927241361e-07   2.0000000000e-02 
  2.1897656244e+21   1.9325399000e+18   1.1634568085e+62   2.2245872600e-24   5.1871390087e-14  -9.0563079734e-07   2.0000000000e-02 
  2.1916981643e+21   1.9325399000e+18   1.1655121995e+62   2.2245872600e-24   5.1871390087e-14  -1.0568741491e-06   2.0000000000e-02 
  2.1936307042e+21   1.9325399000e+18   1.1675694043e+62   2.2245872600e-24   5.1871390087e-14  -1.0932807681e-06   2.0000000000e-02 
  2.1955632441e+21   1.9325399000e+18   1.1696284231e+62   2.2245872600e-24   5.1871390087e-14  -1.0708161061e-06   2.0000000000e-02 
  2.1974957840e+21   1.9325399000e+18   1.1716892559e+62   2.2245872600e-24   5.1871390087e-14  -1.1049674723e-06   2.0000000000e-02 
  2.1994283239e+21   1.9325399000e+18   1.1737519026e+62   2.2245872600e-24   5.1871390087e-14  -1.0700685017e-06   2.0000000000e-02 
  2.2013608638e+21   1.9325399000e+18   1.1758163633e+62   2.2245872600e-24   5.1871390087e-14  -1.0133716244e-06   2.0000000000e-02 
  2.2032934037e+21   1.9325399000e+18   1.1778826379e+62   2.2245872600e-24   5.1871390087e-14  -1.0216557058e-06   2.0000000000e-02 
  2.2052259436e+21   1.9325399000e+18   1.1799507264e+62   2.2245872600e-24   5.1871390088e-14  -1.0346726311e-06   2.0000000000e-02 
  2.2071584835e+21   1.9325399000e+18   1.1820206290e+62   2.2245872600e-24   5.1871390088e-14  -9.5499772389e-07   2.0000000000e-02 
  2.2090910234e+21   1.9325399000e+18   1.1840923454e+62   2.2245872600e-24   5.1871390088e-14  -8.4754925482e-07   2.0000000000e-02 
  2.2110235633e+21   1.9325399000e+18   1.1861658758e+62   2.2245872600e-24   5.1871390088e-14  -8.2384517196e-07   2.0000000000e-02 
  2.2129561032e+21   1.9325399000e+18   1.1882412202e+62   2.2245872600e-24   5.1871390088e-14  -8.1298746591e-07   2.0000000000e-02 
  2.2148886431e+21   1.9325399000e+18   1.1903183785e+62   2.2245872600e-24   5.1871390088e-14  -7.7568471421e-07   2.0000000000e-02 
  2.2168211830e+21   1.9325399000e+18   1.1923973508e+62   2.2245872600e-24   5.1871390088e-14  -6.9547751755e-07   2.0000000000e-02 
  2.2187537229e+21   1.9325399000e+18   1.1944781370e+62   2.2245872600e-24   5.1871390088e-14  -5.4606780948e-07   2.0000000000e-02 
  2.2206862628e+21   1.9325399000e+18   1.1965607371e+62   2.2245872600e-24   5.1871390088e-14  -5.6009959312e-07   2.0000000000e-02 
  2.2226188027e+21   1.9325399000e+18   1.1986451512e+62   2.2245872600e-24   5.1871390088e-14  -7.4072922534e-07   2.0000000000e-02 
  2.2245513426e+21   1.9325399000e+18   1.2007313793e+62   2.2245872600e-24   5.1871390088e-14  -8.6076923391e-07   2.0000000000e-02 
  2.2264838825e+21   1.9325399000e+18   1.2028194213e+62   2.2245872600e-24   5.1871390088e-14  -8.9398214665e-07   2.0000000000e-02 
  2.2284164224e+21   1.9325399000e+18   1.2049092773e+62   2.2245872600e-24   5.1871390088e-14  -8.6131212311e-07   2.0000000000e-02 
  2.2303489623e+21   1.9325399000e+18   1.2070009472e+62   2.2245872600e-24   5.1871390088e-14  -7.9515193013e-07   2.0000000000e-02 
  2.2322815022e+21   1.9325399000e+18   1.2090944310e+62   2.2245872600e-24   5.1871390088e-14  -6.7709468709e-07   2.0000000000e-02 
  2.2342140421e+21   1.9325399000e+18   1.2111897288e+62   2.2245872600e-24   5.1871390088e-14  -6.5638637236e-07   2.0000000000e-02 
  2.2361465820e+21   1.9325399000e+18   1.2132868406e+62   2.2245872600e-24   5.1871390088e-14  -7.2949746580e-07   2.0000000000e-02 
  2.2380791219e+21   1.9325399000e+18   1.2153857663e+62   2.2245872600e-24   5.1871390088e-14  -6.1713803604e-07   2.0000000000e-02 
  2.2400116618e+21   1.9325399000e+18   1.2174865060e+62   2.2245872600e-24   5.1871390088e-14  -5.7768920358e-07   2.0000000000e-02 
  2.2419442017e+21   1.9325399000e+18   1.2195890596e+62   2.2245872600e-24   5.1871390088e-14  -5.9897729008e-07   2.0000000000e-02 
  2.2438767416e+21   1.9325399000e+18   1.2216934271e+62   2.2245872600e-24   5.1871390088e-14  -3.0106947913e-07   2.0000000000e-02 
  2.2458092815e+21   1.9325399000e+18   1.2237996086e+62   2.2245872600e-24   5.1871390088e-14   0.0000000000e+00   2.0000000000e-02 
