# time = 3.857626e+15 [s] 
# r                  dr                 dV                 Density            Pressure           Velocity           Z
  2.1304517832e+18   2.1304517832e+18   4.0504543150e+55   3.9213616308e-31   3.0414516745e-14   0.0000000000e+00   9.9248591688e-02 
  2.6086036812e+18   4.7815189804e+17   3.3850925928e+55   3.9213616308e-31   3.0414516745e-14  -7.3009180641e+03   9.9248591688e-02 
  3.5002751902e+18   8.9167150892e+17   1.0528127652e+56   3.9215477515e-31   3.0414355403e-14  -1.4435058950e+04   9.9248591688e-02 
  4.4678511211e+18   9.6757593092e+17   1.9394417530e+56   3.9222156053e-31   3.0414403448e-14  -2.4530088532e+04   9.9248591688e-02 
  4.9273215904e+18   4.5947046928e+17   1.2751553820e+56   3.9231499980e-31   3.0414429079e-14  -3.0970914530e+04   9.9248591688e-02 
  5.3334019343e+18   4.0608034392e+17   1.3438305028e+56   3.9243256948e-31   3.0414430010e-14  -3.4641186983e+04   9.9248591688e-02 
  6.0407696379e+18   7.0736770356e+17   2.8786853252e+56   3.9268140338e-31   3.0414431479e-14  -3.9164726285e+04   9.9248591688e-02 
  6.6883038952e+18   6.4753425731e+17   3.2989875356e+56   3.9306299635e-31   3.0414434779e-14  -4.4524130084e+04   9.9248591688e-02 
  7.5561410291e+18   8.6783713394e+17   5.5388061998e+56   3.9359770901e-31   3.0414439249e-14  -5.0345153716e+04   9.9248591688e-02 
  8.4017192194e+18   8.4557819027e+17   6.7711000889e+56   3.9430657969e-31   3.0414446600e-14  -5.6813546048e+04   9.9248591688e-02 
  9.4585834072e+18   1.0568641879e+18   1.0603598804e+57   3.9522740127e-31   3.0414458691e-14  -6.3891048493e+04   9.9248591688e-02 
  1.0555972166e+19   1.0973887591e+18   1.3824112751e+57   3.9640864647e-31   3.0414476687e-14  -7.1829055196e+04   9.9248591688e-02 
  1.1852158386e+19   1.2961862198e+18   2.0469754561e+57   3.9788946260e-31   3.0414496381e-14  -8.0584071821e+04   9.9248591688e-02 
  1.3244895689e+19   1.3927373026e+18   2.7587361189e+57   3.9973619712e-31   3.0414515711e-14  -9.0385405496e+04   9.9248591688e-02 
  1.4837916192e+19   1.5930205030e+18   3.9510997759e+57   4.0200239160e-31   3.0414536204e-14  -1.0122854395e+05   9.9248591688e-02 
  1.6633687867e+19   1.7957716757e+18   5.5938372240e+57   4.0481858821e-31   3.0414549846e-14  -1.1343249804e+05   9.9248591688e-02 
  1.8638242422e+19   2.0045545546e+18   7.8432041547e+57   4.0825355456e-31   3.0414562101e-14  -1.2714530328e+05   9.9248591688e-02 
  2.0900301544e+19   2.2620591218e+18   1.1121637815e+58   4.1242489070e-31   3.0414614668e-14  -1.4265082552e+05   9.9248591688e-02 
  2.3354408524e+19   2.4541069804e+18   1.5114970726e+58   4.1738384308e-31   3.0414663604e-14  -1.5971854363e+05   9.9248591688e-02 
  2.6143268192e+19   2.7888596682e+18   2.1488469577e+58   4.2329749521e-31   3.0414701756e-14  -1.7867429832e+05   9.9248591688e-02 
  2.9142470541e+19   2.9992023489e+18   2.8827547973e+58   4.3026657078e-31   3.0414735200e-14  -1.9951318658e+05   9.9248591688e-02 
  3.2623924356e+19   3.4814538147e+18   4.1770982679e+58   4.3858946607e-31   3.0414773146e-14  -2.2274253954e+05   9.9248591688e-02 
  3.6323917462e+19   3.6999931058e+18   5.5310658975e+58   4.4838139457e-31   3.0414837299e-14  -2.4859716996e+05   9.9248591688e-02 
  4.0520613369e+19   4.1966959072e+18   7.7931826681e+58   4.5982068930e-31   3.0414937720e-14  -2.7716714214e+05   9.9248591688e-02 
  4.4987670111e+19   4.4670567416e+18   1.0270288017e+59   4.7311734805e-31   3.0415054489e-14  -3.0835668845e+05   9.9248591688e-02 
  5.0087916883e+19   5.1002467729e+18   1.4497578941e+59   4.8869132434e-31   3.0415193944e-14  -3.4279345037e+05   9.9248591688e-02 
  5.5104028521e+19   5.0161116374e+18   1.7450629368e+59   5.0611142437e-31   3.0415347808e-14  -3.7917887085e+05   9.9248591688e-02 
  6.2719289885e+19   7.6152613636e+18   3.3258411908e+59   5.2924089208e-31   3.0415585321e-14  -4.2443431841e+05   9.9248591688e-02 
  7.4052792139e+19   1.1333502255e+19   6.6757768517e+59   5.6557194181e-31   3.0415930767e-14  -4.9210284305e+05   9.9248591688e-02 
  7.8310140830e+19   4.2573486910e+18   3.1057089624e+59   5.9655887932e-31   3.0416304674e-14  -5.4799993375e+05   9.9248591688e-02 
  8.2150441757e+19   3.8403009271e+18   3.1069536240e+59   6.1429890216e-31   3.0416465957e-14  -5.7697960055e+05   9.9248591688e-02 
  8.6180533578e+19   4.0300918206e+18   3.5881935719e+59   6.3346947043e-31   3.0416684305e-14  -6.0530881500e+05   9.9248591688e-02 
  9.0491565119e+19   4.3110315409e+18   4.2281773663e+59   6.5593070445e-31   3.0416914720e-14  -6.3517091434e+05   9.9248591688e-02 
  9.4490918406e+19   3.9993532870e+18   4.3000006036e+59   6.8052610890e-31   3.0417140853e-14  -6.6492634787e+05   9.9248591688e-02 
  9.9596008222e+19   5.1050898158e+18   6.0429078338e+59   7.1035006787e-31   3.0417394699e-14  -6.9742153517e+05   9.9248591688e-02 
  1.0461251910e+20   5.0165108762e+18   6.5733495914e+59   7.4629712472e-31   3.0417704528e-14  -7.3337294452e+05   9.9248591688e-02 
  1.0944876653e+20   4.8362474353e+18   6.9631945716e+59   7.8432423960e-31   3.0417995675e-14  -7.6824869174e+05   9.9248591688e-02 
  1.1408805486e+20   4.6392883255e+18   7.2838623368e+59   8.2419378925e-31   3.0418326464e-14  -8.0188328950e+05   9.9248591688e-02 
  1.1979652569e+20   5.7084708282e+18   9.8120345738e+59   8.7186340648e-31   3.0418694295e-14  -8.3867848610e+05   9.9248591688e-02 
  1.2556942364e+20   5.7728979539e+18   1.0920750059e+60   9.2898591538e-31   3.0419122314e-14  -8.7941701149e+05   9.9248591688e-02 
  1.3112744699e+20   5.5580233537e+18   1.1507454087e+60   9.9001215752e-31   3.0419572901e-14  -9.1945674385e+05   9.9248591688e-02 
  1.3668105057e+20   5.5536035730e+18   1.2515139754e+60   1.0551122433e-30   3.0420039846e-14  -9.5856808734e+05   9.9248591688e-02 
  1.4324492234e+20   6.5638717765e+18   1.6161287036e+60   1.1324530296e-30   3.0420577023e-14  -1.0011617090e+06   9.9248591688e-02 
  1.4985808019e+20   6.6131578445e+18   1.7851428929e+60   1.2232092985e-30   3.0421220413e-14  -1.0474536554e+06   9.9248591688e-02 
  1.5620698365e+20   6.3489034623e+18   1.8686949096e+60   1.3198831197e-30   3.0421928118e-14  -1.0928236095e+06   9.9248591688e-02 
  1.6303742327e+20   6.8304396147e+18   2.1873152856e+60   1.4270042306e-30   3.0422727083e-14  -1.1387113461e+06   9.9248591688e-02 
  1.7081789164e+20   7.7804683709e+18   2.7249015794e+60   1.5560990669e-30   3.0423736143e-14  -1.1893179749e+06   9.9248591688e-02 
  1.7843417385e+20   7.6162822130e+18   2.9190377164e+60   1.7030904927e-30   3.0424958382e-14  -1.2423371826e+06   9.9248591688e-02 
  1.8516176509e+20   6.7275912418e+18   2.7944547116e+60   1.8517921357e-30   3.0426201190e-14  -1.2915678662e+06   9.9248591688e-02 
  1.9398128276e+20   8.8195176662e+18   3.9836321378e+60   2.0291745552e-30   3.0427700521e-14  -1.3451564106e+06   9.9248591688e-02 
  2.0470298289e+20   1.0721700134e+19   5.3552087644e+60   2.2705646100e-30   3.0429752310e-14  -1.4123199032e+06   9.9248591688e-02 
  2.1563098078e+20   1.0927997889e+19   6.0670458797e+60   2.5579142041e-30   3.0432258183e-14  -1.4864031576e+06   9.9248591688e-02 
  2.2572791254e+20   1.0096931757e+19   6.1801471271e+60   2.8585509976e-30   3.0434876326e-14  -1.5579450970e+06   9.9248591688e-02 
  2.3816601222e+20   1.2438099678e+19   8.4109554946e+60   3.2097317106e-30   3.0438330662e-14  -1.6338763333e+06   9.9248591688e-02 
  2.4906843129e+20   1.0902419073e+19   8.1324459268e+60   3.6020607547e-30   3.0443035678e-14  -1.7107504944e+06   9.9248591688e-02 
  2.6497618956e+20   1.5907758269e+19   1.3209887175e+61   4.0923895647e-30   3.0450716364e-14  -1.7955358709e+06   9.9248591688e-02 
  2.7649616811e+20   1.1519978557e+19   1.0612547469e+61   4.6258098416e-30   3.0460839314e-14  -1.8806508176e+06   9.9248591688e-02 
  2.8676309837e+20   1.0266930252e+19   1.0234232295e+61   5.0907380927e-30   3.0470977878e-14  -1.9469689967e+06   9.9248591688e-02 
  2.9757146483e+20   1.0808366459e+19   1.1595316593e+61   5.5508109274e-30   3.0482699362e-14  -2.0091131931e+06   9.9248591688e-02 
  3.0754237422e+20   9.9709093984e+18   1.1470916482e+61   5.9677642871e-30   3.0495950125e-14  -2.0688203659e+06   9.9248591688e-02 
  3.2241186844e+20   1.4869494210e+19   1.8541494125e+61   6.4040316402e-30   3.0513994725e-14  -2.1379367160e+06   9.9248591688e-02 
  3.3775202723e+20   1.5340158797e+19   2.1006873753e+61   6.8870169263e-30   3.0540066684e-14  -2.2200593830e+06   9.9248591688e-02 
  3.4784513095e+20   1.0093103716e+19   1.4905412502e+61   7.2502270956e-30   3.0564605355e-14  -2.2862467318e+06   9.9248591688e-02 
  3.5735065467e+20   9.5055237235e+18   1.4851545183e+61   7.4834494008e-30   3.0585125043e-14  -2.3352844601e+06   9.9248591688e-02 
  3.7281503215e+20   1.5464377474e+19   2.5905387067e+61   7.7235021473e-30   3.0613172096e-14  -2.3953364118e+06   9.9248591688e-02 
  3.9006629628e+20   1.7251264131e+19   3.1547052564e+61   7.9931740904e-30   3.0652144266e-14  -2.4712292908e+06   9.9248591688e-02 
  4.0827157551e+20   1.8205279234e+19   3.6458261484e+61   8.2402461682e-30   3.0695796809e-14  -2.5490199277e+06   9.9248591688e-02 
  4.1849113310e+20   1.0219557589e+19   2.1946529103e+61   8.4103544758e-30   3.0731375027e-14  -2.6076324585e+06   9.9248591688e-02 
  4.2832090295e+20   9.8297698483e+18   2.2145565383e+61   8.4977142317e-30   3.0755707002e-14  -2.6457522204e+06   9.9248591688e-02 
  4.4537028843e+20   1.7049385486e+19   4.0891179771e+61   8.5802344146e-30   3.0788834182e-14  -2.6919728776e+06   9.9248591688e-02 
  4.6453729238e+20   1.9167003947e+19   4.9861220240e+61   8.6659070330e-30   3.0835943119e-14  -2.7474018254e+06   9.9248591688e-02 
  4.8123203173e+20   1.6694739349e+19   4.6918602548e+61   8.7327805734e-30   3.0885633018e-14  -2.7945691974e+06   9.9248591688e-02 
  4.9014804750e+20   8.9160157711e+18   2.6430859280e+61   8.7710539412e-30   3.0922920274e-14  -2.8255509659e+06   9.9248591688e-02 
  4.9903391153e+20   8.8858640305e+18   2.7315779089e+61   8.7898928341e-30   3.0949948621e-14  -2.8464721227e+06   9.9248591688e-02 
  5.1684785948e+20   1.7813947944e+19   5.7761823900e+61   8.8063000295e-30   3.0991255844e-14  -2.8751200667e+06   9.9248591688e-02 
  5.3182896083e+20   1.4981101353e+19   5.1761457284e+61   8.8171629616e-30   3.1041671065e-14  -2.9052784759e+06   9.9248591688e-02 
  5.4155531614e+20   9.7263553124e+18   3.5206459144e+61   8.8172055801e-30   3.1077983017e-14  -2.9204429770e+06   9.9248591688e-02 
  5.4958783325e+20   8.0325171047e+18   3.0045043526e+61   8.8117650967e-30   3.1102072032e-14  -2.9269623380e+06   9.9248591687e-02 
  5.5650228781e+20   6.9144545668e+18   2.6576297953e+61   8.8026303790e-30   3.1121418359e-14  -2.9298799351e+06   9.9248591685e-02 
  5.7366987708e+20   1.7167589263e+19   6.8894063780e+61   8.7775634689e-30   3.1152147729e-14  -2.9269465733e+06   9.9248591674e-02 
  5.8469760595e+20   1.1027728872e+19   4.6488099109e+61   8.7426779514e-30   3.1185347452e-14  -2.9184298956e+06   9.9248591641e-02 
  5.8748235791e+20   2.7847519645e+18   1.2020590323e+61   8.7212496739e-30   3.1200554644e-14  -2.9129753681e+06   9.9248591568e-02 
  5.8978945613e+20   2.3070982210e+18   1.0045464095e+61   8.7082981739e-30   3.1206222765e-14  -2.9103549050e+06   9.9248590824e-02 
  5.9801322521e+20   8.2237690763e+18   3.6451576959e+61   8.6669534469e-30   3.1218496218e-14  -2.9045465506e+06   9.9248588454e-02 
  6.0567230386e+20   7.6590786540e+18   3.4862485141e+61   8.6000681344e-30   3.1237053514e-14  -2.8954735458e+06   9.9248578213e-02 
  6.1393915937e+20   8.2668555076e+18   3.8631348306e+61   8.5275066313e-30   3.1256200124e-14  -2.8866361742e+06   9.9248538270e-02 
  6.3110709586e+20   1.7167936488e+19   8.3611587181e+61   8.4022874424e-30   3.1289238482e-14  -2.8740451061e+06   9.9248426714e-02 
  6.4540259804e+20   1.4295502178e+19   7.3183921736e+61   8.2441243882e-30   3.1332960146e-14  -2.8599888425e+06   9.9248193322e-02 
  6.5897021441e+20   1.3567616371e+19   7.2522466564e+61   8.0960110026e-30   3.1372852057e-14  -2.8494085984e+06   9.9247882051e-02 
  6.7651542763e+20   1.7545213221e+19   9.8313227835e+61   7.9230690828e-30   3.1416104644e-14  -2.8298108036e+06   9.9247032360e-02 
  6.9267950800e+20   1.6164080367e+19   9.5203215606e+61   7.7221691259e-30   3.1455100940e-14  -2.7943342982e+06   9.9244765329e-02 
  7.0829253887e+20   1.5613030874e+19   9.6275107104e+61   7.5209055409e-30   3.1483431334e-14  -2.7479273236e+06   9.9238688594e-02 
  7.2340565747e+20   1.5113118604e+19   9.7324694670e+61   7.3082101189e-30   3.1509540326e-14  -2.6986662757e+06   9.9219554169e-02 
  7.4031053412e+20   1.6904876649e+19   1.1378760122e+62   7.0689850555e-30   3.1542414328e-14  -2.6525838955e+06   9.9142892910e-02 
  7.5438818676e+20   1.4077652642e+19   9.8809860184e+61   6.8184186969e-30   3.1573290438e-14  -2.6104841971e+06   9.8875261408e-02 
  7.6239712884e+20   8.0089420758e+18   5.7886500121e+61   6.6248859872e-30   3.1593126631e-14  -2.5730228178e+06   9.8444377534e-02 
  7.6924973832e+20   6.8526094827e+18   5.0504031500e+61   6.4735756081e-30   3.1600898799e-14  -2.5403643645e+06   9.7598722683e-02 
  7.7837437914e+20   9.1246408180e+18   6.8659661937e+61   6.2838768995e-30   3.1607264784e-14  -2.5021448373e+06   9.6988771479e-02 
  7.8201566827e+20   3.6412891257e+18   2.7853012135e+61   6.1220164917e-30   3.1612270485e-14  -2.4725174533e+06   9.6711040342e-02 
  7.8368612688e+20   1.6704586185e+18   1.2864824264e+61   6.0457109850e-30   3.1614511182e-14  -2.4612258327e+06   9.6620828255e-02 
  7.8630265576e+20   2.6165288737e+18   2.0261374564e+61   5.9886570109e-30   3.1616632971e-14  -2.4526475885e+06   9.6589997370e-02 
  7.9285726102e+20   6.5546052593e+18   5.1351263359e+61   5.9020350801e-30   3.1622097977e-14  -2.4353598445e+06   9.6584323738e-02 
  7.9807692145e+20   5.2196604292e+18   4.1504779176e+61   5.8041822275e-30   3.1630532042e-14  -2.4148543097e+06   9.6582012550e-02 
  8.0181124923e+20   3.7343277862e+18   3.0029102486e+61   5.7396454188e-30   3.1638128786e-14  -2.4009765642e+06   9.6581718554e-02 
  8.0526541178e+20   3.4541625522e+18   2.8026347405e+61   5.7023613331e-30   3.1644136371e-14  -2.3900016380e+06   9.6581674346e-02 
  8.0899872469e+20   3.7333129057e+18   3.0562877113e+61   5.6750676976e-30   3.1651201813e-14  -2.3790161132e+06   9.6581671574e-02 
  8.1239078415e+20   3.3920594569e+18   2.8014874390e+61   5.6610964017e-30   3.1656757570e-14  -2.3699105000e+06   9.6581671427e-02 
  8.2522934998e+20   1.2838565834e+19   1.0816870268e+62   5.6435071041e-30   3.1670108584e-14  -2.3476233248e+06   9.6581671421e-02 
  8.3754994702e+20   1.2320597040e+19   1.0701848322e+62   5.6269191233e-30   3.1687724225e-14  -2.3053977269e+06   9.6581671417e-02 
  8.4204761118e+20   4.4976641550e+18   3.9861019580e+61   5.6191730000e-30   3.1695388174e-14  -2.2720992478e+06   9.6581671415e-02 
  8.4509193108e+20   3.0443199028e+18   2.7223417251e+61   5.6171181983e-30   3.1697441388e-14  -2.2545669364e+06   9.6581671414e-02 
  8.4801084701e+20   2.9189159345e+18   2.6286849276e+61   5.6161204950e-30   3.1699153266e-14  -2.2398188726e+06   9.6581671408e-02 
  8.5106552743e+20   3.0546804149e+18   2.7703964576e+61   5.6161689306e-30   3.1701145663e-14  -2.2250008610e+06   9.6581671359e-02 
  8.6214057218e+20   1.1075044755e+19   1.0212231147e+62   5.6190811756e-30   3.1706319546e-14  -2.1917577094e+06   9.6581671187e-02 
  8.6940044886e+20   7.2598766795e+18   6.8382855261e+61   5.6249558428e-30   3.1714069708e-14  -2.1509998463e+06   9.6581670419e-02 
  8.7245119336e+20   3.0507444981e+18   2.9078933757e+61   5.6301869898e-30   3.1719607554e-14  -2.1321123178e+06   9.6581668482e-02 
  8.7636491910e+20   3.9137257387e+18   3.7603587332e+61   5.6373322918e-30   3.1724607582e-14  -2.1209780190e+06   9.6581648579e-02 
  8.8330439815e+20   6.9394790524e+18   6.7505804316e+61   5.6482793879e-30   3.1733647683e-14  -2.1046708157e+06   9.6581585737e-02 
  8.9035469582e+20   7.0502976677e+18   6.9678679807e+61   5.6590279402e-30   3.1745928484e-14  -2.0856472494e+06   9.6581078999e-02 
  8.9986592138e+20   9.5112255559e+18   9.5764280196e+61   5.6678103898e-30   3.1760882366e-14  -2.0637763554e+06   9.6579722497e-02 
  9.1015669154e+20   1.0290770160e+19   1.0591816103e+62   5.6752561328e-30   3.1775955105e-14  -2.0319493243e+06   9.6577272608e-02 
  9.2028509776e+20   1.0128406228e+19   1.0661228733e+62   5.6796846946e-30   3.1785697593e-14  -1.9886131180e+06   9.6576009903e-02 
  9.3623837513e+20   1.5953277363e+19   1.7274733940e+62   5.6807904469e-30   3.1789805388e-14  -1.9170477804e+06   9.6570938430e-02 
  9.5061113633e+20   1.4372761205e+19   1.6075815380e+62   5.6784321699e-30   3.1788212943e-14  -1.8248156977e+06   9.6557186877e-02 
  9.6361507642e+20   1.3003940089e+19   1.4969870086e+62   5.6736554919e-30   3.1786165951e-14  -1.7383878284e+06   9.6527586825e-02 
  9.7636793086e+20   1.2752854440e+19   1.5078543141e+62   5.6670815479e-30   3.1794760245e-14  -1.6740830162e+06   9.6446592419e-02 
  9.9283704324e+20   1.6469112383e+19   2.0063746849e+62   5.6548973052e-30   3.1814354669e-14  -1.6249619882e+06   9.6137389128e-02 
  1.0051267984e+21   1.2289755179e+19   1.5412526279e+62   5.6375953950e-30   3.1833769584e-14  -1.5773724636e+06   9.5110867201e-02 
  1.0147028748e+21   9.5760764087e+18   1.2273550830e+62   5.6171973905e-30   3.1839723515e-14  -1.5256926832e+06   9.1870257202e-02 
  1.0198586458e+21   5.1557709507e+18   6.7048037495e+61   5.5972006126e-30   3.1837937377e-14  -1.4836363718e+06   8.8110768086e-02 
  1.0268963137e+21   7.0376679182e+18   9.2621552712e+61   5.5699290285e-30   3.1833128668e-14  -1.4408577960e+06   8.1711943414e-02 
  1.0297354198e+21   2.8391060763e+18   3.7726353774e+61   5.5424371837e-30   3.1829071109e-14  -1.4057130831e+06   7.6476139721e-02 
  1.0327324874e+21   2.9970675918e+18   4.0051714789e+61   5.5176696728e-30   3.1827261736e-14  -1.3862999673e+06   7.3837482668e-02 
  1.0383702283e+21   5.6377409701e+18   7.5973011131e+61   5.4692180300e-30   3.1826073856e-14  -1.3583373624e+06   7.3524218239e-02 
  1.0424134695e+21   4.0432411368e+18   5.4996358692e+61   5.4133865460e-30   3.1825138765e-14  -1.3295829251e+06   7.3368917555e-02 
  1.0460328267e+21   3.6193572015e+18   4.9593913252e+61   5.3746965595e-30   3.1825896232e-14  -1.3094437654e+06   7.3320001205e-02 
  1.0508879556e+21   4.8551288819e+18   6.7068016052e+61   5.3421964832e-30   3.1828771681e-14  -1.2918342481e+06   7.3314261974e-02 
  1.0561775192e+21   5.2895636911e+18   7.3777969401e+61   5.3105674185e-30   3.1834626234e-14  -1.2751268686e+06   7.3313114898e-02 
  1.0611751311e+21   4.9976118017e+18   7.0388156572e+61   5.2869761450e-30   3.1842502121e-14  -1.2618391268e+06   7.3313017610e-02 
  1.0719202663e+21   1.0745135206e+19   1.5359815105e+62   5.2607023511e-30   3.1855581151e-14  -1.2414333371e+06   7.3313012989e-02 
  1.0804968898e+21   8.5766235629e+18   1.2483070119e+62   5.2349137324e-30   3.1870514488e-14  -1.2144943982e+06   7.3313011889e-02 
  1.0861994548e+21   5.7025649935e+18   8.4104110207e+61   5.2208971137e-30   3.1877540796e-14  -1.1877897585e+06   7.3313011760e-02 
  1.0996521150e+21   1.3452660146e+19   2.0193186781e+62   5.2088976040e-30   3.1879791724e-14  -1.1395623061e+06   7.3313011673e-02 
  1.1107042263e+21   1.1052111372e+19   1.6963807376e+62   5.1980305756e-30   3.1877718106e-14  -1.0708227194e+06   7.3313011357e-02 
  1.1247442765e+21   1.4040050153e+19   2.2042131122e+62   5.1900258928e-30   3.1864137171e-14  -9.7682396099e+05   7.3313009625e-02 
  1.1346880769e+21   9.9438004038e+18   1.5947909462e+62   5.1849264738e-30   3.1854280843e-14  -8.9347725619e+05   7.3313001547e-02 
  1.1441717369e+21   9.4836600222e+18   1.5472609911e+62   5.1834589947e-30   3.1858695913e-14  -8.4396462955e+05   7.3312945417e-02 
  1.1617903579e+21   1.7618621001e+19   2.9433002356e+62   5.1848719822e-30   3.1881589584e-14  -8.1550404283e+05   7.3312815227e-02 
  1.1737313597e+21   1.1941001762e+19   2.0462667125e+62   5.1886052561e-30   3.1912320777e-14  -8.0387528950e+05   7.3312558079e-02 
  1.1852233384e+21   1.1491978708e+19   2.0090341655e+62   5.1928729328e-30   3.1929928288e-14  -7.6838955989e+05   7.3311552733e-02 
  1.1950302007e+21   9.8068623339e+18   1.7455361524e+62   5.1971839124e-30   3.1928655622e-14  -7.1711535109e+05   7.3306250727e-02 
  1.2031186332e+21   8.0884325100e+18   1.4613967970e+62   5.2018550033e-30   3.1912078441e-14  -6.4107791072e+05   7.3286996829e-02 
  1.2207046776e+21   1.7586044378e+19   3.2458434831e+62   5.2125826669e-30   3.1875915583e-14  -5.0666891678e+05   7.3236043792e-02 
  1.2324575889e+21   1.1752911254e+19   2.2220365797e+62   5.2306426166e-30   3.1848168856e-14  -3.7810180408e+05   7.3130788253e-02 
  1.2379423639e+21   5.4847750238e+18   1.0515839409e+62   5.2491160828e-30   3.1858902290e-14  -3.4992476984e+05   7.2978001863e-02 
  1.2442105765e+21   6.2682126536e+18   1.2132536112e+62   5.2702555355e-30   3.1882528154e-14  -3.7126030942e+05   7.2236844566e-02 
  1.2485406054e+21   4.3300289144e+18   8.4527683585e+61   5.2965095174e-30   3.1911679963e-14  -4.0472825631e+05   7.1102885088e-02 
  1.2533142310e+21   4.7736255417e+18   9.3869166774e+61   5.3268816026e-30   3.1930646765e-14  -4.2106349253e+05   6.9622787307e-02 
  1.2568236043e+21   3.5093732664e+18   6.9466410564e+61   5.3627137396e-30   3.1945056200e-14  -4.2575013645e+05   6.8886596951e-02 
  1.2643257355e+21   7.5021312741e+18   1.4980729333e+62   5.4276367714e-30   3.1957506294e-14  -4.2280570769e+05   6.8640102678e-02 
  1.2697294517e+21   5.4037161836e+18   1.0901222385e+62   5.5182620672e-30   3.1965827685e-14  -4.0753255314e+05   6.8512938474e-02 
  1.2784278038e+21   8.6983520469e+18   1.7743569541e+62   5.6478023279e-30   3.1966164799e-14  -3.7564074752e+05   6.8467776164e-02 
  1.2830396125e+21   4.6118087135e+18   9.5060325906e+61   5.7999411478e-30   3.1950083780e-14  -3.1829474725e+05   6.8452166629e-02 
  1.2864410916e+21   3.4014791310e+18   7.0551890969e+61   5.9310494339e-30   3.1920836310e-14  -2.4891628947e+05   6.8446852307e-02 
  1.2901492257e+21   3.7081340667e+18   7.7338606194e+61   6.1094637737e-30   3.1902871417e-14  -2.1119068581e+05   6.8445295491e-02 
  1.2924136261e+21   2.2644004206e+18   4.7446590580e+61   6.3206954505e-30   3.1896885990e-14  -1.7812533724e+05   6.8445133918e-02 
  1.2978832672e+21   5.4696411177e+18   1.1529445990e+62   6.7501490729e-30   3.1870805786e-14  -1.2180689382e+05   6.8445132038e-02 
  1.3014987294e+21   3.6154622098e+18   7.6745724906e+61   7.3706677360e-30   3.1844665522e-14  -6.1091375891e+04   6.8445274627e-02 
  1.3047471637e+21   3.2484342880e+18   6.9319426249e+61   8.0231729845e-30   3.1835940894e-14  -3.3150772656e+04   6.8446181227e-02 
  1.3061143972e+21   1.3672334593e+18   2.9279272319e+61   8.6491594303e-30   3.1835705077e-14  -2.2751317759e+04   6.8448068073e-02 
  1.3166138452e+21   1.0499448070e+19   2.2689516864e+62   1.1585807721e-29   3.1835174665e-14  -2.1626577674e+04   6.8462264401e-02 
  1.3222432619e+21   5.6294166811e+18   1.2315319270e+62   1.6560557153e-29   3.1869055522e-14  -6.4202993537e+04   6.8518962327e-02 
  1.3234057607e+21   1.1624987498e+18   2.5562707676e+61   2.0089106445e-29   3.1938966574e-14  -1.4189486129e+05   6.8674588696e-02 
  1.3292233454e+21   5.8175847462e+18   1.2860159314e+62   3.1928316498e-29   3.1990623713e-14  -1.5202796184e+05   6.9494024234e-02 
  1.3301250146e+21   9.0166913449e+17   2.0033072151e+61   4.8880665624e-29   3.2040090496e-14  -1.3743202743e+05   6.9406369510e-02 
  1.3311930329e+21   1.0680183172e+18   2.3764142907e+61   7.2122673848e-29   3.2034783230e-14  -1.3316172301e+05   6.5807301443e-02 
  1.3335989550e+21   2.4059221373e+18   5.3673286260e+61   1.6383960067e-28   3.2090136958e-14  -1.1443850582e+05   4.8270878753e-02 
  1.3364020671e+21   2.8031120974e+18   6.2778849606e+61   5.2346584919e-28   3.1944339284e-14  -4.7729588504e+04   3.0248628730e-02 
  1.3370543557e+21   6.5228862269e+17   1.4646569068e+61   1.5411925828e-27   3.1402808947e-14  -2.0593590380e+04   2.4358584927e-02 
  1.3380047378e+21   9.5038211658e+17   2.1365590833e+61   7.8593756367e-27   3.1949001172e-14  -4.8194914094e+04   2.2672454700e-02 
  1.3386238815e+21   6.1914366532e+17   1.3935339344e+61   3.0855989594e-26   3.2183564555e-14  -4.8683233583e+04   2.1176938799e-02 
  1.3396158001e+21   9.9191859749e+17   2.2352433231e+61   5.6538817777e-26   3.2146024537e-14  -4.6975552461e+04   2.0407868645e-02 
  1.3407013289e+21   1.0855287532e+18   2.4499859367e+61   6.3769575573e-26   3.2319179435e-14  -4.4610245851e+04   2.0081954945e-02 
  1.3536088014e+21   1.2907472555e+19   2.9436730606e+62   6.5390010332e-26   3.1897308141e-14  -5.1164756842e+04   2.0049975692e-02 
  1.3638013732e+21   1.0192571833e+19   2.3645368387e+62   7.7365904627e-25   3.1785356601e-14  -5.1765345934e+04   2.0035441521e-02 
  1.3750473785e+21   1.1246005235e+19   2.6502490912e+62   7.8929651986e-25   3.1963102791e-14  -5.0446106971e+04   2.0032081465e-02 
  1.3872314885e+21   1.2184110051e+19   2.9206636391e+62   8.1903309150e-25   3.2380774516e-14  -4.7874461093e+04   2.0028741904e-02 
  1.3995537887e+21   1.2322300194e+19   3.0064328127e+62   8.5152621873e-25   3.2820596883e-14  -4.2909549766e+04   2.0028512537e-02 
  1.4169612896e+21   1.7407500904e+19   4.3382641310e+62   9.1119328586e-25   3.3628670264e-14  -3.6339669766e+04   2.0022768438e-02 
  1.4346497737e+21   1.7688484116e+19   4.5188366314e+62   9.8062392507e-25   3.4622527184e-14  -2.8670222921e+04   2.0022439375e-02 
  1.4562932022e+21   2.1643428428e+19   5.6828094433e+62   1.0621377624e-24   3.5806477943e-14  -2.0467587173e+04   2.0014600574e-02 
  1.4716566053e+21   1.5363403112e+19   4.1377908931e+62   1.1409683468e-24   3.6922012676e-14  -1.2827853747e+04   2.0005312425e-02 
  1.4836680878e+21   1.2011482549e+19   3.2957881187e+62   1.2036204949e-24   3.7848631748e-14  -7.5217440108e+03   2.0001227919e-02 
  1.4953671782e+21   1.1699090329e+19   3.2617861808e+62   1.2632511115e-24   3.8730580117e-14  -2.5175067263e+03   2.0000448279e-02 
  1.5073258375e+21   1.1958659369e+19   3.3873223842e+62   1.3326255719e-24   3.9732448685e-14   2.8484018671e+03   2.0000173479e-02 
  1.5191133789e+21   1.1787541338e+19   3.3918700825e+62   1.4113981292e-24   4.0841907789e-14   8.5013992506e+03   2.0000059524e-02 
  1.5303405196e+21   1.1227140685e+19   3.2799342951e+62   1.4909363538e-24   4.1945664920e-14   1.3953498952e+04   2.0000019191e-02 
  1.5408166876e+21   1.0476168048e+19   3.1042601447e+62   1.5691017592e-24   4.3080810902e-14   1.8913077309e+04   2.0000006011e-02 
  1.5505126125e+21   9.6959249050e+18   2.9109254324e+62   1.6486936788e-24   4.4212949061e-14   2.3631370259e+04   2.0000001767e-02 
  1.5596147705e+21   9.1021579535e+18   2.7659978254e+62   1.7290729356e-24   4.5334248559e-14   2.8173516313e+04   2.0000000504e-02 
  1.5681238777e+21   8.5091072494e+18   2.6151454872e+62   1.8117762259e-24   4.6466250480e-14   3.2499534975e+04   2.0000000135e-02 
  1.5761266484e+21   8.0027706453e+18   2.4855669492e+62   1.8943966881e-24   4.7577335847e-14   3.6639825284e+04   2.0000000035e-02 
  1.5834615615e+21   7.3349131586e+18   2.3004171591e+62   1.9760809972e-24   4.8695514218e-14   4.0503127496e+04   2.0000000008e-02 
  1.5901187774e+21   6.6572158999e+18   2.1064063014e+62   2.0613811413e-24   4.9886166314e-14   4.4614553817e+04   2.0000000002e-02 
  1.5963795494e+21   6.2607719378e+18   1.9971271007e+62   2.1490082347e-24   5.0845334983e-14   4.8200196583e+04   2.0000000000e-02 
  1.6023479772e+21   5.9684278497e+18   1.9185133263e+62   2.2197811494e-24   5.1796610470e-14   5.1023312150e+04   2.0000000000e-02 
  1.6078941312e+21   5.5461539563e+18   1.7956339164e+62   2.2898063337e-24   5.2714920850e-14   5.3829372005e+04   2.0000000000e-02 
  1.6131413487e+21   5.2472175555e+18   1.7102923179e+62   2.3609459154e-24   5.3637201854e-14   5.6580373747e+04   2.0000000000e-02 
  1.6181640613e+21   5.0227125373e+18   1.6475726007e+62   2.4338833252e-24   5.4572474918e-14   5.9285193268e+04   2.0000000000e-02 
  1.6230218504e+21   4.8577891872e+18   1.6032333811e+62   2.5033609965e-24   5.5455139613e-14   6.1787504253e+04   2.0000000000e-02 
  1.6281998795e+21   5.1780290373e+18   1.7195226439e+62   2.5697126908e-24   5.6289104967e-14   6.4025099433e+04   2.0000000000e-02 
  1.6335599841e+21   5.3601046287e+18   1.7915440854e+62   2.6368350422e-24   5.7154682155e-14   6.6242195040e+04   2.0000000000e-02 
  1.6386927071e+21   5.1327230062e+18   1.7265999485e+62   2.7055477830e-24   5.8055146821e-14   6.8447578050e+04   2.0000000000e-02 
  1.6436770498e+21   4.9843426606e+18   1.6870700000e+62   2.7749849112e-24   5.8956887242e-14   7.0625553285e+04   2.0000000000e-02 
  1.6486123606e+21   4.9353108008e+18   1.6805859007e+62   2.8463220186e-24   5.9875166180e-14   7.2813567982e+04   2.0000000000e-02 
  1.6534919563e+21   4.8795957125e+18   1.6715355123e+62   2.9203505875e-24   6.0819874190e-14   7.5017465303e+04   2.0000000000e-02 
  1.6582126995e+21   4.7207431780e+18   1.6265362186e+62   2.9958703857e-24   6.1775039959e-14   7.7208042297e+04   2.0000000000e-02 
  1.6625759617e+21   4.3632622538e+18   1.5116244735e+62   3.0700804805e-24   6.2705517342e-14   7.9304985000e+04   2.0000000000e-02 
  1.6667338805e+21   4.1579188031e+18   1.4478865435e+62   3.1423359912e-24   6.3604013218e-14   8.1286817632e+04   2.0000000000e-02 
  1.6706866244e+21   3.9527439016e+18   1.3831542415e+62   3.2133689829e-24   6.4480334528e-14   8.3190558445e+04   2.0000000000e-02 
  1.6742661065e+21   3.5794820603e+18   1.2582014997e+62   3.2816147188e-24   6.5316262893e-14   8.4972463512e+04   2.0000000000e-02 
  1.6776738008e+21   3.4076943568e+18   1.2028268266e+62   3.3471181592e-24   6.6113186075e-14   8.6634763464e+04   2.0000000000e-02 
  1.6810183906e+21   3.3445897780e+18   1.1853136440e+62   3.4106355049e-24   6.6881365906e-14   8.8208721671e+04   2.0000000000e-02 
  1.6843064029e+21   3.2880123219e+18   1.1698694974e+62   3.4709179963e-24   6.7606589578e-14   8.9645209861e+04   2.0000000000e-02 
  1.6874499976e+21   3.1435947099e+18   1.1227651631e+62   3.5264759870e-24   6.8271415762e-14   9.0920343893e+04   2.0000000000e-02 
  1.6902411756e+21   2.7911779510e+18   1.0004085048e+62   3.5756685314e-24   6.8858040194e-14   9.2019571499e+04   2.0000000000e-02 
  1.6928923528e+21   2.6511771729e+18   9.5329429018e+61   3.6201629754e-24   6.9412244472e-14   9.2998052267e+04   2.0000000000e-02 
  1.6955084203e+21   2.6160674859e+18   9.4360111730e+61   3.6645658819e-24   6.9964954145e-14   9.3965774371e+04   2.0000000000e-02 
  1.6981122510e+21   2.6038307276e+18   9.4208328597e+61   3.7097118902e-24   7.0524843290e-14   9.4958214280e+04   2.0000000000e-02 
  1.7007061672e+21   2.5939161971e+18   9.4137318673e+61   3.7567611605e-24   7.1106118426e-14   9.5966630374e+04   2.0000000000e-02 
  1.7032903769e+21   2.5842097517e+18   9.4071038424e+61   3.8046973600e-24   7.1696104255e-14   9.7009473863e+04   2.0000000000e-02 
  1.7058636479e+21   2.5732709591e+18   9.3956908794e+61   3.8546243861e-24   7.2308222044e-14   9.8063704134e+04   2.0000000000e-02 
  1.7084238632e+21   2.5602153001e+18   9.3761948004e+61   3.9053862182e-24   7.2928127439e-14   9.9146321197e+04   2.0000000000e-02 
  1.7109524811e+21   2.5286179006e+18   9.2881017768e+61   3.9578202390e-24   7.3567037226e-14   1.0023231022e+05   2.0000000000e-02 
  1.7133571943e+21   2.4047131909e+18   8.8584817674e+61   4.0098275615e-24   7.4196945556e-14   1.0131650429e+05   2.0000000000e-02 
  1.7154023177e+21   2.0451233667e+18   7.5534174256e+61   4.0584374460e-24   7.4783559268e-14   1.0230568221e+05   2.0000000000e-02 
  1.7173146971e+21   1.9123794037e+18   7.0794575284e+61   4.1025391593e-24   7.5313957168e-14   1.0320509187e+05   2.0000000000e-02 
  1.7191969949e+21   1.8822978063e+18   6.9835123239e+61   4.1461116179e-24   7.5836312936e-14   1.0407660247e+05   2.0000000000e-02 
  1.7210537335e+21   1.8567386389e+18   6.9036836292e+61   4.1898493878e-24   7.6358981734e-14   1.0495076260e+05   2.0000000000e-02 
  1.7228094450e+21   1.7557115091e+18   6.5417635762e+61   4.2332045197e-24   7.6875465574e-14   1.0580336046e+05   2.0000000000e-02 
  1.7242994575e+21   1.4900125066e+18   5.5622412507e+61   4.2727975103e-24   7.7345737968e-14   1.0657991088e+05   2.0000000000e-02 
  1.7259209142e+21   1.6214566711e+18   6.0638566050e+61   4.3116115990e-24   7.7805495112e-14   1.0733114733e+05   2.0000000000e-02 
  1.7273769583e+21   1.4560440936e+18   5.4549717719e+61   4.3506022144e-24   7.8266088481e-14   1.0808239487e+05   2.0000000000e-02 
  1.7289879484e+21   1.6109901637e+18   6.0461924531e+61   4.3902501145e-24   7.8733182010e-14   1.0883748302e+05   2.0000000000e-02 
  1.7304307120e+21   1.4427635525e+18   5.4243950103e+61   4.4303567258e-24   7.9204390958e-14   1.0959625964e+05   2.0000000000e-02 
  1.7320245873e+21   1.5938752965e+18   6.0030587481e+61   4.4710185941e-24   7.9680817003e-14   1.1035702422e+05   2.0000000000e-02 
  1.7334519606e+21   1.4273733066e+18   5.3853433345e+61   4.5121143981e-24   8.0161001599e-14   1.1112092244e+05   2.0000000000e-02 
  1.7350227505e+21   1.5707899155e+18   5.9366995671e+61   4.5536654777e-24   8.0645107755e-14   1.1188583884e+05   2.0000000000e-02 
  1.7363314235e+21   1.3086730251e+18   4.9542611545e+61   4.5942158555e-24   8.1116062527e-14   1.1262622066e+05   2.0000000000e-02 
  1.7375307921e+21   1.1993685132e+18   4.5470288639e+61   4.6300833365e-24   8.1531592517e-14   1.1327572593e+05   2.0000000000e-02 
  1.7387255709e+21   1.1947788421e+18   4.5358742575e+61   4.6648416931e-24   8.1933346464e-14   1.1389980629e+05   2.0000000000e-02 
  1.7398932752e+21   1.1677043456e+18   4.4391158222e+61   4.6996232420e-24   8.2334459952e-14   1.1451990315e+05   2.0000000000e-02 
  1.7409660928e+21   1.0728175185e+18   4.0836517438e+61   4.7330522109e-24   8.2719135782e-14   1.1511188231e+05   2.0000000000e-02 
  1.7416765592e+21   7.1046646481e+17   2.7071435853e+61   4.7599820848e-24   8.3028420920e-14   1.1558509334e+05   2.0000000000e-02 
  1.7422751839e+21   5.9862468300e+17   2.2826995794e+61   4.7799196616e-24   8.3257061014e-14   1.1593478788e+05   2.0000000000e-02 
  1.7428540163e+21   5.7883243901e+17   2.2087191891e+61   4.7980381550e-24   8.3464590796e-14   1.1625049280e+05   2.0000000000e-02 
  1.7434360353e+21   5.8201894408e+17   2.2223580504e+61   4.8160289016e-24   8.3670416198e-14   1.1656355354e+05   2.0000000000e-02 
  1.7440200774e+21   5.8404215825e+17   2.2315754549e+61   4.8342599781e-24   8.3878758109e-14   1.1687937086e+05   2.0000000000e-02 
  1.7446038619e+21   5.8378449297e+17   2.2320850811e+61   4.8526719784e-24   8.4088919885e-14   1.1719733328e+05   2.0000000000e-02 
  1.7451863201e+21   5.8245817707e+17   2.2285031709e+61   4.8712212084e-24   8.4300400700e-14   1.1751668472e+05   2.0000000000e-02 
  1.7457675628e+21   5.8124270765e+17   2.2253361202e+61   4.8899089856e-24   8.4513169141e-14   1.1783732963e+05   2.0000000000e-02 
  1.7463476622e+21   5.8009941594e+17   2.2224368795e+61   4.9087474966e-24   8.4727169332e-14   1.1815906818e+05   2.0000000000e-02 
  1.7469267321e+21   5.7906985092e+17   2.2199655337e+61   4.9276449490e-24   8.4941764270e-14   1.1848047319e+05   2.0000000000e-02 
  1.7475048221e+21   5.7808999992e+17   2.2176776013e+61   4.9463320091e-24   8.5153847717e-14   1.1879608595e+05   2.0000000000e-02 
  1.7480819605e+21   5.7713838120e+17   2.2154911048e+61   4.9646860438e-24   8.5361957906e-14   1.1910319355e+05   2.0000000000e-02 
  1.7486581803e+21   5.7621984705e+17   2.2134249831e+61   4.9826827212e-24   8.5565773989e-14   1.1940129916e+05   2.0000000000e-02 
  1.7492335208e+21   5.7534052560e+17   2.2115031410e+61   5.0004047289e-24   8.5766194302e-14   1.1969200039e+05   2.0000000000e-02 
  1.7498080149e+21   5.7449404099e+17   2.2097014495e+61   5.0179784106e-24   8.5964664419e-14   1.1997780743e+05   2.0000000000e-02 
  1.7503816863e+21   5.7367136932e+17   2.2079855027e+61   5.0354623614e-24   8.6161927590e-14   1.2025995074e+05   2.0000000000e-02 
  1.7509545633e+21   5.7287706771e+17   2.2063731028e+61   5.0527536889e-24   8.6356940355e-14   1.2053656507e+05   2.0000000000e-02 
  1.7515267081e+21   5.7214477871e+17   2.2049942381e+61   5.0695877434e-24   8.6546660549e-14   1.2080244428e+05   2.0000000000e-02 
  1.7520982104e+21   5.7150226003e+17   2.2039566176e+61   5.0856632320e-24   8.6727493643e-14   1.2105152150e+05   2.0000000000e-02 
  1.7526691737e+21   5.7096332658e+17   2.2033144757e+61   5.1007952001e-24   8.6897622910e-14   1.2128013265e+05   2.0000000000e-02 
  1.7532397088e+21   5.7053512138e+17   2.2030964473e+61   5.1149984091e-24   8.7057030248e-14   1.2148944738e+05   2.0000000000e-02 
  1.7538098800e+21   5.7017123063e+17   2.2031242466e+61   5.1286024485e-24   8.7209425463e-14   1.2168659087e+05   2.0000000000e-02 
  1.7543797079e+21   5.6982790178e+17   2.2032292967e+61   5.1420265446e-24   8.7365274256e-14   1.2188043624e+05   2.0000000000e-02 
  1.7549491757e+21   5.6946775917e+17   2.2032671509e+61   5.1556985401e-24   8.7524377358e-14   1.2208072139e+05   2.0000000000e-02 
  1.7555182422e+21   5.6906647840e+17   2.2031434377e+61   5.1697847225e-24   8.7688152796e-14   1.2228893675e+05   2.0000000000e-02 
  1.7560868659e+21   5.6862374658e+17   2.2028565316e+61   5.1843267918e-24   8.7857098480e-14   1.2250577330e+05   2.0000000000e-02 
  1.7566550044e+21   5.6813843101e+17   2.2024016246e+61   5.1992969582e-24   8.8030913140e-14   1.2273095111e+05   2.0000000000e-02 
  1.7572226210e+21   5.6761659332e+17   2.2018018109e+61   5.2146569832e-24   8.8209155237e-14   1.2296314858e+05   2.0000000000e-02 
  1.7577896860e+21   5.6706500570e+17   2.2010830204e+61   5.2303291996e-24   8.8390915687e-14   1.2320106017e+05   2.0000000000e-02 
  1.7583561791e+21   5.6649312027e+17   2.2002816804e+61   5.2462584559e-24   8.8575542094e-14   1.2344309233e+05   2.0000000000e-02 
  1.7589220783e+21   5.6589926613e+17   2.1993910932e+61   5.2623801215e-24   8.8762267632e-14   1.2368818803e+05   2.0000000000e-02 
  1.7594873738e+21   5.6529550087e+17   2.1984579481e+61   5.2786660077e-24   8.8950748648e-14   1.2393542195e+05   2.0000000000e-02 
  1.7600520546e+21   5.6468073795e+17   2.1974779184e+61   5.2950879921e-24   8.9140644579e-14   1.2418449029e+05   2.0000000000e-02 
  1.7606161116e+21   5.6405701802e+17   2.1964588451e+61   5.3116486666e-24   8.9331975013e-14   1.2443515691e+05   2.0000000000e-02 
  1.7611795393e+21   5.6342774384e+17   2.1954139041e+61   5.3283407233e-24   8.9524649800e-14   1.2468756062e+05   2.0000000000e-02 
  1.7617423248e+21   5.6278543119e+17   2.1943138517e+61   5.3451750606e-24   8.9718792514e-14   1.2494163653e+05   2.0000000000e-02 
  1.7623044601e+21   5.6213533419e+17   2.1931790660e+61   5.3621416565e-24   8.9914287379e-14   1.2519747769e+05   2.0000000000e-02 
  1.7628659375e+21   5.6147743144e+17   2.1920093883e+61   5.3792443622e-24   9.0111178199e-14   1.2545484953e+05   2.0000000000e-02 
  1.7634267511e+21   5.6081360645e+17   2.1908121039e+61   5.3964637542e-24   9.0309240388e-14   1.2571368699e+05   2.0000000000e-02 
  1.7639868944e+21   5.6014325834e+17   2.1895848069e+61   5.4137995072e-24   9.0508467258e-14   1.2597363061e+05   2.0000000000e-02 
  1.7645463670e+21   5.5947262594e+17   2.1883518459e+61   5.4312294201e-24   9.0708600348e-14   1.2623461453e+05   2.0000000000e-02 
  1.7651051615e+21   5.5879442243e+17   2.1870846919e+61   5.4487556777e-24   9.0909661161e-14   1.2649631998e+05   2.0000000000e-02 
  1.7656632746e+21   5.5811309508e+17   2.1858006954e+61   5.4663601140e-24   9.1111437400e-14   1.2675876311e+05   2.0000000000e-02 
  1.7662207026e+21   5.5742802936e+17   2.1844974195e+61   5.4840469612e-24   9.1313975683e-14   1.2702173167e+05   2.0000000000e-02 
  1.7667774281e+21   5.5672552949e+17   2.1831211072e+61   5.5018042370e-24   9.1517135669e-14   1.2728526464e+05   2.0000000000e-02 
  1.7673334488e+21   5.5602067636e+17   2.1817307828e+61   5.5196344407e-24   9.1720945559e-14   1.2754922856e+05   2.0000000000e-02 
  1.7678887649e+21   5.5531611183e+17   2.1803368023e+61   5.5375314028e-24   9.1925332788e-14   1.2781362020e+05   2.0000000000e-02 
  1.7684433811e+21   5.5461623976e+17   2.1789564791e+61   5.5554954009e-24   9.2130300548e-14   1.2807834207e+05   2.0000000000e-02 
  1.7689972952e+21   5.5391407345e+17   2.1775623878e+61   5.5735235736e-24   9.2335815123e-14   1.2834332071e+05   2.0000000000e-02 
  1.7695505079e+21   5.5321266850e+17   2.1761665328e+61   5.5916140004e-24   9.2541854841e-14   1.2860844173e+05   2.0000000000e-02 
  1.7701030463e+21   5.5253838636e+17   2.1748727197e+61   5.6097672678e-24   9.2748493117e-14   1.2887363443e+05   2.0000000000e-02 
  1.7706549481e+21   5.5190185597e+17   2.1737230945e+61   5.6279925631e-24   9.2955774506e-14   1.2913897977e+05   2.0000000000e-02 
  1.7712062164e+21   5.5126825520e+17   2.1725807519e+61   5.6462962769e-24   9.3163758530e-14   1.2940447624e+05   2.0000000000e-02 
  1.7717568249e+21   5.5060855760e+17   2.1713312214e+61   5.6646810089e-24   9.3372473047e-14   1.2967010194e+05   2.0000000000e-02 
  1.7723067407e+21   5.4991571609e+17   2.1699464337e+61   5.6831477091e-24   9.3581918030e-14   1.2993581261e+05   2.0000000000e-02 
  1.7728559351e+21   5.4919444652e+17   2.1684446929e+61   5.7016933787e-24   9.3792036324e-14   1.3020150271e+05   2.0000000000e-02 
  1.7734043959e+21   5.4846079998e+17   2.1668891597e+61   5.7203123732e-24   9.4002795697e-14   1.3046703444e+05   2.0000000000e-02 
  1.7739521200e+21   5.4772409887e+17   2.1653165823e+61   5.7390027625e-24   9.4214171400e-14   1.3073229994e+05   2.0000000000e-02 
  1.7744991041e+21   5.4698407574e+17   2.1637258766e+61   5.7577633067e-24   9.4426149269e-14   1.3099720691e+05   2.0000000000e-02 
  1.7750453508e+21   5.4624672310e+17   2.1621407408e+61   5.7765899231e-24   9.4638680949e-14   1.3126167025e+05   2.0000000000e-02 
  1.7755908604e+21   5.4550965390e+17   2.1605517479e+61   5.7954802455e-24   9.4851738380e-14   1.3152560066e+05   2.0000000000e-02 
  1.7761356314e+21   5.4477093606e+17   2.1589512453e+61   5.8144312991e-24   9.5065287166e-14   1.3178891624e+05   2.0000000000e-02 
  1.7766796652e+21   5.4403386471e+17   2.1573522917e+61   5.8334389042e-24   9.5279279520e-14   1.3205153096e+05   2.0000000000e-02 
  1.7772229614e+21   5.4329616223e+17   2.1557458669e+61   5.8524980053e-24   9.5493657611e-14   1.3231335757e+05   2.0000000000e-02 
  1.7777655186e+21   5.4255718829e+17   2.1541294258e+61   5.8716034342e-24   9.5708362110e-14   1.3257431820e+05   2.0000000000e-02 
  1.7783073407e+21   5.4182210710e+17   2.1525234824e+61   5.8907506686e-24   9.5923340960e-14   1.3283435570e+05   2.0000000000e-02 
  1.7788484272e+21   5.4108648578e+17   2.1509104515e+61   5.9099358748e-24   9.6138550118e-14   1.3309343443e+05   2.0000000000e-02 
  1.7793887795e+21   5.4035227637e+17   2.1492980988e+61   5.9291556180e-24   9.6353950382e-14   1.3335153492e+05   2.0000000000e-02 
  1.7799284017e+21   5.3962227572e+17   2.1476975768e+61   5.9484067479e-24   9.6569506029e-14   1.3360864995e+05   2.0000000000e-02 
  1.7804672952e+21   5.3889347297e+17   2.1460969358e+61   5.9676862355e-24   9.6785182885e-14   1.3386477984e+05   2.0000000000e-02 
  1.7810054637e+21   5.3816850317e+17   2.1445066948e+61   5.9869912339e-24   9.7000948962e-14   1.3411993068e+05   2.0000000000e-02 
  1.7815429126e+21   5.3744892871e+17   2.1429331261e+61   6.0063192636e-24   9.7216776515e-14   1.3437411438e+05   2.0000000000e-02 
  1.7820796430e+21   5.3673035011e+17   2.1413587278e+61   6.0256681549e-24   9.7432641403e-14   1.3462734564e+05   2.0000000000e-02 
  1.7826156603e+21   5.3601731711e+17   2.1398016816e+61   6.0450361281e-24   9.7648523975e-14   1.3487964106e+05   2.0000000000e-02 
  1.7831509687e+21   5.3530840099e+17   2.1382563358e+61   6.0644218456e-24   9.7864409612e-14   1.3513101824e+05   2.0000000000e-02 
  1.7836855706e+21   5.3460186927e+17   2.1367158071e+61   6.0838242807e-24   9.8080287233e-14   1.3538149313e+05   2.0000000000e-02 
  1.7842194715e+21   5.3390088849e+17   2.1351927896e+61   6.1032427490e-24   9.8296149588e-14   1.3563108086e+05   2.0000000000e-02 
  1.7847526750e+21   5.3320354456e+17   2.1336796782e+61   6.1226768320e-24   9.8511992386e-14   1.3587979621e+05   2.0000000000e-02 
  1.7852851838e+21   5.3250876703e+17   2.1321722240e+61   6.1421262326e-24   9.8727812684e-14   1.3612765321e+05   2.0000000000e-02 
  1.7858170037e+21   5.3181989888e+17   2.1306838523e+61   6.1615908430e-24   9.8943609661e-14   1.3637466637e+05   2.0000000000e-02 
  1.7863481372e+21   5.3113346503e+17   2.1292006880e+61   6.1810706998e-24   9.9159384107e-14   1.3662084961e+05   2.0000000000e-02 
  1.7868785879e+21   5.3045073228e+17   2.1277278406e+61   6.2005659379e-24   9.9375137885e-14   1.3686621568e+05   2.0000000000e-02 
  1.7874083611e+21   5.2977323290e+17   2.1262715004e+61   6.2200768599e-24   9.9590874688e-14   1.3711077774e+05   2.0000000000e-02 
  1.7879374586e+21   5.2909747015e+17   2.1248176739e+61   6.2396038399e-24   9.9806598999e-14   1.3735454842e+05   2.0000000000e-02 
  1.7884658840e+21   5.2842546200e+17   2.1233744918e+61   6.2591473492e-24   1.0002231637e-13   1.3759753959e+05   2.0000000000e-02 
  1.7889936424e+21   5.2775837968e+17   2.1219467039e+61   6.2787080323e-24   1.0023803420e-13   1.3783976341e+05   2.0000000000e-02 
  1.7895207350e+21   5.2709257250e+17   2.1205196688e+61   6.2982865309e-24   1.0045375977e-13   1.3808123250e+05   2.0000000000e-02 
  1.7900471667e+21   5.2643168590e+17   2.1191080805e+61   6.3178834778e-24   1.0066950024e-13   1.3832196193e+05   2.0000000000e-02 
  1.7905729408e+21   5.2577413913e+17   2.1177056200e+61   6.3374996054e-24   1.0088526391e-13   1.3856196904e+05   2.0000000000e-02 
  1.7910980595e+21   5.2511864210e+17   2.1163071212e+61   6.3571358036e-24   1.0110106079e-13   1.3880127034e+05   2.0000000000e-02 
  1.7916225269e+21   5.2446747495e+17   2.1149218039e+61   6.3767932528e-24   1.0131690394e-13   1.3903988279e+05   2.0000000000e-02 
  1.7921463462e+21   5.2381930177e+17   2.1135443204e+61   6.3964733413e-24   1.0153280853e-13   1.3927782785e+05   2.0000000000e-02 
  1.7926695185e+21   5.2317227465e+17   2.1121672392e+61   6.4161775566e-24   1.0174879073e-13   1.3951513364e+05   2.0000000000e-02 
  1.7931920483e+21   5.2252976754e+17   2.1108042074e+61   6.4359077368e-24   1.0196487071e-13   1.3975183342e+05   2.0000000000e-02 
  1.7937139363e+21   5.2188804246e+17   2.1094401576e+61   6.4556661515e-24   1.0218107332e-13   1.3998796007e+05   2.0000000000e-02 
  1.7942351850e+21   5.2124869770e+17   2.1080815657e+61   6.4754551601e-24   1.0239742425e-13   1.4022354458e+05   2.0000000000e-02 
  1.7947557980e+21   5.2061299876e+17   2.1067335797e+61   6.4952766480e-24   1.0261394407e-13   1.4045861814e+05   2.0000000000e-02 
  1.7952757756e+21   5.1997756368e+17   2.1053825391e+61   6.5151314492e-24   1.0283064235e-13   1.4069320377e+05   2.0000000000e-02 
  1.7957951201e+21   5.1934451907e+17   2.1040370674e+61   6.5350192624e-24   1.0304751686e-13   1.4092729915e+05   2.0000000000e-02 
  1.7963138349e+21   5.1871484167e+17   2.1027011505e+61   6.5549385714e-24   1.0326455204e-13   1.4116086677e+05   2.0000000000e-02 
  1.7968319203e+21   5.1808535438e+17   2.1013619325e+61   6.5748859322e-24   1.0348171051e-13   1.4139384663e+05   2.0000000000e-02 
  1.7973493801e+21   5.1745979777e+17   2.1000346030e+61   6.5948561145e-24   1.0369893530e-13   1.4162618300e+05   2.0000000000e-02 
  1.7978662176e+21   5.1683753030e+17   2.0987165957e+61   6.6148443253e-24   1.0391617428e-13   1.4185783229e+05   2.0000000000e-02 
  1.7983824345e+21   5.1621686169e+17   2.0974010745e+61   6.6348493450e-24   1.0413341173e-13   1.4208877815e+05   2.0000000000e-02 
  1.7988980344e+21   5.1559986853e+17   2.0960965014e+61   6.6548745054e-24   1.0435068159e-13   1.4231909748e+05   2.0000000000e-02 
  1.7994130177e+21   5.1498335407e+17   2.0947899064e+61   6.6749438470e-24   1.0456841950e-13   1.4254897632e+05   2.0000000000e-02 
  1.7999273831e+21   5.1436542140e+17   2.0934735740e+61   6.6950709298e-24   1.0478661214e-13   1.4277899233e+05   2.0000000000e-02 
  1.8004411298e+21   5.1374665980e+17   2.0921498940e+61   6.7152918864e-24   1.0500563066e-13   1.4300921614e+05   2.0000000000e-02 
  1.8009542530e+21   5.1312323202e+17   2.0908032217e+61   6.7356056895e-24   1.0522546074e-13   1.4324012161e+05   2.0000000000e-02 
  1.8014667478e+21   5.1249479559e+17   2.0894321197e+61   6.7560528334e-24   1.0544653697e-13   1.4347183451e+05   2.0000000000e-02 
  1.8019786088e+21   5.1186095680e+17   2.0880349379e+61   6.7766436962e-24   1.0566896376e-13   1.4370493052e+05   2.0000000000e-02 
  1.8024898249e+21   5.1121615898e+17   2.0865889425e+61   6.7974295868e-24   1.0589328709e-13   1.4393979214e+05   2.0000000000e-02 
  1.8030003833e+21   5.1055835961e+17   2.0850856912e+61   6.8184494249e-24   1.0611991204e-13   1.4417727577e+05   2.0000000000e-02 
  1.8035102658e+21   5.0988254911e+17   2.0835045909e+61   6.8397830181e-24   1.0634968173e-13   1.4441831079e+05   2.0000000000e-02 
  1.8040194443e+21   5.0917846983e+17   2.0818035275e+61   6.8615226574e-24   1.0658356359e-13   1.4466439266e+05   2.0000000000e-02 
  1.8045278838e+21   5.0843951973e+17   2.0799552285e+61   6.8838106068e-24   1.0682305456e-13   1.4491744936e+05   2.0000000000e-02 
  1.8050355331e+21   5.0764929787e+17   2.0778922258e+61   6.9068337060e-24   1.0707011466e-13   1.4518023912e+05   2.0000000000e-02 
  1.8055423232e+21   5.0679002235e+17   2.0755412068e+61   6.9308523745e-24   1.0732748308e-13   1.4545648517e+05   2.0000000000e-02 
  1.8060481659e+21   5.0584278899e+17   2.0728240560e+61   6.9562398928e-24   1.0759905238e-13   1.4575071003e+05   2.0000000000e-02 
  1.8065529815e+21   5.0481552834e+17   2.0697724986e+61   6.9831359198e-24   1.0787904242e-13   1.4606343703e+05   2.0000000000e-02 
  1.8070567478e+21   5.0376629557e+17   2.0666240395e+61   7.0105970412e-24   1.0816463163e-13   1.4638086785e+05   2.0000000000e-02 
  1.8075595146e+21   5.0276682633e+17   2.0636730189e+61   7.0371635598e-24   1.0844095309e-13   1.4668483112e+05   2.0000000000e-02 
  1.8080613474e+21   5.0183284730e+17   2.0609845075e+61   7.0628473413e-24   1.0870764624e-13   1.4697419081e+05   2.0000000000e-02 
  1.8085623035e+21   5.0095602511e+17   2.0585248587e+61   7.0878768614e-24   1.0896717011e-13   1.4725251751e+05   2.0000000000e-02 
  1.8090624234e+21   5.0011992079e+17   2.0562269934e+61   7.1124030066e-24   1.0922114150e-13   1.4752215908e+05   2.0000000000e-02 
  1.8095617430e+21   4.9931958516e+17   2.0540709234e+61   7.1365279477e-24   1.0947065373e-13   1.4778472197e+05   2.0000000000e-02 
  1.8100602901e+21   4.9854710676e+17   2.0520244068e+61   7.1603277431e-24   1.0971651595e-13   1.4804138614e+05   2.0000000000e-02 
  1.8105580897e+21   4.9779958643e+17   2.0500757590e+61   7.1838708504e-24   1.0995944448e-13   1.4829317477e+05   2.0000000000e-02 
  1.8110551580e+21   4.9706834964e+17   2.0481894575e+61   7.2072309329e-24   1.1020019703e-13   1.4854120903e+05   2.0000000000e-02 
  1.8115515100e+21   4.9635202370e+17   2.0463599933e+61   7.2304942749e-24   1.1043972067e-13   1.4878683839e+05   2.0000000000e-02 
  1.8120471486e+21   4.9563857070e+17   2.0445378350e+61   7.2537362977e-24   1.1067922246e-13   1.4903113917e+05   2.0000000000e-02 
  1.8125420796e+21   4.9493100451e+17   2.0427354555e+61   7.2770148958e-24   1.1091885402e-13   1.4927481457e+05   2.0000000000e-02 
  1.8130363031e+21   4.9422344615e+17   2.0409286278e+61   7.3003442914e-24   1.1115876721e-13   1.4951803151e+05   2.0000000000e-02 
  1.8135298212e+21   4.9351814572e+17   2.0391266558e+61   7.3237345969e-24   1.1139906391e-13   1.4976095031e+05   2.0000000000e-02 
  1.8140226328e+21   4.9281163110e+17   2.0373152061e+61   7.3471983514e-24   1.1163986958e-13   1.5000375947e+05   2.0000000000e-02 
  1.8145147381e+21   4.9210521649e+17   2.0354997094e+61   7.3707607823e-24   1.1188143422e-13   1.5024676931e+05   2.0000000000e-02 
  1.8150061299e+21   4.9139185346e+17   2.0336509927e+61   7.3944566541e-24   1.1212410798e-13   1.5049051665e+05   2.0000000000e-02 
  1.8154968060e+21   4.9067607517e+17   2.0317877741e+61   7.4183563460e-24   1.1236858564e-13   1.5073535994e+05   2.0000000000e-02 
  1.8159867699e+21   4.8996391042e+17   2.0299350204e+61   7.4423153144e-24   1.1261367736e-13   1.5098008147e+05   2.0000000000e-02 
  1.8164760531e+21   4.8928317798e+17   2.0282081156e+61   7.4658203769e-24   1.1285407118e-13   1.5121782616e+05   2.0000000000e-02 
  1.8169647066e+21   4.8865348632e+17   2.0266886925e+61   7.4886064304e-24   1.1308701774e-13   1.5144494875e+05   2.0000000000e-02 
  1.8174527951e+21   4.8808854059e+17   2.0254340979e+61   7.5104619755e-24   1.1331035823e-13   1.5165858053e+05   2.0000000000e-02 
  1.8179403945e+21   4.8759939319e+17   2.0244908132e+61   7.5311929628e-24   1.1352276432e-13   1.5185683215e+05   2.0000000000e-02 
  1.8184275923e+21   4.8719778478e+17   2.0239083014e+61   7.5506205700e-24   1.1372201805e-13   1.5203711216e+05   2.0000000000e-02 
  1.8189144819e+21   4.8688966748e+17   2.0237120891e+61   7.5686057259e-24   1.1390641873e-13   1.5219775405e+05   2.0000000000e-02 
  1.8194011576e+21   4.8667560644e+17   2.0239053599e+61   7.5851476824e-24   1.1407592638e-13   1.5233888119e+05   2.0000000000e-02 
  1.8198876999e+21   4.8654234047e+17   2.0244337582e+61   7.6004197186e-24   1.1423225924e-13   1.5246252159e+05   2.0000000000e-02 
  1.8203741706e+21   4.8647065791e+17   2.0252180019e+61   7.6147432012e-24   1.1437857495e-13   1.5257297123e+05   2.0000000000e-02 
  1.8208606023e+21   4.8643172791e+17   2.0261385172e+61   7.6285553142e-24   1.1451976796e-13   1.5267749831e+05   2.0000000000e-02 
  1.8213469957e+21   4.8639341981e+17   2.0270616544e+61   7.6423008574e-24   1.1466518351e-13   1.5278150601e+05   2.0000000000e-02 
  1.8218333302e+21   4.8633449426e+17   2.0278988321e+61   7.6563981068e-24   1.1481411446e-13   1.5289042727e+05   2.0000000000e-02 
  1.8223195754e+21   4.8624516032e+17   2.0286090080e+61   7.6709850580e-24   1.1496809867e-13   1.5300610525e+05   2.0000000000e-02 
  1.8228056955e+21   4.8612013089e+17   2.0291698358e+61   7.6861853620e-24   1.1512845964e-13   1.5312909090e+05   2.0000000000e-02 
  1.8232916564e+21   4.8596093414e+17   2.0295873811e+61   7.7019689490e-24   1.1529488901e-13   1.5326016018e+05   2.0000000000e-02 
  1.8237774175e+21   4.8576105261e+17   2.0298340980e+61   7.7183876355e-24   1.1546793392e-13   1.5339864073e+05   2.0000000000e-02 
  1.8242629485e+21   4.8553107396e+17   2.0299539017e+61   7.7353496143e-24   1.1564662304e-13   1.5354458147e+05   2.0000000000e-02 
  1.8247482181e+21   4.8526959113e+17   2.0299406366e+61   7.7528692955e-24   1.1583110303e-13   1.5369677625e+05   2.0000000000e-02 
  1.8252331915e+21   4.8497334183e+17   2.0297803648e+61   7.7708332262e-24   1.1602016865e-13   1.5385495627e+05   2.0000000000e-02 
  1.8257178502e+21   4.8465869510e+17   2.0295413418e+61   7.7892376351e-24   1.1621377359e-13   1.5401782800e+05   2.0000000000e-02 
  1.8262021787e+21   4.8432854134e+17   2.0292355175e+61   7.8079780075e-24   1.1641080531e-13   1.5418502174e+05   2.0000000000e-02 
  1.8266861477e+21   4.8396899427e+17   2.0288045276e+61   7.8270411440e-24   1.1661111884e-13   1.5435543941e+05   2.0000000000e-02 
  1.8271697468e+21   4.8359913239e+17   2.0283281520e+61   7.8463462622e-24   1.1681385321e-13   1.5452871508e+05   2.0000000000e-02 
  1.8276529700e+21   4.8322312913e+17   2.0278238180e+61   7.8658792586e-24   1.1701885430e-13   1.5470405327e+05   2.0000000000e-02 
  1.8281358031e+21   4.8283317747e+17   2.0272586840e+61   7.8855832612e-24   1.1722551637e-13   1.5488118593e+05   2.0000000000e-02 
  1.8286182453e+21   4.8244216386e+17   2.0266867756e+61   7.9054503452e-24   1.1743375126e-13   1.5505956426e+05   2.0000000000e-02 
  1.8291002843e+21   4.8203894607e+17   2.0260612399e+61   7.9254405361e-24   1.1764313408e-13   1.5523903681e+05   2.0000000000e-02 
  1.8295819167e+21   4.8163248710e+17   2.0254196717e+61   7.9455514996e-24   1.1785363708e-13   1.5541922089e+05   2.0000000000e-02 
  1.8300631543e+21   4.8123759060e+17   2.0248243465e+61   7.9657537896e-24   1.1806494837e-13   1.5560004159e+05   2.0000000000e-02 
  1.8305439878e+21   4.8083346575e+17   2.0241878203e+61   7.9860476308e-24   1.1827706837e-13   1.5578121775e+05   2.0000000000e-02 
  1.8310244171e+21   4.8042934168e+17   2.0235488951e+61   8.0064090899e-24   1.1848974491e-13   1.5596270146e+05   2.0000000000e-02 
  1.8315044302e+21   4.8001301432e+17   2.0228561284e+61   8.0268417873e-24   1.1870301342e-13   1.5614425891e+05   2.0000000000e-02 
  1.8319840245e+21   4.7959433117e+17   2.0221509448e+61   8.0473230099e-24   1.1891663595e-13   1.5632590768e+05   2.0000000000e-02 
  1.8324632092e+21   4.7918471356e+17   2.0214815191e+61   8.0678662482e-24   1.1913074987e-13   1.5650744050e+05   2.0000000000e-02 
  1.8329419969e+21   4.7878769811e+17   2.0208628632e+61   8.0884484882e-24   1.1934511443e-13   1.5668900823e+05   2.0000000000e-02 
  1.8334204044e+21   4.7840751987e+17   2.0203129786e+61   8.1090952220e-24   1.1955999251e-13   1.5687043451e+05   2.0000000000e-02 
  1.8338984421e+21   4.7803769805e+17   2.0198046246e+61   8.1297864160e-24   1.1977517380e-13   1.5705197143e+05   2.0000000000e-02 
  1.8343761121e+21   4.7767001666e+17   2.0193031518e+61   8.1505516842e-24   1.1999096529e-13   1.5723349496e+05   2.0000000000e-02 
  1.8348534049e+21   4.7729280522e+17   2.0187592052e+61   8.1713757629e-24   1.2020720641e-13   1.5741526739e+05   2.0000000000e-02 
  1.8353303052e+21   4.7690028497e+17   2.0181482408e+61   8.1922852121e-24   1.2042417265e-13   1.5759720111e+05   2.0000000000e-02 
  1.8358067995e+21   4.7649426060e+17   2.0174777677e+61   8.2132667830e-24   1.2064172523e-13   1.5777951923e+05   2.0000000000e-02 
  1.8362828770e+21   4.7607754352e+17   2.0167595806e+61   8.2343423501e-24   1.2086008714e-13   1.5796212657e+05   2.0000000000e-02 
  1.8367585304e+21   4.7565341155e+17   2.0160074829e+61   8.2554961053e-24   1.2107906607e-13   1.5814515303e+05   2.0000000000e-02 
  1.8372337561e+21   4.7522567205e+17   2.0152375602e+61   8.2767383760e-24   1.2129880241e-13   1.5832842498e+05   2.0000000000e-02 
  1.8377085509e+21   4.7479474701e+17   2.0144515728e+61   8.2980521169e-24   1.2151911787e-13   1.5851200170e+05   2.0000000000e-02 
  1.8381829139e+21   4.7436300309e+17   2.0136595427e+61   8.3194445410e-24   1.2174008669e-13   1.5869573287e+05   2.0000000000e-02 
  1.8386568442e+21   4.7393032743e+17   2.0128609845e+61   8.3409018155e-24   1.2196156408e-13   1.5887964224e+05   2.0000000000e-02 
  1.8391303411e+21   4.7349688963e+17   2.0120566121e+61   8.3624277330e-24   1.2218358868e-13   1.5906361430e+05   2.0000000000e-02 
  1.8396034049e+21   4.7306381110e+17   2.0112511887e+61   8.3840130262e-24   1.2240606306e-13   1.5924765651e+05   2.0000000000e-02 
  1.8400760351e+21   4.7263020935e+17   2.0104409640e+61   8.4056603533e-24   1.2262901382e-13   1.5943169640e+05   2.0000000000e-02 
  1.8405482315e+21   4.7219640846e+17   2.0096273140e+61   8.4273647446e-24   1.2285238803e-13   1.5961574576e+05   2.0000000000e-02 
  1.8410199942e+21   4.7176272401e+17   2.0088115822e+61   8.4491283241e-24   1.2307620668e-13   1.5979977717e+05   2.0000000000e-02 
  1.8414913218e+21   4.7132758353e+17   2.0079870700e+61   8.4709492047e-24   1.2330044916e-13   1.5998381040e+05   2.0000000000e-02 
  1.8419622145e+21   4.7089263806e+17   2.0071608052e+61   8.4928298837e-24   1.2352514053e-13   1.6016783733e+05   2.0000000000e-02 
  1.8424326708e+21   4.7045634767e+17   2.0063262216e+61   8.5147704829e-24   1.2375028090e-13   1.6035187399e+05   2.0000000000e-02 
  1.8429026907e+21   4.7001985828e+17   2.0054881995e+61   8.5367719675e-24   1.2397587950e-13   1.6053592706e+05   2.0000000000e-02 
  1.8433722734e+21   4.6958275718e+17   2.0046449759e+61   8.5588341310e-24   1.2420193349e-13   1.6072000755e+05   2.0000000000e-02 
  1.8438414185e+21   4.6914509561e+17   2.0037967657e+61   8.5809565443e-24   1.2442843833e-13   1.6090411522e+05   2.0000000000e-02 
  1.8443101255e+21   4.6870703355e+17   2.0029442489e+61   8.6031403017e-24   1.2465540462e-13   1.6108822847e+05   2.0000000000e-02 
  1.8447783940e+21   4.6826845558e+17   2.0020869299e+61   8.6253840763e-24   1.2488281787e-13   1.6127233847e+05   2.0000000000e-02 
  1.8452462230e+21   4.6782901742e+17   2.0012233321e+61   8.6476872154e-24   1.2511067046e-13   1.6145642871e+05   2.0000000000e-02 
  1.8457136131e+21   4.6739007147e+17   2.0003592389e+61   8.6700470514e-24   1.2533893428e-13   1.6164049973e+05   2.0000000000e-02 
  1.8461805631e+21   4.6695004782e+17   1.9994879317e+61   8.6924625984e-24   1.2556759924e-13   1.6182453494e+05   2.0000000000e-02 
  1.8466470736e+21   4.6651050128e+17   1.9986160652e+61   8.7149353929e-24   1.2579667965e-13   1.6200850832e+05   2.0000000000e-02 
  1.8471131438e+21   4.6607018079e+17   1.9977382810e+61   8.7374626432e-24   1.2602614646e-13   1.6219243056e+05   2.0000000000e-02 
  1.8475787737e+21   4.6562988928e+17   1.9968580178e+61   8.7600482839e-24   1.2625603796e-13   1.6237627897e+05   2.0000000000e-02 
  1.8480439632e+21   4.6518948944e+17   1.9959746878e+61   8.7826857793e-24   1.2648628791e-13   1.6256010758e+05   2.0000000000e-02 
  1.8485087118e+21   4.6474855723e+17   1.9950864706e+61   8.8053853799e-24   1.2671699902e-13   1.6274385761e+05   2.0000000000e-02 
  1.8489730191e+21   4.6430738378e+17   1.9941946136e+61   8.8281374782e-24   1.2694807375e-13   1.6292761316e+05   2.0000000000e-02 
  1.8494368850e+21   4.6386590143e+17   1.9932988251e+61   8.8509573204e-24   1.2717966461e-13   1.6311129039e+05   2.0000000000e-02 
  1.8499003089e+21   4.6342383284e+17   1.9923979112e+61   8.8738277969e-24   1.2741159854e-13   1.6329503453e+05   2.0000000000e-02 
  1.8503632907e+21   4.6298182870e+17   1.9914946675e+61   8.8967709291e-24   1.2764409725e-13   1.6347870943e+05   2.0000000000e-02 
  1.8508258295e+21   4.6253883956e+17   1.9905845786e+61   8.9197652210e-24   1.2787694339e-13   1.6366248577e+05   2.0000000000e-02 
  1.8512879251e+21   4.6209555816e+17   1.9896706206e+61   8.9428389298e-24   1.2811042067e-13   1.6384618104e+05   2.0000000000e-02 
  1.8517495767e+21   4.6165162356e+17   1.9887512371e+61   8.9659625081e-24   1.2834423025e-13   1.6403002644e+05   2.0000000000e-02 
  1.8522107835e+21   4.6120673881e+17   1.9878251437e+61   8.9891692160e-24   1.2857870660e-13   1.6421380335e+05   2.0000000000e-02 
  1.8526715454e+21   4.6076189046e+17   1.9868965887e+61   9.0124245377e-24   1.2881350162e-13   1.6439777241e+05   2.0000000000e-02 
  1.8531318607e+21   4.6031536184e+17   1.9859581657e+61   9.0357695672e-24   1.2904902787e-13   1.6458165712e+05   2.0000000000e-02 
  1.8535917298e+21   4.5986913181e+17   1.9850184054e+61   9.0591628100e-24   1.2928486677e-13   1.6476576965e+05   2.0000000000e-02 
  1.8540511511e+21   4.5942122726e+17   1.9840687886e+61   9.0826507271e-24   1.2952148437e-13   1.6494980064e+05   2.0000000000e-02 
  1.8545101242e+21   4.5897313601e+17   1.9831157323e+61   9.1061851092e-24   1.2975839555e-13   1.6513410880e+05   2.0000000000e-02 
  1.8549686478e+21   4.5852363454e+17   1.9821539460e+61   9.1298202453e-24   1.2999614460e-13   1.6531832727e+05   2.0000000000e-02 
  1.8554267213e+21   4.5807349432e+17   1.9811867564e+61   9.1535020400e-24   1.3023418688e-13   1.6550285975e+05   2.0000000000e-02 
  1.8558843431e+21   4.5762172297e+17   1.9802098641e+61   9.1772876630e-24   1.3047309556e-13   1.6568731998e+05   2.0000000000e-02 
  1.8563415127e+21   4.5716963726e+17   1.9792289588e+61   9.2011209567e-24   1.3071230604e-13   1.6587212398e+05   2.0000000000e-02 
  1.8567982281e+21   4.5671538000e+17   1.9782359930e+61   9.2250616782e-24   1.3095241748e-13   1.6605685863e+05   2.0000000000e-02 
  1.8572544893e+21   4.5626121838e+17   1.9772407770e+61   9.2490562517e-24   1.3119288946e-13   1.6624192742e+05   2.0000000000e-02 
  1.8577102940e+21   4.5580468032e+17   1.9762325923e+61   9.2731550591e-24   1.3143422688e-13   1.6642699519e+05   2.0000000000e-02 
  1.8581656424e+21   4.5534842771e+17   1.9752229698e+61   9.2973105730e-24   1.3167595404e-13   1.6661241290e+05   2.0000000000e-02 
  1.8586205316e+21   4.5488923527e+17   1.9741979124e+61   9.3215821464e-24   1.3191866059e-13   1.6679776549e+05   2.0000000000e-02 
  1.8590749618e+21   4.5443012241e+17   1.9731705104e+61   9.3459182567e-24   1.3216179406e-13   1.6698376843e+05   2.0000000000e-02 
  1.8595289289e+21   4.5396718149e+17   1.9721237861e+61   9.3703122640e-24   1.3240544312e-13   1.6717050182e+05   2.0000000000e-02 
  1.8599823701e+21   4.5344115048e+17   1.9708000743e+61   9.3953407510e-24   1.3265512695e-13   1.6735542770e+05   2.0000000000e-02 
  1.8604349949e+21   4.5262480227e+17   1.9682105187e+61   9.4240823588e-24   1.3293902732e-13   1.6756477143e+05   2.0000000000e-02 
  1.8608869415e+21   4.5194661917e+17   1.9662172542e+61   9.4570107584e-24   1.3326920085e-13   1.6787397590e+05   2.0000000000e-02 
  1.8613408959e+21   4.5395436112e+17   1.9759137029e+61   9.4572607955e-24   1.3328480892e-13   1.6790841253e+05   2.0000000000e-02 
  1.8618140744e+21   4.7317851657e+17   2.0606162494e+61   9.3487771156e-24   1.3229002310e-13   1.6666919294e+05   2.0000000000e-02 
  1.8624471026e+21   6.3302815349e+17   2.7583740719e+61   8.2998878550e-24   1.2200496684e-13   1.5596562091e+05   2.0000000000e-02 
  1.8635500764e+21   1.1029738618e+18   4.8106099980e+61   4.6634832771e-24   8.3567156221e-14   9.7357903737e+04   2.0000000000e-02 
  1.8651759764e+21   1.6258999858e+18   7.1017385848e+61   2.6418894084e-24   5.7932918273e-14   2.6084272171e+04   2.0000000000e-02 
  1.8670439295e+21   1.8679531191e+18   8.1742954561e+61   2.2916660814e-24   5.2876776693e-14   4.5814839849e+03   2.0000000000e-02 
  1.8689659115e+21   1.9219820009e+18   8.4278199781e+61   2.2349390162e-24   5.2027290305e-14   7.1237945212e+02   2.0000000000e-02 
  1.8708968304e+21   1.9309189087e+18   8.4844808409e+61   2.2261614539e-24   5.1895117624e-14   1.0845982265e+02   2.0000000000e-02 
  1.8728291243e+21   1.9322939017e+18   8.5080727585e+61   2.2248257681e-24   5.1874986107e-14   1.6439968134e+01   2.0000000000e-02 
  1.8747616270e+21   1.9325026859e+18   8.5265694612e+61   2.2246233270e-24   5.1871933997e-14   2.4868404898e+00   2.0000000000e-02 
  1.8766941613e+21   1.9325342810e+18   8.5443057897e+61   2.2245927048e-24   5.1871472217e-14   3.7554286697e-01   2.0000000000e-02 
  1.8786267003e+21   1.9325390529e+18   8.5619421609e+61   2.2245880806e-24   5.1871402469e-14   5.6620173548e-02   2.0000000000e-02 
  1.8805592401e+21   1.9325397724e+18   8.5795787930e+61   2.2245873836e-24   5.1871391954e-14   8.5227361419e-03   2.0000000000e-02 
  1.8824917800e+21   1.9325398808e+18   8.5972308625e+61   2.2245872786e-24   5.1871390367e-14   1.2818710978e-03   2.0000000000e-02 
  1.8844243199e+21   1.9325398988e+18   8.6149006717e+61   2.2245872609e-24   5.1871390108e-14   1.5761746156e-04   2.0000000000e-02 
  1.8863568598e+21   1.9325399000e+18   8.6325885453e+61   2.2245872599e-24   5.1871390087e-14   1.0171133666e-05   2.0000000000e-02 
  1.8882893998e+21   1.9325400000e+18   8.6502950013e+61   2.2245872600e-24   5.1871390087e-14  -1.3751704487e-06   2.0000000000e-02 
  1.8902219397e+21   1.9325399000e+18   8.6680187016e+61   2.2245872600e-24   5.1871390087e-14  -2.1602244998e-06   2.0000000000e-02 
  1.8921544796e+21   1.9325399000e+18   8.6857609885e+61   2.2245872600e-24   5.1871390087e-14  -2.2665134119e-06   2.0000000000e-02 
  1.8940870195e+21   1.9325399000e+18   8.7035214149e+61   2.2245872600e-24   5.1871390087e-14  -2.3274643518e-06   2.0000000000e-02 
  1.8960195594e+21   1.9325399000e+18   8.7212999808e+61   2.2245872600e-24   5.1871390087e-14  -2.3658721704e-06   2.0000000000e-02 
  1.8979520993e+21   1.9325399000e+18   8.7390966862e+61   2.2245872600e-24   5.1871390087e-14  -2.3771543718e-06   2.0000000000e-02 
  1.8998846392e+21   1.9325399000e+18   8.7569115311e+61   2.2245872600e-24   5.1871390087e-14  -2.3861906466e-06   2.0000000000e-02 
  1.9018171791e+21   1.9325399000e+18   8.7747445155e+61   2.2245872600e-24   5.1871390087e-14  -2.3987307593e-06   2.0000000000e-02 
  1.9037497190e+21   1.9325399000e+18   8.7925956394e+61   2.2245872600e-24   5.1871390087e-14  -2.4041260308e-06   2.0000000000e-02 
  1.9056822589e+21   1.9325399000e+18   8.8104649028e+61   2.2245872600e-24   5.1871390087e-14  -2.4048356519e-06   2.0000000000e-02 
  1.9076147988e+21   1.9325399000e+18   8.8283523057e+61   2.2245872600e-24   5.1871390087e-14  -2.4027383627e-06   2.0000000000e-02 
  1.9095473387e+21   1.9325399000e+18   8.8462578481e+61   2.2245872600e-24   5.1871390087e-14  -2.3974997694e-06   2.0000000000e-02 
  1.9114798786e+21   1.9325399000e+18   8.8641815300e+61   2.2245872600e-24   5.1871390087e-14  -2.3825409878e-06   2.0000000000e-02 
  1.9134124185e+21   1.9325399000e+18   8.8821233514e+61   2.2245872600e-24   5.1871390087e-14  -2.3086114182e-06   2.0000000000e-02 
  1.9153449584e+21   1.9325399000e+18   8.9000833123e+61   2.2245872600e-24   5.1871390087e-14  -1.9689666311e-06   2.0000000000e-02 
  1.9172774983e+21   1.9325399000e+18   8.9180614127e+61   2.2245872600e-24   5.1871390087e-14  -1.0426662588e-06   2.0000000000e-02 
  1.9192100382e+21   1.9325399000e+18   8.9360576526e+61   2.2245872600e-24   5.1871390087e-14   2.1707028837e-07   2.0000000000e-02 
  1.9211425782e+21   1.9325400000e+18   8.9540724957e+61   2.2245872600e-24   5.1871390087e-14   7.5120957987e-07   2.0000000000e-02 
  1.9230751181e+21   1.9325399000e+18   8.9721045518e+61   2.2245872600e-24   5.1871390087e-14   8.7092700138e-07   2.0000000000e-02 
  1.9250076580e+21   1.9325399000e+18   8.9901552101e+61   2.2245872600e-24   5.1871390087e-14   7.2702579577e-07   2.0000000000e-02 
  1.9269401979e+21   1.9325399000e+18   9.0082240080e+61   2.2245872600e-24   5.1871390087e-14  -9.6492596841e-08   2.0000000000e-02 
  1.9288727378e+21   1.9325399000e+18   9.0263109454e+61   2.2245872600e-24   5.1871390087e-14  -9.3785542719e-07   2.0000000000e-02 
  1.9308052777e+21   1.9325399000e+18   9.0444160223e+61   2.2245872600e-24   5.1871390087e-14  -1.1094734430e-06   2.0000000000e-02 
  1.9327378176e+21   1.9325399000e+18   9.0625392386e+61   2.2245872600e-24   5.1871390087e-14  -1.1359502461e-06   2.0000000000e-02 
  1.9346703575e+21   1.9325399000e+18   9.0806805945e+61   2.2245872600e-24   5.1871390087e-14  -1.1466189801e-06   2.0000000000e-02 
  1.9366028974e+21   1.9325399000e+18   9.0988400899e+61   2.2245872600e-24   5.1871390087e-14  -1.1544306242e-06   2.0000000000e-02 
  1.9385354373e+21   1.9325399000e+18   9.1170177248e+61   2.2245872600e-24   5.1871390087e-14  -1.1562243068e-06   2.0000000000e-02 
  1.9404679772e+21   1.9325399000e+18   9.1352134991e+61   2.2245872600e-24   5.1871390087e-14  -1.1542236304e-06   2.0000000000e-02 
  1.9424005171e+21   1.9325399000e+18   9.1534274130e+61   2.2245872600e-24   5.1871390087e-14  -1.1526238148e-06   2.0000000000e-02 
  1.9443330570e+21   1.9325399000e+18   9.1716594664e+61   2.2245872600e-24   5.1871390087e-14  -1.1406297317e-06   2.0000000000e-02 
  1.9462655969e+21   1.9325399000e+18   9.1899096592e+61   2.2245872600e-24   5.1871390087e-14  -1.1152385108e-06   2.0000000000e-02 
  1.9481981368e+21   1.9325399000e+18   9.2081779916e+61   2.2245872600e-24   5.1871390087e-14  -1.0375714573e-06   2.0000000000e-02 
  1.9501306767e+21   1.9325399000e+18   9.2264644634e+61   2.2245872600e-24   5.1871390087e-14  -9.2639982333e-07   2.0000000000e-02 
  1.9520632166e+21   1.9325399000e+18   9.2447690748e+61   2.2245872600e-24   5.1871390087e-14  -9.5663466119e-07   2.0000000000e-02 
  1.9539957565e+21   1.9325399000e+18   9.2630918256e+61   2.2245872600e-24   5.1871390087e-14  -1.0088938924e-06   2.0000000000e-02 
  1.9559282965e+21   1.9325400000e+18   9.2814331967e+61   2.2245872600e-24   5.1871390087e-14  -4.3404489002e-07   2.0000000000e-02 
  1.9578608364e+21   1.9325399000e+18   9.2997917468e+61   2.2245872600e-24   5.1871390087e-14  -2.9650357413e-07   2.0000000000e-02 
  1.9597933763e+21   1.9325399000e+18   9.3181689161e+61   2.2245872600e-24   5.1871390087e-14  -7.1553923956e-07   2.0000000000e-02 
  1.9617259162e+21   1.9325399000e+18   9.3365642250e+61   2.2245872600e-24   5.1871390087e-14  -9.1569703672e-07   2.0000000000e-02 
  1.9636584561e+21   1.9325399000e+18   9.3549776733e+61   2.2245872600e-24   5.1871390087e-14  -9.4783731747e-07   2.0000000000e-02 
  1.9655909960e+21   1.9325399000e+18   9.3734092612e+61   2.2245872600e-24   5.1871390087e-14  -6.9737176539e-07   2.0000000000e-02 
  1.9675235359e+21   1.9325399000e+18   9.3918589885e+61   2.2245872600e-24   5.1871390087e-14  -5.7035906151e-08   2.0000000000e-02 
  1.9694560758e+21   1.9325399000e+18   9.4103268554e+61   2.2245872600e-24   5.1871390087e-14   7.0776614179e-07   2.0000000000e-02 
  1.9713886157e+21   1.9325399000e+18   9.4288128617e+61   2.2245872600e-24   5.1871390087e-14   1.1099822965e-06   2.0000000000e-02 
  1.9733211556e+21   1.9325399000e+18   9.4473170075e+61   2.2245872600e-24   5.1871390087e-14   1.2166759467e-06   2.0000000000e-02 
  1.9752536955e+21   1.9325399000e+18   9.4658392929e+61   2.2245872600e-24   5.1871390087e-14   1.1882140291e-06   2.0000000000e-02 
  1.9771862354e+21   1.9325399000e+18   9.4843797177e+61   2.2245872600e-24   5.1871390087e-14   1.2465124223e-06   2.0000000000e-02 
  1.9791187753e+21   1.9325399000e+18   9.5029382820e+61   2.2245872600e-24   5.1871390087e-14   1.6134673549e-06   2.0000000000e-02 
  1.9810513152e+21   1.9325399000e+18   9.5215149859e+61   2.2245872600e-24   5.1871390087e-14   2.0074887594e-06   2.0000000000e-02 
  1.9829838551e+21   1.9325399000e+18   9.5401098292e+61   2.2245872600e-24   5.1871390087e-14   2.0541684695e-06   2.0000000000e-02 
  1.9849163950e+21   1.9325399000e+18   9.5587228120e+61   2.2245872600e-24   5.1871390087e-14   2.0839349959e-06   2.0000000000e-02 
  1.9868489349e+21   1.9325399000e+18   9.5773539343e+61   2.2245872600e-24   5.1871390087e-14   2.0988284931e-06   2.0000000000e-02 
  1.9887814748e+21   1.9325399000e+18   9.5960031962e+61   2.2245872600e-24   5.1871390087e-14   2.0108078558e-06   2.0000000000e-02 
  1.9907140147e+21   1.9325399000e+18   9.6146705975e+61   2.2245872600e-24   5.1871390087e-14   1.6347475952e-06   2.0000000000e-02 
  1.9926465546e+21   1.9325399000e+18   9.6333561383e+61   2.2245872600e-24   5.1871390087e-14   1.2399898939e-06   2.0000000000e-02 
  1.9945790945e+21   1.9325399000e+18   9.6520598186e+61   2.2245872600e-24   5.1871390087e-14   1.1561510269e-06   2.0000000000e-02 
  1.9965116344e+21   1.9325399000e+18   9.6707816384e+61   2.2245872600e-24   5.1871390087e-14   1.1289467449e-06   2.0000000000e-02 
  1.9984441743e+21   1.9325399000e+18   9.6895215977e+61   2.2245872600e-24   5.1871390087e-14   9.6310999199e-07   2.0000000000e-02 
  2.0003767142e+21   1.9325399000e+18   9.7082796965e+61   2.2245872600e-24   5.1871390087e-14   9.9356032443e-08   2.0000000000e-02 
  2.0023092541e+21   1.9325399000e+18   9.7270559349e+61   2.2245872600e-24   5.1871390087e-14  -7.6701682336e-07   2.0000000000e-02 
  2.0042417940e+21   1.9325399000e+18   9.7458503127e+61   2.2245872600e-24   5.1871390087e-14  -1.0229791040e-06   2.0000000000e-02 
  2.0061743339e+21   1.9325399000e+18   9.7646628300e+61   2.2245872600e-24   5.1871390087e-14  -1.0720632535e-06   2.0000000000e-02 
  2.0081068738e+21   1.9325399000e+18   9.7834934868e+61   2.2245872600e-24   5.1871390087e-14  -1.0913189283e-06   2.0000000000e-02 
  2.0100394137e+21   1.9325399000e+18   9.8023422831e+61   2.2245872600e-24   5.1871390087e-14  -1.1292413473e-06   2.0000000000e-02 
  2.0119719536e+21   1.9325399000e+18   9.8212092189e+61   2.2245872600e-24   5.1871390086e-14  -1.1934879648e-06   2.0000000000e-02 
  2.0139044935e+21   1.9325399000e+18   9.8400942942e+61   2.2245872600e-24   5.1871390086e-14  -1.4036177164e-06   2.0000000000e-02 
  2.0158370334e+21   1.9325399000e+18   9.8589975090e+61   2.2245872600e-24   5.1871390087e-14  -1.7901997782e-06   2.0000000000e-02 
  2.0177695733e+21   1.9325399000e+18   9.8779188633e+61   2.2245872600e-24   5.1871390087e-14  -1.9883332925e-06   2.0000000000e-02 
  2.0197021132e+21   1.9325399000e+18   9.8968583570e+61   2.2245872600e-24   5.1871390087e-14  -2.0860053412e-06   2.0000000000e-02 
  2.0216346531e+21   1.9325399000e+18   9.9158159903e+61   2.2245872600e-24   5.1871390087e-14  -2.1218308771e-06   2.0000000000e-02 
  2.0235671930e+21   1.9325399000e+18   9.9347917631e+61   2.2245872600e-24   5.1871390087e-14  -2.1234507820e-06   2.0000000000e-02 
  2.0254997329e+21   1.9325399000e+18   9.9537856754e+61   2.2245872600e-24   5.1871390087e-14  -2.1367181903e-06   2.0000000000e-02 
  2.0274322728e+21   1.9325399000e+18   9.9727977272e+61   2.2245872600e-24   5.1871390087e-14  -2.1593393381e-06   2.0000000000e-02 
  2.0293648127e+21   1.9325399000e+18   9.9918279185e+61   2.2245872600e-24   5.1871390087e-14  -2.2046290945e-06   2.0000000000e-02 
  2.0312973526e+21   1.9325399000e+18   1.0010876249e+62   2.2245872600e-24   5.1871390087e-14  -2.2548690026e-06   2.0000000000e-02 
  2.0332298925e+21   1.9325399000e+18   1.0029942720e+62   2.2245872600e-24   5.1871390087e-14  -2.2668004412e-06   2.0000000000e-02 
  2.0351624324e+21   1.9325399000e+18   1.0049027329e+62   2.2245872600e-24   5.1871390087e-14  -2.2691740653e-06   2.0000000000e-02 
  2.0370949723e+21   1.9325399000e+18   1.0068130079e+62   2.2245872600e-24   5.1871390087e-14  -2.2657160126e-06   2.0000000000e-02 
  2.0390275122e+21   1.9325399000e+18   1.0087250967e+62   2.2245872600e-24   5.1871390087e-14  -2.2924454414e-06   2.0000000000e-02 
  2.0409600521e+21   1.9325399000e+18   1.0106389996e+62   2.2245872600e-24   5.1871390087e-14  -2.3240540194e-06   2.0000000000e-02 
  2.0428925920e+21   1.9325399000e+18   1.0125547163e+62   2.2245872600e-24   5.1871390087e-14  -2.2849805343e-06   2.0000000000e-02 
  2.0448251319e+21   1.9325399000e+18   1.0144722471e+62   2.2245872600e-24   5.1871390087e-14  -2.2438253875e-06   2.0000000000e-02 
  2.0467576718e+21   1.9325399000e+18   1.0163915917e+62   2.2245872600e-24   5.1871390087e-14  -2.1555832638e-06   2.0000000000e-02 
  2.0486902117e+21   1.9325399000e+18   1.0183127504e+62   2.2245872600e-24   5.1871390087e-14  -2.0996921856e-06   2.0000000000e-02 
  2.0506227516e+21   1.9325399000e+18   1.0202357229e+62   2.2245872600e-24   5.1871390087e-14  -2.0781882178e-06   2.0000000000e-02 
  2.0525552915e+21   1.9325399000e+18   1.0221605095e+62   2.2245872600e-24   5.1871390087e-14  -2.0573393451e-06   2.0000000000e-02 
  2.0544878314e+21   1.9325399000e+18   1.0240871099e+62   2.2245872600e-24   5.1871390087e-14  -2.0225387116e-06   2.0000000000e-02 
  2.0564203713e+21   1.9325399000e+18   1.0260155244e+62   2.2245872600e-24   5.1871390087e-14  -1.9217490845e-06   2.0000000000e-02 
  2.0583529112e+21   1.9325399000e+18   1.0279457527e+62   2.2245872600e-24   5.1871390087e-14  -1.5651387813e-06   2.0000000000e-02 
  2.0602854511e+21   1.9325399000e+18   1.0298777951e+62   2.2245872600e-24   5.1871390087e-14  -1.1970731133e-06   2.0000000000e-02 
  2.0622179910e+21   1.9325399000e+18   1.0318116513e+62   2.2245872600e-24   5.1871390087e-14  -1.0873855917e-06   2.0000000000e-02 
  2.0641505309e+21   1.9325399000e+18   1.0337473216e+62   2.2245872600e-24   5.1871390087e-14  -1.0457685372e-06   2.0000000000e-02 
  2.0660830708e+21   1.9325399000e+18   1.0356848057e+62   2.2245872600e-24   5.1871390087e-14  -1.0218170538e-06   2.0000000000e-02 
  2.0680156107e+21   1.9325399000e+18   1.0376241039e+62   2.2245872600e-24   5.1871390087e-14  -1.0039948790e-06   2.0000000000e-02 
  2.0699481506e+21   1.9325399000e+18   1.0395652159e+62   2.2245872600e-24   5.1871390087e-14  -1.0001463977e-06   2.0000000000e-02 
  2.0718806905e+21   1.9325399000e+18   1.0415081420e+62   2.2245872600e-24   5.1871390087e-14  -1.0064670773e-06   2.0000000000e-02 
  2.0738132304e+21   1.9325399000e+18   1.0434528819e+62   2.2245872600e-24   5.1871390087e-14  -9.9079256101e-07   2.0000000000e-02 
  2.0757457703e+21   1.9325399000e+18   1.0453994359e+62   2.2245872600e-24   5.1871390087e-14  -8.8920846099e-07   2.0000000000e-02 
  2.0776783102e+21   1.9325399000e+18   1.0473478037e+62   2.2245872600e-24   5.1871390087e-14  -4.7280553577e-07   2.0000000000e-02 
  2.0796108501e+21   1.9325399000e+18   1.0492979856e+62   2.2245872600e-24   5.1871390087e-14   1.5720420954e-07   2.0000000000e-02 
  2.0815433900e+21   1.9325399000e+18   1.0512499813e+62   2.2245872600e-24   5.1871390087e-14   2.5856231562e-07   2.0000000000e-02 
  2.0834759299e+21   1.9325399000e+18   1.0532037911e+62   2.2245872600e-24   5.1871390087e-14  -3.0368351892e-07   2.0000000000e-02 
  2.0854084698e+21   1.9325399000e+18   1.0551594147e+62   2.2245872600e-24   5.1871390087e-14  -8.6294892535e-07   2.0000000000e-02 
  2.0873410097e+21   1.9325399000e+18   1.0571168524e+62   2.2245872600e-24   5.1871390087e-14  -1.0164813950e-06   2.0000000000e-02 
  2.0892735496e+21   1.9325399000e+18   1.0590761039e+62   2.2245872600e-24   5.1871390087e-14  -1.0714321864e-06   2.0000000000e-02 
  2.0912060895e+21   1.9325399000e+18   1.0610371695e+62   2.2245872600e-24   5.1871390087e-14  -1.0983913344e-06   2.0000000000e-02 
  2.0931386294e+21   1.9325399000e+18   1.0630000489e+62   2.2245872600e-24   5.1871390087e-14  -1.1374969882e-06   2.0000000000e-02 
  2.0950711693e+21   1.9325399000e+18   1.0649647423e+62   2.2245872600e-24   5.1871390088e-14  -1.3734624052e-06   2.0000000000e-02 
  2.0970037092e+21   1.9325399000e+18   1.0669312497e+62   2.2245872600e-24   5.1871390088e-14  -1.7323805304e-06   2.0000000000e-02 
  2.0989362491e+21   1.9325399000e+18   1.0688995710e+62   2.2245872600e-24   5.1871390088e-14  -1.9894325420e-06   2.0000000000e-02 
  2.1008687890e+21   1.9325399000e+18   1.0708697063e+62   2.2245872600e-24   5.1871390088e-14  -2.1312468630e-06   2.0000000000e-02 
  2.1028013289e+21   1.9325399000e+18   1.0728416555e+62   2.2245872600e-24   5.1871390088e-14  -2.1224932288e-06   2.0000000000e-02 
  2.1047338688e+21   1.9325399000e+18   1.0748154187e+62   2.2245872600e-24   5.1871390088e-14  -2.1179023031e-06   2.0000000000e-02 
  2.1066664087e+21   1.9325399000e+18   1.0767909958e+62   2.2245872600e-24   5.1871390088e-14  -2.1493687716e-06   2.0000000000e-02 
  2.1085989486e+21   1.9325399000e+18   1.0787683869e+62   2.2245872600e-24   5.1871390088e-14  -2.1787484531e-06   2.0000000000e-02 
  2.1105314885e+21   1.9325399000e+18   1.0807475919e+62   2.2245872600e-24   5.1871390088e-14  -2.2333009001e-06   2.0000000000e-02 
  2.1124640284e+21   1.9325399000e+18   1.0827286109e+62   2.2245872600e-24   5.1871390088e-14  -2.2989574964e-06   2.0000000000e-02 
  2.1143965683e+21   1.9325399000e+18   1.0847114438e+62   2.2245872600e-24   5.1871390088e-14  -2.3745391694e-06   2.0000000000e-02 
  2.1163291082e+21   1.9325399000e+18   1.0866960907e+62   2.2245872600e-24   5.1871390088e-14  -2.3775308055e-06   2.0000000000e-02 
  2.1182616481e+21   1.9325399000e+18   1.0886825515e+62   2.2245872600e-24   5.1871390088e-14  -2.3311289197e-06   2.0000000000e-02 
  2.1201941880e+21   1.9325399000e+18   1.0906708263e+62   2.2245872600e-24   5.1871390088e-14  -2.4822252817e-06   2.0000000000e-02 
  2.1221267279e+21   1.9325399000e+18   1.0926609150e+62   2.2245872600e-24   5.1871390088e-14  -2.4678399096e-06   2.0000000000e-02 
  2.1240592678e+21   1.9325399000e+18   1.0946528177e+62   2.2245872600e-24   5.1871390088e-14  -2.2043348797e-06   2.0000000000e-02 
  2.1259918077e+21   1.9325399000e+18   1.0966465343e+62   2.2245872600e-24   5.1871390088e-14  -2.1272876193e-06   2.0000000000e-02 
  2.1279243476e+21   1.9325399000e+18   1.0986420648e+62   2.2245872600e-24   5.1871390088e-14  -2.0853221537e-06   2.0000000000e-02 
  2.1298568875e+21   1.9325399000e+18   1.1006394094e+62   2.2245872600e-24   5.1871390088e-14  -2.0240856031e-06   2.0000000000e-02 
  2.1317894274e+21   1.9325399000e+18   1.1026385678e+62   2.2245872600e-24   5.1871390088e-14  -1.9556997708e-06   2.0000000000e-02 
  2.1337219673e+21   1.9325399000e+18   1.1046395402e+62   2.2245872600e-24   5.1871390088e-14  -1.9118910961e-06   2.0000000000e-02 
  2.1356545072e+21   1.9325399000e+18   1.1066423266e+62   2.2245872600e-24   5.1871390088e-14  -1.8652985222e-06   2.0000000000e-02 
  2.1375870471e+21   1.9325399000e+18   1.1086469269e+62   2.2245872600e-24   5.1871390088e-14  -1.7471243467e-06   2.0000000000e-02 
  2.1395195870e+21   1.9325399000e+18   1.1106533412e+62   2.2245872600e-24   5.1871390088e-14  -1.3602994645e-06   2.0000000000e-02 
  2.1414521269e+21   1.9325399000e+18   1.1126615694e+62   2.2245872600e-24   5.1871390088e-14  -9.3822134600e-07   2.0000000000e-02 
  2.1433846668e+21   1.9325399000e+18   1.1146716116e+62   2.2245872600e-24   5.1871390088e-14  -1.8994189447e-07   2.0000000000e-02 
  2.1453172067e+21   1.9325399000e+18   1.1166834677e+62   2.2245872600e-24   5.1871390087e-14   6.3254458027e-07   2.0000000000e-02 
  2.1472497466e+21   1.9325399000e+18   1.1186971378e+62   2.2245872600e-24   5.1871390087e-14   1.2699954645e-06   2.0000000000e-02 
  2.1491822865e+21   1.9325399000e+18   1.1207126218e+62   2.2245872600e-24   5.1871390087e-14   1.7375647039e-06   2.0000000000e-02 
  2.1511148264e+21   1.9325399000e+18   1.1227299198e+62   2.2245872600e-24   5.1871390087e-14   1.8605551252e-06   2.0000000000e-02 
  2.1530473663e+21   1.9325399000e+18   1.1247490317e+62   2.2245872600e-24   5.1871390087e-14   1.9249605165e-06   2.0000000000e-02 
  2.1549799062e+21   1.9325399000e+18   1.1267699575e+62   2.2245872600e-24   5.1871390087e-14   2.0007385437e-06   2.0000000000e-02 
  2.1569124461e+21   1.9325399000e+18   1.1287926974e+62   2.2245872600e-24   5.1871390087e-14   2.0862977885e-06   2.0000000000e-02 
  2.1588449860e+21   1.9325399000e+18   1.1308172511e+62   2.2245872600e-24   5.1871390087e-14   2.3308981856e-06   2.0000000000e-02 
  2.1607775259e+21   1.9325399000e+18   1.1328436188e+62   2.2245872600e-24   5.1871390087e-14   2.6751688868e-06   2.0000000000e-02 
  2.1627100658e+21   1.9325399000e+18   1.1348718005e+62   2.2245872600e-24   5.1871390087e-14   3.0776850004e-06   2.0000000000e-02 
  2.1646426057e+21   1.9325399000e+18   1.1369017961e+62   2.2245872600e-24   5.1871390087e-14   3.8705423786e-06   2.0000000000e-02 
  2.1665751456e+21   1.9325399000e+18   1.1389336057e+62   2.2245872600e-24   5.1871390087e-14   4.7351670041e-06   2.0000000000e-02 
  2.1685076855e+21   1.9325399000e+18   1.1409672292e+62   2.2245872600e-24   5.1871390087e-14   5.2046015057e-06   2.0000000000e-02 
  2.1704402254e+21   1.9325399000e+18   1.1430026667e+62   2.2245872600e-24   5.1871390087e-14   5.4508288429e-06   2.0000000000e-02 
  2.1723727653e+21   1.9325399000e+18   1.1450399181e+62   2.2245872600e-24   5.1871390087e-14   5.7825492825e-06   2.0000000000e-02 
  2.1743053052e+21   1.9325399000e+18   1.1470789834e+62   2.2245872600e-24   5.1871390087e-14   6.0978301174e-06   2.0000000000e-02 
  2.1762378451e+21   1.9325399000e+18   1.1491198628e+62   2.2245872600e-24   5.1871390087e-14   6.0780506935e-06   2.0000000000e-02 
  2.1781703850e+21   1.9325399000e+18   1.1511625560e+62   2.2245872600e-24   5.1871390087e-14   5.7728421105e-06   2.0000000000e-02 
  2.1801029249e+21   1.9325399000e+18   1.1532070632e+62   2.2245872600e-24   5.1871390087e-14   5.4740993016e-06   2.0000000000e-02 
  2.1820354648e+21   1.9325399000e+18   1.1552533844e+62   2.2245872600e-24   5.1871390087e-14   5.2458056804e-06   2.0000000000e-02 
  2.1839680047e+21   1.9325399000e+18   1.1573015195e+62   2.2245872600e-24   5.1871390087e-14   4.7889486858e-06   2.0000000000e-02 
  2.1859005446e+21   1.9325399000e+18   1.1593514686e+62   2.2245872600e-24   5.1871390087e-14   3.9981027719e-06   2.0000000000e-02 
  2.1878330845e+21   1.9325399000e+18   1.1614032316e+62   2.2245872600e-24   5.1871390087e-14   3.2167629841e-06   2.0000000000e-02 
  2.1897656244e+21   1.9325399000e+18   1.1634568085e+62   2.2245872600e-24   5.1871390087e-14   2.7761190994e-06   2.0000000000e-02 
  2.1916981643e+21   1.9325399000e+18   1.1655121995e+62   2.2245872600e-24   5.1871390087e-14   2.4987151798e-06   2.0000000000e-02 
  2.1936307042e+21   1.9325399000e+18   1.1675694043e+62   2.2245872600e-24   5.1871390087e-14   2.1160460149e-06   2.0000000000e-02 
  2.1955632441e+21   1.9325399000e+18   1.1696284231e+62   2.2245872600e-24   5.1871390087e-14   1.9318412565e-06   2.0000000000e-02 
  2.1974957840e+21   1.9325399000e+18   1.1716892559e+62   2.2245872600e-24   5.1871390087e-14   1.8917833146e-06   2.0000000000e-02 
  2.1994283239e+21   1.9325399000e+18   1.1737519026e+62   2.2245872600e-24   5.1871390087e-14   1.8553079615e-06   2.0000000000e-02 
  2.2013608638e+21   1.9325399000e+18   1.1758163633e+62   2.2245872600e-24   5.1871390087e-14   1.7616260998e-06   2.0000000000e-02 
  2.2032934037e+21   1.9325399000e+18   1.1778826379e+62   2.2245872600e-24   5.1871390087e-14   1.5083662006e-06   2.0000000000e-02 
  2.2052259436e+21   1.9325399000e+18   1.1799507264e+62   2.2245872600e-24   5.1871390086e-14   1.1377237964e-06   2.0000000000e-02 
  2.2071584835e+21   1.9325399000e+18   1.1820206290e+62   2.2245872600e-24   5.1871390086e-14   6.9785084856e-07   2.0000000000e-02 
  2.2090910234e+21   1.9325399000e+18   1.1840923454e+62   2.2245872600e-24   5.1871390086e-14  -1.2315083008e-07   2.0000000000e-02 
  2.2110235633e+21   1.9325399000e+18   1.1861658758e+62   2.2245872600e-24   5.1871390086e-14  -6.8548192847e-07   2.0000000000e-02 
  2.2129561032e+21   1.9325399000e+18   1.1882412202e+62   2.2245872600e-24   5.1871390086e-14  -8.3930074653e-07   2.0000000000e-02 
  2.2148886431e+21   1.9325399000e+18   1.1903183785e+62   2.2245872600e-24   5.1871390086e-14  -9.4754333552e-07   2.0000000000e-02 
  2.2168211830e+21   1.9325399000e+18   1.1923973508e+62   2.2245872600e-24   5.1871390086e-14  -1.1648675759e-06   2.0000000000e-02 
  2.2187537229e+21   1.9325399000e+18   1.1944781370e+62   2.2245872600e-24   5.1871390086e-14  -1.4603962638e-06   2.0000000000e-02 
  2.2206862628e+21   1.9325399000e+18   1.1965607371e+62   2.2245872600e-24   5.1871390086e-14  -1.4888980898e-06   2.0000000000e-02 
  2.2226188027e+21   1.9325399000e+18   1.1986451512e+62   2.2245872600e-24   5.1871390086e-14  -1.5604990587e-06   2.0000000000e-02 
  2.2245513426e+21   1.9325399000e+18   1.2007313793e+62   2.2245872600e-24   5.1871390086e-14  -1.6847125758e-06   2.0000000000e-02 
  2.2264838825e+21   1.9325399000e+18   1.2028194213e+62   2.2245872600e-24   5.1871390086e-14  -1.6389450241e-06   2.0000000000e-02 
  2.2284164224e+21   1.9325399000e+18   1.2049092773e+62   2.2245872600e-24   5.1871390086e-14  -1.6282857245e-06   2.0000000000e-02 
  2.2303489623e+21   1.9325399000e+18   1.2070009472e+62   2.2245872600e-24   5.1871390086e-14  -1.6744394546e-06   2.0000000000e-02 
  2.2322815022e+21   1.9325399000e+18   1.2090944310e+62   2.2245872600e-24   5.1871390086e-14  -1.6094991813e-06   2.0000000000e-02 
  2.2342140421e+21   1.9325399000e+18   1.2111897288e+62   2.2245872600e-24   5.1871390086e-14  -1.3796982458e-06   2.0000000000e-02 
  2.2361465820e+21   1.9325399000e+18   1.2132868406e+62   2.2245872600e-24   5.1871390086e-14  -1.0937552681e-06   2.0000000000e-02 
  2.2380791219e+21   1.9325399000e+18   1.2153857663e+62   2.2245872600e-24   5.1871390086e-14  -9.5043004307e-07   2.0000000000e-02 
  2.2400116618e+21   1.9325399000e+18   1.2174865060e+62   2.2245872600e-24   5.1871390086e-14  -8.8170102348e-07   2.0000000000e-02 
  2.2419442017e+21   1.9325399000e+18   1.2195890596e+62   2.2245872600e-24   5.1871390086e-14  -7.7738747461e-07   2.0000000000e-02 
  2.2438767416e+21   1.9325399000e+18   1.2216934271e+62   2.2245872600e-24   5.1871390086e-14  -3.9529844838e-07   2.0000000000e-02 
  2.2458092815e+21   1.9325399000e+18   1.2237996086e+62   2.2245872600e-24   5.1871390086e-14   0.0000000000e+00   2.0000000000e-02 
