# time = 3.676299e+15 [s] 
# r                  dr                 dV                 Density            Pressure           Velocity           Z
  2.1304517832e+18   2.1304517832e+18   4.0504543150e+55   4.0291821750e-31   3.4267853548e-14   0.0000000000e+00   9.9248591688e-02 
  2.6005050848e+18   4.7005330162e+17   3.3160548107e+55   4.0291821750e-31   3.4267853548e-14  -7.1494412443e+03   9.9248591688e-02 
  3.4796688273e+18   8.7916374248e+17   1.0281769307e+56   4.0294211275e-31   3.4266771942e-14  -1.1068710586e+04   9.9248591688e-02 
  4.4305592007e+18   9.5089037344e+17   1.8782146847e+56   4.0303788152e-31   3.4265659748e-14  -1.5328175107e+04   9.9248591688e-02 
  4.8852174288e+18   4.5465822809e+17   1.2405599211e+56   4.0314408435e-31   3.4264793996e-14  -1.4866555194e+04   9.9248591688e-02 
  5.2874844405e+18   4.0226701164e+17   1.3084683943e+56   4.0325511643e-31   3.4264272488e-14  -1.4170907314e+04   9.9248591688e-02 
  5.9885468588e+18   7.0106241833e+17   2.8040020493e+56   4.0350812139e-31   3.4263654544e-14  -1.2399775816e+04   9.9248591688e-02 
  6.6288068020e+18   6.4025994317e+17   3.2049065136e+56   4.0390873107e-31   3.4262881447e-14  -9.4748966556e+03   9.9248591688e-02 
  7.4887960480e+18   8.5998924600e+17   5.3914014492e+56   4.0446626789e-31   3.4262114683e-14  -5.8071540217e+03   9.9248591688e-02 
  8.3258240504e+18   8.3702800242e+17   6.5828313774e+56   4.0521703005e-31   3.4261253972e-14  -1.1571521651e+03   9.9248591688e-02 
  9.3732622521e+18   1.0474382017e+18   1.0320166214e+57   4.0617789454e-31   3.4260344437e-14   4.6502166871e+03   9.9248591688e-02 
  1.0460066963e+19   1.0868047114e+18   1.3443956378e+57   4.0743409416e-31   3.4259360327e-14   1.1694310934e+04   9.9248591688e-02 
  1.1744489585e+19   1.2844226219e+18   1.9917101964e+57   4.0900865024e-31   3.4258221187e-14   2.0141373856e+04   9.9248591688e-02 
  1.3123874562e+19   1.3793849768e+18   2.6827176187e+57   4.1098713592e-31   3.4256942062e-14   2.9995544838e+04   9.9248591688e-02 
  1.4701581783e+19   1.5777072213e+18   3.8417228732e+57   4.1337591787e-31   3.4255509922e-14   4.1590206987e+04   9.9248591688e-02 
  1.6479226769e+19   1.7776449852e+18   5.4355052026e+57   4.1636044899e-31   3.4253921330e-14   5.5265828940e+04   9.9248591688e-02 
  1.8462345639e+19   1.9831188700e+18   7.6146434060e+57   4.2000995465e-31   3.4252185870e-14   7.1177948639e+04   9.9248591688e-02 
  2.0700609593e+19   2.2382639541e+18   1.0796542306e+58   4.2441976318e-31   3.4250279914e-14   9.0095932232e+04   9.9248591688e-02 
  2.3128712333e+19   2.4281027400e+18   1.4668661929e+58   4.2969719365e-31   3.4248266986e-14   1.1273321179e+05   9.9248591688e-02 
  2.5888579260e+19   2.7598669269e+18   2.0854285675e+58   4.3597853528e-31   3.4246257683e-14   1.3985777902e+05   9.9248591688e-02 
  2.8854460141e+19   2.9658808816e+18   2.7950276430e+58   4.4341067520e-31   3.4244484006e-14   1.7071869930e+05   9.9248591688e-02 
  3.2297647051e+19   3.4431869099e+18   4.0494125829e+58   4.5223918500e-31   3.4243017796e-14   2.0377014220e+05   9.9248591688e-02 
  3.5954872714e+19   3.6572256626e+18   5.3574048020e+58   4.6260905670e-31   3.4242217670e-14   2.3900032050e+05   9.9248591688e-02 
  4.0103813906e+19   4.1489411923e+18   7.5477124531e+58   4.7476466575e-31   3.4240428408e-14   2.8080311634e+05   9.9248591688e-02 
  4.4514443544e+19   4.4106296376e+18   9.9305145571e+58   4.8886023495e-31   3.4237961704e-14   3.2811185753e+05   9.9248591688e-02 
  4.9552627070e+19   5.0381835258e+18   1.4018907562e+59   5.0544968940e-31   3.4236016347e-14   3.7264400236e+05   9.9248591688e-02 
  5.4497560946e+19   4.9449338768e+18   1.6831504583e+59   5.2378845107e-31   3.4233001839e-14   4.0693024860e+05   9.9248591688e-02 
  6.1988577435e+19   7.4910164887e+18   3.1976976058e+59   5.4827581968e-31   3.4230784873e-14   4.4932765898e+05   9.9248591688e-02 
  7.3186503546e+19   1.1197926111e+19   6.4427764141e+59   5.8686610325e-31   3.4228353176e-14   5.1260084373e+05   9.9248591688e-02 
  7.7365707677e+19   4.1792041315e+18   2.9766602757e+59   6.1978567302e-31   3.4228233916e-14   5.7205698874e+05   9.9248591688e-02 
  8.1153375709e+19   3.7876680320e+18   2.9906633487e+59   6.3858183519e-31   3.4229102162e-14   6.0675665349e+05   9.9248591688e-02 
  8.5120854928e+19   3.9674792188e+18   3.4466472813e+59   6.5899525448e-31   3.4231895418e-14   6.3286823700e+05   9.9248591688e-02 
  8.9361968159e+19   4.2411132309e+18   4.0571458504e+59   6.8304471930e-31   3.4236364065e-14   6.5645502865e+05   9.9248591688e-02 
  9.3289086775e+19   3.9271186161e+18   4.1165669034e+59   7.0919118357e-31   3.4243739204e-14   6.7818286107e+05   9.9248591688e-02 
  9.8308793236e+19   5.0197064603e+18   5.7904050921e+59   7.4100778252e-31   3.4248650746e-14   7.1539204816e+05   9.9248591688e-02 
  1.0323209090e+20   4.9232976671e+18   6.2837466179e+59   7.7935665946e-31   3.4251879276e-14   7.6075671728e+05   9.9248591688e-02 
  1.0798072870e+20   4.7486378017e+18   6.6562961327e+59   8.1972409836e-31   3.4254043519e-14   8.0446686271e+05   9.9248591688e-02 
  1.1253095310e+20   4.5502244005e+18   6.9519641979e+59   8.6198285357e-31   3.4254831018e-14   8.3783802916e+05   9.9248591688e-02 
  1.1813427187e+20   5.6033187628e+18   9.3679566041e+59   9.1294023228e-31   3.4258968133e-14   8.7140179580e+05   9.9248591688e-02 
  1.2379031011e+20   5.6560382403e+18   1.0401628262e+60   9.7409579232e-31   3.4259876461e-14   9.1588631532e+05   9.9248591688e-02 
  1.2923348432e+20   5.4431742114e+18   1.0949437924e+60   1.0390376978e-30   3.4259961621e-14   9.5487325332e+05   9.9248591688e-02 
  1.3466880672e+20   5.4353224026e+18   1.1893862339e+60   1.1082769457e-30   3.4263140113e-14   9.8996461830e+05   9.9248591688e-02 
  1.4109949390e+20   6.4306871816e+18   1.5366489234e+60   1.1909180053e-30   3.4261543540e-14   1.0352418304e+06   9.9248591688e-02 
  1.4757221539e+20   6.4727214831e+18   1.6947982891e+60   1.2880098523e-30   3.4256303081e-14   1.0956873371e+06   9.9248591688e-02 
  1.5377861515e+20   6.2063997663e+18   1.7709072010e+60   1.3910832700e-30   3.4250518410e-14   1.1507056013e+06   9.9248591688e-02 
  1.6045379500e+20   6.6751798472e+18   2.0710000915e+60   1.5054026645e-30   3.4245107870e-14   1.1970866466e+06   9.9248591688e-02 
  1.6806276132e+20   7.6089663170e+18   2.5802851986e+60   1.6434582561e-30   3.4244364956e-14   1.2469007126e+06   9.9248591688e-02 
  1.7550948233e+20   7.4467210168e+18   2.7619709136e+60   1.8002595703e-30   3.4242337181e-14   1.3048953897e+06   9.9248591688e-02 
  1.8206461349e+20   6.5551311578e+18   2.6333707365e+60   1.9592369784e-30   3.4238150144e-14   1.3674511065e+06   9.9248591688e-02 
  1.9067503971e+20   8.6104262224e+18   3.7589189350e+60   2.1495670856e-30   3.4234473894e-14   1.4220313077e+06   9.9248591688e-02 
  2.0113794696e+20   1.0462907249e+19   5.0473465008e+60   2.4087633299e-30   3.4234341232e-14   1.4816752037e+06   9.9248591688e-02 
  2.1178747698e+20   1.0649530020e+19   5.7058433039e+60   2.7173731407e-30   3.4230718030e-14   1.5513563153e+06   9.9248591688e-02 
  2.2159771335e+20   9.8102363655e+18   5.7896411773e+60   3.0408030372e-30   3.4223753784e-14   1.6268728271e+06   9.9248591688e-02 
  2.3372183152e+20   1.2124118174e+19   7.8983295600e+60   3.4193832274e-30   3.4214548660e-14   1.7084972715e+06   9.9248591688e-02 
  2.4429279006e+20   1.0570958540e+19   7.5895739111e+60   3.8488435855e-30   3.4201325215e-14   1.7897611114e+06   9.9248591688e-02 
  2.5983146099e+20   1.5538670925e+19   1.2410132994e+61   4.3672513930e-30   3.4186643446e-14   1.8816080423e+06   9.9248591688e-02 
  2.7100774830e+20   1.1176287308e+19   9.8954963463e+60   4.9514275141e-30   3.4161858682e-14   1.9808831644e+06   9.9248591688e-02 
  2.8098668777e+20   9.9789394733e+18   9.5532461944e+60   5.4465781596e-30   3.4145795171e-14   2.0536274842e+06   9.9248591688e-02 
  2.9151293288e+20   1.0526245114e+19   1.0839835577e+61   5.9330658339e-30   3.4120923475e-14   2.1330304003e+06   9.9248591688e-02 
  3.0118871844e+20   9.6757855557e+18   1.0679402622e+61   6.3925675647e-30   3.4095054217e-14   2.2000407732e+06   9.9248591688e-02 
  3.1571318623e+20   1.4524467794e+19   1.7368509995e+61   6.8384876913e-30   3.4062541085e-14   2.2758891316e+06   9.9248591688e-02 
  3.3071851744e+20   1.5005331210e+19   1.9702382674e+61   7.3633124928e-30   3.4022824505e-14   2.3619801345e+06   9.9248591688e-02 
  3.4055829831e+20   9.8397808655e+18   1.3930596057e+61   7.7366866662e-30   3.3989223420e-14   2.4286516624e+06   9.9248591688e-02 
  3.4981618461e+20   9.2578862992e+18   1.3862999548e+61   7.9986249384e-30   3.3962689573e-14   2.4757185527e+06   9.9248591688e-02 
  3.6495740073e+20   1.5141216126e+19   2.4305948647e+61   8.2307441871e-30   3.3927145942e-14   2.5325942414e+06   9.9248591688e-02 
  3.8186818507e+20   1.6910784334e+19   2.9636452630e+61   8.5090161020e-30   3.3877370495e-14   2.6054359304e+06   9.9248591688e-02 
  3.9979570967e+20   1.7927524602e+19   3.4418064693e+61   8.7485983697e-30   3.3815696262e-14   2.6830633156e+06   9.9248591688e-02 
  4.0982536207e+20   1.0029652402e+19   2.0654827681e+61   8.9178631614e-30   3.3760460662e-14   2.7448308915e+06   9.9248591688e-02 
  4.1947839903e+20   9.6530369578e+18   2.0857426658e+61   9.0025323237e-30   3.3717573616e-14   2.7862816805e+06   9.9248591688e-02 
  4.3630000027e+20   1.6821601245e+19   3.8707558368e+61   9.0717516626e-30   3.3655085548e-14   2.8353668015e+06   9.9248591688e-02 
  4.5523976147e+20   1.8939761195e+19   4.7301088333e+61   9.1369495552e-30   3.3566174419e-14   2.8928889610e+06   9.9248591688e-02 
  4.7177592118e+20   1.6536159710e+19   4.4648282220e+61   9.1832750887e-30   3.3477239521e-14   2.9383561481e+06   9.9248591688e-02 
  4.8060431628e+20   8.8283951056e+18   2.5157346024e+61   9.2053835449e-30   3.3413167773e-14   2.9640635724e+06   9.9248591688e-02 
  4.8941482860e+20   8.8105123112e+18   2.6044953678e+61   9.2114959400e-30   3.3368715783e-14   2.9794261706e+06   9.9248591688e-02 
  5.0713622217e+20   1.7721393570e+19   5.5295860676e+61   9.2094312688e-30   3.3300595245e-14   2.9998560122e+06   9.9248591688e-02 
  5.2204466129e+20   1.4908439124e+19   4.9613040865e+61   9.1965855068e-30   3.3214241310e-14   3.0221893975e+06   9.9248591688e-02 
  5.3173711185e+20   9.6924505573e+18   3.3814041298e+61   9.1791597948e-30   3.3148215924e-14   3.0346933187e+06   9.9248591688e-02 
  5.3975545424e+20   8.0183423872e+18   2.8921505814e+61   9.1596784471e-30   3.3100827752e-14   3.0392333678e+06   9.9248591687e-02 
  5.4665932392e+20   6.9038696883e+18   2.5599980419e+61   9.1372392972e-30   3.3061049821e-14   3.0397713158e+06   9.9248591685e-02 
  5.6382316927e+20   1.7163845351e+19   6.6500127836e+61   9.0914250922e-30   3.2998964820e-14   3.0326559442e+06   9.9248591674e-02 
  5.7486146713e+20   1.1038297851e+19   4.4964783529e+61   9.0329635324e-30   3.2928765549e-14   3.0174465334e+06   9.9248591641e-02 
  5.7765723824e+20   2.7957711092e+18   1.1666707312e+61   9.0010161811e-30   3.2896662843e-14   3.0083193267e+06   9.9248591569e-02 
  5.7997367276e+20   2.3164345205e+18   9.7523821350e+60   8.9840348198e-30   3.2884874931e-14   3.0041057921e+06   9.9248590829e-02 
  5.8821617214e+20   8.2424993851e+18   3.5338072403e+61   8.9356093053e-30   3.2859981524e-14   2.9949025875e+06   9.9248588468e-02 
  5.9590420956e+20   7.6880374231e+18   3.3865943285e+61   8.8577439049e-30   3.2822587119e-14   2.9803140208e+06   9.9248578301e-02 
  6.0421070531e+20   8.3064957433e+18   3.7585499033e+61   8.7748827592e-30   3.2784746667e-14   2.9652187246e+06   9.9248538606e-02 
  6.2143929578e+20   1.7228590470e+19   8.1313220777e+61   8.6349288132e-30   3.2721937612e-14   2.9424365300e+06   9.9248426751e-02 
  6.3580517109e+20   1.4365875316e+19   7.1341187185e+61   8.4570343419e-30   3.2641682185e-14   2.9160575812e+06   9.9248193391e-02 
  6.4945193754e+20   1.3646766443e+19   7.0823271056e+61   8.2936784655e-30   3.2568735380e-14   2.8954383428e+06   9.9247885483e-02 
  6.6709483776e+20   1.7642900225e+19   9.6076778994e+61   8.1017783678e-30   3.2487787755e-14   2.8691866899e+06   9.9247035384e-02 
  6.8337108516e+20   1.6276247395e+19   9.3259362549e+61   7.8847614127e-30   3.2405572579e-14   2.8325032071e+06   9.9244778866e-02 
  6.9909888659e+20   1.5727801437e+19   9.4438273781e+61   7.6662921916e-30   3.2337608279e-14   2.7836279657e+06   9.9238738382e-02 
  7.1432959387e+20   1.5230707277e+19   9.5594835326e+61   7.4417891893e-30   3.2281686851e-14   2.7229784896e+06   9.9219892372e-02 
  7.3136570343e+20   1.7036109562e+19   1.1186492499e+62   7.1870784448e-30   3.2229831158e-14   2.6505625801e+06   9.9143715155e-02 
  7.4556687471e+20   1.4201171280e+19   9.7321492960e+61   6.9193602394e-30   3.2181253989e-14   2.5797343296e+06   9.8877778844e-02 
  7.5367636879e+20   8.1094940828e+18   5.7265369865e+61   6.7097444211e-30   3.2146108589e-14   2.5316216939e+06   9.8443599236e-02 
  7.6062318188e+20   6.9468130844e+18   5.0045164350e+61   6.5460845395e-30   3.2121940111e-14   2.5019087609e+06   9.7596169274e-02 
  7.6984125062e+20   9.2180687434e+18   6.7833081925e+61   6.3423984116e-30   3.2095837960e-14   2.4719149843e+06   9.6986637624e-02 
  7.7354801119e+20   3.7067605669e+18   2.7739344272e+61   6.1648669539e-30   3.2075037826e-14   2.4487047829e+06   9.6710388763e-02 
  7.7525668554e+20   1.7086743535e+18   1.2876643252e+61   6.0816084798e-30   3.2066402610e-14   2.4392109311e+06   9.6620304260e-02 
  7.7792298751e+20   2.6663019643e+18   2.0207055220e+61   6.0225566585e-30   3.2059446672e-14   2.4315741391e+06   9.6589707975e-02 
  7.8456467445e+20   6.6416869405e+18   5.0940603141e+61   5.9276641544e-30   3.2044809430e-14   2.4156229274e+06   9.6584227359e-02 
  7.8988122331e+20   5.3165488667e+18   4.1403477263e+61   5.8207541582e-30   3.2026220367e-14   2.3954988986e+06   9.6582000865e-02 
  7.9369083640e+20   3.8096130873e+18   3.0012850269e+61   5.7518877732e-30   3.2012112697e-14   2.3802632775e+06   9.6581716278e-02 
  7.9721060897e+20   3.5197725653e+18   2.7986702806e+61   5.7097062499e-30   3.2000803919e-14   2.3679456951e+06   9.6581674172e-02 
  8.0101148461e+20   3.8008756396e+18   3.0500616074e+61   5.6808134351e-30   3.1989583780e-14   2.3554512388e+06   9.6581671561e-02 
  8.0451331978e+20   3.5018351733e+18   2.8358307082e+61   5.6629313477e-30   3.1978502127e-14   2.3427294011e+06   9.6581671427e-02 
  8.1754722773e+20   1.3033907951e+19   1.0773777243e+62   5.6452258425e-30   3.1953851741e-14   2.3127979078e+06   9.6581671421e-02 
  8.3006789272e+20   1.2520664992e+19   1.0678178243e+62   5.6260035288e-30   3.1916277027e-14   2.2643353291e+06   9.6581671417e-02 
  8.3467948741e+20   4.6115946850e+18   4.0151224424e+61   5.6163449687e-30   3.1892015785e-14   2.2304708310e+06   9.6581671415e-02 
  8.3778526455e+20   3.1057771453e+18   2.7291952628e+61   5.6138786840e-30   3.1881428006e-14   2.2142698025e+06   9.6581671414e-02 
  8.4075781531e+20   2.9725507580e+18   2.6311438330e+61   5.6134043964e-30   3.1873180009e-14   2.2009422260e+06   9.6581671408e-02 
  8.4390086176e+20   3.1430464546e+18   2.8023670825e+61   5.6138870841e-30   3.1864955039e-14   2.1871163828e+06   9.6581671361e-02 
  8.5511336658e+20   1.1212504818e+19   1.0168405384e+62   5.6176761821e-30   3.1845893102e-14   2.1528456351e+06   9.6581671194e-02 
  8.6249008637e+20   7.3767197879e+18   6.8369379526e+61   5.6256257838e-30   3.1821550447e-14   2.1067854409e+06   9.6581670452e-02 
  8.6560860963e+20   3.1185232621e+18   2.9257446331e+61   5.6330773632e-30   3.1808242977e-14   2.0801380273e+06   9.6581668556e-02 
  8.6958858356e+20   3.9799739239e+18   3.7646840494e+61   5.6416270441e-30   3.1799205281e-14   2.0616630866e+06   9.6581649013e-02 
  8.7661790637e+20   7.0293228141e+18   6.7337486699e+61   5.6533885032e-30   3.1784935198e-14   2.0329024346e+06   9.6581586446e-02 
  8.8377686637e+20   7.1589600012e+18   6.9698325343e+61   5.6642088651e-30   3.1766193848e-14   1.9958472158e+06   9.6581085878e-02 
  8.9341867756e+20   9.6418111896e+18   9.5671633153e+61   5.6717203881e-30   3.1743528674e-14   1.9529080094e+06   9.6579724507e-02 
  9.0385090764e+20   1.0432230079e+19   1.0586645155e+62   5.6763488902e-30   3.1716436001e-14   1.9039443066e+06   9.6577263119e-02 
  9.1414666446e+20   1.0295756819e+19   1.0690533766e+62   5.6780117728e-30   3.1688422105e-14   1.8564388099e+06   9.6576066127e-02 
  9.3029845204e+20   1.6151787583e+19   1.7262871665e+62   5.6765167250e-30   3.1653112504e-14   1.7995069372e+06   9.6570940682e-02 
  9.4487265798e+20   1.4574205934e+19   1.6099979612e+62   5.6710914091e-30   3.1613247835e-14   1.7355008066e+06   9.6557239029e-02 
  9.5806017633e+20   1.3187518354e+19   1.5002610069e+62   5.6630340662e-30   3.1579351429e-14   1.6774283945e+06   9.6527741058e-02 
  9.7101069221e+20   1.2950515879e+19   1.5140486529e+62   5.6521871979e-30   3.1551306561e-14   1.6196606907e+06   9.6448540630e-02 
  9.8768726453e+20   1.6676572319e+19   2.0100279585e+62   5.6350322157e-30   3.1525363276e-14   1.5495730112e+06   9.6144281735e-02 
  1.0001573136e+21   1.2470049028e+19   1.5480628249e+62   5.6131654621e-30   3.1504814585e-14   1.4776894717e+06   9.5127776228e-02 
  1.0098708500e+21   9.7135364067e+18   1.2329200376e+62   5.5897464733e-30   3.1491976754e-14   1.4214320215e+06   9.1869396630e-02 
  1.0151187661e+21   5.2479161224e+18   6.7605702681e+61   5.5675414750e-30   3.1483820317e-14   1.3833438428e+06   8.8087083666e-02 
  1.0222364933e+21   7.1177272006e+18   9.2816782178e+61   5.5392642701e-30   3.1477068249e-14   1.3520760710e+06   8.1689384852e-02 
  1.0251345014e+21   2.8980081584e+18   3.8163030911e+61   5.5101334596e-30   3.1471542221e-14   1.3270797327e+06   7.6467027858e-02 
  1.0281859527e+21   3.0514512288e+18   4.0417560050e+61   5.4836429244e-30   3.1468157702e-14   1.3124762678e+06   7.3828362965e-02 
  1.0338956125e+21   5.7096598373e+18   7.6273363299e+61   5.4319028704e-30   3.1463017552e-14   1.2911773356e+06   7.3520719501e-02 
  1.0380094843e+21   4.1138717571e+18   5.5480569463e+61   5.3730122837e-30   3.1457132153e-14   1.2675634015e+06   7.3367943279e-02 
  1.0416946207e+21   3.6851363854e+18   5.0073389589e+61   5.3332507276e-30   3.1452333569e-14   1.2491553422e+06   7.3319768591e-02 
  1.0466259823e+21   4.9313616004e+18   6.7563458933e+61   5.2988238428e-30   3.1446884576e-14   1.2289944307e+06   7.3314207339e-02 
  1.0520023464e+21   5.3763641132e+18   7.4389314766e+61   5.2659337851e-30   3.1440208374e-14   1.2050011564e+06   7.3313108993e-02 
  1.0571099665e+21   5.1076201446e+18   7.1378715286e+61   5.2398414988e-30   3.1433243327e-14   1.1807463659e+06   7.3313017207e-02 
  1.0680083390e+21   1.0898372480e+19   1.5462565470e+62   5.2112600479e-30   3.1422165020e-14   1.1439702696e+06   7.3313012893e-02 
  1.0767329422e+21   8.7246031954e+18   1.2608045694e+62   5.1824093509e-30   3.1408091011e-14   1.0993694290e+06   7.3313011880e-02 
  1.0825813082e+21   5.8483660080e+18   8.5667714498e+61   5.1659157698e-30   3.1397104404e-14   1.0673532089e+06   7.3313011759e-02 
  1.0962292078e+21   1.3647899628e+19   2.0354493415e+62   5.1523868942e-30   3.1381362987e-14   1.0266471992e+06   7.3313011675e-02 
  1.1075004650e+21   1.1271257211e+19   1.7196602750e+62   5.1396333007e-30   3.1360517808e-14   9.7659104162e+05   7.3313011372e-02 
  1.1217517470e+21   1.4251281994e+19   2.2249903676e+62   5.1309318379e-30   3.1338455731e-14   9.2888995820e+05   7.3313009720e-02 
  1.1318778833e+21   1.0126136237e+19   1.6157034396e+62   5.1248768477e-30   3.1317449310e-14   8.8462916625e+05   7.3313002054e-02 
  1.1415621795e+21   9.6842962348e+18   1.5724888801e+62   5.1217136973e-30   3.1301079187e-14   8.4862307243e+05   7.3312945701e-02 
  1.1594217515e+21   1.7859571961e+19   2.9706864229e+62   5.1200219851e-30   3.1282034750e-14   7.9609877663e+05   7.3312816908e-02 
  1.1715808334e+21   1.2159081912e+19   2.0755830051e+62   5.1200769611e-30   3.1266681080e-14   7.3262900786e+05   7.3312570236e-02 
  1.1832604086e+21   1.1679575224e+19   2.0347157585e+62   5.1224286264e-30   3.1262466440e-14   6.7408159879e+05   7.3311640270e-02 
  1.1932320828e+21   9.9716741928e+18   1.7692670708e+62   5.1270671208e-30   3.1261384174e-14   6.1907641015e+05   7.3306571927e-02 
  1.2014970565e+21   8.2649737434e+18   1.4890383148e+62   5.1334686808e-30   3.1258758487e-14   5.7571325279e+05   7.3287132178e-02 
  1.2192940645e+21   1.7797007990e+19   3.2765690740e+62   5.1474501047e-30   3.1252870695e-14   5.2242093473e+05   7.3237519762e-02 
  1.2312188642e+21   1.1924799665e+19   2.2496677821e+62   5.1667402687e-30   3.1246866306e-14   4.6206373750e+05   7.3134835198e-02 
  1.2368106862e+21   5.5918220010e+18   1.0700514626e+62   5.1815987760e-30   3.1247572126e-14   4.2189268820e+05   7.2987967843e-02 
  1.2431654368e+21   6.3547506244e+18   1.2278472297e+62   5.1971408996e-30   3.1253586143e-14   3.8297934468e+05   7.2238103075e-02 
  1.2475791689e+21   4.4137320944e+18   8.6023021516e+61   5.2155505067e-30   3.1258861053e-14   3.4906645377e+05   7.1108216330e-02 
  1.2524335618e+21   4.8543928658e+18   9.5316871574e+61   5.2372335691e-30   3.1261233671e-14   3.2621912848e+05   6.9609152916e-02 
  1.2560470085e+21   3.6134467048e+18   7.1432082199e+61   5.2621508106e-30   3.1259308631e-14   3.0839974090e+05   6.8870024548e-02 
  1.2636969776e+21   7.6499691158e+18   1.5258917451e+62   5.3055519603e-30   3.1250750251e-14   2.9869432858e+05   6.8638995425e-02 
  1.2693058620e+21   5.6088844043e+18   1.1305725205e+62   5.3649249828e-30   3.1237598203e-14   2.9569034670e+05   6.8509888898e-02 
  1.2782668846e+21   8.9610225840e+18   1.8271004482e+62   5.4472335841e-30   3.1221767016e-14   2.8950673668e+05   6.8466979591e-02 
  1.2831384879e+21   4.8716033599e+18   1.0041045844e+62   5.5431314801e-30   3.1214052507e-14   2.7172338631e+05   6.8451818183e-02 
  1.2867512095e+21   3.6127215139e+18   7.4957244095e+61   5.6282833359e-30   3.1213258500e-14   2.5553858784e+05   6.8446643117e-02 
  1.2906532330e+21   3.9020235128e+18   8.1433899560e+61   5.7415718341e-30   3.1212580766e-14   2.3902180062e+05   6.8445253687e-02 
  1.2931883746e+21   2.5351416340e+18   5.3172124684e+61   5.8779151759e-30   3.1212407687e-14   2.2374379951e+05   6.8445123650e-02 
  1.2990868220e+21   5.8984473749e+18   1.2452327670e+62   6.1513397781e-30   3.1212108904e-14   2.0135878571e+05   6.8445122432e-02 
  1.3032057305e+21   4.1189085398e+18   8.7628347450e+61   6.5520628405e-30   3.1211613853e-14   1.7378334075e+05   6.8445243463e-02 
  1.3068582789e+21   3.6525484265e+18   7.8171501729e+61   6.9801437382e-30   3.1210716923e-14   1.5228397989e+05   6.8446071624e-02 
  1.3090151624e+21   2.1568834302e+18   4.6367117957e+61   7.4339632657e-30   3.1209942879e-14   1.3618676084e+05   6.8448099588e-02 
  1.3213021193e+21   1.2286956939e+19   2.6706295161e+62   9.2332691094e-30   3.1209388615e-14   9.0150550060e+04   6.8458276174e-02 
  1.3286387507e+21   7.3366313980e+18   1.6185273744e+62   1.2215768712e-29   3.1213377034e-14   2.0915127759e+04   6.8493711520e-02 
  1.3310884321e+21   2.4496814116e+18   5.4441964242e+61   1.4579065968e-29   3.1222493825e-14  -1.6720299427e+04   6.8560058335e-02 
  1.3384495732e+21   7.3611410797e+18   1.6480422109e+62   2.0301040248e-29   3.1210191488e-14  -1.5377331997e+04   6.9232562007e-02 
  1.3404239661e+21   1.9743929315e+18   4.4513112630e+61   2.8833317686e-29   3.1129406940e-14  -1.8550450019e+04   7.0797746405e-02 
  1.3417801930e+21   1.3562269090e+18   3.0652502035e+61   3.8040249677e-29   3.1232928291e-14  -3.4678840685e+04   7.1825385241e-02 
  1.3435548652e+21   1.7746721821e+18   4.0203609067e+61   6.0829873970e-29   3.1114236046e-14   3.3908891518e+03   7.1191316267e-02 
  1.3438790543e+21   3.2418904858e+17   7.3556965271e+60   9.5219581611e-29   3.1178059287e-14  -3.8542794404e+04   6.7443903184e-02 
  1.3458664515e+21   1.9873972305e+18   4.5170720001e+61   3.0346981003e-28   3.1223653127e-14  -5.9065823181e+04   4.4602320806e-02 
  1.3461793862e+21   3.1293466331e+17   7.1247305987e+60   9.4345144172e-28   3.1050419967e-14  -5.5245146900e+04   2.7838749711e-02 
  1.3473831705e+21   1.2037842943e+18   2.7438016122e+61   4.9712474617e-27   3.1212014262e-14  -5.9395972017e+04   2.3847409128e-02 
  1.3482088580e+21   8.2568757576e+17   1.8848377129e+61   2.4981937799e-26   3.1168983898e-14  -6.1167912543e+04   2.1275302132e-02 
  1.3492909792e+21   1.0821211869e+18   2.4737092355e+61   5.1721932826e-26   3.1111659270e-14  -6.2410741159e+04   2.0410248805e-02 
  1.3503340251e+21   1.0430458923e+18   2.3881422684e+61   6.1510325459e-26   3.1058326460e-14  -6.3545487472e+04   2.0079596980e-02 
  1.3629132890e+21   1.2579263913e+19   2.9092897484e+62   6.5908438128e-26   3.1674141273e-14  -5.3344841711e+04   2.0049804549e-02 
  1.3725857581e+21   9.6724690958e+18   2.2738518696e+62   7.9771067302e-25   3.2079086861e-14  -4.6748722612e+04   2.0035457335e-02 
  1.3832016738e+21   1.0615915716e+19   2.5328000909e+62   8.2473948760e-25   3.2446649668e-14  -4.2259085205e+04   2.0032126506e-02 
  1.3945144593e+21   1.1312785497e+19   2.7421900385e+62   8.7466937534e-25   3.3128206522e-14  -3.7164944120e+04   2.0028743358e-02 
  1.4057048899e+21   1.1190430587e+19   2.7566592521e+62   9.2494831618e-25   3.3792552182e-14  -3.1415622418e+04   2.0028566092e-02 
  1.4218197012e+21   1.6114811268e+19   4.0475533312e+62   9.8334723075e-25   3.4659411158e-14  -2.4756909139e+04   2.0022769288e-02 
  1.4381214709e+21   1.6301769696e+19   4.1889341120e+62   1.0511763903e-24   3.5633768735e-14  -1.7455070805e+04   2.0022459133e-02 
  1.4583587220e+21   2.0237251159e+19   5.3339579435e+62   1.1422036435e-24   3.6915451463e-14  -9.7894761974e+03   2.0014595839e-02 
  1.4725089255e+21   1.4150203423e+19   3.8186367191e+62   1.2304966222e-24   3.8236787293e-14  -1.9410590172e+03   2.0005274579e-02 
  1.4835108705e+21   1.1001945001e+19   3.0202022296e+62   1.3067669731e-24   3.9357757047e-14   4.3124097070e+03   2.0001225485e-02 
  1.4942061843e+21   1.0695313837e+19   2.9792855469e+62   1.3829777171e-24   4.0442078264e-14   1.0093781202e+04   2.0000449221e-02 
  1.5051393496e+21   1.0933165260e+19   3.0899447239e+62   1.4643317117e-24   4.1568935934e-14   1.5856116814e+04   2.0000173638e-02 
  1.5159275900e+21   1.0788240403e+19   3.0933070470e+62   1.5479287721e-24   4.2774215055e-14   2.1360559245e+04   2.0000059515e-02 
  1.5262017833e+21   1.0274193285e+19   2.9871333767e+62   1.6368090831e-24   4.4043792065e-14   2.6833392625e+04   2.0000019187e-02 
  1.5357688722e+21   9.5670889622e+18   2.8179491173e+62   1.7286018017e-24   4.5326188850e-14   3.2182124863e+04   2.0000006011e-02 
  1.5445984355e+21   8.8295633207e+18   2.6320570512e+62   1.8231828819e-24   4.6619296918e-14   3.7215693245e+04   2.0000001767e-02 
  1.5528760066e+21   8.2775710805e+18   2.4949927533e+62   1.9173368658e-24   4.7881080428e-14   4.1980073027e+04   2.0000000504e-02 
  1.5605897159e+21   7.7137092916e+18   2.3491037939e+62   2.0118186426e-24   4.9196054705e-14   4.6699733938e+04   2.0000000135e-02 
  1.5678193654e+21   7.2296494831e+18   2.2228746005e+62   2.1227097044e-24   5.0717871116e-14   5.1247266099e+04   2.0000000035e-02 
  1.5744430726e+21   6.6237072266e+18   2.0546438470e+62   2.2142948420e-24   5.1722716373e-14   5.5047960560e+04   2.0000000008e-02 
  1.5804760995e+21   6.0330269181e+18   1.8865231532e+62   2.3018588648e-24   5.2870296970e-14   5.8546635592e+04   2.0000000002e-02 
  1.5861701034e+21   5.6940038942e+18   1.7937717857e+62   2.3898759361e-24   5.4008289200e-14   6.1844595811e+04   2.0000000000e-02 
  1.5916009759e+21   5.4308724177e+18   1.7229200001e+62   2.4755312169e-24   5.5101935349e-14   6.4946088788e+04   2.0000000000e-02 
  1.5966466152e+21   5.0456393124e+18   1.6112781486e+62   2.5524851077e-24   5.6072401055e-14   6.7557182983e+04   2.0000000000e-02 
  1.6014401925e+21   4.7935772985e+18   1.5402472025e+62   2.6217412376e-24   5.6954958947e-14   6.9841644625e+04   2.0000000000e-02 
  1.6060516768e+21   4.6114842896e+18   1.4904658632e+62   2.6889754834e-24   5.7837894854e-14   7.1977986689e+04   2.0000000000e-02 
  1.6105193089e+21   4.4676321220e+18   1.4521578843e+62   2.7565451945e-24   5.8717379137e-14   7.4086422457e+04   2.0000000000e-02 
  1.6152979470e+21   4.7786380765e+18   1.5621899917e+62   2.8285526180e-24   5.9646395101e-14   7.6280074354e+04   2.0000000000e-02 
  1.6202445481e+21   4.9466011363e+18   1.6268642670e+62   2.9079556922e-24   6.0661500852e-14   7.8625850127e+04   2.0000000000e-02 
  1.6249649658e+21   4.7204177112e+18   1.5617664578e+62   2.9902884896e-24   6.1703968573e-14   8.0991715021e+04   2.0000000000e-02 
  1.6295421035e+21   4.5771377114e+18   1.5230514578e+62   3.0728108604e-24   6.2738864608e-14   8.3287663054e+04   2.0000000000e-02 
  1.6340708273e+21   4.5287238076e+18   1.5153860223e+62   3.1569734680e-24   6.3784419361e-14   8.5550480221e+04   2.0000000000e-02 
  1.6385463813e+21   4.4755540101e+18   1.5058695980e+62   3.2433885736e-24   6.4847956207e-14   8.7815269516e+04   2.0000000000e-02 
  1.6428755693e+21   4.3291880151e+18   1.4644708448e+62   3.3316859970e-24   6.5925279867e-14   9.0038565048e+04   2.0000000000e-02 
  1.6468706142e+21   3.9950448281e+18   1.3583025830e+62   3.4152763721e-24   6.6936712866e-14   9.2077954927e+04   2.0000000000e-02 
  1.6506868329e+21   3.8162187187e+18   1.3036711788e+62   3.4908436749e-24   6.7844695389e-14   9.3844445186e+04   2.0000000000e-02 
  1.6543283998e+21   3.6415668879e+18   1.2496410147e+62   3.5603436381e-24   6.8674623526e-14   9.5398857709e+04   2.0000000000e-02 
  1.6576307548e+21   3.3023550326e+18   1.1380038277e+62   3.6237146636e-24   6.9455787197e-14   9.6788375420e+04   2.0000000000e-02 
  1.6607867136e+21   3.1559587566e+18   1.0918006899e+62   3.6844257479e-24   7.0210806542e-14   9.8096759043e+04   2.0000000000e-02 
  1.6638941485e+21   3.1074349157e+18   1.0790758359e+62   3.7449812007e-24   7.0960136192e-14   9.9412267786e+04   2.0000000000e-02 
  1.6669541988e+21   3.0600503011e+18   1.0665673381e+62   3.8078446583e-24   7.1734123219e-14   1.0073167621e+05   2.0000000000e-02 
  1.6698816950e+21   2.9274962016e+18   1.0240378789e+62   3.8705400948e-24   7.2502184495e-14   1.0206499062e+05   2.0000000000e-02 
  1.6724707453e+21   2.5890503072e+18   9.0864645086e+61   3.9312234890e-24   7.3241990955e-14   1.0331299608e+05   2.0000000000e-02 
  1.6749271354e+21   2.4563901036e+18   8.6469304004e+61   3.9881645626e-24   7.3934143011e-14   1.0449507946e+05   2.0000000000e-02 
  1.6773476686e+21   2.4205332503e+18   8.5455540766e+61   4.0457860807e-24   7.4630337202e-14   1.0565726516e+05   2.0000000000e-02 
  1.6797526208e+21   2.4049521858e+18   8.5150072937e+61   4.1043122508e-24   7.5334471799e-14   1.0684085797e+05   2.0000000000e-02 
  1.6821440819e+21   2.3914611072e+18   8.4914527756e+61   4.1648053231e-24   7.6059107426e-14   1.0803590878e+05   2.0000000000e-02 
  1.6845222663e+21   2.3781843312e+18   8.4682878964e+61   4.2265858096e-24   7.6795890323e-14   1.0925364054e+05   2.0000000000e-02 
  1.6868863814e+21   2.3641151788e+18   8.4419226422e+61   4.2901984025e-24   7.7551162845e-14   1.1048286639e+05   2.0000000000e-02 
  1.6892347678e+21   2.3483863757e+18   8.4092166189e+61   4.3551976261e-24   7.8319428350e-14   1.1172812509e+05   2.0000000000e-02 
  1.6915520544e+21   2.3172866151e+18   8.3208035303e+61   4.4216967898e-24   7.9101876387e-14   1.1297755123e+05   2.0000000000e-02 
  1.6937557624e+21   2.2037079422e+18   7.9341480297e+61   4.4879506868e-24   7.9877921699e-14   1.1420752437e+05   2.0000000000e-02 
  1.6956184993e+21   1.8627368838e+18   6.7226497455e+61   4.5492111420e-24   8.0592383297e-14   1.1532744175e+05   2.0000000000e-02 
  1.6973604547e+21   1.7419554641e+18   6.3001267919e+61   4.6048583603e-24   8.1238522983e-14   1.1633389958e+05   2.0000000000e-02 
  1.6990750896e+21   1.7146348337e+18   6.2139578977e+61   4.6595197876e-24   8.1870931459e-14   1.1731036273e+05   2.0000000000e-02 
  1.7007663060e+21   1.6912164090e+18   6.1413861764e+61   4.7146541871e-24   8.2506539139e-14   1.1828413040e+05   2.0000000000e-02 
  1.7023662039e+21   1.5998979421e+18   5.8210308926e+61   4.7691709245e-24   8.3132820182e-14   1.1923693869e+05   2.0000000000e-02 
  1.7037104118e+21   1.3442078489e+18   4.8991997576e+61   4.8190476306e-24   8.3703910537e-14   1.2009897697e+05   2.0000000000e-02 
  1.7051885220e+21   1.4781102334e+18   5.3961619439e+61   4.8680588097e-24   8.4263317929e-14   1.2093559200e+05   2.0000000000e-02 
  1.7065010400e+21   1.3125180078e+18   4.7994799124e+61   4.9172051518e-24   8.4822494047e-14   1.2176519447e+05   2.0000000000e-02 
  1.7079682924e+21   1.4672523584e+18   5.3740431405e+61   4.9654767422e-24   8.5370112072e-14   1.2256423713e+05   2.0000000000e-02 
  1.7092679574e+21   1.2996650705e+18   4.7679462413e+61   5.0118641843e-24   8.5895045560e-14   1.2331576105e+05   2.0000000000e-02 
  1.7107202368e+21   1.4522794052e+18   5.3364112523e+61   5.0557723124e-24   8.6390736881e-14   1.2400453567e+05   2.0000000000e-02 
  1.7120084284e+21   1.2881915404e+18   4.7410581288e+61   5.0970891096e-24   8.6854794828e-14   1.2463160862e+05   2.0000000000e-02 
  1.7134453065e+21   1.4368781520e+18   5.2967082478e+61   5.1366548480e-24   8.7301110431e-14   1.2522473128e+05   2.0000000000e-02 
  1.7146332601e+21   1.1879535750e+18   4.3858208967e+61   5.1746433771e-24   8.7743556009e-14   1.2578982434e+05   2.0000000000e-02 
  1.7157244481e+21   1.0911879977e+18   4.0339293394e+61   5.2083074825e-24   8.8134777987e-14   1.2629226157e+05   2.0000000000e-02 
  1.7168154988e+21   1.0910506643e+18   4.0385550356e+61   5.2414047439e-24   8.8518693490e-14   1.2678556728e+05   2.0000000000e-02 
  1.7178839279e+21   1.0684291286e+18   3.9597984524e+61   5.2749627935e-24   8.8907269247e-14   1.2728610915e+05   2.0000000000e-02 
  1.7188709425e+21   9.8701460322e+17   3.6624404883e+61   5.3076345619e-24   8.9284937096e-14   1.2777224883e+05   2.0000000000e-02 
  1.7195162230e+21   6.4528049880e+17   2.3966685243e+61   5.3339785865e-24   8.9588995153e-14   1.2816384528e+05   2.0000000000e-02 
  1.7200628006e+21   5.4657762774e+17   2.0314788781e+61   5.3534877834e-24   8.9813905042e-14   1.2845306873e+05   2.0000000000e-02 
  1.7205928723e+21   5.3007171627e+17   1.9713645039e+61   5.3713002652e-24   9.0019061393e-14   1.2871664954e+05   2.0000000000e-02 
  1.7211265921e+21   5.3371975837e+17   1.9861593671e+61   5.3890626867e-24   9.0223456267e-14   1.2897873250e+05   2.0000000000e-02 
  1.7216624447e+21   5.3585257105e+17   1.9953359057e+61   5.4070581130e-24   9.0430343540e-14   1.2924371291e+05   2.0000000000e-02 
  1.7221983008e+21   5.3585608641e+17   1.9965914568e+61   5.4252281782e-24   9.0639044618e-14   1.2951038358e+05   2.0000000000e-02 
  1.7227331835e+21   5.3488271440e+17   1.9942041550e+61   5.4435030488e-24   9.0848753372e-14   1.2977800130e+05   2.0000000000e-02 
  1.7232672216e+21   5.3403815252e+17   1.9922911663e+61   5.4618771789e-24   9.1059402751e-14   1.3004610231e+05   2.0000000000e-02 
  1.7238004815e+21   5.3325991756e+17   1.9906203711e+61   5.4803377130e-24   9.1270842842e-14   1.3031482987e+05   2.0000000000e-02 
  1.7243330610e+21   5.3257942724e+17   1.9893097761e+61   5.4988979057e-24   9.1483223268e-14   1.3058400169e+05   2.0000000000e-02 
  1.7248649758e+21   5.3191483190e+17   1.9880542761e+61   5.5175444584e-24   9.1696389716e-14   1.3085374900e+05   2.0000000000e-02 
  1.7253962054e+21   5.3122958307e+17   1.9867172930e+61   5.5362872738e-24   9.1910453888e-14   1.3112384610e+05   2.0000000000e-02 
  1.7259267329e+21   5.3052753709e+17   1.9853130750e+61   5.5551107693e-24   9.2125235258e-14   1.3139436445e+05   2.0000000000e-02 
  1.7264565561e+21   5.2982318739e+17   1.9838957574e+61   5.5740194200e-24   9.2340785520e-14   1.3166508652e+05   2.0000000000e-02 
  1.7269856806e+21   5.2912444415e+17   1.9824949689e+61   5.5930026137e-24   9.2556980981e-14   1.3193598266e+05   2.0000000000e-02 
  1.7275141096e+21   5.2842904352e+17   1.9811022748e+61   5.6120580370e-24   9.2773874124e-14   1.3220697572e+05   2.0000000000e-02 
  1.7280418403e+21   5.2773069301e+17   1.9796940965e+61   5.6311921278e-24   9.2991459155e-14   1.3247812074e+05   2.0000000000e-02 
  1.7285688754e+21   5.2703513145e+17   1.9782919584e+61   5.6504032233e-24   9.3209711078e-14   1.3274944957e+05   2.0000000000e-02 
  1.7290952137e+21   5.2633822920e+17   1.9768803742e+61   5.6696935728e-24   9.3428654332e-14   1.3302091697e+05   2.0000000000e-02 
  1.7296208488e+21   5.2563511637e+17   1.9754410274e+61   5.6890608898e-24   9.3648238100e-14   1.3329250716e+05   2.0000000000e-02 
  1.7301457858e+21   5.2493703187e+17   1.9740161413e+61   5.7084999581e-24   9.3868406787e-14   1.3356410643e+05   2.0000000000e-02 
  1.7306700200e+21   5.2423420742e+17   1.9725689984e+61   5.7280054182e-24   9.4089118087e-14   1.3383560845e+05   2.0000000000e-02 
  1.7311935541e+21   5.2353407023e+17   1.9711275313e+61   5.7475727088e-24   9.4310318522e-14   1.3410694785e+05   2.0000000000e-02 
  1.7317163930e+21   5.2283891006e+17   1.9697003966e+61   5.7671996353e-24   9.4531981784e-14   1.3437806368e+05   2.0000000000e-02 
  1.7322385356e+21   5.2214264370e+17   1.9682647053e+61   5.7868838357e-24   9.4754079512e-14   1.3464892440e+05   2.0000000000e-02 
  1.7327599854e+21   5.2144981290e+17   1.9668375864e+61   5.8066242445e-24   9.4976599847e-14   1.3491947297e+05   2.0000000000e-02 
  1.7332807428e+21   5.2075737660e+17   1.9654075941e+61   5.8264140619e-24   9.5199468960e-14   1.3518961954e+05   2.0000000000e-02 
  1.7338008107e+21   5.2006784457e+17   1.9639842159e+61   5.8462451858e-24   9.5422593792e-14   1.3545922991e+05   2.0000000000e-02 
  1.7343201913e+21   5.1938066862e+17   1.9625654096e+61   5.8661114096e-24   9.5645903418e-14   1.3572819338e+05   2.0000000000e-02 
  1.7348388911e+21   5.1869973285e+17   1.9611658897e+61   5.8860077627e-24   9.5869341274e-14   1.3599642456e+05   2.0000000000e-02 
  1.7353569083e+21   5.1801720487e+17   1.9597560759e+61   5.9059301350e-24   9.6092860736e-14   1.3626385559e+05   2.0000000000e-02 
  1.7358742502e+21   5.1734192140e+17   1.9583694179e+61   5.9258752334e-24   9.6316424594e-14   1.3653043435e+05   2.0000000000e-02 
  1.7363909201e+21   5.1666992601e+17   1.9569909941e+61   5.9458405287e-24   9.6540004400e-14   1.3679612277e+05   2.0000000000e-02 
  1.7369069231e+21   5.1600301858e+17   1.9556276610e+61   5.9658240032e-24   9.6763577603e-14   1.3706089274e+05   2.0000000000e-02 
  1.7374222669e+21   5.1534377399e+17   1.9542892348e+61   5.9858241852e-24   9.6987127885e-14   1.3732472582e+05   2.0000000000e-02 
  1.7379369524e+21   5.1468546952e+17   1.9529502711e+61   6.0058399137e-24   9.7210642500e-14   1.3758760951e+05   2.0000000000e-02 
  1.7384509847e+21   5.1403232614e+17   1.9516268118e+61   6.0258703108e-24   9.7434111936e-14   1.3784953636e+05   2.0000000000e-02 
  1.7389643689e+21   5.1338420697e+17   1.9503183861e+61   6.0459148527e-24   9.7657530681e-14   1.3811050486e+05   2.0000000000e-02 
  1.7394771101e+21   5.1274121114e+17   1.9490254190e+61   6.0659732360e-24   9.7880895720e-14   1.3837051762e+05   2.0000000000e-02 
  1.7399892124e+21   5.1210226498e+17   1.9477438745e+61   6.0860453260e-24   9.8104205958e-14   1.3862958022e+05   2.0000000000e-02 
  1.7405006840e+21   5.1147156254e+17   1.9464897576e+61   6.1061312136e-24   9.8327462839e-14   1.3888770124e+05   2.0000000000e-02 
  1.7410115257e+21   5.1084178215e+17   1.9452352563e+61   6.1262310671e-24   9.8550668668e-14   1.3914488991e+05   2.0000000000e-02 
  1.7415217415e+21   5.1021573793e+17   1.9439911070e+61   6.1463450668e-24   9.8773825878e-14   1.3940115564e+05   2.0000000000e-02 
  1.7420313346e+21   5.0959313084e+17   1.9427562054e+61   6.1664735191e-24   9.8996938300e-14   1.3965650959e+05   2.0000000000e-02 
  1.7425402941e+21   5.0895946015e+17   1.9414752542e+61   6.1866165240e-24   9.9220007492e-14   1.3991095983e+05   2.0000000000e-02 
  1.7430486235e+21   5.0832941305e+17   1.9402042323e+61   6.2067742823e-24   9.9443036119e-14   1.4016451454e+05   2.0000000000e-02 
  1.7435563279e+21   5.0770444950e+17   1.9389487520e+61   6.2269473972e-24   9.9666031238e-14   1.4041718632e+05   2.0000000000e-02 
  1.7440634167e+21   5.0708873235e+17   1.9377247733e+61   6.2471366224e-24   9.9889001520e-14   1.4066899075e+05   2.0000000000e-02 
  1.7445698917e+21   5.0647503604e+17   1.9365047461e+61   6.2673426943e-24   1.0011195543e-13   1.4091994459e+05   2.0000000000e-02 
  1.7450757573e+21   5.0586562817e+17   1.9352973687e+61   6.2875663596e-24   1.0033490156e-13   1.4117006418e+05   2.0000000000e-02 
  1.7455810428e+21   5.0528547294e+17   1.9341982705e+61   6.3078090590e-24   1.0055785608e-13   1.4141937267e+05   2.0000000000e-02 
  1.7460857881e+21   5.0474531176e+17   1.9332488663e+61   6.3280730374e-24   1.0078084386e-13   1.4166790339e+05   2.0000000000e-02 
  1.7465900007e+21   5.0421256707e+17   1.9323246273e+61   6.3483601101e-24   1.0100388497e-13   1.4191568781e+05   2.0000000000e-02 
  1.7470936612e+21   5.0366049334e+17   1.9313230336e+61   6.3686709655e-24   1.0122698708e-13   1.4216274581e+05   2.0000000000e-02 
  1.7475967440e+21   5.0308283006e+17   1.9302198889e+61   6.3890058791e-24   1.0145015342e-13   1.4240908930e+05   2.0000000000e-02 
  1.7480992274e+21   5.0248344984e+17   1.9290298404e+61   6.4093654064e-24   1.0167339009e-13   1.4265472983e+05   2.0000000000e-02 
  1.7486011041e+21   5.0187669396e+17   1.9278078021e+61   6.4297506847e-24   1.0189670930e-13   1.4289968912e+05   2.0000000000e-02 
  1.7491023749e+21   5.0127080079e+17   1.9265853841e+61   6.4501634678e-24   1.0212013001e-13   1.4314400474e+05   2.0000000000e-02 
  1.7496030399e+21   5.0066494033e+17   1.9253594036e+61   6.4706060723e-24   1.0234367756e-13   1.4338772209e+05   2.0000000000e-02 
  1.7501031043e+21   5.0006441747e+17   1.9241502815e+61   6.4910815046e-24   1.0256738494e-13   1.4363088395e+05   2.0000000000e-02 
  1.7506025706e+21   4.9946632941e+17   1.9229468883e+61   6.5115928593e-24   1.0279128591e-13   1.4387352639e+05   2.0000000000e-02 
  1.7511014390e+21   4.9886835572e+17   1.9217403066e+61   6.5321419410e-24   1.0301540019e-13   1.4411567874e+05   2.0000000000e-02 
  1.7515997124e+21   4.9827338975e+17   1.9205416952e+61   6.5527284567e-24   1.0323972542e-13   1.4435735588e+05   2.0000000000e-02 
  1.7520973913e+21   4.9767895147e+17   1.9193415157e+61   6.5733499076e-24   1.0346423601e-13   1.4459853577e+05   2.0000000000e-02 
  1.7525944756e+21   4.9708423518e+17   1.9181366652e+61   6.5940018212e-24   1.0368888502e-13   1.4483914690e+05   2.0000000000e-02 
  1.7530909698e+21   4.9649423849e+17   1.9169464450e+61   6.6146787180e-24   1.0391361276e-13   1.4507909225e+05   2.0000000000e-02 
  1.7535868743e+21   4.9590447775e+17   1.9157535727e+61   6.6353747109e-24   1.0413835133e-13   1.4531832297e+05   2.0000000000e-02 
  1.7540821907e+21   4.9531641978e+17   1.9145637242e+61   6.6560889905e-24   1.0436308871e-13   1.4555693235e+05   2.0000000000e-02 
  1.7545769222e+21   4.9473146494e+17   1.9133823341e+61   6.6768397599e-24   1.0458822228e-13   1.4579512928e+05   2.0000000000e-02 
  1.7550710663e+21   4.9414414340e+17   1.9121882596e+61   6.6976632313e-24   1.0481394323e-13   1.4603324179e+05   2.0000000000e-02 
  1.7555646231e+21   4.9355679364e+17   1.9109905390e+61   6.7185494552e-24   1.0504014409e-13   1.4627169824e+05   2.0000000000e-02 
  1.7560575914e+21   4.9296827398e+17   1.9097847504e+61   6.7395438234e-24   1.0526731151e-13   1.4651040087e+05   2.0000000000e-02 
  1.7565499659e+21   4.9237456521e+17   1.9085553023e+61   6.7606274650e-24   1.0549523819e-13   1.4674993940e+05   2.0000000000e-02 
  1.7570417427e+21   4.9177679082e+17   1.9073065107e+61   6.7818560503e-24   1.0572452059e-13   1.4699028176e+05   2.0000000000e-02 
  1.7575329155e+21   4.9117276508e+17   1.9060298585e+61   6.8032274201e-24   1.0595512471e-13   1.4723219830e+05   2.0000000000e-02 
  1.7580234717e+21   4.9055623526e+17   1.9047010096e+61   6.8248129451e-24   1.0618781011e-13   1.4747604063e+05   2.0000000000e-02 
  1.7585133984e+21   4.8992670659e+17   1.9033179356e+61   6.8466532582e-24   1.0642299341e-13   1.4772298287e+05   2.0000000000e-02 
  1.7590026733e+21   4.8927483105e+17   1.9018441805e+61   6.8688598643e-24   1.0666185146e-13   1.4797420498e+05   2.0000000000e-02 
  1.7594912635e+21   4.8859025140e+17   1.9002392612e+61   6.8915559524e-24   1.0690566953e-13   1.4823182618e+05   2.0000000000e-02 
  1.7599791256e+21   4.8786209221e+17   1.8984605664e+61   6.9149476700e-24   1.0715661119e-13   1.4849858897e+05   2.0000000000e-02 
  1.7604661936e+21   4.8706803222e+17   1.8964207915e+61   6.9393067703e-24   1.0741751212e-13   1.4877868060e+05   2.0000000000e-02 
  1.7609523883e+21   4.8619464155e+17   1.8940670403e+61   6.9650369759e-24   1.0769070966e-13   1.4907635302e+05   2.0000000000e-02 
  1.7614376496e+21   4.8526128948e+17   1.8914741559e+61   6.9919723572e-24   1.0797039521e-13   1.4938784765e+05   2.0000000000e-02 
  1.7619219674e+21   4.8431783759e+17   1.8888361443e+61   7.0192084226e-24   1.0825357850e-13   1.4970183715e+05   2.0000000000e-02 
  1.7624053828e+21   4.8341534111e+17   1.8863522064e+61   7.0456789287e-24   1.0852868006e-13   1.5000396695e+05   2.0000000000e-02 
  1.7628879501e+21   4.8256732829e+17   1.8840755331e+61   7.0714697738e-24   1.0879629483e-13   1.5029476097e+05   2.0000000000e-02 
  1.7633697082e+21   4.8175809221e+17   1.8819452230e+61   7.0967624033e-24   1.0905837258e-13   1.5057695951e+05   2.0000000000e-02 
  1.7638506901e+21   4.8098189162e+17   1.8799391672e+61   7.1216894544e-24   1.0931632689e-13   1.5085250646e+05   2.0000000000e-02 
  1.7643309202e+21   4.8023015461e+17   1.8780241218e+61   7.1463475481e-24   1.0957118446e-13   1.5112278509e+05   2.0000000000e-02 
  1.7648104167e+21   4.7949645687e+17   1.8761751563e+61   7.1708110131e-24   1.0982373036e-13   1.5138884743e+05   2.0000000000e-02 
  1.7652891952e+21   4.7877856984e+17   1.8743837019e+61   7.1951415254e-24   1.1007461714e-13   1.5165154767e+05   2.0000000000e-02 
  1.7657672672e+21   4.7807198759e+17   1.8726322425e+61   7.2193909237e-24   1.1032438525e-13   1.5191151132e+05   2.0000000000e-02 
  1.7662446395e+21   4.7737222955e+17   1.8709033136e+61   7.2435893834e-24   1.1057368927e-13   1.5216950018e+05   2.0000000000e-02 
  1.7667213207e+21   4.7668118721e+17   1.8692043961e+61   7.2677771119e-24   1.1082282289e-13   1.5242585947e+05   2.0000000000e-02 
  1.7671973153e+21   4.7599468833e+17   1.8675191942e+61   7.2919466014e-24   1.1107151997e-13   1.5268050185e+05   2.0000000000e-02 
  1.7676726297e+21   4.7531433207e+17   1.8658540293e+61   7.3161028837e-24   1.1131982327e-13   1.5293348332e+05   2.0000000000e-02 
  1.7681472698e+21   4.7464017264e+17   1.8642091702e+61   7.3402622202e-24   1.1156789437e-13   1.5318499643e+05   2.0000000000e-02 
  1.7686212369e+21   4.7396705488e+17   1.8625644091e+61   7.3644597058e-24   1.1181608458e-13   1.5343541304e+05   2.0000000000e-02 
  1.7690945309e+21   4.7329398212e+17   1.8609158388e+61   7.3887472313e-24   1.1206492676e-13   1.5368520279e+05   2.0000000000e-02 
  1.7695671497e+21   4.7261886099e+17   1.8592552261e+61   7.4131627083e-24   1.1231479886e-13   1.5393506113e+05   2.0000000000e-02 
  1.7700390866e+21   4.7193683877e+17   1.8575634519e+61   7.4377950983e-24   1.1256661304e-13   1.5418522687e+05   2.0000000000e-02 
  1.7705103498e+21   4.7126320606e+17   1.8559006946e+61   7.4624363492e-24   1.1281852063e-13   1.5443437335e+05   2.0000000000e-02 
  1.7709809724e+21   4.7062265224e+17   1.8543643363e+61   7.4865820554e-24   1.1306532203e-13   1.5467542991e+05   2.0000000000e-02 
  1.7714510100e+21   4.7003751857e+17   1.8530427577e+61   7.5098950939e-24   1.1330354853e-13   1.5490383783e+05   2.0000000000e-02 
  1.7719205380e+21   4.6952801634e+17   1.8520161684e+61   7.5320667711e-24   1.1353074151e-13   1.5511631860e+05   2.0000000000e-02 
  1.7723896455e+21   4.6910750201e+17   1.8513379283e+61   7.5528466269e-24   1.1374390262e-13   1.5530928594e+05   2.0000000000e-02 
  1.7728584298e+21   4.6878432878e+17   1.8510417745e+61   7.5720697940e-24   1.1394103250e-13   1.5548057468e+05   2.0000000000e-02 
  1.7733269898e+21   4.6856000215e+17   1.8511344701e+61   7.5897354175e-24   1.1412204223e-13   1.5563054377e+05   2.0000000000e-02 
  1.7737954076e+21   4.6841779258e+17   1.8515506951e+61   7.6060427033e-24   1.1428891012e-13   1.5576225051e+05   2.0000000000e-02 
  1.7742637391e+21   4.6833151962e+17   1.8521875677e+61   7.6214854917e-24   1.1444659460e-13   1.5588107975e+05   2.0000000000e-02 
  1.7747320066e+21   4.6826752800e+17   1.8529123476e+61   7.6365494826e-24   1.1460371200e-13   1.5599608318e+05   2.0000000000e-02 
  1.7752002025e+21   4.6819589672e+17   1.8536067308e+61   7.6517373336e-24   1.1476426122e-13   1.5611364518e+05   2.0000000000e-02 
  1.7756683033e+21   4.6810075549e+17   1.8542077727e+61   7.6673680871e-24   1.1492934047e-13   1.5623627833e+05   2.0000000000e-02 
  1.7761362833e+21   4.6797998367e+17   1.8547068698e+61   7.6834676196e-24   1.1509925679e-13   1.5636544363e+05   2.0000000000e-02 
  1.7766041093e+21   4.6782598098e+17   1.8550736623e+61   7.7001260687e-24   1.1527496780e-13   1.5650105408e+05   2.0000000000e-02 
  1.7770717542e+21   4.6764493570e+17   1.8553324304e+61   7.7172777819e-24   1.1545578806e-13   1.5664352700e+05   2.0000000000e-02 
  1.7775391873e+21   4.6743312127e+17   1.8554681514e+61   7.7349641128e-24   1.1564214951e-13   1.5679184605e+05   2.0000000000e-02 
  1.7780063841e+21   4.6719681548e+17   1.8555055077e+61   7.7530736379e-24   1.1583287003e-13   1.5694606994e+05   2.0000000000e-02 
  1.7784733204e+21   4.6693623084e+17   1.8554451391e+61   7.7716369224e-24   1.1602826268e-13   1.5710497253e+05   2.0000000000e-02 
  1.7789399763e+21   4.6665590554e+17   1.8553048907e+61   7.7905431267e-24   1.1622714869e-13   1.5726859177e+05   2.0000000000e-02 
  1.7794063315e+21   4.6635523879e+17   1.8550822072e+61   7.8098214632e-24   1.1642982766e-13   1.5743582116e+05   2.0000000000e-02 
  1.7798723734e+21   4.6604189809e+17   1.8548074432e+61   7.8293716802e-24   1.1663523638e-13   1.5760672799e+05   2.0000000000e-02 
  1.7803380838e+21   4.6571043321e+17   1.8544587847e+61   7.8492237301e-24   1.1684368434e-13   1.5778029594e+05   2.0000000000e-02 
  1.7808034549e+21   4.6537100827e+17   1.8540765865e+61   7.8692856914e-24   1.1705419879e-13   1.5795658404e+05   2.0000000000e-02 
  1.7812684735e+21   4.6501864963e+17   1.8536409516e+61   7.8895823084e-24   1.1726703648e-13   1.5813465915e+05   2.0000000000e-02 
  1.7817331337e+21   4.6466016401e+17   1.8531789268e+61   7.9100328776e-24   1.1748134205e-13   1.5831454789e+05   2.0000000000e-02 
  1.7821974276e+21   4.6429391542e+17   1.8526839318e+61   7.9306448846e-24   1.1769719514e-13   1.5849552352e+05   2.0000000000e-02 
  1.7826613523e+21   4.6392470562e+17   1.8521750783e+61   7.9513667929e-24   1.1791404724e-13   1.5867745628e+05   2.0000000000e-02 
  1.7831249025e+21   4.6355020390e+17   1.8516430298e+61   7.9721910384e-24   1.1813181896e-13   1.5885989798e+05   2.0000000000e-02 
  1.7835880789e+21   4.6317640735e+17   1.8511117170e+61   7.9930911326e-24   1.1835022809e-13   1.5904266482e+05   2.0000000000e-02 
  1.7840508763e+21   4.6279744691e+17   1.8505576720e+61   8.0140637819e-24   1.1856923496e-13   1.5922550834e+05   2.0000000000e-02 
  1.7845132965e+21   4.6242018508e+17   1.8500083148e+61   8.0350862239e-24   1.1878860030e-13   1.5940843944e+05   2.0000000000e-02 
  1.7849753365e+21   4.6203997748e+17   1.8494450648e+61   8.0561749010e-24   1.1900848999e-13   1.5959128272e+05   2.0000000000e-02 
  1.7854369972e+21   4.6166067357e+17   1.8488833188e+61   8.0773046717e-24   1.1922864296e-13   1.5977426582e+05   2.0000000000e-02 
  1.7858982755e+21   4.6127832632e+17   1.8483072656e+61   8.0985169415e-24   1.1944948564e-13   1.5995716380e+05   2.0000000000e-02 
  1.7863591725e+21   4.6089698661e+17   1.8477331247e+61   8.1197787890e-24   1.1967067545e-13   1.6014038694e+05   2.0000000000e-02 
  1.7868196826e+21   4.6051010657e+17   1.8471346346e+61   8.1411421608e-24   1.1989275009e-13   1.6032367438e+05   2.0000000000e-02 
  1.7872798072e+21   4.6012460343e+17   1.8465395170e+61   8.1625666356e-24   1.2011528865e-13   1.6050750731e+05   2.0000000000e-02 
  1.7877395410e+21   4.5973375322e+17   1.8459207793e+61   8.1841015287e-24   1.2033880514e-13   1.6069158108e+05   2.0000000000e-02 
  1.7881988830e+21   4.5934208613e+17   1.8452965816e+61   8.2057129591e-24   1.2056294507e-13   1.6087624183e+05   2.0000000000e-02 
  1.7886578298e+21   4.5894672780e+17   1.8446553619e+61   8.2274353446e-24   1.2078806697e-13   1.6106121789e+05   2.0000000000e-02 
  1.7891163787e+21   4.5854896035e+17   1.8440022481e+61   8.2492412058e-24   1.2101385312e-13   1.6124670303e+05   2.0000000000e-02 
  1.7895745273e+21   4.5814859706e+17   1.8433364695e+61   8.2711417432e-24   1.2124044404e-13   1.6143245672e+05   2.0000000000e-02 
  1.7900322745e+21   4.5774721309e+17   1.8426643482e+61   8.2931131516e-24   1.2146759925e-13   1.6161853573e+05   2.0000000000e-02 
  1.7904896177e+21   4.5734315151e+17   1.8419792015e+61   8.3151683756e-24   1.2169545129e-13   1.6180471679e+05   2.0000000000e-02 
  1.7909465562e+21   4.5693853003e+17   1.8412895440e+61   8.3372873637e-24   1.2192379044e-13   1.6199106793e+05   2.0000000000e-02 
  1.7914030876e+21   4.5653135855e+17   1.8405873466e+61   8.3594819991e-24   1.2215273725e-13   1.6217743666e+05   2.0000000000e-02 
  1.7918592112e+21   4.5612362981e+17   1.8398806296e+61   8.3817333997e-24   1.2238209538e-13   1.6236394585e+05   2.0000000000e-02 
  1.7923149270e+21   4.5571573901e+17   1.8391709846e+61   8.4040562946e-24   1.2261201678e-13   1.6255046515e+05   2.0000000000e-02 
  1.7927702324e+21   4.5530546182e+17   1.8384494274e+61   8.4264413513e-24   1.2284240287e-13   1.6273707986e+05   2.0000000000e-02 
  1.7932251263e+21   4.5489392528e+17   1.8377204939e+61   8.4488989794e-24   1.2307336014e-13   1.6292372427e+05   2.0000000000e-02 
  1.7936796066e+21   4.5448021692e+17   1.8369804855e+61   8.4714222615e-24   1.2330481540e-13   1.6311047869e+05   2.0000000000e-02 
  1.7941336726e+21   4.5406608632e+17   1.8362364627e+61   8.4940156181e-24   1.2353681471e-13   1.6329731636e+05   2.0000000000e-02 
  1.7945873248e+21   4.5365214398e+17   1.8354908936e+61   8.5166772572e-24   1.2376933866e-13   1.6348424853e+05   2.0000000000e-02 
  1.7950405591e+21   4.5323435958e+17   1.8347274616e+61   8.5394085558e-24   1.2400240074e-13   1.6367124561e+05   2.0000000000e-02 
  1.7954933775e+21   4.5281837615e+17   1.8339689973e+61   8.5622065581e-24   1.2423596951e-13   1.6385830408e+05   2.0000000000e-02 
  1.7959457805e+21   4.5240298274e+17   1.8332106079e+61   8.5850700417e-24   1.2447003197e-13   1.6404539952e+05   2.0000000000e-02 
  1.7963977592e+21   4.5197869584e+17   1.8324138419e+61   8.6079969262e-24   1.2470456600e-13   1.6423250706e+05   2.0000000000e-02 
  1.7968493198e+21   4.5156058413e+17   1.8316397652e+61   8.6309863605e-24   1.2493956185e-13   1.6441959801e+05   2.0000000000e-02 
  1.7973004655e+21   4.5114567602e+17   1.8308763667e+61   8.6540370114e-24   1.2517500462e-13   1.6460666195e+05   2.0000000000e-02 
  1.7977511845e+21   4.5071907758e+17   1.8300631843e+61   8.6771475547e-24   1.2541088000e-13   1.6479368846e+05   2.0000000000e-02 
  1.7982014794e+21   4.5029483600e+17   1.8292572029e+61   8.7003184284e-24   1.2564719120e-13   1.6498066536e+05   2.0000000000e-02 
  1.7986513551e+21   4.4987574853e+17   1.8284698148e+61   8.7235484609e-24   1.2588392543e-13   1.6516760788e+05   2.0000000000e-02 
  1.7991008058e+21   4.4945069181e+17   1.8276558195e+61   8.7468396082e-24   1.2612110187e-13   1.6535450974e+05   2.0000000000e-02 
  1.7995498376e+21   4.4903176555e+17   1.8268644089e+61   8.7701919927e-24   1.2635872083e-13   1.6554138441e+05   2.0000000000e-02 
  1.7999984431e+21   4.4860547830e+17   1.8260407036e+61   8.7936075615e-24   1.2659680150e-13   1.6572823075e+05   2.0000000000e-02 
  1.8004466232e+21   4.4818009839e+17   1.8252183262e+61   8.8170877072e-24   1.2683535626e-13   1.6591505951e+05   2.0000000000e-02 
  1.8008943917e+21   4.4776850284e+17   1.8244497662e+61   8.8406305166e-24   1.2707436582e-13   1.6610190652e+05   2.0000000000e-02 
  1.8013417415e+21   4.4734987398e+17   1.8236502508e+61   8.8642425470e-24   1.2731389503e-13   1.6628874954e+05   2.0000000000e-02 
  1.8017886742e+21   4.4693261825e+17   1.8228540190e+61   8.8879173293e-24   1.2755387868e-13   1.6647564557e+05   2.0000000000e-02 
  1.8022351784e+21   4.4650426379e+17   1.8220101776e+61   8.9116673984e-24   1.2779444130e-13   1.6666252377e+05   2.0000000000e-02 
  1.8026812521e+21   4.4607369652e+17   1.8211549250e+61   8.9354785676e-24   1.2803543947e-13   1.6684949801e+05   2.0000000000e-02 
  1.8031269037e+21   4.4565158251e+17   1.8203318225e+61   8.9593700498e-24   1.2827706533e-13   1.6703645823e+05   2.0000000000e-02 
  1.8035721444e+21   4.4524068781e+17   1.8195522461e+61   8.9833221625e-24   1.2851912037e-13   1.6722357089e+05   2.0000000000e-02 
  1.8040169897e+21   4.4484529869e+17   1.8188338173e+61   9.0073624053e-24   1.2876187986e-13   1.6741067600e+05   2.0000000000e-02 
  1.8044614490e+21   4.4445930798e+17   1.8181516731e+61   9.0314636707e-24   1.2900507060e-13   1.6759799545e+05   2.0000000000e-02 
  1.8049055242e+21   4.4407521375e+17   1.8174751795e+61   9.0556611114e-24   1.2924904445e-13   1.6778530975e+05   2.0000000000e-02 
  1.8053492068e+21   4.4368262959e+17   1.8167618125e+61   9.0799184633e-24   1.2949343615e-13   1.6797289439e+05   2.0000000000e-02 
  1.8057924827e+21   4.4327590360e+17   1.8159883446e+61   9.1042776699e-24   1.2973866572e-13   1.6816046759e+05   2.0000000000e-02 
  1.8062353405e+21   4.4285777802e+17   1.8151659056e+61   9.1286950529e-24   1.2998429363e-13   1.6834834808e+05   2.0000000000e-02 
  1.8066777706e+21   4.4243013180e+17   1.8143021120e+61   9.1532196572e-24   1.3023081067e-13   1.6853620489e+05   2.0000000000e-02 
  1.8071197676e+21   4.4199698962e+17   1.8134134048e+61   9.1778012705e-24   1.3047771206e-13   1.6872440603e+05   2.0000000000e-02 
  1.8075613282e+21   4.4156054094e+17   1.8125087306e+61   9.2024953566e-24   1.3072555197e-13   1.6891258572e+05   2.0000000000e-02 
  1.8080024504e+21   4.4112224610e+17   1.8115940631e+61   9.2272437458e-24   1.3097374728e-13   1.6910116861e+05   2.0000000000e-02 
  1.8084431329e+21   4.4068244775e+17   1.8106707968e+61   9.2521117981e-24   1.3122295087e-13   1.6928971720e+05   2.0000000000e-02 
  1.8088833754e+21   4.4024249481e+17   1.8097444676e+61   9.2770349551e-24   1.3147251528e-13   1.6947870272e+05   2.0000000000e-02 
  1.8093231757e+21   4.3980033520e+17   1.8088066337e+61   9.3020828521e-24   1.3172313572e-13   1.6966765822e+05   2.0000000000e-02 
  1.8097625346e+21   4.3935889595e+17   1.8078693260e+61   9.3271875111e-24   1.3197413041e-13   1.6985708370e+05   2.0000000000e-02 
  1.8102014497e+21   4.3891511252e+17   1.8069199325e+61   9.3524175448e-24   1.3222618497e-13   1.7004651543e+05   2.0000000000e-02 
  1.8106399209e+21   4.3847115660e+17   1.8059673826e+61   9.3777100837e-24   1.3247866842e-13   1.7023641724e+05   2.0000000000e-02 
  1.8110779463e+21   4.3802540027e+17   1.8050049666e+61   9.4031264310e-24   1.3273219356e-13   1.7042636980e+05   2.0000000000e-02 
  1.8115155242e+21   4.3757791317e+17   1.8040329586e+61   9.4286150492e-24   1.3298624150e-13   1.7061676132e+05   2.0000000000e-02 
  1.8119526532e+21   4.3712897656e+17   1.8030525066e+61   9.4542208830e-24   1.3324126235e-13   1.7080728369e+05   2.0000000000e-02 
  1.8123893313e+21   4.3667815195e+17   1.8020617907e+61   9.4799102955e-24   1.3349691612e-13   1.7099819644e+05   2.0000000000e-02 
  1.8128255570e+21   4.3622572540e+17   1.8010619787e+61   9.5057110950e-24   1.3375348126e-13   1.7118930911e+05   2.0000000000e-02 
  1.8132613289e+21   4.3577182012e+17   1.8000535682e+61   9.5316059141e-24   1.3401077984e-13   1.7138076953e+05   2.0000000000e-02 
  1.8136966450e+21   4.3531618704e+17   1.7990355197e+61   9.5576045183e-24   1.3426891086e-13   1.7157251149e+05   2.0000000000e-02 
  1.8141315040e+21   4.3485898696e+17   1.7980084858e+61   9.5837070949e-24   1.3452787183e-13   1.7176455533e+05   2.0000000000e-02 
  1.8145659042e+21   4.3440020080e+17   1.7969723768e+61   9.6099098720e-24   1.3478762636e-13   1.7195692485e+05   2.0000000000e-02 
  1.8149998432e+21   4.3393897128e+17   1.7959236329e+61   9.6362265368e-24   1.3504830519e-13   1.7214955134e+05   2.0000000000e-02 
  1.8154333204e+21   4.3347719436e+17   1.7948700885e+61   9.6626375948e-24   1.3530971563e-13   1.7234257458e+05   2.0000000000e-02 
  1.8158663328e+21   4.3301245298e+17   1.7938017257e+61   9.6891675962e-24   1.3557209764e-13   1.7253585196e+05   2.0000000000e-02 
  1.8162988800e+21   4.3254719187e+17   1.7927286575e+61   9.7157907225e-24   1.3583519640e-13   1.7272956003e+05   2.0000000000e-02 
  1.8167309589e+21   4.3207885062e+17   1.7916402620e+61   9.7425435687e-24   1.3609936952e-13   1.7292347676e+05   2.0000000000e-02 
  1.8171625685e+21   4.3160956340e+17   1.7905453724e+61   9.7693902485e-24   1.3636426032e-13   1.7311786850e+05   2.0000000000e-02 
  1.8175937063e+21   4.3113780566e+17   1.7894376537e+61   9.7963668300e-24   1.3663022286e-13   1.7331253810e+05   2.0000000000e-02 
  1.8180243708e+21   4.3066453953e+17   1.7883210844e+61   9.8234389111e-24   1.3689692086e-13   1.7350772288e+05   2.0000000000e-02 
  1.8184545585e+21   4.3018768872e+17   1.7871870264e+61   9.8506708401e-24   1.3716497200e-13   1.7370306745e+05   2.0000000000e-02 
  1.8188842689e+21   4.2971041239e+17   1.7860485872e+61   9.8779789615e-24   1.3743352029e-13   1.7389966866e+05   2.0000000000e-02 
  1.8193134969e+21   4.2922800021e+17   1.7848861734e+61   9.9054659154e-24   1.3770377537e-13   1.7409631985e+05   2.0000000000e-02 
  1.8197422011e+21   4.2870416363e+17   1.7835487387e+61   9.9334649398e-24   1.3797854174e-13   1.7429044623e+05   2.0000000000e-02 
  1.8201702054e+21   4.2800431100e+17   1.7814756199e+61   9.9634859744e-24   1.3827039466e-13   1.7450576600e+05   2.0000000000e-02 
  1.8205973601e+21   4.2715475117e+17   1.7787750248e+61   1.0000933819e-23   1.3863900908e-13   1.7482205274e+05   2.0000000000e-02 
  1.8210253912e+21   4.2803103641e+17   1.7832615384e+61   1.0015273873e-23   1.3879288346e-13   1.7491308801e+05   2.0000000000e-02 
  1.8214663084e+21   4.4091719046e+17   1.8378245465e+61   9.9530214657e-24   1.3824124127e-13   1.7401667390e+05   2.0000000000e-02 
  1.8220355354e+21   5.6922707866e+17   2.3739600992e+61   9.0462857850e-24   1.2951361508e-13   1.6683400414e+05   2.0000000000e-02 
  1.8230456152e+21   1.0100797286e+18   4.2161877497e+61   5.3782657284e-24   9.1806526034e-14   1.1328939439e+05   2.0000000000e-02 
  1.8246103669e+21   1.5647517919e+18   6.5406830076e+61   2.7640919170e-24   5.9669814438e-14   3.2798111181e+04   2.0000000000e-02 
  1.8264631403e+21   1.8527733754e+18   7.7591360086e+61   2.3086353905e-24   5.3135861291e-14   5.7747542186e+03   2.0000000000e-02 
  1.8283828801e+21   1.9197397931e+18   8.0562038962e+61   2.2371186912e-24   5.2061075740e-14   8.6881787258e+02   2.0000000000e-02 
  1.8303135259e+21   1.9306457651e+18   8.1190507726e+61   2.2264199248e-24   5.1899160042e-14   1.2721625758e+02   2.0000000000e-02 
  1.8322457895e+21   1.9322635941e+18   8.1430221864e+61   2.2248540916e-24   5.1875434600e-14   1.8530112968e+01   2.0000000000e-02 
  1.8341782892e+21   1.9324997351e+18   8.1612136784e+61   2.2246260316e-24   5.1871977907e-14   2.6933687697e+00   2.0000000000e-02 
  1.8361108233e+21   1.9325340725e+18   8.1785746749e+61   2.2245928842e-24   5.1871475376e-14   3.9081584586e-01   2.0000000000e-02 
  1.8380433623e+21   1.9325390560e+18   8.1958301090e+61   2.2245880745e-24   5.1871402443e-14   5.6619620277e-02   2.0000000000e-02 
  1.8399759021e+21   1.9325397781e+18   8.2130856864e+61   2.2245873777e-24   5.1871391874e-14   8.1804231683e-03   2.0000000000e-02 
  1.8419084420e+21   1.9325398816e+18   8.2303567857e+61   2.2245872778e-24   5.1871390357e-14   1.1829290202e-03   2.0000000000e-02 
  1.8438409819e+21   1.9325398996e+18   8.2476456618e+61   2.2245872600e-24   5.1871390095e-14   1.3746202842e-04   2.0000000000e-02 
  1.8457735218e+21   1.9325399000e+18   8.2649526023e+61   2.2245872599e-24   5.1871390087e-14   7.0137988113e-06   2.0000000000e-02 
  1.8477060617e+21   1.9325399000e+18   8.2822776807e+61   2.2245872600e-24   5.1871390087e-14  -1.9236407771e-06   2.0000000000e-02 
  1.8496386016e+21   1.9325399000e+18   8.2996208987e+61   2.2245872600e-24   5.1871390087e-14  -2.3813543634e-06   2.0000000000e-02 
  1.8515711415e+21   1.9325399000e+18   8.3169822561e+61   2.2245872600e-24   5.1871390087e-14  -2.3941179292e-06   2.0000000000e-02 
  1.8535036815e+21   1.9325400000e+18   8.3343621848e+61   2.2245872600e-24   5.1871390087e-14  -2.4079660890e-06   2.0000000000e-02 
  1.8554362214e+21   1.9325399000e+18   8.3517593904e+61   2.2245872600e-24   5.1871390087e-14  -2.4161389146e-06   2.0000000000e-02 
  1.8573687613e+21   1.9325399000e+18   8.3691751664e+61   2.2245872600e-24   5.1871390087e-14  -2.4078238217e-06   2.0000000000e-02 
  1.8593013012e+21   1.9325399000e+18   8.3866090818e+61   2.2245872600e-24   5.1871390087e-14  -2.3654549843e-06   2.0000000000e-02 
  1.8612338411e+21   1.9325399000e+18   8.4040611368e+61   2.2245872600e-24   5.1871390087e-14  -2.2543428888e-06   2.0000000000e-02 
  1.8631663810e+21   1.9325399000e+18   8.4215313312e+61   2.2245872600e-24   5.1871390087e-14  -2.2049935336e-06   2.0000000000e-02 
  1.8650989209e+21   1.9325399000e+18   8.4390196651e+61   2.2245872600e-24   5.1871390087e-14  -2.2774101704e-06   2.0000000000e-02 
  1.8670314608e+21   1.9325399000e+18   8.4565261386e+61   2.2245872600e-24   5.1871390087e-14  -2.3336417390e-06   2.0000000000e-02 
  1.8689640007e+21   1.9325399000e+18   8.4740507515e+61   2.2245872600e-24   5.1871390087e-14  -2.3907128387e-06   2.0000000000e-02 
  1.8708965406e+21   1.9325399000e+18   8.4915935039e+61   2.2245872600e-24   5.1871390087e-14  -2.4391829824e-06   2.0000000000e-02 
  1.8728290805e+21   1.9325399000e+18   8.5091543959e+61   2.2245872600e-24   5.1871390087e-14  -2.4381509567e-06   2.0000000000e-02 
  1.8747616204e+21   1.9325399000e+18   8.5267334273e+61   2.2245872600e-24   5.1871390087e-14  -2.4486852717e-06   2.0000000000e-02 
  1.8766941603e+21   1.9325399000e+18   8.5443305982e+61   2.2245872600e-24   5.1871390087e-14  -2.4602861949e-06   2.0000000000e-02 
  1.8786267002e+21   1.9325399000e+18   8.5619459086e+61   2.2245872600e-24   5.1871390087e-14  -2.5060715991e-06   2.0000000000e-02 
  1.8805592401e+21   1.9325399000e+18   8.5795793586e+61   2.2245872600e-24   5.1871390087e-14  -2.5774060148e-06   2.0000000000e-02 
  1.8824917800e+21   1.9325399000e+18   8.5972309480e+61   2.2245872600e-24   5.1871390087e-14  -2.6519299202e-06   2.0000000000e-02 
  1.8844243199e+21   1.9325399000e+18   8.6149006769e+61   2.2245872600e-24   5.1871390087e-14  -2.7153306501e-06   2.0000000000e-02 
  1.8863568598e+21   1.9325399000e+18   8.6325885453e+61   2.2245872600e-24   5.1871390087e-14  -2.8007806746e-06   2.0000000000e-02 
  1.8882893998e+21   1.9325400000e+18   8.6502950013e+61   2.2245872600e-24   5.1871390087e-14  -2.7659645618e-06   2.0000000000e-02 
  1.8902219397e+21   1.9325399000e+18   8.6680187016e+61   2.2245872600e-24   5.1871390087e-14  -2.7015745485e-06   2.0000000000e-02 
  1.8921544796e+21   1.9325399000e+18   8.6857609885e+61   2.2245872600e-24   5.1871390087e-14  -2.7409250050e-06   2.0000000000e-02 
  1.8940870195e+21   1.9325399000e+18   8.7035214149e+61   2.2245872600e-24   5.1871390088e-14  -2.7526684213e-06   2.0000000000e-02 
  1.8960195594e+21   1.9325399000e+18   8.7212999808e+61   2.2245872600e-24   5.1871390088e-14  -2.5918540557e-06   2.0000000000e-02 
  1.8979520993e+21   1.9325399000e+18   8.7390966862e+61   2.2245872600e-24   5.1871390088e-14  -2.1406857141e-06   2.0000000000e-02 
  1.8998846392e+21   1.9325399000e+18   8.7569115311e+61   2.2245872600e-24   5.1871390088e-14  -1.6504164711e-06   2.0000000000e-02 
  1.9018171791e+21   1.9325399000e+18   8.7747445155e+61   2.2245872600e-24   5.1871390088e-14  -1.4049502837e-06   2.0000000000e-02 
  1.9037497190e+21   1.9325399000e+18   8.7925956394e+61   2.2245872600e-24   5.1871390088e-14  -1.3073741437e-06   2.0000000000e-02 
  1.9056822589e+21   1.9325399000e+18   8.8104649028e+61   2.2245872600e-24   5.1871390088e-14  -1.2244016103e-06   2.0000000000e-02 
  1.9076147988e+21   1.9325399000e+18   8.8283523057e+61   2.2245872600e-24   5.1871390088e-14  -6.3722515736e-07   2.0000000000e-02 
  1.9095473387e+21   1.9325399000e+18   8.8462578481e+61   2.2245872600e-24   5.1871390088e-14   4.1751702602e-07   2.0000000000e-02 
  1.9114798786e+21   1.9325399000e+18   8.8641815300e+61   2.2245872600e-24   5.1871390088e-14   1.0914684781e-06   2.0000000000e-02 
  1.9134124185e+21   1.9325399000e+18   8.8821233514e+61   2.2245872600e-24   5.1871390088e-14   1.2341497215e-06   2.0000000000e-02 
  1.9153449584e+21   1.9325399000e+18   8.9000833123e+61   2.2245872600e-24   5.1871390088e-14   1.2904882173e-06   2.0000000000e-02 
  1.9172774983e+21   1.9325399000e+18   8.9180614127e+61   2.2245872600e-24   5.1871390088e-14   1.4328871116e-06   2.0000000000e-02 
  1.9192100382e+21   1.9325399000e+18   8.9360576526e+61   2.2245872600e-24   5.1871390088e-14   1.4246161981e-06   2.0000000000e-02 
  1.9211425782e+21   1.9325400000e+18   8.9540724957e+61   2.2245872600e-24   5.1871390088e-14   1.2721138809e-06   2.0000000000e-02 
  1.9230751181e+21   1.9325399000e+18   8.9721045518e+61   2.2245872600e-24   5.1871390088e-14   1.2157978575e-06   2.0000000000e-02 
  1.9250076580e+21   1.9325399000e+18   8.9901552101e+61   2.2245872600e-24   5.1871390088e-14   9.5903358839e-07   2.0000000000e-02 
  1.9269401979e+21   1.9325399000e+18   9.0082240080e+61   2.2245872600e-24   5.1871390088e-14   6.9770143756e-07   2.0000000000e-02 
  1.9288727378e+21   1.9325399000e+18   9.0263109454e+61   2.2245872600e-24   5.1871390088e-14   2.8538204676e-07   2.0000000000e-02 
  1.9308052777e+21   1.9325399000e+18   9.0444160223e+61   2.2245872600e-24   5.1871390088e-14  -5.7208130627e-07   2.0000000000e-02 
  1.9327378176e+21   1.9325399000e+18   9.0625392386e+61   2.2245872600e-24   5.1871390088e-14  -1.0958561525e-06   2.0000000000e-02 
  1.9346703575e+21   1.9325399000e+18   9.0806805945e+61   2.2245872600e-24   5.1871390088e-14  -1.1904903246e-06   2.0000000000e-02 
  1.9366028974e+21   1.9325399000e+18   9.0988400899e+61   2.2245872600e-24   5.1871390088e-14  -1.1947720311e-06   2.0000000000e-02 
  1.9385354373e+21   1.9325399000e+18   9.1170177248e+61   2.2245872600e-24   5.1871390088e-14  -1.1694309749e-06   2.0000000000e-02 
  1.9404679772e+21   1.9325399000e+18   9.1352134991e+61   2.2245872600e-24   5.1871390088e-14  -1.1709304989e-06   2.0000000000e-02 
  1.9424005171e+21   1.9325399000e+18   9.1534274130e+61   2.2245872600e-24   5.1871390088e-14  -1.1918900892e-06   2.0000000000e-02 
  1.9443330570e+21   1.9325399000e+18   9.1716594664e+61   2.2245872600e-24   5.1871390088e-14  -1.2013969633e-06   2.0000000000e-02 
  1.9462655969e+21   1.9325399000e+18   9.1899096592e+61   2.2245872600e-24   5.1871390088e-14  -1.2033676299e-06   2.0000000000e-02 
  1.9481981368e+21   1.9325399000e+18   9.2081779916e+61   2.2245872600e-24   5.1871390088e-14  -1.2055740701e-06   2.0000000000e-02 
  1.9501306767e+21   1.9325399000e+18   9.2264644634e+61   2.2245872600e-24   5.1871390088e-14  -1.1958946775e-06   2.0000000000e-02 
  1.9520632166e+21   1.9325399000e+18   9.2447690748e+61   2.2245872600e-24   5.1871390088e-14  -1.1842924523e-06   2.0000000000e-02 
  1.9539957565e+21   1.9325399000e+18   9.2630918256e+61   2.2245872600e-24   5.1871390088e-14  -1.1792872417e-06   2.0000000000e-02 
  1.9559282965e+21   1.9325400000e+18   9.2814331967e+61   2.2245872600e-24   5.1871390088e-14  -1.1487064338e-06   2.0000000000e-02 
  1.9578608364e+21   1.9325399000e+18   9.2997917468e+61   2.2245872600e-24   5.1871390088e-14  -1.1442069747e-06   2.0000000000e-02 
  1.9597933763e+21   1.9325399000e+18   9.3181689161e+61   2.2245872600e-24   5.1871390088e-14  -1.1469374095e-06   2.0000000000e-02 
  1.9617259162e+21   1.9325399000e+18   9.3365642250e+61   2.2245872600e-24   5.1871390088e-14  -1.1456674520e-06   2.0000000000e-02 
  1.9636584561e+21   1.9325399000e+18   9.3549776733e+61   2.2245872600e-24   5.1871390088e-14  -1.1439660503e-06   2.0000000000e-02 
  1.9655909960e+21   1.9325399000e+18   9.3734092612e+61   2.2245872600e-24   5.1871390088e-14  -1.1310491450e-06   2.0000000000e-02 
  1.9675235359e+21   1.9325399000e+18   9.3918589885e+61   2.2245872600e-24   5.1871390088e-14  -1.1282756305e-06   2.0000000000e-02 
  1.9694560758e+21   1.9325399000e+18   9.4103268554e+61   2.2245872600e-24   5.1871390088e-14  -1.1363903422e-06   2.0000000000e-02 
  1.9713886157e+21   1.9325399000e+18   9.4288128617e+61   2.2245872600e-24   5.1871390088e-14  -1.1334134174e-06   2.0000000000e-02 
  1.9733211556e+21   1.9325399000e+18   9.4473170075e+61   2.2245872600e-24   5.1871390088e-14  -1.1252028206e-06   2.0000000000e-02 
  1.9752536955e+21   1.9325399000e+18   9.4658392929e+61   2.2245872600e-24   5.1871390088e-14  -1.0831040126e-06   2.0000000000e-02 
  1.9771862354e+21   1.9325399000e+18   9.4843797177e+61   2.2245872600e-24   5.1871390088e-14  -9.3665830561e-07   2.0000000000e-02 
  1.9791187753e+21   1.9325399000e+18   9.5029382820e+61   2.2245872600e-24   5.1871390088e-14  -2.7356554546e-07   2.0000000000e-02 
  1.9810513152e+21   1.9325399000e+18   9.5215149859e+61   2.2245872600e-24   5.1871390088e-14   7.8904573134e-07   2.0000000000e-02 
  1.9829838551e+21   1.9325399000e+18   9.5401098292e+61   2.2245872600e-24   5.1871390088e-14   1.0790842249e-06   2.0000000000e-02 
  1.9849163950e+21   1.9325399000e+18   9.5587228120e+61   2.2245872600e-24   5.1871390088e-14   1.3399566187e-06   2.0000000000e-02 
  1.9868489349e+21   1.9325399000e+18   9.5773539343e+61   2.2245872600e-24   5.1871390088e-14   1.3747211536e-06   2.0000000000e-02 
  1.9887814748e+21   1.9325399000e+18   9.5960031962e+61   2.2245872600e-24   5.1871390088e-14   1.2024830143e-06   2.0000000000e-02 
  1.9907140147e+21   1.9325399000e+18   9.6146705975e+61   2.2245872600e-24   5.1871390088e-14   1.1251184610e-06   2.0000000000e-02 
  1.9926465546e+21   1.9325399000e+18   9.6333561383e+61   2.2245872600e-24   5.1871390088e-14   9.3401618928e-07   2.0000000000e-02 
  1.9945790945e+21   1.9325399000e+18   9.6520598186e+61   2.2245872600e-24   5.1871390088e-14   5.2121930655e-08   2.0000000000e-02 
  1.9965116344e+21   1.9325399000e+18   9.6707816384e+61   2.2245872600e-24   5.1871390088e-14  -8.3669668927e-07   2.0000000000e-02 
  1.9984441743e+21   1.9325399000e+18   9.6895215977e+61   2.2245872600e-24   5.1871390088e-14  -1.0943072636e-06   2.0000000000e-02 
  2.0003767142e+21   1.9325399000e+18   9.7082796965e+61   2.2245872600e-24   5.1871390088e-14  -1.1532875406e-06   2.0000000000e-02 
  2.0023092541e+21   1.9325399000e+18   9.7270559349e+61   2.2245872600e-24   5.1871390088e-14  -1.1805900042e-06   2.0000000000e-02 
  2.0042417940e+21   1.9325399000e+18   9.7458503127e+61   2.2245872600e-24   5.1871390088e-14  -1.2243816398e-06   2.0000000000e-02 
  2.0061743339e+21   1.9325399000e+18   9.7646628300e+61   2.2245872600e-24   5.1871390088e-14  -1.2690610220e-06   2.0000000000e-02 
  2.0081068738e+21   1.9325399000e+18   9.7834934868e+61   2.2245872600e-24   5.1871390088e-14  -1.2725288370e-06   2.0000000000e-02 
  2.0100394137e+21   1.9325399000e+18   9.8023422831e+61   2.2245872600e-24   5.1871390088e-14  -1.2304160392e-06   2.0000000000e-02 
  2.0119719536e+21   1.9325399000e+18   9.8212092189e+61   2.2245872600e-24   5.1871390088e-14  -1.1866998825e-06   2.0000000000e-02 
  2.0139044935e+21   1.9325399000e+18   9.8400942942e+61   2.2245872600e-24   5.1871390088e-14  -1.1645523817e-06   2.0000000000e-02 
  2.0158370334e+21   1.9325399000e+18   9.8589975090e+61   2.2245872600e-24   5.1871390088e-14  -1.1190395111e-06   2.0000000000e-02 
  2.0177695733e+21   1.9325399000e+18   9.8779188633e+61   2.2245872600e-24   5.1871390088e-14  -1.0637787275e-06   2.0000000000e-02 
  2.0197021132e+21   1.9325399000e+18   9.8968583570e+61   2.2245872600e-24   5.1871390088e-14  -9.9910898495e-07   2.0000000000e-02 
  2.0216346531e+21   1.9325399000e+18   9.9158159903e+61   2.2245872600e-24   5.1871390088e-14  -7.6881759902e-07   2.0000000000e-02 
  2.0235671930e+21   1.9325399000e+18   9.9347917631e+61   2.2245872600e-24   5.1871390088e-14   6.0445566242e-08   2.0000000000e-02 
  2.0254997329e+21   1.9325399000e+18   9.9537856754e+61   2.2245872600e-24   5.1871390088e-14   3.8547629494e-07   2.0000000000e-02 
  2.0274322728e+21   1.9325399000e+18   9.9727977272e+61   2.2245872600e-24   5.1871390088e-14  -2.8164885091e-07   2.0000000000e-02 
  2.0293648127e+21   1.9325399000e+18   9.9918279185e+61   2.2245872600e-24   5.1871390088e-14  -9.4101058312e-07   2.0000000000e-02 
  2.0312973526e+21   1.9325399000e+18   1.0010876249e+62   2.2245872600e-24   5.1871390088e-14  -1.0674481795e-06   2.0000000000e-02 
  2.0332298925e+21   1.9325399000e+18   1.0029942720e+62   2.2245872600e-24   5.1871390088e-14  -1.0730189794e-06   2.0000000000e-02 
  2.0351624324e+21   1.9325399000e+18   1.0049027329e+62   2.2245872600e-24   5.1871390088e-14  -1.0949654881e-06   2.0000000000e-02 
  2.0370949723e+21   1.9325399000e+18   1.0068130079e+62   2.2245872600e-24   5.1871390088e-14  -1.0458992549e-06   2.0000000000e-02 
  2.0390275122e+21   1.9325399000e+18   1.0087250967e+62   2.2245872600e-24   5.1871390088e-14  -1.0632263435e-06   2.0000000000e-02 
  2.0409600521e+21   1.9325399000e+18   1.0106389996e+62   2.2245872600e-24   5.1871390088e-14  -1.1177225439e-06   2.0000000000e-02 
  2.0428925920e+21   1.9325399000e+18   1.0125547163e+62   2.2245872600e-24   5.1871390088e-14  -1.1587190060e-06   2.0000000000e-02 
  2.0448251319e+21   1.9325399000e+18   1.0144722471e+62   2.2245872600e-24   5.1871390088e-14  -1.2009336110e-06   2.0000000000e-02 
  2.0467576718e+21   1.9325399000e+18   1.0163915917e+62   2.2245872600e-24   5.1871390088e-14  -1.3839364869e-06   2.0000000000e-02 
  2.0486902117e+21   1.9325399000e+18   1.0183127504e+62   2.2245872600e-24   5.1871390088e-14  -1.6698649668e-06   2.0000000000e-02 
  2.0506227516e+21   1.9325399000e+18   1.0202357229e+62   2.2245872600e-24   5.1871390088e-14  -1.8094336504e-06   2.0000000000e-02 
  2.0525552915e+21   1.9325399000e+18   1.0221605095e+62   2.2245872600e-24   5.1871390088e-14  -1.5896063683e-06   2.0000000000e-02 
  2.0544878314e+21   1.9325399000e+18   1.0240871099e+62   2.2245872600e-24   5.1871390088e-14  -1.3001724695e-06   2.0000000000e-02 
  2.0564203713e+21   1.9325399000e+18   1.0260155244e+62   2.2245872600e-24   5.1871390088e-14  -1.1668846813e-06   2.0000000000e-02 
  2.0583529112e+21   1.9325399000e+18   1.0279457527e+62   2.2245872600e-24   5.1871390088e-14  -1.1381575591e-06   2.0000000000e-02 
  2.0602854511e+21   1.9325399000e+18   1.0298777951e+62   2.2245872600e-24   5.1871390088e-14  -1.1178686511e-06   2.0000000000e-02 
  2.0622179910e+21   1.9325399000e+18   1.0318116513e+62   2.2245872600e-24   5.1871390088e-14  -1.0777721087e-06   2.0000000000e-02 
  2.0641505309e+21   1.9325399000e+18   1.0337473216e+62   2.2245872600e-24   5.1871390088e-14  -9.9854339849e-07   2.0000000000e-02 
  2.0660830708e+21   1.9325399000e+18   1.0356848057e+62   2.2245872600e-24   5.1871390088e-14  -8.2548919313e-07   2.0000000000e-02 
  2.0680156107e+21   1.9325399000e+18   1.0376241039e+62   2.2245872600e-24   5.1871390089e-14  -1.3178137136e-07   2.0000000000e-02 
  2.0699481506e+21   1.9325399000e+18   1.0395652159e+62   2.2245872600e-24   5.1871390088e-14  -2.3807882301e-09   2.0000000000e-02 
  2.0718806905e+21   1.9325399000e+18   1.0415081420e+62   2.2245872600e-24   5.1871390088e-14  -5.9682793056e-07   2.0000000000e-02 
  2.0738132304e+21   1.9325399000e+18   1.0434528819e+62   2.2245872600e-24   5.1871390088e-14  -8.3457269192e-07   2.0000000000e-02 
  2.0757457703e+21   1.9325399000e+18   1.0453994359e+62   2.2245872600e-24   5.1871390088e-14  -6.5167207942e-07   2.0000000000e-02 
  2.0776783102e+21   1.9325399000e+18   1.0473478037e+62   2.2245872600e-24   5.1871390088e-14   1.1030775793e-07   2.0000000000e-02 
  2.0796108501e+21   1.9325399000e+18   1.0492979856e+62   2.2245872600e-24   5.1871390088e-14   8.4308075686e-07   2.0000000000e-02 
  2.0815433900e+21   1.9325399000e+18   1.0512499813e+62   2.2245872600e-24   5.1871390088e-14   1.0186208521e-06   2.0000000000e-02 
  2.0834759299e+21   1.9325399000e+18   1.0532037911e+62   2.2245872600e-24   5.1871390088e-14   9.9911876394e-07   2.0000000000e-02 
  2.0854084698e+21   1.9325399000e+18   1.0551594147e+62   2.2245872600e-24   5.1871390088e-14   8.3477835194e-07   2.0000000000e-02 
  2.0873410097e+21   1.9325399000e+18   1.0571168524e+62   2.2245872600e-24   5.1871390088e-14   1.5440400138e-07   2.0000000000e-02 
  2.0892735496e+21   1.9325399000e+18   1.0590761039e+62   2.2245872600e-24   5.1871390088e-14  -7.0235114565e-07   2.0000000000e-02 
  2.0912060895e+21   1.9325399000e+18   1.0610371695e+62   2.2245872600e-24   5.1871390088e-14  -9.8463369131e-07   2.0000000000e-02 
  2.0931386294e+21   1.9325399000e+18   1.0630000489e+62   2.2245872600e-24   5.1871390088e-14  -1.0562891766e-06   2.0000000000e-02 
  2.0950711693e+21   1.9325399000e+18   1.0649647423e+62   2.2245872600e-24   5.1871390088e-14  -1.0699952176e-06   2.0000000000e-02 
  2.0970037092e+21   1.9325399000e+18   1.0669312497e+62   2.2245872600e-24   5.1871390088e-14  -1.0640743359e-06   2.0000000000e-02 
  2.0989362491e+21   1.9325399000e+18   1.0688995710e+62   2.2245872600e-24   5.1871390088e-14  -1.0733249494e-06   2.0000000000e-02 
  2.1008687890e+21   1.9325399000e+18   1.0708697063e+62   2.2245872600e-24   5.1871390088e-14  -1.0708653141e-06   2.0000000000e-02 
  2.1028013289e+21   1.9325399000e+18   1.0728416555e+62   2.2245872600e-24   5.1871390088e-14  -1.0716900926e-06   2.0000000000e-02 
  2.1047338688e+21   1.9325399000e+18   1.0748154187e+62   2.2245872600e-24   5.1871390088e-14  -1.0763837056e-06   2.0000000000e-02 
  2.1066664087e+21   1.9325399000e+18   1.0767909958e+62   2.2245872600e-24   5.1871390088e-14  -1.0863271766e-06   2.0000000000e-02 
  2.1085989486e+21   1.9325399000e+18   1.0787683869e+62   2.2245872600e-24   5.1871390088e-14  -1.1201816548e-06   2.0000000000e-02 
  2.1105314885e+21   1.9325399000e+18   1.0807475919e+62   2.2245872600e-24   5.1871390088e-14  -1.2458417159e-06   2.0000000000e-02 
  2.1124640284e+21   1.9325399000e+18   1.0827286109e+62   2.2245872600e-24   5.1871390088e-14  -1.3712301037e-06   2.0000000000e-02 
  2.1143965683e+21   1.9325399000e+18   1.0847114438e+62   2.2245872600e-24   5.1871390089e-14  -1.2717957982e-06   2.0000000000e-02 
  2.1163291082e+21   1.9325399000e+18   1.0866960907e+62   2.2245872600e-24   5.1871390089e-14  -1.1475792281e-06   2.0000000000e-02 
  2.1182616481e+21   1.9325399000e+18   1.0886825515e+62   2.2245872600e-24   5.1871390089e-14  -1.1081974307e-06   2.0000000000e-02 
  2.1201941880e+21   1.9325399000e+18   1.0906708263e+62   2.2245872600e-24   5.1871390089e-14  -1.1225290343e-06   2.0000000000e-02 
  2.1221267279e+21   1.9325399000e+18   1.0926609150e+62   2.2245872600e-24   5.1871390089e-14  -1.1178226555e-06   2.0000000000e-02 
  2.1240592678e+21   1.9325399000e+18   1.0946528177e+62   2.2245872600e-24   5.1871390089e-14  -1.1233718954e-06   2.0000000000e-02 
  2.1259918077e+21   1.9325399000e+18   1.0966465343e+62   2.2245872600e-24   5.1871390089e-14  -1.1995675850e-06   2.0000000000e-02 
  2.1279243476e+21   1.9325399000e+18   1.0986420648e+62   2.2245872600e-24   5.1871390089e-14  -1.3278235651e-06   2.0000000000e-02 
  2.1298568875e+21   1.9325399000e+18   1.1006394094e+62   2.2245872600e-24   5.1871390089e-14  -1.3834293619e-06   2.0000000000e-02 
  2.1317894274e+21   1.9325399000e+18   1.1026385678e+62   2.2245872600e-24   5.1871390089e-14  -1.4012042321e-06   2.0000000000e-02 
  2.1337219673e+21   1.9325399000e+18   1.1046395402e+62   2.2245872600e-24   5.1871390089e-14  -1.3948823707e-06   2.0000000000e-02 
  2.1356545072e+21   1.9325399000e+18   1.1066423266e+62   2.2245872600e-24   5.1871390089e-14  -1.2563923046e-06   2.0000000000e-02 
  2.1375870471e+21   1.9325399000e+18   1.1086469269e+62   2.2245872600e-24   5.1871390089e-14  -1.1424801034e-06   2.0000000000e-02 
  2.1395195870e+21   1.9325399000e+18   1.1106533412e+62   2.2245872600e-24   5.1871390089e-14  -1.2048846314e-06   2.0000000000e-02 
  2.1414521269e+21   1.9325399000e+18   1.1126615694e+62   2.2245872600e-24   5.1871390089e-14  -1.3262329617e-06   2.0000000000e-02 
  2.1433846668e+21   1.9325399000e+18   1.1146716116e+62   2.2245872600e-24   5.1871390089e-14  -1.2095577149e-06   2.0000000000e-02 
  2.1453172067e+21   1.9325399000e+18   1.1166834677e+62   2.2245872600e-24   5.1871390089e-14  -1.1568886084e-06   2.0000000000e-02 
  2.1472497466e+21   1.9325399000e+18   1.1186971378e+62   2.2245872600e-24   5.1871390089e-14  -1.2665469602e-06   2.0000000000e-02 
  2.1491822865e+21   1.9325399000e+18   1.1207126218e+62   2.2245872600e-24   5.1871390089e-14  -1.4880748227e-06   2.0000000000e-02 
  2.1511148264e+21   1.9325399000e+18   1.1227299198e+62   2.2245872600e-24   5.1871390089e-14  -1.5517251499e-06   2.0000000000e-02 
  2.1530473663e+21   1.9325399000e+18   1.1247490317e+62   2.2245872600e-24   5.1871390089e-14  -1.2241568870e-06   2.0000000000e-02 
  2.1549799062e+21   1.9325399000e+18   1.1267699575e+62   2.2245872600e-24   5.1871390089e-14  -9.4234860073e-07   2.0000000000e-02 
  2.1569124461e+21   1.9325399000e+18   1.1287926974e+62   2.2245872600e-24   5.1871390089e-14  -4.3236887872e-07   2.0000000000e-02 
  2.1588449860e+21   1.9325399000e+18   1.1308172511e+62   2.2245872600e-24   5.1871390089e-14   6.2301136570e-07   2.0000000000e-02 
  2.1607775259e+21   1.9325399000e+18   1.1328436188e+62   2.2245872600e-24   5.1871390089e-14   1.5494723163e-06   2.0000000000e-02 
  2.1627100658e+21   1.9325399000e+18   1.1348718005e+62   2.2245872600e-24   5.1871390089e-14   1.9247781243e-06   2.0000000000e-02 
  2.1646426057e+21   1.9325399000e+18   1.1369017961e+62   2.2245872600e-24   5.1871390088e-14   1.9975284410e-06   2.0000000000e-02 
  2.1665751456e+21   1.9325399000e+18   1.1389336057e+62   2.2245872600e-24   5.1871390088e-14   2.1353039369e-06   2.0000000000e-02 
  2.1685076855e+21   1.9325399000e+18   1.1409672292e+62   2.2245872600e-24   5.1871390088e-14   2.5679972220e-06   2.0000000000e-02 
  2.1704402254e+21   1.9325399000e+18   1.1430026667e+62   2.2245872600e-24   5.1871390088e-14   3.1929694819e-06   2.0000000000e-02 
  2.1723727653e+21   1.9325399000e+18   1.1450399181e+62   2.2245872600e-24   5.1871390088e-14   3.9887023062e-06   2.0000000000e-02 
  2.1743053052e+21   1.9325399000e+18   1.1470789834e+62   2.2245872600e-24   5.1871390088e-14   4.7167749289e-06   2.0000000000e-02 
  2.1762378451e+21   1.9325399000e+18   1.1491198628e+62   2.2245872600e-24   5.1871390088e-14   4.7511673379e-06   2.0000000000e-02 
  2.1781703850e+21   1.9325399000e+18   1.1511625560e+62   2.2245872600e-24   5.1871390088e-14   3.7843419238e-06   2.0000000000e-02 
  2.1801029249e+21   1.9325399000e+18   1.1532070632e+62   2.2245872600e-24   5.1871390088e-14   2.9783858181e-06   2.0000000000e-02 
  2.1820354648e+21   1.9325399000e+18   1.1552533844e+62   2.2245872600e-24   5.1871390088e-14   2.5174110589e-06   2.0000000000e-02 
  2.1839680047e+21   1.9325399000e+18   1.1573015195e+62   2.2245872600e-24   5.1871390088e-14   2.1172997132e-06   2.0000000000e-02 
  2.1859005446e+21   1.9325399000e+18   1.1593514686e+62   2.2245872600e-24   5.1871390088e-14   1.9728061389e-06   2.0000000000e-02 
  2.1878330845e+21   1.9325399000e+18   1.1614032316e+62   2.2245872600e-24   5.1871390088e-14   1.9028546512e-06   2.0000000000e-02 
  2.1897656244e+21   1.9325399000e+18   1.1634568085e+62   2.2245872600e-24   5.1871390088e-14   1.6350376330e-06   2.0000000000e-02 
  2.1916981643e+21   1.9325399000e+18   1.1655121995e+62   2.2245872600e-24   5.1871390088e-14   9.3037146548e-07   2.0000000000e-02 
  2.1936307042e+21   1.9325399000e+18   1.1675694043e+62   2.2245872600e-24   5.1871390087e-14  -1.3650629265e-07   2.0000000000e-02 
  2.1955632441e+21   1.9325399000e+18   1.1696284231e+62   2.2245872600e-24   5.1871390087e-14  -7.4273399365e-07   2.0000000000e-02 
  2.1974957840e+21   1.9325399000e+18   1.1716892559e+62   2.2245872600e-24   5.1871390087e-14  -9.0859619269e-07   2.0000000000e-02 
  2.1994283239e+21   1.9325399000e+18   1.1737519026e+62   2.2245872600e-24   5.1871390087e-14  -1.0151296218e-06   2.0000000000e-02 
  2.2013608638e+21   1.9325399000e+18   1.1758163633e+62   2.2245872600e-24   5.1871390087e-14  -1.1121735691e-06   2.0000000000e-02 
  2.2032934037e+21   1.9325399000e+18   1.1778826379e+62   2.2245872600e-24   5.1871390087e-14  -1.1324454239e-06   2.0000000000e-02 
  2.2052259436e+21   1.9325399000e+18   1.1799507264e+62   2.2245872600e-24   5.1871390087e-14  -1.1241140619e-06   2.0000000000e-02 
  2.2071584835e+21   1.9325399000e+18   1.1820206290e+62   2.2245872600e-24   5.1871390087e-14  -1.2265637081e-06   2.0000000000e-02 
  2.2090910234e+21   1.9325399000e+18   1.1840923454e+62   2.2245872600e-24   5.1871390087e-14  -1.3390688638e-06   2.0000000000e-02 
  2.2110235633e+21   1.9325399000e+18   1.1861658758e+62   2.2245872600e-24   5.1871390087e-14  -1.2759343742e-06   2.0000000000e-02 
  2.2129561032e+21   1.9325399000e+18   1.1882412202e+62   2.2245872600e-24   5.1871390087e-14  -1.2827233620e-06   2.0000000000e-02 
  2.2148886431e+21   1.9325399000e+18   1.1903183785e+62   2.2245872600e-24   5.1871390087e-14  -1.4911713336e-06   2.0000000000e-02 
  2.2168211830e+21   1.9325399000e+18   1.1923973508e+62   2.2245872600e-24   5.1871390087e-14  -1.6721218272e-06   2.0000000000e-02 
  2.2187537229e+21   1.9325399000e+18   1.1944781370e+62   2.2245872600e-24   5.1871390087e-14  -1.5164055330e-06   2.0000000000e-02 
  2.2206862628e+21   1.9325399000e+18   1.1965607371e+62   2.2245872600e-24   5.1871390087e-14  -1.2237655631e-06   2.0000000000e-02 
  2.2226188027e+21   1.9325399000e+18   1.1986451512e+62   2.2245872600e-24   5.1871390087e-14  -1.1030270829e-06   2.0000000000e-02 
  2.2245513426e+21   1.9325399000e+18   1.2007313793e+62   2.2245872600e-24   5.1871390087e-14  -1.1330425110e-06   2.0000000000e-02 
  2.2264838825e+21   1.9325399000e+18   1.2028194213e+62   2.2245872600e-24   5.1871390088e-14  -1.1049358471e-06   2.0000000000e-02 
  2.2284164224e+21   1.9325399000e+18   1.2049092773e+62   2.2245872600e-24   5.1871390088e-14  -1.0351973483e-06   2.0000000000e-02 
  2.2303489623e+21   1.9325399000e+18   1.2070009472e+62   2.2245872600e-24   5.1871390088e-14  -9.7712419702e-07   2.0000000000e-02 
  2.2322815022e+21   1.9325399000e+18   1.2090944310e+62   2.2245872600e-24   5.1871390088e-14  -9.6461528236e-07   2.0000000000e-02 
  2.2342140421e+21   1.9325399000e+18   1.2111897288e+62   2.2245872600e-24   5.1871390088e-14  -9.5193506307e-07   2.0000000000e-02 
  2.2361465820e+21   1.9325399000e+18   1.2132868406e+62   2.2245872600e-24   5.1871390088e-14  -9.3909237669e-07   2.0000000000e-02 
  2.2380791219e+21   1.9325399000e+18   1.2153857663e+62   2.2245872600e-24   5.1871390088e-14  -9.2668046484e-07   2.0000000000e-02 
  2.2400116618e+21   1.9325399000e+18   1.2174865060e+62   2.2245872600e-24   5.1871390088e-14  -9.0156737037e-07   2.0000000000e-02 
  2.2419442017e+21   1.9325399000e+18   1.2195890596e+62   2.2245872600e-24   5.1871390088e-14  -8.1674435226e-07   2.0000000000e-02 
  2.2438767416e+21   1.9325399000e+18   1.2216934271e+62   2.2245872600e-24   5.1871390088e-14  -4.0274185771e-07   2.0000000000e-02 
  2.2458092815e+21   1.9325399000e+18   1.2237996086e+62   2.2245872600e-24   5.1871390088e-14   0.0000000000e+00   2.0000000000e-02 
