# time = 2.896989e+15 [s] 
# r                  dr                 dV                 Density            Pressure           Velocity           Z
  2.1304517832e+18   2.1304517832e+18   4.0504543152e+55   3.7131023838e-31   4.3180553773e-14   0.0000000000e+00   9.9248591688e-02 
  2.6754811406e+18   5.4502935741e+17   3.9717605768e+55   3.7131023838e-31   4.3180553773e-14   1.7612904556e+04   9.9248591688e-02 
  3.5735403819e+18   8.9805924121e+17   1.1093242384e+56   3.7134821228e-31   4.3180956207e-14   3.3060566598e+04   9.9248591688e-02 
  4.5156262159e+18   9.4208583406e+17   1.9453914622e+56   3.7145687233e-31   4.3180679826e-14   5.3838533795e+04   9.9248591688e-02 
  5.0008043171e+18   4.8517810117e+17   1.3815778093e+56   3.7158373330e-31   4.3180393110e-14   6.8244652682e+04   9.9248591688e-02 
  5.4249948597e+18   4.2419054266e+17   1.4493362097e+56   3.7171709690e-31   4.3179804127e-14   7.8962952975e+04   9.9248591688e-02 
  6.1436492734e+18   7.1865441369e+17   3.0254723107e+56   3.7198632687e-31   4.3179072941e-14   9.0661420749e+04   9.9248591688e-02 
  6.8035906459e+18   6.5994137247e+17   3.4784484456e+56   3.7240999981e-31   4.3178226205e-14   1.0448671941e+05   9.9248591688e-02 
  7.6858313546e+18   8.8224070874e+17   5.8260668245e+56   3.7304506661e-31   4.3177406596e-14   1.1915470366e+05   9.9248591688e-02 
  8.5476575393e+18   8.6182618463e+17   7.1416920590e+56   3.7387678834e-31   4.3176536733e-14   1.3369492976e+05   9.9248591688e-02 
  9.6231176827e+18   1.0754601434e+18   1.1168579040e+57   3.7495979653e-31   4.3175949682e-14   1.4887514705e+05   9.9248591688e-02 
  1.0740005898e+19   1.1168882155e+18   1.4564100346e+57   3.7633972609e-31   4.3174891434e-14   1.6714192495e+05   9.9248591688e-02 
  1.2058071267e+19   1.3180653687e+18   2.1546010862e+57   3.7808716348e-31   4.3173340469e-14   1.8946906683e+05   9.9248591688e-02 
  1.3473223449e+19   1.4151521817e+18   2.9009699217e+57   3.8026692522e-31   4.3171629661e-14   2.1410815628e+05   9.9248591688e-02 
  1.5089184639e+19   1.6159611908e+18   4.1460407828e+57   3.8290748988e-31   4.3169968038e-14   2.3952966433e+05   9.9248591688e-02 
  1.6905021048e+19   1.8158364085e+18   5.8456837476e+57   3.8620674221e-31   4.3168492097e-14   2.6655993607e+05   9.9248591688e-02 
  1.8928484832e+19   2.0234637838e+18   8.1711893588e+57   3.9018341208e-31   4.3167030297e-14   2.9317815768e+05   9.9248591688e-02 
  2.1209222208e+19   2.2807373761e+18   1.1555731435e+58   3.9504210031e-31   4.3165279572e-14   3.1777248496e+05   9.9248591688e-02 
  2.3681928206e+19   2.4727059979e+18   1.5670499059e+58   4.0079225635e-31   4.3163066202e-14   3.3851927710e+05   9.9248591688e-02 
  2.6489700182e+19   2.8077719760e+18   2.2227020668e+58   4.0762266650e-31   4.3159686831e-14   3.5339181287e+05   9.9248591688e-02 
  2.9508556268e+19   3.0188560863e+18   2.9768833347e+58   4.1575397111e-31   4.3155908556e-14   3.6323275878e+05   9.9248591688e-02 
  3.3003924678e+19   3.4953684102e+18   4.2956477895e+58   4.2531515399e-31   4.3152416920e-14   3.7417277457e+05   9.9248591688e-02 
  3.6707555447e+19   3.7036307688e+18   5.6597152612e+58   4.3675662865e-31   4.3149510313e-14   3.8615864441e+05   9.9248591688e-02 
  4.0900543215e+19   4.1929877683e+18   7.9416349052e+58   4.5002885733e-31   4.3147866510e-14   4.0162154984e+05   9.9248591688e-02 
  4.5348932642e+19   4.4483894269e+18   1.0405201986e+59   4.6542988251e-31   4.3148146941e-14   4.1538959430e+05   9.9248591688e-02 
  5.0428381004e+19   5.0794483621e+18   1.4652060411e+59   4.8332860537e-31   4.3149471058e-14   4.1964374858e+05   9.9248591688e-02 
  5.5419095532e+19   4.9907145279e+18   1.7579047117e+59   5.0351870581e-31   4.3149834980e-14   4.2546608639e+05   9.9248591688e-02 
  6.2873590990e+19   7.4544954578e+18   3.2813943491e+59   5.3010690195e-31   4.3149968629e-14   4.3899822360e+05   9.9248591688e-02 
  7.3992308764e+19   1.1118717774e+19   6.5576681649e+59   5.7161340613e-31   4.3148908781e-14   4.7324229800e+05   9.9248591688e-02 
  7.8148618770e+19   4.1563100059e+18   3.0231378574e+59   6.0709819686e-31   4.3143591561e-14   5.2038440446e+05   9.9248591688e-02 
  8.1947634719e+19   3.7990159485e+18   3.0596012910e+59   6.2738963776e-31   4.3140338374e-14   5.4824127010e+05   9.9248591688e-02 
  8.5907274581e+19   3.9596398627e+18   3.5055341799e+59   6.4948983274e-31   4.3134396072e-14   5.8889648619e+05   9.9248591688e-02 
  9.0111564464e+19   4.2042898827e+18   4.0930157183e+59   6.7598494159e-31   4.3129044150e-14   6.1760047866e+05   9.9248591688e-02 
  9.3997338203e+19   3.8857737389e+18   4.1384855416e+59   7.0458016939e-31   4.3128482511e-14   6.4588733858e+05   9.9248591688e-02 
  9.8958205616e+19   4.9608674126e+18   5.8038702269e+59   7.3938241813e-31   4.3124432645e-14   6.8500384741e+05   9.9248591688e-02 
  1.0379616635e+20   4.8379607293e+18   6.2493533570e+59   7.8119241960e-31   4.3118479540e-14   7.3851375255e+05   9.9248591688e-02 
  1.0845362106e+20   4.6574547142e+18   6.5926913073e+59   8.2547202936e-31   4.3113290117e-14   7.8387525682e+05   9.9248591688e-02 
  1.1291354942e+20   4.4599283574e+18   6.8669350619e+59   8.7213816958e-31   4.3112782263e-14   8.2089933299e+05   9.9248591688e-02 
  1.1840255166e+20   5.4890022465e+18   9.2286147289e+59   9.2820047408e-31   4.3108620818e-14   8.7061145589e+05   9.9248591688e-02 
  1.2391382533e+20   5.5112736665e+18   1.0168157466e+60   9.9564659726e-31   4.3100018068e-14   9.3870025542e+05   9.9248591688e-02 
  1.2919828328e+20   5.2844579494e+18   1.0637492317e+60   1.0675159261e-30   4.3093074311e-14   9.8378209036e+05   9.9248591688e-02 
  1.3446501121e+20   5.2667279312e+18   1.1503973273e+60   1.1443034571e-30   4.3087411181e-14   1.0330866777e+06   9.9248591688e-02 
  1.4069978322e+20   6.2347720070e+18   1.4833051384e+60   1.2360714488e-30   4.3073534366e-14   1.1031554295e+06   9.9248591688e-02 
  1.4694810204e+20   6.2483188201e+18   1.6244401943e+60   1.3443143980e-30   4.3061407221e-14   1.1624560208e+06   9.9248591688e-02 
  1.5290628366e+20   5.9581816259e+18   1.6832226804e+60   1.4592553663e-30   4.3050919160e-14   1.2257088016e+06   9.9248591688e-02 
  1.5930917548e+20   6.4028918176e+18   1.9610818630e+60   1.5880892189e-30   4.3033931781e-14   1.3062494116e+06   9.9248591688e-02 
  1.6660080148e+20   7.2916260002e+18   2.4335598169e+60   1.7441677631e-30   4.3011157392e-14   1.4026598761e+06   9.9248591688e-02 
  1.7370469128e+20   7.1038897941e+18   2.5849198715e+60   1.9225182967e-30   4.2985720505e-14   1.5064097485e+06   9.9248591688e-02 
  1.7990278079e+20   6.1980895173e+18   2.4349780957e+60   2.1034889794e-30   4.2960567183e-14   1.6050744375e+06   9.9248591688e-02 
  1.8807778719e+20   8.1750063954e+18   3.4782371282e+60   2.3220702932e-30   4.2930326441e-14   1.7198841232e+06   9.9248591688e-02 
  1.9798360059e+20   9.9058133979e+18   4.6392529027e+60   2.6218197696e-30   4.2889570979e-14   1.8778356927e+06   9.9248591688e-02 
  2.0799099224e+20   1.0007391656e+19   5.1827043501e+60   2.9804317449e-30   4.2840377182e-14   2.0758909606e+06   9.9248591688e-02 
  2.1711585978e+20   9.1248675378e+18   5.1813072386e+60   3.3574909859e-30   4.2789551228e-14   2.2928546673e+06   9.9248591688e-02 
  2.2846950231e+20   1.1353642529e+19   7.0833858153e+60   3.8021848449e-30   4.2732117911e-14   2.5627876216e+06   9.9248591688e-02 
  2.3828132125e+20   9.8118189440e+18   6.7163535862e+60   4.3002577651e-30   4.2663684454e-14   2.8892511863e+06   9.9248591688e-02 
  2.5292327533e+20   1.4641954075e+19   1.1102029234e+61   4.9316593201e-30   4.2560634320e-14   3.3408349092e+06   9.9248591688e-02 
  2.6318116658e+20   1.0257891257e+19   8.5850008288e+60   5.6255000431e-30   4.2437489207e-14   3.8357073231e+06   9.9248591688e-02 
  2.7241291066e+20   9.2317440793e+18   8.3204759133e+60   6.2268055952e-30   4.2355790416e-14   4.1928430320e+06   9.9248591688e-02 
  2.8211583770e+20   9.7029270402e+18   9.3744347514e+60   6.8274529252e-30   4.2285771697e-14   4.4944461925e+06   9.9248591688e-02 
  2.9093196462e+20   8.8161269141e+18   9.0958579931e+60   7.3437417297e-30   4.2227185807e-14   4.7387996015e+06   9.9248591688e-02 
  3.0440310815e+20   1.3471143535e+19   1.5002076984e+61   7.8895166727e-30   4.2171152097e-14   4.9571876020e+06   9.9248591688e-02 
  3.1846832660e+20   1.4065218453e+19   1.7146164828e+61   8.4615481447e-30   4.2098705259e-14   5.1296011675e+06   9.9248591688e-02 
  3.2781694196e+20   9.3486153534e+18   1.2268062136e+61   8.8440718241e-30   4.2039918488e-14   5.1920081736e+06   9.9248591688e-02 
  3.3653898388e+20   8.7220419199e+18   1.2094686603e+61   9.0862937239e-30   4.1992352973e-14   5.1831415207e+06   9.9248591688e-02 
  3.5080530823e+20   1.4266324349e+19   2.1177416963e+61   9.3710230933e-30   4.1938608738e-14   5.1386082009e+06   9.9248591688e-02 
  3.6657967338e+20   1.5774365153e+19   2.5507994355e+61   9.7191044843e-30   4.1862652990e-14   5.0400529794e+06   9.9248591688e-02 
  3.8361530189e+20   1.7035628510e+19   3.0125272180e+61   1.0040916516e-29   4.1821623759e-14   4.9880065165e+06   9.9248591688e-02 
  3.9316127567e+20   9.5459737829e+18   1.8096067845e+61   1.0255564703e-29   4.1810465739e-14   4.9945882067e+06   9.9248591688e-02 
  4.0227041017e+20   9.1091344969e+18   1.8107218650e+61   1.0364495071e-29   4.1781215913e-14   5.0419856101e+06   9.9248591688e-02 
  4.1813294048e+20   1.5862530309e+19   3.3545270983e+61   1.0441975523e-29   4.1743644238e-14   5.1437930725e+06   9.9248591688e-02 
  4.3595386697e+20   1.7820926486e+19   4.0845780583e+61   1.0514089956e-29   4.1625833757e-14   5.3642722509e+06   9.9248591688e-02 
  4.5172782418e+20   1.5773957214e+19   3.9052673059e+61   1.0551300278e-29   4.1422643802e-14   5.6347157778e+06   9.9248591688e-02 
  4.6015539413e+20   8.4275699512e+18   2.2016234887e+61   1.0553689106e-29   4.1212547044e-14   5.8697975168e+06   9.9248591688e-02 
  4.6852961722e+20   8.3742230907e+18   2.2690446526e+61   1.0541280350e-29   4.1057888621e-14   6.0073370457e+06   9.9248591688e-02 
  4.8551627375e+20   1.6986656529e+19   4.8578287277e+61   1.0499120687e-29   4.0820944013e-14   6.1535044114e+06   9.9248591688e-02 
  4.9983003377e+20   1.4313760021e+19   4.3662835825e+61   1.0434249770e-29   4.0525959718e-14   6.2558762610e+06   9.9248591688e-02 
  5.0924871498e+20   9.4186812127e+18   3.0130247747e+61   1.0380193624e-29   4.0333548851e-14   6.2787399941e+06   9.9248591688e-02 
  5.1704861264e+20   7.7998976569e+18   2.5810328659e+61   1.0335451168e-29   4.0221335144e-14   6.2662584718e+06   9.9248591687e-02 
  5.2363531826e+20   6.5867056202e+18   2.2411019999e+61   1.0293376661e-29   4.0153522621e-14   6.2337853376e+06   9.9248591685e-02 
  5.4032768868e+20   1.6692370416e+19   5.9368567986e+61   1.0220953774e-29   4.0092543197e-14   6.1523586534e+06   9.9248591676e-02 
  5.5108373589e+20   1.0756047212e+19   4.0252570892e+61   1.0140172522e-29   4.0058835525e-14   6.0527694891e+06   9.9248591646e-02 
  5.5383262229e+20   2.7488863968e+18   1.0543052460e+61   1.0101506080e-29   4.0060520132e-14   6.0016545253e+06   9.9248591582e-02 
  5.5604072260e+20   2.2081003158e+18   8.5450791197e+60   1.0085131192e-29   4.0063109064e-14   5.9810845861e+06   9.9248590891e-02 
  5.6404517926e+20   8.0044566541e+18   3.1549449429e+61   1.0041738693e-29   4.0064924807e-14   5.9399177736e+06   9.9248588770e-02 
  5.7144955095e+20   7.4043716985e+18   2.9992625614e+61   9.9723126505e-30   4.0062025939e-14   5.8780690886e+06   9.9248579714e-02 
  5.7934129161e+20   7.8917406512e+18   3.2833885525e+61   9.9013745724e-30   4.0047642742e-14   5.8277618572e+06   9.9248542326e-02 
  5.9591600804e+20   1.6574716437e+19   7.1926791318e+61   9.7792545050e-30   3.9984690632e-14   5.7591984477e+06   9.9248433825e-02 
  6.0961692756e+20   1.3700919516e+19   6.2557076677e+61   9.6167884956e-30   3.9863066627e-14   5.6925440198e+06   9.9248193846e-02 
  6.2257239255e+20   1.2955464990e+19   6.1797906287e+61   9.4568216030e-30   3.9712022156e-14   5.6631681878e+06   9.9247929096e-02 
  6.3942599761e+20   1.6853605061e+19   8.4330777602e+61   9.2524117908e-30   3.9501304919e-14   5.6397816793e+06   9.9247123491e-02 
  6.5494019038e+20   1.5514192771e+19   8.1660901892e+61   9.0064386270e-30   3.9254879312e-14   5.6218609577e+06   9.9245017694e-02 
  6.6995184939e+20   1.5011659011e+19   8.2786234546e+61   8.7488033327e-30   3.9032472003e-14   5.6232076051e+06   9.9239491438e-02 
  6.8448363063e+20   1.4531781240e+19   8.3753319992e+61   8.4715053852e-30   3.8841516316e-14   5.6235694730e+06   9.9224045398e-02 
  7.0087184155e+20   1.6388210921e+19   9.8815284282e+61   8.1501150703e-30   3.8687063602e-14   5.5788448635e+06   9.9157496798e-02 
  7.1466709992e+20   1.3795258365e+19   8.6843456944e+61   7.8111300745e-30   3.8598321009e-14   5.4696151269e+06   9.8892183769e-02 
  7.2256995563e+20   7.9028557188e+18   5.1285561477e+61   7.5434033169e-30   3.8572905141e-14   5.3493471682e+06   9.8446895681e-02 
  7.2932001379e+20   6.7500581584e+18   4.4702100045e+61   7.3321154886e-30   3.8565474200e-14   5.2451682063e+06   9.7565574946e-02 
  7.3837721865e+20   9.0572048534e+18   6.1294643966e+61   7.0610032551e-30   3.8555119665e-14   5.1202931096e+06   9.6970518900e-02 
  7.4200966327e+20   3.6324446241e+18   2.5009223208e+61   6.8220110124e-30   3.8544968200e-14   5.0192453983e+06   9.6702557475e-02 
  7.4369129955e+20   1.6816362820e+18   1.1661245450e+61   6.7087375968e-30   3.8539761945e-14   4.9779343814e+06   9.6616508338e-02 
  7.4629765557e+20   2.6063560154e+18   1.8178169633e+61   6.6286882771e-30   3.8534658470e-14   4.9452279737e+06   9.6588259945e-02 
  7.5287172461e+20   6.5740690373e+18   4.6418203020e+61   6.5019043066e-30   3.8521869755e-14   4.8772721876e+06   9.6583728747e-02 
  7.5815956461e+20   5.2878400043e+18   3.7929478064e+61   6.3605502524e-30   3.8502945087e-14   4.7928218961e+06   9.6581912824e-02 
  7.6195323698e+20   3.7936723713e+18   2.7539891750e+61   6.2707372305e-30   3.8485872032e-14   4.7334843715e+06   9.6581702103e-02 
  7.6545281722e+20   3.4995802386e+18   2.5649305098e+61   6.2169311189e-30   3.8470124245e-14   4.6887957983e+06   9.6581673079e-02 
  7.6923724588e+20   3.7844286650e+18   2.8002218407e+61   6.1801711248e-30   3.8452628399e-14   4.6466326345e+06   9.6581671494e-02 
  7.7267722148e+20   3.4399755946e+18   2.5693692446e+61   6.1576587388e-30   3.8433395321e-14   4.6075675518e+06   9.6581671424e-02 
  7.8564452589e+20   1.2967304412e+19   9.8929056242e+61   6.1376190624e-30   3.8384718993e-14   4.5303464655e+06   9.6581671421e-02 
  7.9815679595e+20   1.2512270064e+19   9.8604428319e+61   6.1184504489e-30   3.8305417084e-14   4.4217574041e+06   9.6581671417e-02 
  8.0276333027e+20   4.6065343194e+18   3.7090672806e+61   6.1118616133e-30   3.8250271122e-14   4.3650379749e+06   9.6581671415e-02 
  8.0584966618e+20   3.0863359041e+18   2.5089773636e+61   6.1121762234e-30   3.8224588869e-14   4.3429457077e+06   9.6581671414e-02 
  8.0879703539e+20   2.9473692132e+18   2.4140147385e+61   6.1157789157e-30   3.8204139864e-14   4.3263683158e+06   9.6581671409e-02 
  8.1187636785e+20   3.0793324553e+18   2.5409609143e+61   6.1244471764e-30   3.8183314587e-14   4.3109928035e+06   9.6581671372e-02 
  8.2295264539e+20   1.1076277543e+19   9.3002585091e+61   6.1585040390e-30   3.8133846477e-14   4.2795478275e+06   9.6581671240e-02 
  8.3019103353e+20   7.2383881448e+18   6.2146362993e+61   6.2102747775e-30   3.8069263996e-14   4.2426944307e+06   9.6581670624e-02 
  8.3320627244e+20   3.0152389025e+18   2.6209821524e+61   6.2465412369e-30   3.8032200637e-14   4.2267012712e+06   9.6581668992e-02 
  8.3704717335e+20   3.8409009085e+18   3.3662664906e+61   6.2724063752e-30   3.8006400747e-14   4.2174985021e+06   9.6581651997e-02 
  8.4387798329e+20   6.8308099468e+18   6.0634698048e+61   6.3000789489e-30   3.7964797674e-14   4.2040320460e+06   9.6581599066e-02 
  8.5078444892e+20   6.9064656277e+18   6.2312408197e+61   6.3250598591e-30   3.7909260290e-14   4.1881304337e+06   9.6581129968e-02 
  8.6011288085e+20   9.3284319262e+18   8.5784874432e+61   6.3422569878e-30   3.7840561702e-14   4.1710276374e+06   9.6579812429e-02 
  8.7018102218e+20   1.0068141336e+19   9.4698659753e+61   6.3531514556e-30   3.7755314277e-14   4.1506452002e+06   9.6577144199e-02 
  8.8007311496e+20   9.8920927791e+18   9.5201743859e+61   6.3572145921e-30   3.7669075233e-14   4.1181099025e+06   9.6576515236e-02 
  8.9573121722e+20   1.5658102258e+19   1.5512810058e+62   6.3559189481e-30   3.7570173005e-14   4.0434092507e+06   9.6571136926e-02 
  9.0981191134e+20   1.4080694117e+19   1.4421102864e+62   6.3499251112e-30   3.7475119586e-14   3.9095018651e+06   9.6557707345e-02 
  9.2253957488e+20   1.2727663547e+19   1.3425272609e+62   6.3409369630e-30   3.7424190976e-14   3.7428280319e+06   9.6528814355e-02 
  9.3501871392e+20   1.2479139039e+19   1.3527761275e+62   6.3282720568e-30   3.7403563358e-14   3.5583134552e+06   9.6462102848e-02 
  9.5116848622e+20   1.6149772301e+19   1.8050800880e+62   6.3074544215e-30   3.7398526103e-14   3.3420070619e+06   9.6193686652e-02 
  9.6312163078e+20   1.1953144557e+19   1.3761101657e+62   6.2802715076e-30   3.7402867873e-14   3.1328611709e+06   9.5229928893e-02 
  9.7246282774e+20   9.3411969573e+18   1.0994615000e+62   6.2503542051e-30   3.7403945389e-14   2.9901500847e+06   9.1767749955e-02 
  9.7743193019e+20   4.9691024553e+18   5.9354152421e+61   6.2208251105e-30   3.7398304480e-14   2.9091823151e+06   8.7870189832e-02 
  9.8434698212e+20   6.9150519320e+18   8.3607885723e+61   6.1811765553e-30   3.7387386047e-14   2.8551818627e+06   8.1498442292e-02 
  9.8710989136e+20   2.7629092371e+18   3.3735825192e+61   6.1396645663e-30   3.7376573882e-14   2.8175385074e+06   7.6346566604e-02 
  9.9004457482e+20   2.9346834543e+18   3.6040653354e+61   6.1017873442e-30   3.7368142872e-14   2.7996003643e+06   7.3778479075e-02 
  9.9562579600e+20   5.5812211813e+18   6.9134457806e+61   6.0272575069e-30   3.7352954880e-14   2.7757382507e+06   7.3501263695e-02 
  9.9963020857e+20   4.0044125771e+18   5.0082560629e+61   5.9435100413e-30   3.7333488577e-14   2.7528014075e+06   7.3361083437e-02 
  1.0032189746e+21   3.5887660467e+18   4.5226395909e+61   5.8884801703e-30   3.7315582700e-14   2.7391851657e+06   7.3318314423e-02 
  1.0080488926e+21   4.8299179463e+18   6.1380481462e+61   5.8411733000e-30   3.7293173278e-14   2.7271373846e+06   7.3313921297e-02 
  1.0133276348e+21   5.2787422807e+18   6.7760367990e+61   5.7962202640e-30   3.7263967403e-14   2.7160880738e+06   7.3313076907e-02 
  1.0183215956e+21   4.9939607819e+18   6.4757985601e+61   5.7609323227e-30   3.7232154839e-14   2.7085973176e+06   7.3313014967e-02 
  1.0290788213e+21   1.0757225625e+19   1.4166407214e+62   5.7224244944e-30   3.7178323838e-14   2.7004047913e+06   7.3313012433e-02 
  1.0376598121e+21   8.5809908154e+18   1.1514919890e+62   5.6835484580e-30   3.7107491160e-14   2.6918757998e+06   7.3313011832e-02 
  1.0433633750e+21   5.7035628799e+18   7.7598090130e+61   5.6613421820e-30   3.7052972075e-14   2.6836756256e+06   7.3313011753e-02 
  1.0568597306e+21   1.3496355657e+19   1.8702653556e+62   5.6424938384e-30   3.6985096647e-14   2.6520124983e+06   7.3313011689e-02 
  1.0679489169e+21   1.1089186267e+19   1.5728711423e+62   5.6240779352e-30   3.6905174511e-14   2.5847683232e+06   7.3313011441e-02 
  1.0819877192e+21   1.4038802338e+19   2.0386253740e+62   5.6120194841e-30   3.6843982636e-14   2.4709153527e+06   7.3313010203e-02 
  1.0919083402e+21   9.9206210274e+18   1.4728865551e+62   5.6054492306e-30   3.6804298811e-14   2.3323649559e+06   7.3313004467e-02 
  1.1014087351e+21   9.5003948790e+18   1.4358103680e+62   5.6044185573e-30   3.6789019478e-14   2.1990796542e+06   7.3312948353e-02 
  1.1190438375e+21   1.7635102405e+19   2.7316181684e+62   5.6075635139e-30   3.6782458590e-14   2.0056396001e+06   7.3312823444e-02 
  1.1309143635e+21   1.1870525999e+19   1.8878729586e+62   5.6158363986e-30   3.6797376645e-14   1.7861046978e+06   7.3312595437e-02 
  1.1422931335e+21   1.1378769983e+19   1.8472555400e+62   5.6301429161e-30   3.6853637654e-14   1.5531590566e+06   7.3311922299e-02 
  1.1519878927e+21   9.6947592206e+18   1.6031815714e+62   5.6467577938e-30   3.6903035984e-14   1.3539734478e+06   7.3307635000e-02 
  1.1600153494e+21   8.0274567151e+18   1.3480514500e+62   5.6634898948e-30   3.6931933166e-14   1.2196961263e+06   7.3288290457e-02 
  1.1774583446e+21   1.7442995119e+19   2.9941424412e+62   5.6917987157e-30   3.6947486643e-14   1.0775730413e+06   7.3241856233e-02 
  1.1889173453e+21   1.1459000741e+19   2.0158926666e+62   5.7246610031e-30   3.6936727774e-14   9.4466963764e+05   7.3141192261e-02 
  1.1941639428e+21   5.2465974929e+18   9.3606506022e+61   5.7449522213e-30   3.6916782443e-14   9.2268648392e+05   7.3003463201e-02 
  1.2003011352e+21   6.1371924051e+18   1.1054461146e+62   5.7607255297e-30   3.6891963751e-14   9.1413518173e+05   7.2231631183e-02 
  1.2045494462e+21   4.2483110474e+18   7.7186762807e+61   5.7767377516e-30   3.6867518050e-14   9.0329055498e+05   7.1109082707e-02 
  1.2092738124e+21   4.7243661278e+18   8.6477855166e+61   5.7920434053e-30   3.6845371448e-14   8.9533567631e+05   6.9567018748e-02 
  1.2127794636e+21   3.5056512454e+18   6.4607995677e+61   5.8062703986e-30   3.6824914881e-14   8.9004268326e+05   6.8832873630e-02 
  1.2203176030e+21   7.5381393861e+18   1.4019557176e+62   5.8242032177e-30   3.6796348694e-14   8.8702731253e+05   6.8629659517e-02 
  1.2258353186e+21   5.5177155724e+18   1.0372349117e+62   5.8447446634e-30   3.6761234003e-14   8.8623053608e+05   6.8500771036e-02 
  1.2347501513e+21   8.9148327068e+18   1.6956721250e+62   5.8668717262e-30   3.6718171587e-14   8.9208631321e+05   6.8464270510e-02 
  1.2396136006e+21   4.8634492873e+18   9.3545287351e+61   5.8873679460e-30   3.6666817731e-14   9.1499589190e+05   6.8450773495e-02 
  1.2432965054e+21   3.6829048215e+18   7.1328432295e+61   5.9003307159e-30   3.6629315070e-14   9.3872489270e+05   6.8446162373e-02 
  1.2473336232e+21   4.0371178458e+18   7.8675616492e+61   5.9137667181e-30   3.6599554636e-14   9.5485017400e+05   6.8445177820e-02 
  1.2501565875e+21   2.8229642856e+18   5.5317561920e+61   5.9276026626e-30   3.6575029537e-14   9.6564679728e+05   6.8445108566e-02 
  1.2565810991e+21   6.4245115478e+18   1.2682612351e+62   5.9509123795e-30   3.6546701553e-14   9.7391582362e+05   6.8445107763e-02 
  1.2614128693e+21   4.8317702092e+18   9.6242312237e+61   5.9835785341e-30   3.6514960634e-14   9.7794714375e+05   6.8445175805e-02 
  1.2658717998e+21   4.4589305060e+18   8.9472454772e+61   6.0178334676e-30   3.6495465079e-14   9.7041202340e+05   6.8445886773e-02 
  1.2702609702e+21   4.3891703719e+18   8.8690421040e+61   6.0609429708e-30   3.6483850042e-14   9.5350340287e+05   6.8448271579e-02 
  1.2878198169e+21   1.7558846733e+19   3.6097838121e+62   6.2046721801e-30   3.6472425557e-14   8.8197483405e+05   6.8455487503e-02 
  1.3014621251e+21   1.3642308252e+19   2.8734287626e+62   6.4551706387e-30   3.6470040381e-14   7.6328446330e+05   6.8474990311e-02 
  1.3106898066e+21   9.2276814223e+18   1.9780676413e+62   6.7326005890e-30   3.6501691122e-14   6.2473911935e+05   6.8512907856e-02 
  1.3260172144e+21   1.5327407799e+19   3.3477053636e+62   7.2528480588e-30   3.6534994121e-14   4.7480361133e+05   6.8626321006e-02 
  1.3344940351e+21   8.4768207354e+18   1.8850138280e+62   8.0425123903e-30   3.6563263557e-14   3.3308778416e+05   6.8908352375e-02 
  1.3405081120e+21   6.0140768605e+18   1.3519724706e+62   8.9819479682e-30   3.6576428132e-14   2.4605746849e+05   6.9882321535e-02 
  1.3463652324e+21   5.8571204854e+18   1.3284007381e+62   1.0532801033e-29   3.6585129601e-14   1.7555830971e+05   7.3956375662e-02 
  1.3490913351e+21   2.7261026959e+18   6.2223854421e+61   1.2563243956e-29   3.6594049284e-14   1.2823536419e+05   7.9263289757e-02 
  1.3500066200e+21   9.1528485266e+17   2.0948043006e+61   1.4522009453e-29   3.6597187848e-14   1.0922216985e+05   8.3516527713e-02 
  1.3542638712e+21   4.2572511682e+18   9.7809212707e+61   2.2912623876e-29   3.6603613777e-14   7.7405149240e+04   9.0387256370e-02 
  1.3557844123e+21   1.5205411509e+18   3.5083438645e+61   3.7015031157e-29   3.6624341108e-14   3.9859750990e+04   9.3465122290e-02 
  1.3569314376e+21   1.1470253324e+18   2.6517435302e+61   5.4120772388e-29   3.6629922204e-14   2.2062639472e+04   8.9319633197e-02 
  1.3601290248e+21   3.1975871742e+18   7.4160230695e+61   1.2785945374e-28   3.6645452147e-14  -1.3259937465e+04   5.9640949500e-02 
  1.3637392394e+21   3.6102145817e+18   8.4150236815e+61   4.5266344783e-28   3.7015877518e-14  -4.3687746054e+04   2.7864546955e-02 
  1.3657088928e+21   1.9696533756e+18   4.6098781315e+61   2.5273797293e-27   3.7115482739e-14  -1.9756704718e+04   2.1603941538e-02 
  1.3674818802e+21   1.7729874122e+18   4.1609785563e+61   3.4565308859e-26   3.6035808663e-14  -5.3505697382e+03   2.0628972971e-02 
  1.3677740357e+21   2.9215547452e+17   6.8668859606e+60   5.7509079751e-26   3.6104621437e-14  -8.5804830164e+03   2.0072096177e-02 
  1.3771711666e+21   9.3971309277e+18   2.2244067542e+62   8.4688373250e-26   3.7246914967e-14   9.7139253431e+03   2.0050022851e-02 
  1.3830015351e+21   5.8303684794e+18   1.3954652765e+62   1.2244956769e-24   3.8088648972e-14   2.2165545817e+04   2.0035579943e-02 
  1.3891787644e+21   6.1772293753e+18   1.4913763962e+62   1.2878694640e-24   3.9012859007e-14   2.4294943975e+04   2.0032413874e-02 
  1.4041879844e+21   1.5009219970e+19   3.6793245056e+62   1.3905457807e-24   4.0468522812e-14   3.4051741149e+04   2.0028935984e-02 
  1.4139271389e+21   9.7391545149e+18   2.4299107308e+62   1.6778776154e-24   4.4557862455e-14   5.0503855878e+04   2.0022744744e-02 
  1.4235344599e+21   9.6073209910e+18   2.4300422180e+62   1.6793086080e-24   4.4592251002e-14   5.0774456575e+04   2.0022741965e-02 
  1.4364790155e+21   1.2944555536e+19   3.3264127762e+62   1.9979163529e-24   4.8945446990e-14   6.7579124017e+04   2.0014697255e-02 
  1.4443309190e+21   7.8519035022e+18   2.0471756808e+62   2.2361834214e-24   5.1989990698e-14   7.8178534501e+04   2.0005013977e-02 
  1.4504152667e+21   6.0843477365e+18   1.6017160228e+62   2.3962930029e-24   5.4080954996e-14   8.4310801223e+04   2.0001190826e-02 
  1.4565012257e+21   6.0859590066e+18   1.6156401668e+62   2.5393771186e-24   5.5899763788e-14   8.9258416144e+04   2.0000451723e-02 
  1.4628363443e+21   6.3351185860e+18   1.6961878032e+62   2.6821958615e-24   5.7742933529e-14   9.3922981996e+04   2.0000174513e-02 
  1.4691232314e+21   6.2868871565e+18   1.6978611066e+62   2.8333774426e-24   5.9702701835e-14   9.8518668862e+04   2.0000059499e-02 
  1.4751504095e+21   6.0271780911e+18   1.6414242501e+62   2.9891090485e-24   6.1683990959e-14   1.0297081766e+05   2.0000019097e-02 
  1.4808001989e+21   5.6497893619e+18   1.5508757463e+62   3.1449805764e-24   6.3631126818e-14   1.0713710263e+05   2.0000005962e-02 
  1.4860501473e+21   5.2499484241e+18   1.4517660741e+62   3.2979925183e-24   6.5510523782e-14   1.1100692009e+05   2.0000001751e-02 
  1.4910391433e+21   4.9889960053e+18   1.3891436447e+62   3.4476731191e-24   6.7320980506e-14   1.1463377671e+05   2.0000000500e-02 
  1.4957395282e+21   4.7003848497e+18   1.3173152872e+62   3.5913484159e-24   6.9046101484e-14   1.1801156445e+05   2.0000000134e-02 
  1.5002255706e+21   4.4860424310e+18   1.2649899462e+62   3.7353321218e-24   7.0835274750e-14   1.2116127055e+05   2.0000000035e-02 
  1.5043646846e+21   4.1391140330e+18   1.1738917423e+62   3.8759505103e-24   7.2562289953e-14   1.2436638089e+05   2.0000000008e-02 
  1.5081328218e+21   3.7681371181e+18   1.0743114124e+62   4.0211140242e-24   7.4326296228e-14   1.2738858537e+05   2.0000000002e-02 
  1.5117180091e+21   3.5851873831e+18   1.0271477476e+62   4.1655180137e-24   7.6060862236e-14   1.3041754520e+05   2.0000000000e-02 
  1.5151603546e+21   3.4423454158e+18   9.9081927048e+61   4.3173203191e-24   7.7865062468e-14   1.3343079596e+05   2.0000000000e-02 
  1.5183311782e+21   3.1708236794e+18   9.1665876987e+61   4.4705470045e-24   7.9666942083e-14   1.3640070792e+05   2.0000000000e-02 
  1.5213349981e+21   3.0038198632e+18   8.7191807497e+61   4.6245576031e-24   8.1458914147e-14   1.3926743119e+05   2.0000000000e-02 
  1.5242127644e+21   2.8777662941e+18   8.3856426877e+61   4.7813826768e-24   8.3265179379e-14   1.4205509509e+05   2.0000000000e-02 
  1.5269502174e+21   2.7374529753e+18   8.0062190831e+61   4.9317526246e-24   8.4981398488e-14   1.4464095110e+05   2.0000000000e-02 
  1.5299251137e+21   2.9748963648e+18   8.7332784074e+61   5.0793636860e-24   8.6648601749e-14   1.4702312340e+05   2.0000000000e-02 
  1.5330243844e+21   3.0992706967e+18   9.1345930358e+61   5.2335122034e-24   8.8420973268e-14   1.4943426147e+05   2.0000000000e-02 
  1.5359438660e+21   2.9194815257e+18   8.6385435325e+61   5.3914510213e-24   9.0245181459e-14   1.5179763101e+05   2.0000000000e-02 
  1.5387776921e+21   2.8338261212e+18   8.4165630383e+61   5.5475823720e-24   9.2033986420e-14   1.5404771371e+05   2.0000000000e-02 
  1.5415921558e+21   2.8144637454e+18   8.3897955857e+61   5.7041936730e-24   9.3814685250e-14   1.5621725427e+05   2.0000000000e-02 
  1.5443844352e+21   2.7922793765e+18   8.3539931458e+61   5.8618927549e-24   9.5593888875e-14   1.5831441786e+05   2.0000000000e-02 
  1.5471010772e+21   2.7166419660e+18   8.1567437900e+61   6.0185366453e-24   9.7347928486e-14   1.6031288748e+05   2.0000000000e-02 
  1.5495848899e+21   2.4838127281e+18   7.4827829192e+61   6.1680353078e-24   9.9010005846e-14   1.6214429118e+05   2.0000000000e-02 
  1.5519716029e+21   2.3867130277e+18   7.2128940689e+61   6.3098946380e-24   1.0057665415e-13   1.6381815877e+05   2.0000000000e-02 
  1.5542633240e+21   2.2917211187e+18   6.9467283416e+61   6.4485688011e-24   1.0209850288e-13   1.6540239036e+05   2.0000000000e-02 
  1.5563097154e+21   2.0463913140e+18   6.2204159465e+61   6.5801818894e-24   1.0353432567e-13   1.6686281998e+05   2.0000000000e-02 
  1.5582717385e+21   1.9620231733e+18   5.9793427521e+61   6.7051235542e-24   1.0489039669e-13   1.6821645391e+05   2.0000000000e-02 
  1.5602081031e+21   1.9363645348e+18   5.9159286895e+61   6.8308286923e-24   1.0624833376e-13   1.6955258494e+05   2.0000000000e-02 
  1.5621187631e+21   1.9106599999e+18   5.8518080290e+61   6.9621123914e-24   1.0765763072e-13   1.7091468228e+05   2.0000000000e-02 
  1.5639562354e+21   1.8374723445e+18   5.6411743193e+61   7.0988720889e-24   1.0907616505e-13   1.7229210128e+05   2.0000000000e-02 
  1.5655465412e+21   1.5903057699e+18   4.8930677279e+61   7.2253220319e-24   1.1038158221e-13   1.7353493875e+05   2.0000000000e-02 
  1.5670649947e+21   1.5184535659e+18   4.6812788152e+61   7.3366725158e-24   1.1152810256e-13   1.7457807116e+05   2.0000000000e-02 
  1.5685686232e+21   1.5036284414e+18   4.6445224005e+61   7.4398680907e-24   1.1258613823e-13   1.7549625354e+05   2.0000000000e-02 
  1.5700673003e+21   1.4986771457e+18   4.6380974859e+61   7.5357135975e-24   1.1356554299e-13   1.7630672065e+05   2.0000000000e-02 
  1.5715629128e+21   1.4956124386e+18   4.6374485428e+61   7.6265033108e-24   1.1449273444e-13   1.7704392860e+05   2.0000000000e-02 
  1.5730561479e+21   1.4932351178e+18   4.6388911861e+61   7.7158051172e-24   1.1543664974e-13   1.7775553431e+05   2.0000000000e-02 
  1.5745467241e+21   1.4905761699e+18   4.6394227179e+61   7.8066234669e-24   1.1639332139e-13   1.7847545792e+05   2.0000000000e-02 
  1.5760343126e+21   1.4875885421e+18   4.6388896210e+61   7.8992673381e-24   1.1736593569e-13   1.7920530812e+05   2.0000000000e-02 
  1.5775129936e+21   1.4786809775e+18   4.6197991101e+61   7.9939852449e-24   1.1835693188e-13   1.7994161481e+05   2.0000000000e-02 
  1.5789388471e+21   1.4258535068e+18   4.4629615507e+61   8.0883106380e-24   1.1934050118e-13   1.8067667242e+05   2.0000000000e-02 
  1.5801143794e+21   1.1755323129e+18   3.6855164236e+61   8.1745283931e-24   1.2023670130e-13   1.8133998587e+05   2.0000000000e-02 
  1.5812280273e+21   1.1136478705e+18   3.4965589591e+61   8.2515829960e-24   1.2103533688e-13   1.8192912976e+05   2.0000000000e-02 
  1.5823337044e+21   1.1056771036e+18   3.4764087430e+61   8.3274712522e-24   1.2181970694e-13   1.8250356115e+05   2.0000000000e-02 
  1.5834326579e+21   1.0989535370e+18   3.4600863858e+61   8.4037497289e-24   1.2260607321e-13   1.8307826617e+05   2.0000000000e-02 
  1.5844857249e+21   1.0530669786e+18   3.3201205398e+61   8.4794141139e-24   1.2338408020e-13   1.8364039245e+05   2.0000000000e-02 
  1.5853285175e+21   8.4279264915e+17   2.6603467529e+61   8.5465393242e-24   1.2407263754e-13   1.8413994972e+05   2.0000000000e-02 
  1.5863201394e+21   9.9162187663e+17   3.1337628651e+61   8.6125774226e-24   1.2474853967e-13   1.8462354684e+05   2.0000000000e-02 
  1.5871520129e+21   8.3187349745e+17   2.6319434536e+61   8.6786818715e-24   1.2542363324e-13   1.8510823325e+05   2.0000000000e-02 
  1.5881428857e+21   9.9087282529e+17   3.1385997524e+61   8.7458458986e-24   1.2610804027e-13   1.8559369307e+05   2.0000000000e-02 
  1.5889704787e+21   8.2759294753e+17   2.6244124325e+61   8.8133718074e-24   1.2679461579e-13   1.8608255553e+05   2.0000000000e-02 
  1.5899542794e+21   9.8380068051e+17   3.1233273388e+61   8.8817855421e-24   1.2748868660e-13   1.8657149422e+05   2.0000000000e-02 
  1.5907766780e+21   8.2239860756e+17   2.6138828559e+61   8.9506519565e-24   1.2818580325e-13   1.8706388057e+05   2.0000000000e-02 
  1.5917569796e+21   9.8030158352e+17   3.1192889104e+61   9.0206400118e-24   1.2889269472e-13   1.8755840620e+05   2.0000000000e-02 
  1.5925281748e+21   7.7119520878e+17   2.4566207065e+61   9.0892782974e-24   1.2958443930e-13   1.8804449945e+05   2.0000000000e-02 
  1.5932418197e+21   7.1364496562e+17   2.2754165963e+61   9.1485257265e-24   1.3018033218e-13   1.8845834980e+05   2.0000000000e-02 
  1.5939642257e+21   7.2240593560e+17   2.3054274869e+61   9.2062851138e-24   1.3076020290e-13   1.8886429534e+05   2.0000000000e-02 
  1.5946733756e+21   7.0914995791e+17   2.2651568895e+61   9.2649285096e-24   1.3134787940e-13   1.8927035513e+05   2.0000000000e-02 
  1.5953464910e+21   6.7311534334e+17   2.1519201135e+61   9.3219376710e-24   1.3191816428e-13   1.8966822505e+05   2.0000000000e-02 
  1.5957541385e+21   4.0764749109e+17   1.3041142728e+61   9.3672113989e-24   1.3237034669e-13   1.8997937951e+05   2.0000000000e-02 
  1.5961105978e+21   3.5645936307e+17   1.1409033587e+61   9.3993274436e-24   1.3269073311e-13   1.9020214837e+05   2.0000000000e-02 
  1.5964600894e+21   3.4949161377e+17   1.1190968600e+61   9.4293951518e-24   1.3299040528e-13   1.9040799631e+05   2.0000000000e-02 
  1.5968134902e+21   3.5340079283e+17   1.1321126665e+61   9.4593872075e-24   1.3328904716e-13   1.9061512159e+05   2.0000000000e-02 
  1.5971683706e+21   3.5488037814e+17   1.1373568627e+61   9.4899698929e-24   1.3359330083e-13   1.9082381771e+05   2.0000000000e-02 
  1.5975232743e+21   3.5490369578e+17   1.1379371822e+61   9.5206860677e-24   1.3389859172e-13   1.9103498467e+05   2.0000000000e-02 
  1.5978775565e+21   3.5428215015e+17   1.1364486937e+61   9.5517212038e-24   1.3420677452e-13   1.9124609780e+05   2.0000000000e-02 
  1.5982313924e+21   3.5383596103e+17   1.1355205381e+61   9.5828017760e-24   1.3451511720e-13   1.9145879109e+05   2.0000000000e-02 
  1.5985848101e+21   3.5341766201e+17   1.1346801551e+61   9.6141716133e-24   1.3482604658e-13   1.9167151439e+05   2.0000000000e-02 
  1.5989378844e+21   3.5307431309e+17   1.1340788952e+61   9.6456267002e-24   1.3513752518e-13   1.9188575926e+05   2.0000000000e-02 
  1.5992906186e+21   3.5273426191e+17   1.1334868840e+61   9.6773591856e-24   1.3545146408e-13   1.9210025454e+05   2.0000000000e-02 
  1.5996429964e+21   3.5237775819e+17   1.1328406328e+61   9.7092089521e-24   1.3576626196e-13   1.9231612410e+05   2.0000000000e-02 
  1.5999950024e+21   3.5200604139e+17   1.1321440366e+61   9.7413098011e-24   1.3608325139e-13   1.9253242118e+05   2.0000000000e-02 
  1.6003466340e+21   3.5163153129e+17   1.1314369818e+61   9.7735585700e-24   1.3640139463e-13   1.9274988614e+05   2.0000000000e-02 
  1.6006978924e+21   3.5125837521e+17   1.1307328070e+61   9.8060302871e-24   1.3672144262e-13   1.9296799115e+05   2.0000000000e-02 
  1.6010487771e+21   3.5088474630e+17   1.1300256363e+61   9.8386849508e-24   1.3704298177e-13   1.9318708054e+05   2.0000000000e-02 
  1.6013992833e+21   3.5050619149e+17   1.1293011175e+61   9.8715394112e-24   1.3736618702e-13   1.9340704758e+05   2.0000000000e-02 
  1.6017494093e+21   3.5012602069e+17   1.1285698950e+61   9.9046161976e-24   1.3769123156e-13   1.9362786678e+05   2.0000000000e-02 
  1.6020991531e+21   3.4974377381e+17   1.1278304768e+61   9.9378705353e-24   1.3801762498e-13   1.9384973423e+05   2.0000000000e-02 
  1.6024485049e+21   3.4935179403e+17   1.1270581448e+61   9.9713583260e-24   1.3834599875e-13   1.9407215075e+05   2.0000000000e-02 
  1.6027974687e+21   3.4896384907e+17   1.1262972910e+61   1.0004991756e-23   1.3867549312e-13   1.9429559587e+05   2.0000000000e-02 
  1.6031460353e+21   3.4856654977e+17   1.1255046969e+61   1.0038865180e-23   1.3900702304e-13   1.9451942775e+05   2.0000000000e-02 
  1.6034942057e+21   3.4817038014e+17   1.1247141855e+61   1.0072872317e-23   1.3933954689e-13   1.9474428775e+05   2.0000000000e-02 
  1.6038419783e+21   3.4777266946e+17   1.1239171314e+61   1.0107120922e-23   1.3967411362e-13   1.9496946532e+05   2.0000000000e-02 
  1.6041893506e+21   3.4737229684e+17   1.1231099022e+61   1.0141502663e-23   1.4000965974e-13   1.9519563845e+05   2.0000000000e-02 
  1.6045363201e+21   3.4696950256e+17   1.1222932617e+61   1.0176120338e-23   1.4034718745e-13   1.9542212867e+05   2.0000000000e-02 
  1.6048828848e+21   3.4656464768e+17   1.1214683661e+61   1.0210875821e-23   1.4068573413e-13   1.9564953722e+05   2.0000000000e-02 
  1.6052290411e+21   3.4615636526e+17   1.1206307790e+61   1.0245862658e-23   1.4102620827e-13   1.9587725069e+05   2.0000000000e-02 
  1.6055747877e+21   3.4574660267e+17   1.1197867908e+61   1.0280984669e-23   1.4136767131e-13   1.9610583123e+05   2.0000000000e-02 
  1.6059201236e+21   3.4533584629e+17   1.1189379709e+61   1.0316339539e-23   1.4171106697e-13   1.9633464501e+05   2.0000000000e-02 
  1.6062650434e+21   3.4491977021e+17   1.1180702894e+61   1.0351819638e-23   1.4205534933e-13   1.9656430939e+05   2.0000000000e-02 
  1.6066095466e+21   3.4450319304e+17   1.1171993478e+61   1.0387535326e-23   1.4240158235e-13   1.9679411367e+05   2.0000000000e-02 
  1.6069536321e+21   3.4408552657e+17   1.1163232359e+61   1.0423364349e-23   1.4274858116e-13   1.9702476063e+05   2.0000000000e-02 
  1.6072972965e+21   3.4366443882e+17   1.1154343785e+61   1.0459433654e-23   1.4309756778e-13   1.9725544669e+05   2.0000000000e-02 
  1.6076405435e+21   3.4324693595e+17   1.1145555125e+61   1.0495604211e-23   1.4344719748e-13   1.9748697922e+05   2.0000000000e-02 
  1.6079833656e+21   3.4282217693e+17   1.1136514348e+61   1.0532019623e-23   1.4379885289e-13   1.9771845009e+05   2.0000000000e-02 
  1.6083257646e+21   3.4239893491e+17   1.1127506241e+61   1.0568532441e-23   1.4415110525e-13   1.9795073831e+05   2.0000000000e-02 
  1.6086677372e+21   3.4197258882e+17   1.1118380630e+61   1.0605280115e-23   1.4450528357e-13   1.9818295666e+05   2.0000000000e-02 
  1.6090092841e+21   3.4154692128e+17   1.1109260416e+61   1.0642143396e-23   1.4486022331e-13   1.9841585366e+05   2.0000000000e-02 
  1.6093504020e+21   3.4111797107e+17   1.1100016728e+61   1.0679210693e-23   1.4521678774e-13   1.9864883686e+05   2.0000000000e-02 
  1.6096910940e+21   3.4069190330e+17   1.1090850138e+61   1.0716430329e-23   1.4557445898e-13   1.9888227680e+05   2.0000000000e-02 
  1.6100313548e+21   3.4026086304e+17   1.1081504950e+61   1.0753821276e-23   1.4593343105e-13   1.9911604671e+05   2.0000000000e-02 
  1.6103711831e+21   3.3982825734e+17   1.1072091934e+61   1.0791402115e-23   1.4629386551e-13   1.9935012769e+05   2.0000000000e-02 
  1.6107105776e+21   3.3939454553e+17   1.1062625995e+61   1.0829147412e-23   1.4665551544e-13   1.9958476669e+05   2.0000000000e-02 
  1.6110495244e+21   3.3894675784e+17   1.1052684068e+61   1.0867105088e-23   1.4701867508e-13   1.9981968560e+05   2.0000000000e-02 
  1.6113880228e+21   3.3849839417e+17   1.1042705892e+61   1.0905211373e-23   1.4738291001e-13   2.0005504691e+05   2.0000000000e-02 
  1.6117260721e+21   3.3804930039e+17   1.1032686420e+61   1.0943507853e-23   1.4774861315e-13   2.0029054431e+05   2.0000000000e-02 
  1.6120636754e+21   3.3760330235e+17   1.1022750568e+61   1.0981954356e-23   1.4811539341e-13   2.0052641131e+05   2.0000000000e-02 
  1.6124008300e+21   3.3715460675e+17   1.1012709254e+61   1.1020585897e-23   1.4848358379e-13   2.0076246427e+05   2.0000000000e-02 
  1.6127375329e+21   3.3670291882e+17   1.1002552712e+61   1.1059381714e-23   1.4885297861e-13   2.0099890031e+05   2.0000000000e-02 
  1.6130738008e+21   3.3626794647e+17   1.0992925201e+61   1.1098372168e-23   1.4922386385e-13   2.0123568230e+05   2.0000000000e-02 
  1.6134096589e+21   3.3585806975e+17   1.0984101770e+61   1.1137563560e-23   1.4959628886e-13   2.0147305142e+05   2.0000000000e-02 
  1.6137451063e+21   3.3544737041e+17   1.0975235628e+61   1.1176998883e-23   1.4997065148e-13   2.0171120816e+05   2.0000000000e-02 
  1.6140801211e+21   3.3501477330e+17   1.0965636770e+61   1.1216729039e-23   1.5034741220e-13   2.0195063659e+05   2.0000000000e-02 
  1.6144146757e+21   3.3455462114e+17   1.0955118735e+61   1.1256855936e-23   1.5072750307e-13   2.0219213917e+05   2.0000000000e-02 
  1.6147487385e+21   3.3406284203e+17   1.0943546624e+61   1.1297556956e-23   1.5111255605e-13   2.0243718050e+05   2.0000000000e-02 
  1.6150822848e+21   3.3354626288e+17   1.0931142523e+61   1.1339182160e-23   1.5150559764e-13   2.0268773902e+05   2.0000000000e-02 
  1.6154153187e+21   3.3303394234e+17   1.0918858026e+61   1.1381270697e-23   1.5190358680e-13   2.0294098826e+05   2.0000000000e-02 
  1.6157479021e+21   3.3258335639e+17   1.0908578962e+61   1.1420847522e-23   1.5227847772e-13   2.0317353670e+05   2.0000000000e-02 
  1.6160801359e+21   3.3223384656e+17   1.0901599863e+61   1.1457036435e-23   1.5262114807e-13   2.0337708405e+05   2.0000000000e-02 
  1.6164121043e+21   3.3196838598e+17   1.0897367149e+61   1.1490444881e-23   1.5293672881e-13   2.0355554836e+05   2.0000000000e-02 
  1.6167438481e+21   3.3174378306e+17   1.0894466656e+61   1.1522375235e-23   1.5324261120e-13   2.0372387237e+05   2.0000000000e-02 
  1.6170753779e+21   3.3152980943e+17   1.0891907280e+61   1.1554173676e-23   1.5355126409e-13   2.0389042232e+05   2.0000000000e-02 
  1.6174066900e+21   3.3131207678e+17   1.0889216598e+61   1.1586138512e-23   1.5386130735e-13   2.0405778352e+05   2.0000000000e-02 
  1.6177377792e+21   3.3108922688e+17   1.0886349743e+61   1.1618282155e-23   1.5417286903e-13   2.0422604661e+05   2.0000000000e-02 
  1.6180686430e+21   3.3086373945e+17   1.0883388025e+61   1.1650648132e-23   1.5448636245e-13   2.0439526575e+05   2.0000000000e-02 
  1.6183992748e+21   3.3063186184e+17   1.0880207789e+61   1.1683231995e-23   1.5480174287e-13   2.0456579314e+05   2.0000000000e-02 
  1.6187296679e+21   3.3039310015e+17   1.0876792433e+61   1.1716096534e-23   1.5511961038e-13   2.0473765830e+05   2.0000000000e-02 
  1.6190598181e+21   3.3015022850e+17   1.0873232970e+61   1.1749228676e-23   1.5543983619e-13   2.0491131469e+05   2.0000000000e-02 
  1.6193897162e+21   3.2989808766e+17   1.0869359164e+61   1.1782702824e-23   1.5576313395e-13   2.0508671841e+05   2.0000000000e-02 
  1.6197193560e+21   3.2963982014e+17   1.0865274122e+61   1.1816490589e-23   1.5608922804e-13   2.0526431642e+05   2.0000000000e-02 
  1.6200487307e+21   3.2937462339e+17   1.0860951050e+61   1.1850662176e-23   1.5641879275e-13   2.0544391797e+05   2.0000000000e-02 
  1.6203778309e+21   3.2910022544e+17   1.0856314618e+61   1.1885165882e-23   1.5675132850e-13   2.0562586150e+05   2.0000000000e-02 
  1.6207066499e+21   3.2881898501e+17   1.0851442194e+61   1.1920056723e-23   1.5708736302e-13   2.0580976391e+05   2.0000000000e-02 
  1.6210351816e+21   3.2853171108e+17   1.0846360130e+61   1.1955257699e-23   1.5742615323e-13   2.0599582203e+05   2.0000000000e-02 
  1.6213634174e+21   3.2823579624e+17   1.0840981973e+61   1.1990808866e-23   1.5776808170e-13   2.0618348361e+05   2.0000000000e-02 
  1.6216913542e+21   3.2793680501e+17   1.0835491163e+61   1.2026617291e-23   1.5811225088e-13   2.0637284366e+05   2.0000000000e-02 
  1.6220189862e+21   3.2763204015e+17   1.0829798368e+61   1.2062715751e-23   1.5845897195e-13   2.0656328623e+05   2.0000000000e-02 
  1.6223463091e+21   3.2732286655e+17   1.0823948428e+61   1.2099013972e-23   1.5880737087e-13   2.0675488600e+05   2.0000000000e-02 
  1.6226733210e+21   3.2701190708e+17   1.0818027901e+61   1.2135544482e-23   1.5915775561e-13   2.0694711052e+05   2.0000000000e-02 
  1.6230000186e+21   3.2669762796e+17   1.0811985927e+61   1.2172238457e-23   1.5950945661e-13   2.0714008086e+05   2.0000000000e-02 
  1.6233263988e+21   3.2638015027e+17   1.0805826347e+61   1.2209129797e-23   1.5986279505e-13   2.0733346070e+05   2.0000000000e-02 
  1.6236524614e+21   3.2606258085e+17   1.0799651920e+61   1.2246179220e-23   1.6021738534e-13   2.0752742809e+05   2.0000000000e-02 
  1.6239782021e+21   3.2574076502e+17   1.0793324958e+61   1.2283418497e-23   1.6057349688e-13   2.0772182964e+05   2.0000000000e-02 
  1.6243036195e+21   3.2541732957e+17   1.0786932332e+61   1.2320825025e-23   1.6093094130e-13   2.0791680825e+05   2.0000000000e-02 
  1.6246287121e+21   3.2509264274e+17   1.0780486179e+61   1.2358422506e-23   1.6128994487e-13   2.0811229004e+05   2.0000000000e-02 
  1.6249534760e+21   3.2476389327e+17   1.0773893156e+61   1.2396196799e-23   1.6165037880e-13   2.0830838477e+05   2.0000000000e-02 
  1.6252779098e+21   3.2443380174e+17   1.0767243367e+61   1.2434167193e-23   1.6201242191e-13   2.0850501109e+05   2.0000000000e-02 
  1.6256020119e+21   3.2410208885e+17   1.0760527472e+61   1.2472314696e-23   1.6237588614e-13   2.0870223354e+05   2.0000000000e-02 
  1.6259257785e+21   3.2376658495e+17   1.0753673316e+61   1.2510653174e-23   1.6274090141e-13   2.0889989847e+05   2.0000000000e-02 
  1.6262492095e+21   3.2343101613e+17   1.0746804540e+61   1.2549152151e-23   1.6310717659e-13   2.0909804323e+05   2.0000000000e-02 
  1.6265723027e+21   3.2309320051e+17   1.0739848607e+61   1.2587825956e-23   1.6347484480e-13   2.0929646554e+05   2.0000000000e-02 
  1.6268950560e+21   3.2275332456e+17   1.0732811611e+61   1.2626638840e-23   1.6384356391e-13   2.0949522164e+05   2.0000000000e-02 
  1.6272174698e+21   3.2241383234e+17   1.0725774773e+61   1.2665609211e-23   1.6421350583e-13   2.0969411228e+05   2.0000000000e-02 
  1.6275395424e+21   3.2207258956e+17   1.0718667079e+61   1.2704705328e-23   1.6458436624e-13   2.0989322357e+05   2.0000000000e-02 
  1.6278612726e+21   3.2173011792e+17   1.0711505817e+61   1.2743949850e-23   1.6495635782e-13   2.1009239029e+05   2.0000000000e-02 
  1.6281826612e+21   3.2138862416e+17   1.0704364447e+61   1.2783318111e-23   1.6532924350e-13   2.1029171833e+05   2.0000000000e-02 
  1.6285037058e+21   3.2104458901e+17   1.0697125744e+61   1.2822832070e-23   1.6570323008e-13   2.1049108728e+05   2.0000000000e-02 
  1.6288244063e+21   3.2070052551e+17   1.0689873367e+61   1.2862473333e-23   1.6607814029e-13   2.1069059308e+05   2.0000000000e-02 
  1.6291447628e+21   3.2035652858e+17   1.0682610489e+61   1.2902257472e-23   1.6645412088e-13   2.1089015612e+05   2.0000000000e-02 
  1.6294647731e+21   3.2001027562e+17   1.0675259629e+61   1.2942170263e-23   1.6683103572e-13   2.1108983727e+05   2.0000000000e-02 
  1.6297844375e+21   3.1966436229e+17   1.0667907316e+61   1.2982224471e-23   1.6720900123e-13   2.1128956125e+05   2.0000000000e-02 
  1.6301037559e+21   3.1931843767e+17   1.0660541861e+61   1.3022395283e-23   1.6758778018e-13   2.1148950355e+05   2.0000000000e-02 
  1.6304227260e+21   3.1897005762e+17   1.0653081626e+61   1.3062721762e-23   1.6796777647e-13   2.1168934742e+05   2.0000000000e-02 
  1.6307413474e+21   3.1862141922e+17   1.0645599914e+61   1.3103241602e-23   1.6834926833e-13   2.1188875493e+05   2.0000000000e-02 
  1.6310596207e+21   3.1827337194e+17   1.0638125120e+61   1.3143774593e-23   1.6873050596e-13   2.1208945184e+05   2.0000000000e-02 
  1.6313775456e+21   3.1792486148e+17   1.0630622023e+61   1.3184357398e-23   1.6911221042e-13   2.1229058288e+05   2.0000000000e-02 
  1.6316951168e+21   3.1757117495e+17   1.0622932931e+61   1.3225445878e-23   1.6949827669e-13   2.1248868269e+05   2.0000000000e-02 
  1.6320123312e+21   3.1721445046e+17   1.0615129146e+61   1.3266783850e-23   1.6988612609e-13   2.1268699847e+05   2.0000000000e-02 
  1.6323291990e+21   3.1686774579e+17   1.0607647734e+61   1.3307404051e-23   1.7026660599e-13   2.1289199372e+05   2.0000000000e-02 
  1.6326457194e+21   3.1652045998e+17   1.0600134137e+61   1.3348205027e-23   1.7065005873e-13   2.1309720248e+05   2.0000000000e-02 
  1.6329618610e+21   3.1614158953e+17   1.0591549436e+61   1.3390960467e-23   1.7105084444e-13   2.1328720317e+05   2.0000000000e-02 
  1.6332776185e+21   3.1575747463e+17   1.0582774978e+61   1.3434430980e-23   1.7145660079e-13   2.1347995640e+05   2.0000000000e-02 
  1.6335930389e+21   3.1542042093e+17   1.0575564572e+61   1.3473890667e-23   1.7182289130e-13   2.1370573468e+05   2.0000000000e-02 
  1.6339081330e+21   3.1509403275e+17   1.0568699667e+61   1.3513274574e-23   1.7219601009e-13   2.1393135469e+05   2.0000000000e-02 
  1.6342225952e+21   3.1446220374e+17   1.0551572040e+61   1.3560944439e-23   1.7264490266e-13   2.1408308805e+05   2.0000000000e-02 
  1.6345362973e+21   3.1370218650e+17   1.0530116963e+61   1.3627336635e-23   1.7325264485e-13   2.1430578150e+05   2.0000000000e-02 
  1.6348531119e+21   3.1681453198e+17   1.0638692861e+61   1.3630815128e-23   1.7328209271e-13   2.1446757738e+05   2.0000000000e-02 
  1.6352218828e+21   3.6877091901e+17   1.2388592435e+61   1.3059269963e-23   1.6822009357e-13   2.1329170132e+05   2.0000000000e-02 
  1.6359146726e+21   6.9278984521e+17   2.3288887404e+61   9.5065977107e-24   1.3548964769e-13   1.7713329404e+05   2.0000000000e-02 
  1.6372344109e+21   1.3197383035e+18   4.4419052604e+61   3.5769041847e-24   7.1050589492e-14   7.0969551672e+04   2.0000000000e-02 
  1.6390167365e+21   1.7823255437e+18   6.0102331418e+61   2.3958946160e-24   5.4525671445e-14   1.2233333493e+04   2.0000000000e-02 
  1.6409273318e+21   1.9105953299e+18   6.4573081139e+61   2.2459008084e-24   5.2203895561e-14   1.5364332594e+03   2.0000000000e-02 
  1.6428571925e+21   1.9298606860e+18   6.5377029715e+61   2.2271332885e-24   5.1911152380e-14   1.8349416193e+02   2.0000000000e-02 
  1.6447894142e+21   1.9322217419e+18   6.5611073620e+61   2.2248887549e-24   5.1876100678e-14   2.1734255340e+01   2.0000000000e-02 
  1.6467219166e+21   1.9325023139e+18   6.5774969309e+61   2.2246228659e-24   5.1871946569e-14   2.5675214855e+00   2.0000000000e-02 
  1.6486544520e+21   1.9325354734e+18   6.5930663002e+61   2.2245914575e-24   5.1871455708e-14   3.0275925964e-01   2.0000000000e-02 
  1.6505869914e+21   1.9325393843e+18   6.6085544681e+61   2.2245877538e-24   5.1871397811e-14   3.5630564735e-02   2.0000000000e-02 
  1.6525195313e+21   1.9325398442e+18   6.6240490272e+61   2.2245873182e-24   5.1871390997e-14   4.1989792943e-03   2.0000000000e-02 
  1.6544520712e+21   1.9325398993e+18   6.6395603447e+61   2.2245872660e-24   5.1871390186e-14   4.7079965594e-04   2.0000000000e-02 
  1.6563846111e+21   1.9325399057e+18   6.6550896348e+61   2.2245872598e-24   5.1871390087e-14   4.0143361784e-05   2.0000000000e-02 
  1.6583171510e+21   1.9325399057e+18   6.6706370425e+61   2.2245872600e-24   5.1871390088e-14   2.5252205109e-06   2.0000000000e-02 
  1.6602496909e+21   1.9325399057e+18   6.6862025897e+61   2.2245872600e-24   5.1871390088e-14   1.3380806688e-06   2.0000000000e-02 
  1.6621822308e+21   1.9325399057e+18   6.7017862765e+61   2.2245872600e-24   5.1871390088e-14   1.2985908730e-06   2.0000000000e-02 
  1.6641147707e+21   1.9325399057e+18   6.7173881027e+61   2.2245872600e-24   5.1871390088e-14   1.4514485661e-06   2.0000000000e-02 
  1.6660473106e+21   1.9325399057e+18   6.7330080684e+61   2.2245872600e-24   5.1871390088e-14   1.7056502495e-06   2.0000000000e-02 
  1.6679798505e+21   1.9325399057e+18   6.7486461736e+61   2.2245872600e-24   5.1871390088e-14   1.7208539536e-06   2.0000000000e-02 
  1.6699123904e+21   1.9325399057e+18   6.7643024183e+61   2.2245872600e-24   5.1871390088e-14   1.7215436780e-06   2.0000000000e-02 
  1.6718449303e+21   1.9325399057e+18   6.7799768025e+61   2.2245872600e-24   5.1871390088e-14   1.6971189447e-06   2.0000000000e-02 
  1.6737774702e+21   1.9325399057e+18   6.7956693262e+61   2.2245872600e-24   5.1871390088e-14   1.6724222993e-06   2.0000000000e-02 
  1.6757100101e+21   1.9325399057e+18   6.8113799894e+61   2.2245872600e-24   5.1871390088e-14   1.3488483358e-06   2.0000000000e-02 
  1.6776425500e+21   1.9325399057e+18   6.8271087921e+61   2.2245872600e-24   5.1871390088e-14   1.1590320127e-06   2.0000000000e-02 
  1.6795750899e+21   1.9325399057e+18   6.8428557343e+61   2.2245872600e-24   5.1871390088e-14   1.2206016732e-06   2.0000000000e-02 
  1.6815076298e+21   1.9325399057e+18   6.8586208160e+61   2.2245872600e-24   5.1871390088e-14   1.5206704002e-06   2.0000000000e-02 
  1.6834401697e+21   1.9325399057e+18   6.8744040372e+61   2.2245872600e-24   5.1871390088e-14   1.7829288599e-06   2.0000000000e-02 
  1.6853727097e+21   1.9325399057e+18   6.8902053979e+61   2.2245872600e-24   5.1871390088e-14   1.8410799882e-06   2.0000000000e-02 
  1.6873052496e+21   1.9325399057e+18   6.9060248981e+61   2.2245872600e-24   5.1871390088e-14   1.9766439479e-06   2.0000000000e-02 
  1.6892377895e+21   1.9325399057e+18   6.9218625378e+61   2.2245872600e-24   5.1871390088e-14   2.0234302487e-06   2.0000000000e-02 
  1.6911703294e+21   1.9325399057e+18   6.9377183170e+61   2.2245872600e-24   5.1871390088e-14   2.0348905595e-06   2.0000000000e-02 
  1.6931028693e+21   1.9325399057e+18   6.9535922357e+61   2.2245872600e-24   5.1871390088e-14   2.1181449547e-06   2.0000000000e-02 
  1.6950354092e+21   1.9325399057e+18   6.9694842939e+61   2.2245872600e-24   5.1871390088e-14   2.1657950053e-06   2.0000000000e-02 
  1.6969679491e+21   1.9325399057e+18   6.9853944916e+61   2.2245872600e-24   5.1871390088e-14   2.1652907532e-06   2.0000000000e-02 
  1.6989004890e+21   1.9325399057e+18   7.0013228288e+61   2.2245872600e-24   5.1871390088e-14   2.0964998470e-06   2.0000000000e-02 
  1.7008330289e+21   1.9325399057e+18   7.0172693055e+61   2.2245872600e-24   5.1871390088e-14   1.9642990426e-06   2.0000000000e-02 
  1.7027655688e+21   1.9325399057e+18   7.0332339216e+61   2.2245872600e-24   5.1871390088e-14   1.8954332981e-06   2.0000000000e-02 
  1.7046981087e+21   1.9325399057e+18   7.0492166773e+61   2.2245872600e-24   5.1871390088e-14   1.8843944034e-06   2.0000000000e-02 
  1.7066306486e+21   1.9325399057e+18   7.0652175725e+61   2.2245872600e-24   5.1871390087e-14   1.8991420687e-06   2.0000000000e-02 
  1.7085631885e+21   1.9325399057e+18   7.0812366072e+61   2.2245872600e-24   5.1871390087e-14   1.9081125470e-06   2.0000000000e-02 
  1.7104957284e+21   1.9325399057e+18   7.0972737814e+61   2.2245872600e-24   5.1871390087e-14   2.0040149636e-06   2.0000000000e-02 
  1.7124282683e+21   1.9325399057e+18   7.1133290950e+61   2.2245872600e-24   5.1871390087e-14   2.0343185225e-06   2.0000000000e-02 
  1.7143608082e+21   1.9325399057e+18   7.1294025482e+61   2.2245872600e-24   5.1871390087e-14   2.1528534780e-06   2.0000000000e-02 
  1.7162933481e+21   1.9325399057e+18   7.1454941409e+61   2.2245872600e-24   5.1871390087e-14   2.3638056647e-06   2.0000000000e-02 
  1.7182258881e+21   1.9325399057e+18   7.1616038730e+61   2.2245872600e-24   5.1871390087e-14   2.4204449055e-06   2.0000000000e-02 
  1.7201584280e+21   1.9325399057e+18   7.1777317447e+61   2.2245872600e-24   5.1871390087e-14   2.5143924136e-06   2.0000000000e-02 
  1.7220909679e+21   1.9325399057e+18   7.1938777559e+61   2.2245872600e-24   5.1871390087e-14   2.6835313865e-06   2.0000000000e-02 
  1.7240235078e+21   1.9325399057e+18   7.2100419065e+61   2.2245872600e-24   5.1871390087e-14   2.7344828560e-06   2.0000000000e-02 
  1.7259560477e+21   1.9325399057e+18   7.2262241967e+61   2.2245872600e-24   5.1871390087e-14   2.7354827176e-06   2.0000000000e-02 
  1.7278885876e+21   1.9325399057e+18   7.2424246264e+61   2.2245872600e-24   5.1871390087e-14   2.8039426909e-06   2.0000000000e-02 
  1.7298211275e+21   1.9325399057e+18   7.2586431955e+61   2.2245872600e-24   5.1871390087e-14   2.8277180990e-06   2.0000000000e-02 
  1.7317536674e+21   1.9325399057e+18   7.2748799042e+61   2.2245872600e-24   5.1871390087e-14   2.7268328169e-06   2.0000000000e-02 
  1.7336862073e+21   1.9325399057e+18   7.2911347523e+61   2.2245872600e-24   5.1871390086e-14   2.5900687898e-06   2.0000000000e-02 
  1.7356187472e+21   1.9325399057e+18   7.3074077400e+61   2.2245872600e-24   5.1871390086e-14   2.3969852730e-06   2.0000000000e-02 
  1.7375512871e+21   1.9325399057e+18   7.3236988671e+61   2.2245872600e-24   5.1871390086e-14   2.2963164589e-06   2.0000000000e-02 
  1.7394838270e+21   1.9325399057e+18   7.3400081338e+61   2.2245872600e-24   5.1871390086e-14   2.2349065110e-06   2.0000000000e-02 
  1.7414163669e+21   1.9325399057e+18   7.3563355399e+61   2.2245872600e-24   5.1871390086e-14   2.2288323100e-06   2.0000000000e-02 
  1.7433489068e+21   1.9325399057e+18   7.3726810856e+61   2.2245872600e-24   5.1871390086e-14   2.2613244097e-06   2.0000000000e-02 
  1.7452814467e+21   1.9325399057e+18   7.3890447707e+61   2.2245872600e-24   5.1871390086e-14   2.3701420709e-06   2.0000000000e-02 
  1.7472139866e+21   1.9325399057e+18   7.4054265954e+61   2.2245872600e-24   5.1871390086e-14   2.4636663606e-06   2.0000000000e-02 
  1.7491465265e+21   1.9325399057e+18   7.4218265595e+61   2.2245872600e-24   5.1871390086e-14   2.2674643258e-06   2.0000000000e-02 
  1.7510790664e+21   1.9325399057e+18   7.4382446632e+61   2.2245872600e-24   5.1871390086e-14   1.9229453463e-06   2.0000000000e-02 
  1.7530116064e+21   1.9325399057e+18   7.4546809063e+61   2.2245872600e-24   5.1871390086e-14   1.6227696592e-06   2.0000000000e-02 
  1.7549441463e+21   1.9325399057e+18   7.4711352889e+61   2.2245872600e-24   5.1871390086e-14   1.2542304329e-06   2.0000000000e-02 
  1.7568766862e+21   1.9325399057e+18   7.4876078111e+61   2.2245872600e-24   5.1871390086e-14   9.3569391541e-07   2.0000000000e-02 
  1.7588092261e+21   1.9325399057e+18   7.5040984727e+61   2.2245872600e-24   5.1871390086e-14   9.0997817129e-07   2.0000000000e-02 
  1.7607417660e+21   1.9325399057e+18   7.5206072738e+61   2.2245872600e-24   5.1871390086e-14   1.0999878589e-06   2.0000000000e-02 
  1.7626743059e+21   1.9325399057e+18   7.5371342145e+61   2.2245872600e-24   5.1871390086e-14   1.2917273806e-06   2.0000000000e-02 
  1.7646068458e+21   1.9325399057e+18   7.5536792946e+61   2.2245872600e-24   5.1871390085e-14   1.3195367987e-06   2.0000000000e-02 
  1.7665393857e+21   1.9325399057e+18   7.5702425142e+61   2.2245872600e-24   5.1871390085e-14   1.2948332194e-06   2.0000000000e-02 
  1.7684719256e+21   1.9325399057e+18   7.5868238733e+61   2.2245872600e-24   5.1871390086e-14   1.2166815488e-06   2.0000000000e-02 
  1.7704044655e+21   1.9325399057e+18   7.6034233720e+61   2.2245872600e-24   5.1871390086e-14   1.1580216534e-06   2.0000000000e-02 
  1.7723370054e+21   1.9325399057e+18   7.6200410101e+61   2.2245872600e-24   5.1871390086e-14   1.2153771406e-06   2.0000000000e-02 
  1.7742695453e+21   1.9325399057e+18   7.6366767877e+61   2.2245872600e-24   5.1871390086e-14   1.2181550114e-06   2.0000000000e-02 
  1.7762020852e+21   1.9325399057e+18   7.6533307048e+61   2.2245872600e-24   5.1871390086e-14   1.0137122342e-06   2.0000000000e-02 
  1.7781346251e+21   1.9325399057e+18   7.6700027614e+61   2.2245872600e-24   5.1871390086e-14   7.6759159501e-07   2.0000000000e-02 
  1.7800671650e+21   1.9325399057e+18   7.6866929575e+61   2.2245872600e-24   5.1871390086e-14   7.8101148174e-07   2.0000000000e-02 
  1.7819997049e+21   1.9325399057e+18   7.7034012932e+61   2.2245872600e-24   5.1871390086e-14   1.1114141759e-06   2.0000000000e-02 
  1.7839322448e+21   1.9325399057e+18   7.7201277683e+61   2.2245872600e-24   5.1871390086e-14   1.3080802857e-06   2.0000000000e-02 
  1.7858647848e+21   1.9325399057e+18   7.7368723829e+61   2.2245872600e-24   5.1871390086e-14   1.3569678024e-06   2.0000000000e-02 
  1.7877973247e+21   1.9325399057e+18   7.7536351370e+61   2.2245872600e-24   5.1871390086e-14   1.3710068759e-06   2.0000000000e-02 
  1.7897298646e+21   1.9325399057e+18   7.7704160306e+61   2.2245872600e-24   5.1871390086e-14   1.3627053717e-06   2.0000000000e-02 
  1.7916624045e+21   1.9325399057e+18   7.7872150637e+61   2.2245872600e-24   5.1871390086e-14   1.3441165853e-06   2.0000000000e-02 
  1.7935949444e+21   1.9325399057e+18   7.8040322363e+61   2.2245872600e-24   5.1871390086e-14   1.3539518518e-06   2.0000000000e-02 
  1.7955274843e+21   1.9325399057e+18   7.8208675484e+61   2.2245872600e-24   5.1871390086e-14   1.4127968137e-06   2.0000000000e-02 
  1.7974600242e+21   1.9325399057e+18   7.8377210000e+61   2.2245872600e-24   5.1871390086e-14   1.5839170965e-06   2.0000000000e-02 
  1.7993925641e+21   1.9325399057e+18   7.8545925911e+61   2.2245872600e-24   5.1871390086e-14   1.9743974668e-06   2.0000000000e-02 
  1.8013251040e+21   1.9325399057e+18   7.8714823217e+61   2.2245872600e-24   5.1871390086e-14   2.4209612659e-06   2.0000000000e-02 
  1.8032576439e+21   1.9325399057e+18   7.8883901918e+61   2.2245872600e-24   5.1871390086e-14   2.6352831135e-06   2.0000000000e-02 
  1.8051901838e+21   1.9325399057e+18   7.9053162014e+61   2.2245872600e-24   5.1871390086e-14   2.7373566094e-06   2.0000000000e-02 
  1.8071227237e+21   1.9325399057e+18   7.9222603505e+61   2.2245872600e-24   5.1871390086e-14   2.8765285131e-06   2.0000000000e-02 
  1.8090552636e+21   1.9325399057e+18   7.9392226391e+61   2.2245872600e-24   5.1871390086e-14   3.0647270739e-06   2.0000000000e-02 
  1.8109878035e+21   1.9325399057e+18   7.9562030672e+61   2.2245872600e-24   5.1871390086e-14   3.4344329893e-06   2.0000000000e-02 
  1.8129203434e+21   1.9325399057e+18   7.9732016347e+61   2.2245872600e-24   5.1871390086e-14   4.3231315294e-06   2.0000000000e-02 
  1.8148528833e+21   1.9325399057e+18   7.9902183418e+61   2.2245872600e-24   5.1871390087e-14   5.3730815625e-06   2.0000000000e-02 
  1.8167854232e+21   1.9325399057e+18   8.0072531884e+61   2.2245872600e-24   5.1871390087e-14   5.5671105420e-06   2.0000000000e-02 
  1.8187179631e+21   1.9325399057e+18   8.0243061745e+61   2.2245872600e-24   5.1871390087e-14   5.3356253949e-06   2.0000000000e-02 
  1.8206505031e+21   1.9325399057e+18   8.0413773001e+61   2.2245872600e-24   5.1871390087e-14   5.1970786922e-06   2.0000000000e-02 
  1.8225830430e+21   1.9325399057e+18   8.0584665651e+61   2.2245872600e-24   5.1871390087e-14   5.2716695389e-06   2.0000000000e-02 
  1.8245155829e+21   1.9325399057e+18   8.0755739697e+61   2.2245872600e-24   5.1871390087e-14   5.4411979159e-06   2.0000000000e-02 
  1.8264481228e+21   1.9325399057e+18   8.0926995138e+61   2.2245872600e-24   5.1871390087e-14   5.5221618927e-06   2.0000000000e-02 
  1.8283806627e+21   1.9325399057e+18   8.1098431974e+61   2.2245872600e-24   5.1871390087e-14   5.4022381054e-06   2.0000000000e-02 
  1.8303132026e+21   1.9325399057e+18   8.1270050204e+61   2.2245872600e-24   5.1871390087e-14   5.0685914800e-06   2.0000000000e-02 
  1.8322457425e+21   1.9325399057e+18   8.1441849830e+61   2.2245872600e-24   5.1871390087e-14   4.7417481350e-06   2.0000000000e-02 
  1.8341782824e+21   1.9325399057e+18   8.1613830851e+61   2.2245872600e-24   5.1871390087e-14   4.5306389384e-06   2.0000000000e-02 
  1.8361108223e+21   1.9325399057e+18   8.1785993266e+61   2.2245872600e-24   5.1871390087e-14   4.4470338803e-06   2.0000000000e-02 
  1.8380433622e+21   1.9325399057e+18   8.1958337077e+61   2.2245872600e-24   5.1871390087e-14   4.4581235207e-06   2.0000000000e-02 
  1.8399759021e+21   1.9325399057e+18   8.2130862283e+61   2.2245872600e-24   5.1871390087e-14   4.5421643038e-06   2.0000000000e-02 
  1.8419084420e+21   1.9325399057e+18   8.2303568883e+61   2.2245872600e-24   5.1871390087e-14   4.6595757609e-06   2.0000000000e-02 
  1.8438409819e+21   1.9325399057e+18   8.2476456879e+61   2.2245872600e-24   5.1871390087e-14   4.7411780943e-06   2.0000000000e-02 
  1.8457735218e+21   1.9325399057e+18   8.2649526269e+61   2.2245872600e-24   5.1871390087e-14   4.7208009031e-06   2.0000000000e-02 
  1.8477060617e+21   1.9325399057e+18   8.2822777055e+61   2.2245872600e-24   5.1871390087e-14   4.6654830444e-06   2.0000000000e-02 
  1.8496386016e+21   1.9325399057e+18   8.2996209236e+61   2.2245872600e-24   5.1871390087e-14   4.5983981596e-06   2.0000000000e-02 
  1.8515711415e+21   1.9325399057e+18   8.3169822811e+61   2.2245872600e-24   5.1871390087e-14   4.4743779146e-06   2.0000000000e-02 
  1.8535036815e+21   1.9325399057e+18   8.3343617782e+61   2.2245872600e-24   5.1871390087e-14   4.1337362090e-06   2.0000000000e-02 
  1.8554362214e+21   1.9325399057e+18   8.3517594147e+61   2.2245872600e-24   5.1871390087e-14   3.8975232482e-06   2.0000000000e-02 
  1.8573687613e+21   1.9325399057e+18   8.3691751907e+61   2.2245872600e-24   5.1871390087e-14   3.8096865606e-06   2.0000000000e-02 
  1.8593013012e+21   1.9325399057e+18   8.3866091063e+61   2.2245872600e-24   5.1871390087e-14   3.7526435382e-06   2.0000000000e-02 
  1.8612338411e+21   1.9325399057e+18   8.4040611613e+61   2.2245872600e-24   5.1871390086e-14   3.7439911836e-06   2.0000000000e-02 
  1.8631663810e+21   1.9325399057e+18   8.4215313559e+61   2.2245872600e-24   5.1871390086e-14   3.7504114305e-06   2.0000000000e-02 
  1.8650989209e+21   1.9325399057e+18   8.4390196899e+61   2.2245872600e-24   5.1871390086e-14   3.7243160388e-06   2.0000000000e-02 
  1.8670314608e+21   1.9325399057e+18   8.4565261635e+61   2.2245872600e-24   5.1871390086e-14   3.6978504859e-06   2.0000000000e-02 
  1.8689640007e+21   1.9325399057e+18   8.4740507765e+61   2.2245872600e-24   5.1871390086e-14   3.6760636469e-06   2.0000000000e-02 
  1.8708965406e+21   1.9325399057e+18   8.4915935290e+61   2.2245872600e-24   5.1871390086e-14   3.6328411528e-06   2.0000000000e-02 
  1.8728290805e+21   1.9325399057e+18   8.5091544211e+61   2.2245872600e-24   5.1871390086e-14   3.5399574662e-06   2.0000000000e-02 
  1.8747616204e+21   1.9325399057e+18   8.5267334526e+61   2.2245872600e-24   5.1871390086e-14   3.3676264505e-06   2.0000000000e-02 
  1.8766941603e+21   1.9325399057e+18   8.5443306236e+61   2.2245872600e-24   5.1871390086e-14   3.3203898510e-06   2.0000000000e-02 
  1.8786267002e+21   1.9325399057e+18   8.5619459342e+61   2.2245872600e-24   5.1871390086e-14   3.3608549119e-06   2.0000000000e-02 
  1.8805592401e+21   1.9325399057e+18   8.5795793842e+61   2.2245872600e-24   5.1871390086e-14   3.2953642413e-06   2.0000000000e-02 
  1.8824917800e+21   1.9325399057e+18   8.5972309737e+61   2.2245872600e-24   5.1871390086e-14   3.2085539111e-06   2.0000000000e-02 
  1.8844243199e+21   1.9325399057e+18   8.6149007027e+61   2.2245872600e-24   5.1871390086e-14   3.1688718746e-06   2.0000000000e-02 
  1.8863568598e+21   1.9325399057e+18   8.6325885712e+61   2.2245872600e-24   5.1871390086e-14   3.1546346673e-06   2.0000000000e-02 
  1.8882893998e+21   1.9325399057e+18   8.6502945793e+61   2.2245872600e-24   5.1871390086e-14   3.1867978112e-06   2.0000000000e-02 
  1.8902219397e+21   1.9325399057e+18   8.6680187268e+61   2.2245872600e-24   5.1871390086e-14   3.2454967284e-06   2.0000000000e-02 
  1.8921544796e+21   1.9325399057e+18   8.6857610138e+61   2.2245872600e-24   5.1871390086e-14   3.2481263250e-06   2.0000000000e-02 
  1.8940870195e+21   1.9325399057e+18   8.7035214403e+61   2.2245872600e-24   5.1871390086e-14   3.1913393439e-06   2.0000000000e-02 
  1.8960195594e+21   1.9325399057e+18   8.7213000063e+61   2.2245872600e-24   5.1871390086e-14   3.1255750757e-06   2.0000000000e-02 
  1.8979520993e+21   1.9325399057e+18   8.7390967118e+61   2.2245872600e-24   5.1871390086e-14   3.1125813362e-06   2.0000000000e-02 
  1.8998846392e+21   1.9325399057e+18   8.7569115569e+61   2.2245872600e-24   5.1871390086e-14   3.1223688948e-06   2.0000000000e-02 
  1.9018171791e+21   1.9325399057e+18   8.7747445414e+61   2.2245872600e-24   5.1871390086e-14   3.1036972081e-06   2.0000000000e-02 
  1.9037497190e+21   1.9325399057e+18   8.7925956654e+61   2.2245872600e-24   5.1871390086e-14   3.0656279601e-06   2.0000000000e-02 
  1.9056822589e+21   1.9325399057e+18   8.8104649289e+61   2.2245872600e-24   5.1871390086e-14   3.0319293156e-06   2.0000000000e-02 
  1.9076147988e+21   1.9325399057e+18   8.8283523319e+61   2.2245872600e-24   5.1871390086e-14   3.0338432778e-06   2.0000000000e-02 
  1.9095473387e+21   1.9325399057e+18   8.8462578744e+61   2.2245872600e-24   5.1871390086e-14   3.2126354819e-06   2.0000000000e-02 
  1.9114798786e+21   1.9325399057e+18   8.8641815564e+61   2.2245872600e-24   5.1871390086e-14   3.3884471783e-06   2.0000000000e-02 
  1.9134124185e+21   1.9325399057e+18   8.8821233779e+61   2.2245872600e-24   5.1871390086e-14   3.4266215028e-06   2.0000000000e-02 
  1.9153449584e+21   1.9325399057e+18   8.9000833389e+61   2.2245872600e-24   5.1871390086e-14   3.3433289324e-06   2.0000000000e-02 
  1.9172774983e+21   1.9325399057e+18   8.9180614394e+61   2.2245872600e-24   5.1871390086e-14   3.1657614097e-06   2.0000000000e-02 
  1.9192100382e+21   1.9325399057e+18   8.9360576794e+61   2.2245872600e-24   5.1871390086e-14   3.0897437743e-06   2.0000000000e-02 
  1.9211425782e+21   1.9325399057e+18   8.9540720589e+61   2.2245872600e-24   5.1871390086e-14   3.0895332587e-06   2.0000000000e-02 
  1.9230751181e+21   1.9325399057e+18   8.9721045778e+61   2.2245872600e-24   5.1871390086e-14   3.0714981699e-06   2.0000000000e-02 
  1.9250076580e+21   1.9325399057e+18   8.9901552363e+61   2.2245872600e-24   5.1871390086e-14   3.0501222122e-06   2.0000000000e-02 
  1.9269401979e+21   1.9325399057e+18   9.0082240343e+61   2.2245872600e-24   5.1871390086e-14   3.0262171804e-06   2.0000000000e-02 
  1.9288727378e+21   1.9325399057e+18   9.0263109718e+61   2.2245872600e-24   5.1871390086e-14   3.0112752132e-06   2.0000000000e-02 
  1.9308052777e+21   1.9325399057e+18   9.0444160488e+61   2.2245872600e-24   5.1871390086e-14   2.9996136273e-06   2.0000000000e-02 
  1.9327378176e+21   1.9325399057e+18   9.0625392653e+61   2.2245872600e-24   5.1871390086e-14   2.9839588500e-06   2.0000000000e-02 
  1.9346703575e+21   1.9325399057e+18   9.0806806212e+61   2.2245872600e-24   5.1871390086e-14   3.0194483833e-06   2.0000000000e-02 
  1.9366028974e+21   1.9325399057e+18   9.0988401167e+61   2.2245872600e-24   5.1871390086e-14   3.0547140190e-06   2.0000000000e-02 
  1.9385354373e+21   1.9325399057e+18   9.1170177517e+61   2.2245872600e-24   5.1871390086e-14   3.0538146411e-06   2.0000000000e-02 
  1.9404679772e+21   1.9325399057e+18   9.1352135262e+61   2.2245872600e-24   5.1871390086e-14   3.0166924714e-06   2.0000000000e-02 
  1.9424005171e+21   1.9325399057e+18   9.1534274401e+61   2.2245872600e-24   5.1871390086e-14   2.9410909602e-06   2.0000000000e-02 
  1.9443330570e+21   1.9325399057e+18   9.1716594936e+61   2.2245872600e-24   5.1871390086e-14   2.8762372966e-06   2.0000000000e-02 
  1.9462655969e+21   1.9325399057e+18   9.1899096866e+61   2.2245872600e-24   5.1871390087e-14   2.8131223717e-06   2.0000000000e-02 
  1.9481981368e+21   1.9325399057e+18   9.2081780190e+61   2.2245872600e-24   5.1871390087e-14   2.6754924787e-06   2.0000000000e-02 
  1.9501306767e+21   1.9325399057e+18   9.2264644910e+61   2.2245872600e-24   5.1871390087e-14   2.4334611015e-06   2.0000000000e-02 
  1.9520632166e+21   1.9325399057e+18   9.2447691025e+61   2.2245872600e-24   5.1871390087e-14   2.1001533816e-06   2.0000000000e-02 
  1.9539957565e+21   1.9325399057e+18   9.2630918534e+61   2.2245872600e-24   5.1871390087e-14   1.9787787301e-06   2.0000000000e-02 
  1.9559282965e+21   1.9325399057e+18   9.2814327439e+61   2.2245872600e-24   5.1871390087e-14   2.1710281638e-06   2.0000000000e-02 
  1.9578608364e+21   1.9325399057e+18   9.2997917739e+61   2.2245872600e-24   5.1871390087e-14   2.1398819402e-06   2.0000000000e-02 
  1.9597933763e+21   1.9325399057e+18   9.3181689433e+61   2.2245872600e-24   5.1871390087e-14   2.0852440125e-06   2.0000000000e-02 
  1.9617259162e+21   1.9325399057e+18   9.3365642523e+61   2.2245872600e-24   5.1871390087e-14   2.1203247524e-06   2.0000000000e-02 
  1.9636584561e+21   1.9325399057e+18   9.3549777007e+61   2.2245872600e-24   5.1871390087e-14   2.0006689384e-06   2.0000000000e-02 
  1.9655909960e+21   1.9325399057e+18   9.3734092887e+61   2.2245872600e-24   5.1871390087e-14   1.6395898026e-06   2.0000000000e-02 
  1.9675235359e+21   1.9325399057e+18   9.3918590161e+61   2.2245872600e-24   5.1871390087e-14   1.2526171488e-06   2.0000000000e-02 
  1.9694560758e+21   1.9325399057e+18   9.4103268831e+61   2.2245872600e-24   5.1871390087e-14   1.1131126347e-06   2.0000000000e-02 
  1.9713886157e+21   1.9325399057e+18   9.4288128895e+61   2.2245872600e-24   5.1871390087e-14   1.0716664446e-06   2.0000000000e-02 
  1.9733211556e+21   1.9325399057e+18   9.4473170355e+61   2.2245872600e-24   5.1871390087e-14   9.0929069992e-07   2.0000000000e-02 
  1.9752536955e+21   1.9325399057e+18   9.4658393209e+61   2.2245872600e-24   5.1871390087e-14   6.8533391754e-07   2.0000000000e-02 
  1.9771862354e+21   1.9325399057e+18   9.4843797459e+61   2.2245872600e-24   5.1871390087e-14   3.4105227925e-07   2.0000000000e-02 
  1.9791187753e+21   1.9325399057e+18   9.5029383103e+61   2.2245872600e-24   5.1871390087e-14   0.0000000000e+00   2.0000000000e-02 
