# time = 1.913647e+15 [s] 
# r                  dr                 dV                 Density            Pressure           Velocity           Z
  2.1304517832e+18   2.1304517832e+18   4.0504543152e+55   4.4663268856e-31   1.2335101959e-13   0.0000000000e+00   9.9248591688e-02 
  2.6496362594e+18   5.1918447615e+17   3.7415177028e+55   4.4663268856e-31   1.2335101959e-13   4.7114955382e+04   9.9248591688e-02 
  3.4403345102e+18   7.9069825081e+17   9.2645557251e+55   4.4670341723e-31   1.2335496632e-13   8.4817927977e+04   9.9248591688e-02 
  4.2271446008e+18   7.8681009058e+17   1.4582994874e+56   4.4695150664e-31   1.2335675073e-13   1.3654108194e+05   9.9248591688e-02 
  4.7065645787e+18   4.7941997791e+17   1.2032235444e+56   4.4719596131e-31   1.2335868306e-13   1.7043789696e+05   9.9248591688e-02 
  5.1133254805e+18   4.0676090185e+17   1.2329646948e+56   4.4744476270e-31   1.2336014739e-13   1.9459877702e+05   9.9248591688e-02 
  5.7884843066e+18   6.7515882607e+17   2.5241078306e+56   4.4794032451e-31   1.2336144462e-13   2.2329254024e+05   9.9248591688e-02 
  6.3978563520e+18   6.0937204536e+17   2.8453838043e+56   4.4868678620e-31   1.2336440424e-13   2.5688197175e+05   9.9248591688e-02 
  7.2251925634e+18   8.2733621148e+17   4.8296330288e+56   4.4978745781e-31   1.2336687204e-13   2.9597614900e+05   9.9248591688e-02 
  8.0266041520e+18   8.0141158854e+17   5.8620162971e+56   4.5125562625e-31   1.2337291687e-13   3.3887412266e+05   9.9248591688e-02 
  9.0361042191e+18   1.0095000671e+18   9.2439715311e+56   4.5319180831e-31   1.2337892862e-13   3.9489574884e+05   9.9248591688e-02 
  1.0077312961e+19   1.0412087422e+18   1.1961723027e+57   4.5567000070e-31   1.2339041493e-13   4.5289369512e+05   9.9248591688e-02 
  1.1310802969e+19   1.2334900079e+18   1.7746462384e+57   4.5876632659e-31   1.2340488493e-13   5.1949777604e+05   9.9248591688e-02 
  1.2629263170e+19   1.3184602012e+18   2.3763283557e+57   4.6266587063e-31   1.2342397846e-13   5.9096788139e+05   9.9248591688e-02 
  1.4133229385e+19   1.5039662151e+18   3.3876459146e+57   4.6736522007e-31   1.2344467997e-13   6.7249663863e+05   9.9248591688e-02 
  1.5813047447e+19   1.6798180611e+18   4.7375419060e+57   4.7314043679e-31   1.2346346656e-13   7.6535323743e+05   9.9248591688e-02 
  1.7675158650e+19   1.8621112037e+18   6.5672964862e+57   4.8021363572e-31   1.2348030780e-13   8.6355175809e+05   9.9248591688e-02 
  1.9770436498e+19   2.0952778476e+18   9.2394472453e+57   4.8864552988e-31   1.2349645964e-13   9.6716472488e+05   9.9248591688e-02 
  2.2036508180e+19   2.2660716821e+18   1.2455050290e+58   4.9878596576e-31   1.2351301170e-13   1.0755115211e+06   9.9248591688e-02 
  2.4611071399e+19   2.5745632187e+18   1.7617829831e+58   5.1080810931e-31   1.2353217802e-13   1.1904555372e+06   9.9248591688e-02 
  2.7362248547e+19   2.7511771481e+18   2.3368713086e+58   5.2479411983e-31   1.2355457408e-13   1.3086870823e+06   9.9248591688e-02 
  3.0547569468e+19   3.1853209210e+18   3.3592725190e+58   5.4169825050e-31   1.2357841151e-13   1.4233265817e+06   9.9248591688e-02 
  3.3896979422e+19   3.3494099546e+18   4.3740266518e+58   5.6142248703e-31   1.2360921531e-13   1.5441672119e+06   9.9248591688e-02 
  3.7685351292e+19   3.7883718701e+18   6.1040688630e+58   5.8460090524e-31   1.2363385093e-13   1.6957248872e+06   9.9248591688e-02 
  4.1659289537e+19   3.9739382442e+18   7.8662757882e+58   6.1119151371e-31   1.2365604005e-13   1.8772734002e+06   9.9248591688e-02 
  4.6204760476e+19   4.5454709394e+18   1.1034139130e+59   6.4222192102e-31   1.2367659024e-13   2.0951961234e+06   9.9248591688e-02 
  5.0560874021e+19   4.3561135447e+18   1.2822852146e+59   6.7682012289e-31   1.2369281365e-13   2.3354888147e+06   9.9248591688e-02 
  5.6921860178e+19   6.3609861571e+18   2.3113114451e+59   7.2129483232e-31   1.2369879282e-13   2.6146013077e+06   9.9248591688e-02 
  6.6839869732e+19   9.9180095545e+18   4.7827296918e+59   7.9239751869e-31   1.2369678031e-13   3.0290575327e+06   9.9248591688e-02 
  7.0303924856e+19   3.4640551242e+18   2.0472898808e+59   8.5320294787e-31   1.2365030855e-13   3.4523787506e+06   9.9248591688e-02 
  7.3651237746e+19   3.3473128894e+18   2.1796107207e+59   8.8779036658e-31   1.2362443654e-13   3.6562579349e+06   9.9248591688e-02 
  7.7084553669e+19   3.4333159229e+18   2.4511591369e+59   9.2634921197e-31   1.2360625642e-13   3.8368099043e+06   9.9248591688e-02 
  8.0701047329e+19   3.6164936606e+18   2.8291004106e+59   9.7146904830e-31   1.2359571452e-13   4.0128778373e+06   9.9248591688e-02 
  8.3973624688e+19   3.2725773590e+18   2.7883711293e+59   1.0207093564e-30   1.2359293783e-13   4.1787886085e+06   9.9248591688e-02 
  8.8224219017e+19   4.2505943288e+18   3.9604373504e+59   1.0810004985e-30   1.2359814977e-13   4.3467660614e+06   9.9248591688e-02 
  9.2294865751e+19   4.0706467335e+18   4.1680520894e+59   1.1540953748e-30   1.2360891648e-13   4.5375699730e+06   9.9248591688e-02 
  9.6214741665e+19   3.9198759145e+18   4.3767502049e+59   1.2306735178e-30   1.2359444082e-13   4.7444952321e+06   9.9248591688e-02 
  9.9918685251e+19   3.7039435861e+18   4.4768144493e+59   1.3112001890e-30   1.2356516771e-13   4.9650225127e+06   9.9248591688e-02 
  1.0454330371e+20   4.6246184618e+18   6.0747022842e+59   1.4102199307e-30   1.2352643850e-13   5.1832474031e+06   9.9248591688e-02 
  1.0911522963e+20   4.5719259195e+18   6.5577646147e+59   1.5296957540e-30   1.2349297890e-13   5.4169479286e+06   9.9248591688e-02 
  1.1346153183e+20   4.3463021984e+18   6.7652621100e+59   1.6553181646e-30   1.2343886859e-13   5.6593611325e+06   9.9248591688e-02 
  1.1775737255e+20   4.2958407214e+18   7.2159694959e+59   1.7900047080e-30   1.2337620516e-13   5.9068731239e+06   9.9248591688e-02 
  1.2291590960e+20   5.1585370472e+18   9.3885535712e+59   1.9533763913e-30   1.2331113472e-13   6.1513393263e+06   9.9248591688e-02 
  1.2802247168e+20   5.1065620766e+18   1.0103517968e+60   2.1474576333e-30   1.2326095777e-13   6.4143984492e+06   9.9248591688e-02 
  1.3281734432e+20   4.7948726451e+18   1.0249994560e+60   2.3528312989e-30   1.2319418551e-13   6.6757943819e+06   9.9248591688e-02 
  1.3798133099e+20   5.1639866666e+18   1.1898184410e+60   2.5803851617e-30   1.2311987168e-13   6.9086280638e+06   9.9248591688e-02 
  1.4390654969e+20   5.9252187060e+18   1.4793502987e+60   2.8616842410e-30   1.2306511008e-13   7.1683172809e+06   9.9248591688e-02 
  1.4963176849e+20   5.7252187963e+18   1.5499819161e+60   3.1835486922e-30   1.2296888318e-13   7.4632257599e+06   9.9248591688e-02 
  1.5445885633e+20   4.8270878364e+18   1.4024184361e+60   3.5066627342e-30   1.2289206586e-13   7.7226804186e+06   9.9248591688e-02 
  1.6099734628e+20   6.5384899560e+18   2.0444084348e+60   3.8975691943e-30   1.2280416760e-13   8.0030954954e+06   9.9248591688e-02 
  1.6897334169e+20   7.9759954029e+18   2.7287896976e+60   4.4549524453e-30   1.2268389546e-13   8.3604688074e+06   9.9248591688e-02 
  1.7694302240e+20   7.9696807172e+18   2.9964693961e+60   5.1017042403e-30   1.2252937229e-13   8.7450335185e+06   9.9248591688e-02 
  1.8400080549e+20   7.0577830880e+18   2.8890347515e+60   5.8028087547e-30   1.2235591825e-13   9.0928454219e+06   9.9248591688e-02 
  1.9308096289e+20   9.0801573952e+18   4.0569369037e+60   6.5982652465e-30   1.2212923652e-13   9.4443294512e+06   9.9248591688e-02 
  2.0044646813e+20   7.3655052425e+18   3.5838774156e+60   7.5339375503e-30   1.2186862408e-13   9.7852801550e+06   9.9248591688e-02 
  2.1170394069e+20   1.1257472561e+19   6.0091110319e+60   8.6949916401e-30   1.2153909765e-13   1.0147820040e+07   9.9248591688e-02 
  2.2702130580e+20   1.5317365116e+19   9.2660708089e+60   1.0523159507e-29   1.2101060844e-13   1.0631780563e+07   9.9248591688e-02 
  2.4196284815e+20   1.4941542343e+19   1.0327817498e+61   1.2752685967e-29   1.2034056624e-13   1.1137281918e+07   9.9248591688e-02 
  2.5215707769e+20   1.0194229543e+19   7.8204299405e+60   1.4634647143e-29   1.1975277519e-13   1.1510629002e+07   9.9248591688e-02 
  2.6241429506e+20   1.0257217369e+19   8.5335196392e+60   1.5949453483e-29   1.1925950226e-13   1.1775130818e+07   9.9248591688e-02 
  2.7665533341e+20   1.4241038352e+19   1.3004159170e+61   1.7213256804e-29   1.1867537328e-13   1.2059150905e+07   9.9248591688e-02 
  2.8722354318e+20   1.0568209764e+19   1.0557808893e+61   1.8247925564e-29   1.1810847956e-13   1.2329900368e+07   9.9248591688e-02 
  2.9927638779e+20   1.2052844612e+19   1.3026762459e+61   1.8951429998e-29   1.1762306163e-13   1.2563009005e+07   9.9248591688e-02 
  3.1207121019e+20   1.2794822406e+19   1.5025327962e+61   1.9456910145e-29   1.1709304219e-13   1.2805695709e+07   9.9248591688e-02 
  3.2699855603e+20   1.4927345835e+19   1.9156139311e+61   1.9819790514e-29   1.1651465072e-13   1.3075746127e+07   9.9248591688e-02 
  3.3922969288e+20   1.2231136854e+19   1.7057350534e+61   2.0025688018e-29   1.1594950892e-13   1.3340590143e+07   9.9248591688e-02 
  3.5343637427e+20   1.4206681392e+19   2.1416634851e+61   2.0103816968e-29   1.1536140066e-13   1.3605185067e+07   9.9248591688e-02 
  3.6642773292e+20   1.2991358643e+19   2.1152058118e+61   2.0074603650e-29   1.1472126131e-13   1.3872969563e+07   9.9248591688e-02 
  3.7331812624e+20   6.8903933173e+18   1.1845994619e+61   1.9997731519e-29   1.1423860330e-13   1.4058514723e+07   9.9248591688e-02 
  3.7975761296e+20   6.4394867225e+18   1.1473317794e+61   1.9888877043e-29   1.1391320725e-13   1.4168776239e+07   9.9248591688e-02 
  3.9371456432e+20   1.3956951359e+19   2.6234752039e+61   1.9652368901e-29   1.1339541104e-13   1.4308712911e+07   9.9248591688e-02 
  4.0546885264e+20   1.1754288326e+19   2.3586877649e+61   1.9329828998e-29   1.1270441618e-13   1.4455550806e+07   9.9248591688e-02 
  4.1337208443e+20   7.9032317857e+18   1.6648195629e+61   1.9085100923e-29   1.1215666037e-13   1.4532950849e+07   9.9248591688e-02 
  4.2001105453e+20   6.6389700976e+18   1.4486023696e+61   1.8926577159e-29   1.1173745569e-13   1.4569776491e+07   9.9248591688e-02 
  4.2508229807e+20   5.0712435392e+18   1.1378340454e+61   1.8816073370e-29   1.1139103138e-13   1.4588176363e+07   9.9248591686e-02 
  4.3930973090e+20   1.4227432831e+19   3.3399282748e+61   1.8674270209e-29   1.1075847823e-13   1.4596718536e+07   9.9248591679e-02 
  4.4830102164e+20   8.9912907424e+18   2.2255219274e+61   1.8527132180e-29   1.0997456114e-13   1.4575402619e+07   9.9248591655e-02 
  4.5057301430e+20   2.2719926636e+18   5.7670722752e+60   1.8472847430e-29   1.0959227431e-13   1.4556872370e+07   9.9248591609e-02 
  4.5218282428e+20   1.6098099723e+18   4.1215973133e+60   1.8456130917e-29   1.0945302390e-13   1.4549827324e+07   9.9248591040e-02 
  4.5897101941e+20   6.7881951337e+18   1.7704988495e+61   1.8418590877e-29   1.0914464943e-13   1.4524070392e+07   9.9248589324e-02 
  4.6501513596e+20   6.0441165470e+18   1.6211373998e+61   1.8349456990e-29   1.0865664791e-13   1.4478809562e+07   9.9248582236e-02 
  4.7116262977e+20   6.1474938121e+18   1.6926643989e+61   1.8262710871e-29   1.0817785784e-13   1.4425299944e+07   9.9248552215e-02 
  4.8499887832e+20   1.3836248554e+19   3.9743037194e+61   1.8073331154e-29   1.0734325310e-13   1.4303915978e+07   9.9248454641e-02 
  4.9596547213e+20   1.0966593812e+19   3.3154781690e+61   1.7808232546e-29   1.0626015709e-13   1.4111142901e+07   9.9248175005e-02 
  5.0631432785e+20   1.0348855720e+19   3.2661459953e+61   1.7537217401e-29   1.0527618730e-13   1.3907045380e+07   9.9248040091e-02 
  5.2012165841e+20   1.3807330554e+19   4.5703507236e+61   1.7156936595e-29   1.0409467984e-13   1.3627800083e+07   9.9247267003e-02 
  5.3269671993e+20   1.2575061525e+19   4.3791271820e+61   1.6676064132e-29   1.0277182743e-13   1.3273718786e+07   9.9245512910e-02 
  5.4505305840e+20   1.2356338463e+19   4.5091489467e+61   1.6149420488e-29   1.0153223378e-13   1.2921306073e+07   9.9240398571e-02 
  5.5693822034e+20   1.1885161946e+19   4.5344866759e+61   1.5568086487e-29   1.0042400883e-13   1.2610710802e+07   9.9231896295e-02 
  5.7059984689e+20   1.3661626544e+19   5.4567739094e+61   1.4862068643e-29   9.9353304229e-14   1.2313100472e+07   9.9187542264e-02 
  5.8231630588e+20   1.1716458993e+19   4.8927908060e+61   1.4074545452e-29   9.8385185136e-14   1.2049396586e+07   9.8937124072e-02 
  5.8908115403e+20   6.7648481478e+18   2.9162268816e+61   1.3429871605e-29   9.7745572188e-14   1.1877980035e+07   9.8471446461e-02 
  5.9482725616e+20   5.7461021367e+18   2.5302465158e+61   1.2904931652e-29   9.7337323950e-14   1.1762455246e+07   9.7511980082e-02 
  6.0295675065e+20   8.1294944821e+18   3.6641825466e+61   1.2211368882e-29   9.6915127854e-14   1.1637831006e+07   9.6933895837e-02 
  6.0612064353e+20   3.1638928863e+18   1.4530509365e+61   1.1591734786e-29   9.6595293587e-14   1.1541873738e+07   9.6681864045e-02 
  6.0758903977e+20   1.4683962388e+18   6.7955244868e+60   1.1301704861e-29   9.6471885418e-14   1.1501868411e+07   9.6606783318e-02 
  6.0977779877e+20   2.1887589955e+18   1.0190399710e+61   1.1102570611e-29   9.6377955299e-14   1.1469476787e+07   9.6585494754e-02 
  6.1578317070e+20   6.0053719326e+18   2.8337602335e+61   1.0786693139e-29   9.6173321332e-14   1.1396492021e+07   9.6582773804e-02 
  6.2064127770e+20   4.8581069997e+18   2.3332128063e+61   1.0427487031e-29   9.5914053405e-14   1.1304051441e+07   9.6581770041e-02 
  6.2411778055e+20   3.4765028558e+18   1.6922486766e+61   1.0200014465e-29   9.5723581222e-14   1.1232762521e+07   9.6581681924e-02 
  6.2730486580e+20   3.1870852454e+18   1.5680232980e+61   1.0065559857e-29   9.5576149248e-14   1.1175203791e+07   9.6581671841e-02 
  6.3077939228e+20   3.4745264805e+18   1.7276909536e+61   9.9745395866e-30   9.5432364455e-14   1.1118227581e+07   9.6581671437e-02 
  6.3370097024e+20   2.9215779599e+18   1.4675479608e+61   9.9188364100e-30   9.5296386815e-14   1.1063538112e+07   9.6581671422e-02 
  6.4566962898e+20   1.1968658736e+19   6.1546131207e+61   9.8718783218e-30   9.4987982322e-14   1.0936432213e+07   9.6581671420e-02 
  6.5733847997e+20   1.1668850993e+19   6.2242039281e+61   9.8320534127e-30   9.4504898594e-14   1.0733593481e+07   9.6581671417e-02 
  6.6161839702e+20   4.2799170537e+18   2.3390954413e+61   9.8290679269e-30   9.4188184349e-14   1.0595246259e+07   9.6581671415e-02 
  6.6445542082e+20   2.8370237977e+18   1.5672883841e+61   9.8410161081e-30   9.4048767382e-14   1.0533096152e+07   9.6581671413e-02 
  6.6712351246e+20   2.6680916436e+18   1.4862265929e+61   9.8714736118e-30   9.3940321967e-14   1.0485463920e+07   9.6581671411e-02 
  6.6958739231e+20   2.4638798433e+18   1.3830722611e+61   9.9272894506e-30   9.3838356472e-14   1.0441515694e+07   9.6581671395e-02 
  6.7963927011e+20   1.0051877802e+19   5.7487700543e+61   1.0145713088e-29   9.3582650664e-14   1.0337489887e+07   9.6581671333e-02 
  6.8608967785e+20   6.4504077454e+18   3.7798041704e+61   1.0465289983e-29   9.3234854096e-14   1.0203574072e+07   9.6581670990e-02 
  6.8861737887e+20   2.5277010211e+18   1.5007086647e+61   1.0658941764e-29   9.3039220344e-14   1.0136324595e+07   9.6581669998e-02 
  6.9177437519e+20   3.1569963143e+18   1.8898590617e+61   1.0767306161e-29   9.2909083606e-14   1.0095385041e+07   9.6581658241e-02 
  6.9761977703e+20   5.8454018391e+18   3.5450122498e+61   1.0877488388e-29   9.2694563591e-14   1.0032301837e+07   9.6581623713e-02 
  7.0332531829e+20   5.7055412614e+18   3.5179637048e+61   1.0974421553e-29   9.2408115967e-14   9.9563959014e+06   9.6581267739e-02 
  7.1083591382e+20   7.5105955272e+18   4.7187414805e+61   1.1032326525e-29   9.2060277828e-14   9.8803411857e+06   9.6580110037e-02 
  7.2795004909e+20   1.7114135273e+19   1.1130577533e+62   1.1068053132e-29   9.1367039893e-14   9.7602608503e+06   9.6577360374e-02 
  7.4104041282e+20   1.3090363731e+19   8.8746459085e+61   1.1077298878e-29   9.0488052089e-14   9.6381845751e+06   9.6571584497e-02 
  7.5290098877e+20   1.1860575945e+19   8.3163335926e+61   1.1058814110e-29   8.9759090316e-14   9.5473639140e+06   9.6559174409e-02 
  7.6365010024e+20   1.0749111471e+19   7.7668300538e+61   1.1018822916e-29   8.9144582964e-14   9.4414158178e+06   9.6529726424e-02 
  7.7409436542e+20   1.0444265184e+19   7.7589470172e+61   1.0956724516e-29   8.8648621016e-14   9.2946431727e+06   9.6497868459e-02 
  7.8810942138e+20   1.4015055960e+19   1.0745626286e+62   1.0867282111e-29   8.8206363699e-14   9.0441828027e+06   9.6313625633e-02 
  7.9824149823e+20   1.0132076849e+19   8.0103738009e+61   1.0763864101e-29   8.7903420631e-14   8.7172172934e+06   9.5543325733e-02 
  8.0630390983e+20   8.0624115955e+18   6.5211248833e+61   1.0664160578e-29   8.7787596076e-14   8.4059129974e+06   9.1674666898e-02 
  8.1033011040e+20   4.0262005740e+18   3.3057469400e+61   1.0572606945e-29   8.7743682333e-14   8.1790870531e+06   8.7463912079e-02 
  8.1647597123e+20   6.1458608281e+18   5.1098274489e+61   1.0448014670e-29   8.7712783525e-14   7.9735984484e+06   8.0958902769e-02 
  8.1872705062e+20   2.2510793905e+18   1.8909686157e+61   1.0318524299e-29   8.7687017338e-14   7.8018646223e+06   7.5997779830e-02 
  8.2117773394e+20   2.4506833186e+18   2.0704972429e+61   1.0208116902e-29   8.7673040240e-14   7.7045024402e+06   7.3682110255e-02 
  8.2618393860e+20   5.0062046631e+18   4.2681308467e+61   1.0014441482e-29   8.7648971651e-14   7.5514107022e+06   7.3453948079e-02 
  8.2969053327e+20   3.5065946698e+18   3.0205839598e+61   9.8127142003e-30   8.7618966523e-14   7.3779116855e+06   7.3343666303e-02 
  8.3280707275e+20   3.1165394835e+18   2.7061076685e+61   9.6872367819e-30   8.7592236425e-14   7.2459247407e+06   7.3315615824e-02 
  8.3709239940e+20   4.2853266436e+18   3.7541827684e+61   9.5824344544e-30   8.7557102399e-14   7.1025669545e+06   7.3313399287e-02 
  8.4178496746e+20   4.6925680599e+18   4.1552727186e+61   9.4853480529e-30   8.7506942287e-14   6.9341418050e+06   7.3313032119e-02 
  8.4604032449e+20   4.2553570356e+18   3.8083931754e+61   9.4157239111e-30   8.7446783850e-14   6.7739483530e+06   7.3313012627e-02 
  8.5580350843e+20   9.7631839425e+18   8.8835288923e+61   9.3465849221e-30   8.7327530044e-14   6.5404661715e+06   7.3313011965e-02 
  8.6344346337e+20   7.6399549364e+18   7.0944717624e+61   9.2775084812e-30   8.7153630423e-14   6.2698585339e+06   7.3313011778e-02 
  8.6817480114e+20   4.7313377709e+18   4.4569649920e+61   9.2397361628e-30   8.7009767117e-14   6.1012227298e+06   7.3313011749e-02 
  8.8041199350e+20   1.2237192357e+19   1.1754742991e+62   9.2066788375e-30   8.6769460332e-14   5.8904197524e+06   7.3313011714e-02 
  8.9010980232e+20   9.6978088211e+18   9.5505941258e+61   9.1745586801e-30   8.6422633795e-14   5.6339137683e+06   7.3313011558e-02 
  9.0269748571e+20   1.2587683389e+19   1.2710716666e+62   9.1555420091e-30   8.6025820019e-14   5.4105722710e+06   7.3313010851e-02 
  9.1128225477e+20   8.5847690565e+18   8.8745552206e+61   9.1458184097e-30   8.5632302369e-14   5.2183757178e+06   7.3313008500e-02 
  9.1938070442e+20   8.0984496506e+18   8.5265114732e+61   9.1476426932e-30   8.5317176743e-14   5.0775026029e+06   7.3312965762e-02 
  9.3529783726e+20   1.5917132847e+19   1.7201355462e+62   9.1688576524e-30   8.4884204869e-14   4.8837785152e+06   7.3312846230e-02 
  9.4553066052e+20   1.0232823256e+19   1.1372292559e+62   9.2043899908e-30   8.4441897068e-14   4.6798748149e+06   7.3312568487e-02 
  9.5545137980e+20   9.9207192784e+18   1.1262971985e+62   9.2467855627e-30   8.4148756009e-14   4.5016907811e+06   7.3312333487e-02 
  9.6382160834e+20   8.3702285412e+18   9.6864233096e+61   9.2958456623e-30   8.3930824233e-14   4.3156043985e+06   7.3309996801e-02 
  9.7040955539e+20   6.5879470519e+18   7.7431630523e+61   9.3357824466e-30   8.3787810221e-14   4.1488442527e+06   7.3293937182e-02 
  9.8608030837e+20   1.5670752977e+19   1.8845350929e+62   9.3808408771e-30   8.3593811091e-14   3.9006254432e+06   7.3254804884e-02 
  9.9602234706e+20   9.9420386866e+18   1.2271036568e+62   9.4278546540e-30   8.3388428481e-14   3.6385084141e+06   7.3157836324e-02 
  1.0002784400e+21   4.2560929122e+18   5.3286057231e+61   9.4508426890e-30   8.3265792255e-14   3.5108145354e+06   7.3016640143e-02 
  1.0056604210e+21   5.3819810138e+18   6.8034384510e+61   9.4633695953e-30   8.3171705559e-14   3.4428832555e+06   7.2241071764e-02 
  1.0092631413e+21   3.6027203020e+18   4.5951324432e+61   9.4732894995e-30   8.3079150901e-14   3.3895167609e+06   7.1084295557e-02 
  1.0134232666e+21   4.1601253260e+18   5.3470471219e+61   9.4804658733e-30   8.2993520695e-14   3.3533292191e+06   6.9528946896e-02 
  1.0163084319e+21   2.8851652753e+18   3.7342047765e+61   9.4862370062e-30   8.2912441430e-14   3.3256314147e+06   6.8786332088e-02 
  1.0230931334e+21   6.7847014790e+18   8.8651832110e+61   9.4930631693e-30   8.2795774862e-14   3.2945092227e+06   6.8603491601e-02 
  1.0277739290e+21   4.6807956378e+18   6.1850800894e+61   9.5009008038e-30   8.2656446108e-14   3.2607392869e+06   6.8486623259e-02 
  1.0358299303e+21   8.0560013444e+18   1.0777654860e+62   9.5098202495e-30   8.2502378341e-14   3.2240584027e+06   6.8458526206e-02 
  1.0400049984e+21   4.1750680225e+18   5.6519673513e+61   9.5192986389e-30   8.2359654607e-14   3.1857839647e+06   6.8448640923e-02 
  1.0431831322e+21   3.1781338642e+18   4.3329071273e+61   9.5265537284e-30   8.2280722019e-14   3.1583771111e+06   6.8445578767e-02 
  1.0467774033e+21   3.5942711122e+18   4.9321616747e+61   9.5353447471e-30   8.2213311022e-14   3.1288057298e+06   6.8445121798e-02 
  1.0491247649e+21   2.3473615519e+18   3.2394557728e+61   9.5451194237e-30   8.2158504955e-14   3.0997383368e+06   6.8445095042e-02 
  1.0549599240e+21   5.8351590975e+18   8.1157772744e+61   9.5634116786e-30   8.2092149179e-14   3.0535396164e+06   6.8445096573e-02 
  1.0592039296e+21   4.2440055725e+18   5.9594158011e+61   9.5892284982e-30   8.2017624697e-14   2.9923706342e+06   6.8445132385e-02 
  1.0631412220e+21   3.9372923998e+18   5.5716017541e+61   9.6150509571e-30   8.1968228808e-14   2.9372603359e+06   6.8445769489e-02 
  1.0667203713e+21   3.5791493132e+18   5.1007361893e+61   9.6438949238e-30   8.1929481073e-14   2.8808421328e+06   6.8447708701e-02 
  1.0831292613e+21   1.6408890043e+19   2.3826139538e+62   9.7350040160e-30   8.1854660692e-14   2.7116215126e+06   6.8453527755e-02 
  1.0958704691e+21   1.2741207733e+19   1.9005520665e+62   9.8762458779e-30   8.1768946236e-14   2.4492609374e+06   6.8469814971e-02 
  1.1047710014e+21   8.9005323781e+18   1.3541501148e+62   9.9922009746e-30   8.1754077213e-14   2.2424193983e+06   6.8506374081e-02 
  1.1203186020e+21   1.5547600571e+19   2.4183286691e+62   1.0138664250e-29   8.1763357595e-14   1.9977936133e+06   6.8591130231e-02 
  1.1295799974e+21   9.2613954097e+18   1.4728368545e+62   1.0299745757e-29   8.1810909628e-14   1.7206229638e+06   6.8759410052e-02 
  1.1370048394e+21   7.4248420105e+18   1.1983470227e+62   1.0420077649e-29   8.1850525133e-14   1.5295093123e+06   6.9542905410e-02 
  1.1445935835e+21   7.5887441057e+18   1.2410800620e+62   1.0541779233e-29   8.1860904773e-14   1.3768254285e+06   7.3758529544e-02 
  1.1488627219e+21   4.2691383353e+18   7.0545861741e+61   1.0651286861e-29   8.1860612366e-14   1.2674687982e+06   7.8556187564e-02 
  1.1522430324e+21   3.3803105220e+18   5.6231535032e+61   1.0740449985e-29   8.1853211553e-14   1.2051664402e+06   8.6501104989e-02 
  1.1614262660e+21   9.1832335747e+18   1.5443664249e+62   1.0933962492e-29   8.1828961917e-14   1.1164735314e+06   9.0542248971e-02 
  1.1687314707e+21   7.3052047683e+18   1.2461041184e+62   1.1225655482e-29   8.1788943131e-14   1.0147652090e+06   9.4729660819e-02 
  1.1757580204e+21   7.0265496357e+18   1.2133605547e+62   1.1537280004e-29   8.1736033351e-14   9.5364945402e+05   9.6956407510e-02 
  1.1846288330e+21   8.8708126010e+18   1.5526790609e+62   1.1985698169e-29   8.1644297215e-14   9.1167701378e+05   9.7217780205e-02 
  1.1913413753e+21   6.7125423129e+18   1.1904743599e+62   1.2552774703e-29   8.1532473297e-14   8.9654253954e+05   9.7309959878e-02 
  1.2011536949e+21   9.8123195976e+18   1.7645180124e+62   1.3406746462e-29   8.1352146822e-14   9.1957185435e+05   9.7326391982e-02 
  1.2084480522e+21   7.2943573517e+18   1.3305425690e+62   1.4591354957e-29   8.1072325771e-14   1.0049783755e+06   9.7328794940e-02 
  1.2117716964e+21   3.3236441273e+18   6.1160955669e+61   1.5704948899e-29   8.0870611868e-14   1.0769957709e+06   9.7333170196e-02 
  1.2139913662e+21   2.2196698904e+18   4.1033176873e+61   1.6821622634e-29   8.0743170687e-14   1.0845133344e+06   9.7380138925e-02 
  1.2226444135e+21   8.6530472742e+18   1.6139943461e+62   2.0916395828e-29   8.0643003284e-14   1.0579672306e+06   9.7475440462e-02 
  1.2343474841e+21   1.1703070563e+19   2.2195269838e+62   3.0858326587e-29   8.0468977020e-14   9.3611160895e+05   9.7521595616e-02 
  1.2358610997e+21   1.5136156445e+18   2.9015682340e+61   4.0206157307e-29   8.0466953701e-14   8.7378503776e+05   9.6505756679e-02 
  1.2375657460e+21   1.7046462217e+18   3.2762900430e+61   4.8716655976e-29   8.0458081169e-14   8.5232961565e+05   8.7202643211e-02 
  1.2432588580e+21   5.6931120653e+18   1.1007596175e+62   9.0152736659e-29   8.0271476086e-14   7.1120878823e+05   5.5671269722e-02 
  1.2470702748e+21   3.8114168045e+18   7.4259180904e+61   2.1919940419e-28   8.0404670522e-14   6.2907769921e+05   2.3597310262e-02 
  1.2571370294e+21   1.0066754579e+19   1.9832718557e+62   7.8124609415e-28   7.8977201807e-14   5.8138424136e+05   2.0829194664e-02 
  1.2670455720e+21   9.9085425779e+18   1.9833685442e+62   2.1581838358e-26   7.3799736883e-14   3.4705759787e+05   2.0065653471e-02 
  1.2750435735e+21   7.9980015308e+18   1.6237319678e+62   4.6334324289e-24   8.1560473451e-14   2.4878443302e+05   2.0031367774e-02 
  1.2829945115e+21   7.9509380153e+18   1.6344952066e+62   6.3087334911e-24   1.0048264135e-13   2.3784994953e+05   2.0023010541e-02 
  1.2874614496e+21   4.4669380526e+18   9.2721526910e+61   6.8140829628e-24   1.0601492612e-13   2.4159901847e+05   2.0013965530e-02 
  1.2902485934e+21   2.7871438389e+18   5.8180513698e+61   7.3294576009e-24   1.1143212684e-13   2.4347233090e+05   2.0004272799e-02 
  1.2924818657e+21   2.2332722541e+18   4.6800427481e+61   7.7064068159e-24   1.1532239665e-13   2.4571432538e+05   2.0001147070e-02 
  1.2948811429e+21   2.3992771906e+18   5.0459756679e+61   8.1098820917e-24   1.1955143343e-13   2.4797832882e+05   2.0000461077e-02 
  1.2974271048e+21   2.5459619537e+18   5.3749596074e+61   8.5686604349e-24   1.2428562614e-13   2.5066687526e+05   2.0000177278e-02 
  1.2999552813e+21   2.5281764933e+18   5.3583265984e+61   9.0645156675e-24   1.2932240235e-13   2.5346689908e+05   2.0000059772e-02 
  1.3023754529e+21   2.4201715896e+18   5.1489792080e+61   9.5694729319e-24   1.3437127757e-13   2.5617463032e+05   2.0000019020e-02 
  1.3046521452e+21   2.2766923189e+18   4.8612234334e+61   1.0078016651e-23   1.3937868608e-13   2.5873614099e+05   2.0000005909e-02 
  1.3067489605e+21   2.0968152875e+18   4.4921816314e+61   1.0580661399e-23   1.4425644499e-13   2.6118762370e+05   2.0000001733e-02 
  1.3087704054e+21   2.0214449229e+18   4.3443794632e+61   1.1079083062e-23   1.4902832013e-13   2.6358952032e+05   2.0000000497e-02 
  1.3106570169e+21   1.8866114748e+18   4.0667283088e+61   1.1571507633e-23   1.5370546462e-13   2.6587250168e+05   2.0000000133e-02 
  1.3124898899e+21   1.8328729720e+18   3.9621192031e+61   1.2054142541e-23   1.5836359277e-13   2.6801603851e+05   2.0000000034e-02 
  1.3141710995e+21   1.6812096304e+18   3.6440124261e+61   1.2528026658e-23   1.6289286529e-13   2.7009470171e+05   2.0000000008e-02 
  1.3156847088e+21   1.5136093029e+18   3.2887251810e+61   1.2974801769e-23   1.6712508762e-13   2.7204216882e+05   2.0000000002e-02 
  1.3171471098e+21   1.4624009783e+18   3.1846566928e+61   1.3410147943e-23   1.7121546591e-13   2.7389341407e+05   2.0000000000e-02 
  1.3185799419e+21   1.4328321470e+18   3.1271311825e+61   1.3858100549e-23   1.7539101368e-13   2.7571000225e+05   2.0000000000e-02 
  1.3198775388e+21   1.2975968472e+18   2.8378529585e+61   1.4303960835e-23   1.7951466062e-13   2.7744372062e+05   2.0000000000e-02 
  1.3211232516e+21   1.2457128279e+18   2.7296370477e+61   1.4739456928e-23   1.8351234282e-13   2.7909707272e+05   2.0000000000e-02 
  1.3223350291e+21   1.2117774875e+18   2.6602209200e+61   1.5177637214e-23   1.8750703461e-13   2.8072144498e+05   2.0000000000e-02 
  1.3234415834e+21   1.1065543105e+18   2.4334867091e+61   1.5589703843e-23   1.9123972515e-13   2.8219196602e+05   2.0000000000e-02 
  1.3247121607e+21   1.2705773229e+18   2.7992223471e+61   1.6006779666e-23   1.9499403673e-13   2.8358073436e+05   2.0000000000e-02 
  1.3260633448e+21   1.3511840828e+18   2.9827051806e+61   1.6444424232e-23   1.9890867438e-13   2.8491586824e+05   2.0000000000e-02 
  1.3272995808e+21   1.2362359838e+18   2.7342901505e+61   1.6854935819e-23   2.0255744466e-13   2.8604513546e+05   2.0000000000e-02 
  1.3285166991e+21   1.2171183338e+18   2.6969864531e+61   1.7233564281e-23   2.0590153191e-13   2.8699424597e+05   2.0000000000e-02 
  1.3297420137e+21   1.2253145417e+18   2.7201445487e+61   1.7602043231e-23   2.0913853321e-13   2.8784616454e+05   2.0000000000e-02 
  1.3309719510e+21   1.2299373498e+18   2.7354530910e+61   1.7956501713e-23   2.1223441351e-13   2.8858538838e+05   2.0000000000e-02 
  1.3321951002e+21   1.2231491483e+18   2.7253741893e+61   1.8298668848e-23   2.1524471148e-13   2.8924620192e+05   2.0000000000e-02 
  1.3332894961e+21   1.0943959037e+18   2.4427369966e+61   1.8622282028e-23   2.1811362929e-13   2.8983545502e+05   2.0000000000e-02 
  1.3343648604e+21   1.0753643125e+18   2.4041670022e+61   1.8929819298e-23   2.2082876715e-13   2.9037895132e+05   2.0000000000e-02 
  1.3354239669e+21   1.0591064690e+18   2.3716103593e+61   1.9236176660e-23   2.2352327310e-13   2.9092357866e+05   2.0000000000e-02 
  1.3363405079e+21   9.1654106357e+17   2.0554085509e+61   1.9525649433e-23   2.2605992908e-13   2.9143609763e+05   2.0000000000e-02 
  1.3372379165e+21   8.9740859949e+17   2.0152362729e+61   1.9801434897e-23   2.2846784087e-13   2.9191484574e+05   2.0000000000e-02 
  1.3381330308e+21   8.9511428324e+17   2.0127803749e+61   2.0078832574e-23   2.3088158290e-13   2.9242642139e+05   2.0000000000e-02 
  1.3390245235e+21   8.9149269301e+17   2.0073150378e+61   2.0368432425e-23   2.3339315629e-13   2.9295925359e+05   2.0000000000e-02 
  1.3399044244e+21   8.7990091469e+17   1.9838372826e+61   2.0670137830e-23   2.3600018540e-13   2.9352271231e+05   2.0000000000e-02 
  1.3406321784e+21   7.2775398131e+17   1.6427745162e+61   2.0951274800e-23   2.3842104774e-13   2.9408802751e+05   2.0000000000e-02 
  1.3413446858e+21   7.1250743628e+17   1.6100869816e+61   2.1213176101e-23   2.4066972944e-13   2.9463585997e+05   2.0000000000e-02 
  1.3420548159e+21   7.1013010291e+17   1.6064176809e+61   2.1487877558e-23   2.4302143443e-13   2.9519881084e+05   2.0000000000e-02 
  1.3427631312e+21   7.0831524445e+17   1.6040066192e+61   2.1777900051e-23   2.4549603086e-13   2.9579239465e+05   2.0000000000e-02 
  1.3434691542e+21   7.0602301879e+17   1.6005007150e+61   2.2085685236e-23   2.4808870998e-13   2.9645095814e+05   2.0000000000e-02 
  1.3441729103e+21   7.0375608077e+17   1.5970367217e+61   2.2400136552e-23   2.5066163265e-13   2.9719636660e+05   2.0000000000e-02 
  1.3448738615e+21   7.0095121576e+17   1.5923348059e+61   2.2734671952e-23   2.5339003584e-13   2.9794272785e+05   2.0000000000e-02 
  1.3455719112e+21   6.9804969454e+17   1.5873939103e+61   2.3082464884e-23   2.5621402467e-13   2.9869643671e+05   2.0000000000e-02 
  1.3462662861e+21   6.9437486885e+17   1.5806720701e+61   2.3425110013e-23   2.5898515165e-13   2.9950780171e+05   2.0000000000e-02 
  1.3469554892e+21   6.8920318535e+17   1.5705124824e+61   2.3785669196e-23   2.6189532693e-13   3.0028853609e+05   2.0000000000e-02 
  1.3474813740e+21   5.2588473801e+17   1.1994343118e+61   2.4127844936e-23   2.6464282886e-13   3.0087017805e+05   2.0000000000e-02 
  1.3479954219e+21   5.1404791775e+17   1.1733421641e+61   2.4419261850e-23   2.6696783482e-13   3.0143255035e+05   2.0000000000e-02 
  1.3485079387e+21   5.1251679811e+17   1.1707385364e+61   2.4662266950e-23   2.6889271121e-13   3.0216224096e+05   2.0000000000e-02 
  1.3490174193e+21   5.0948057852e+17   1.1646852703e+61   2.4980170397e-23   2.7143580631e-13   3.0326043810e+05   2.0000000000e-02 
  1.3495538576e+21   5.3643828766e+17   1.2272624117e+61   2.5065991987e-23   2.7224373985e-13   3.0331670061e+05   2.0000000000e-02 
  1.3501852870e+21   6.3142946189e+17   1.4458336546e+61   2.0904622130e-23   2.3903329232e-13   2.8208811790e+05   2.0000000000e-02 
  1.3512906153e+21   1.1053283276e+18   2.5342146261e+61   5.6762462778e-24   9.9162943821e-14   1.4496575665e+05   2.0000000000e-02 
  1.3530040650e+21   1.7134496946e+18   3.9366727768e+61   2.5035058537e-24   5.6594848939e-14   2.1176557688e+04   2.0000000000e-02 
  1.3549107919e+21   1.9067268501e+18   4.3924662856e+61   2.2492647308e-24   5.2283935600e-14   1.9036949895e+03   2.0000000000e-02 
  1.3568411222e+21   1.9303303539e+18   4.4594520309e+61   2.2266340330e-24   5.1905568932e-14   1.5664444677e+02   2.0000000000e-02 
  1.3587734815e+21   1.9323592774e+18   4.4768659813e+61   2.2247541715e-24   5.1874178987e-14   1.2773478008e+01   2.0000000000e-02 
  1.3607060068e+21   1.9325252572e+18   4.4900037058e+61   2.2246007902e-24   5.1871616387e-14   1.0361549911e+00   2.0000000000e-02 
  1.3626385455e+21   1.9325387246e+18   4.5028070001e+61   2.2245883509e-24   5.1871408354e-14   8.3598616761e-02   2.0000000000e-02 
  1.3645710853e+21   1.9325398099e+18   4.5155997281e+61   2.2245873484e-24   5.1871391567e-14   6.7365923260e-03   2.0000000000e-02 
  1.3665036252e+21   1.9325398995e+18   4.5284082805e+61   2.2245872655e-24   5.1871390188e-14   5.1890182103e-04   2.0000000000e-02 
  1.3684361651e+21   1.9325399057e+18   4.5412347779e+61   2.2245872598e-24   5.1871390087e-14   2.9675883353e-05   2.0000000000e-02 
  1.3703687050e+21   1.9325399057e+18   4.5540794004e+61   2.2245872600e-24   5.1871390088e-14   4.3694459123e-07   2.0000000000e-02 
  1.3723012449e+21   1.9325399057e+18   4.5669421624e+61   2.2245872600e-24   5.1871390089e-14  -2.3932091577e-07   2.0000000000e-02 
  1.3742337848e+21   1.9325399057e+18   4.5798230639e+61   2.2245872600e-24   5.1871390089e-14  -2.6401843071e-07   2.0000000000e-02 
  1.3761663247e+21   1.9325399057e+18   4.5927221048e+61   2.2245872600e-24   5.1871390089e-14  -2.2864653510e-07   2.0000000000e-02 
  1.3780988646e+21   1.9325399057e+18   4.6056392853e+61   2.2245872600e-24   5.1871390089e-14  -1.0028772191e-07   2.0000000000e-02 
  1.3800314046e+21   1.9325399057e+18   4.6185746053e+61   2.2245872600e-24   5.1871390089e-14   8.7144442446e-08   2.0000000000e-02 
  1.3819639445e+21   1.9325399057e+18   4.6315280647e+61   2.2245872600e-24   5.1871390089e-14   3.4555265684e-07   2.0000000000e-02 
  1.3838964844e+21   1.9325399057e+18   4.6444996637e+61   2.2245872600e-24   5.1871390089e-14   8.0066061281e-07   2.0000000000e-02 
  1.3858290243e+21   1.9325399057e+18   4.6574894021e+61   2.2245872600e-24   5.1871390089e-14   1.2201004481e-06   2.0000000000e-02 
  1.3877615642e+21   1.9325399057e+18   4.6704972801e+61   2.2245872600e-24   5.1871390089e-14   1.3718706152e-06   2.0000000000e-02 
  1.3896941041e+21   1.9325399057e+18   4.6835232976e+61   2.2245872600e-24   5.1871390089e-14   1.3700053225e-06   2.0000000000e-02 
  1.3916266440e+21   1.9325399057e+18   4.6965674545e+61   2.2245872600e-24   5.1871390089e-14   1.3125694963e-06   2.0000000000e-02 
  1.3935591839e+21   1.9325399057e+18   4.7096297510e+61   2.2245872600e-24   5.1871390089e-14   1.1989310537e-06   2.0000000000e-02 
  1.3954917238e+21   1.9325399057e+18   4.7227101869e+61   2.2245872600e-24   5.1871390088e-14   1.0366317359e-06   2.0000000000e-02 
  1.3974242637e+21   1.9325399057e+18   4.7358087624e+61   2.2245872600e-24   5.1871390088e-14   9.0667022948e-07   2.0000000000e-02 
  1.3993568036e+21   1.9325399057e+18   4.7489254773e+61   2.2245872600e-24   5.1871390089e-14   8.5515772142e-07   2.0000000000e-02 
  1.4012893435e+21   1.9325399057e+18   4.7620603318e+61   2.2245872600e-24   5.1871390089e-14   6.1473459983e-07   2.0000000000e-02 
  1.4032218834e+21   1.9325399057e+18   4.7752133257e+61   2.2245872600e-24   5.1871390089e-14  -9.6892118702e-07   2.0000000000e-02 
  1.4051544233e+21   1.9325399057e+18   4.7883844591e+61   2.2245872600e-24   5.1871390089e-14  -3.1631610145e-06   2.0000000000e-02 
  1.4070869632e+21   1.9325399057e+18   4.8015737321e+61   2.2245872600e-24   5.1871390090e-14  -4.2143128514e-06   2.0000000000e-02 
  1.4090195031e+21   1.9325399057e+18   4.8147811445e+61   2.2245872600e-24   5.1871390090e-14  -4.5886815984e-06   2.0000000000e-02 
  1.4109520430e+21   1.9325399057e+18   4.8280066965e+61   2.2245872600e-24   5.1871390090e-14  -4.9530124372e-06   2.0000000000e-02 
  1.4128845830e+21   1.9325399057e+18   4.8412503879e+61   2.2245872600e-24   5.1871390090e-14  -5.4391429366e-06   2.0000000000e-02 
  1.4148171229e+21   1.9325399057e+18   4.8545122188e+61   2.2245872600e-24   5.1871390090e-14  -5.6925619384e-06   2.0000000000e-02 
  1.4167496628e+21   1.9325399057e+18   4.8677921893e+61   2.2245872600e-24   5.1871390090e-14  -5.2804613534e-06   2.0000000000e-02 
  1.4186822027e+21   1.9325399057e+18   4.8810902992e+61   2.2245872600e-24   5.1871390090e-14  -4.9280709571e-06   2.0000000000e-02 
  1.4206147426e+21   1.9325399057e+18   4.8944065486e+61   2.2245872600e-24   5.1871390090e-14  -4.8544497143e-06   2.0000000000e-02 
  1.4225472825e+21   1.9325399057e+18   4.9077409376e+61   2.2245872600e-24   5.1871390090e-14  -5.0276340178e-06   2.0000000000e-02 
  1.4244798224e+21   1.9325399057e+18   4.9210934660e+61   2.2245872600e-24   5.1871390090e-14  -5.8911571132e-06   2.0000000000e-02 
  1.4264123623e+21   1.9325399057e+18   4.9344641339e+61   2.2245872600e-24   5.1871390091e-14  -6.9193996613e-06   2.0000000000e-02 
  1.4283449022e+21   1.9325399057e+18   4.9478529413e+61   2.2245872600e-24   5.1871390091e-14  -7.6112853717e-06   2.0000000000e-02 
  1.4302774421e+21   1.9325399057e+18   4.9612598883e+61   2.2245872600e-24   5.1871390091e-14  -8.1752343809e-06   2.0000000000e-02 
  1.4322099820e+21   1.9325399057e+18   4.9746849747e+61   2.2245872600e-24   5.1871390091e-14  -8.3503557383e-06   2.0000000000e-02 
  1.4341425219e+21   1.9325399057e+18   4.9881282006e+61   2.2245872600e-24   5.1871390091e-14  -8.3035480899e-06   2.0000000000e-02 
  1.4360750618e+21   1.9325399057e+18   5.0015895660e+61   2.2245872600e-24   5.1871390091e-14  -8.2524550779e-06   2.0000000000e-02 
  1.4380076017e+21   1.9325399057e+18   5.0150690709e+61   2.2245872600e-24   5.1871390091e-14  -8.2869771613e-06   2.0000000000e-02 
  1.4399401416e+21   1.9325399057e+18   5.0285667153e+61   2.2245872600e-24   5.1871390091e-14  -8.4327249726e-06   2.0000000000e-02 
  1.4418726815e+21   1.9325399057e+18   5.0420824992e+61   2.2245872600e-24   5.1871390091e-14  -8.6510350535e-06   2.0000000000e-02 
  1.4438052214e+21   1.9325399057e+18   5.0556164226e+61   2.2245872600e-24   5.1871390091e-14  -8.8394830890e-06   2.0000000000e-02 
  1.4457377613e+21   1.9325399057e+18   5.0691684856e+61   2.2245872600e-24   5.1871390091e-14  -8.9688750918e-06   2.0000000000e-02 
  1.4476703013e+21   1.9325399057e+18   5.0827386880e+61   2.2245872600e-24   5.1871390091e-14  -9.0595705923e-06   2.0000000000e-02 
  1.4496028412e+21   1.9325399057e+18   5.0963270299e+61   2.2245872600e-24   5.1871390091e-14  -9.0292696226e-06   2.0000000000e-02 
  1.4515353811e+21   1.9325399057e+18   5.1099335113e+61   2.2245872600e-24   5.1871390091e-14  -8.7470481574e-06   2.0000000000e-02 
  1.4534679210e+21   1.9325399057e+18   5.1235581322e+61   2.2245872600e-24   5.1871390091e-14  -8.1666464785e-06   2.0000000000e-02 
  1.4554004609e+21   1.9325399057e+18   5.1372008926e+61   2.2245872600e-24   5.1871390091e-14  -7.5606530172e-06   2.0000000000e-02 
  1.4573330008e+21   1.9325399057e+18   5.1508617925e+61   2.2245872600e-24   5.1871390091e-14  -6.5667788405e-06   2.0000000000e-02 
  1.4592655407e+21   1.9325399057e+18   5.1645408319e+61   2.2245872600e-24   5.1871390090e-14  -5.1148103708e-06   2.0000000000e-02 
  1.4611980806e+21   1.9325399057e+18   5.1782380108e+61   2.2245872600e-24   5.1871390090e-14  -4.2564980057e-06   2.0000000000e-02 
  1.4631306205e+21   1.9325399057e+18   5.1919533291e+61   2.2245872600e-24   5.1871390090e-14  -4.0002392673e-06   2.0000000000e-02 
  1.4650631604e+21   1.9325399057e+18   5.2056867870e+61   2.2245872600e-24   5.1871390090e-14  -3.7706032731e-06   2.0000000000e-02 
  1.4669957003e+21   1.9325399057e+18   5.2194383844e+61   2.2245872600e-24   5.1871390090e-14  -3.6865220531e-06   2.0000000000e-02 
  1.4689282402e+21   1.9325399057e+18   5.2332081213e+61   2.2245872600e-24   5.1871390090e-14  -3.7756626611e-06   2.0000000000e-02 
  1.4708607801e+21   1.9325399057e+18   5.2469959977e+61   2.2245872600e-24   5.1871390090e-14  -3.8951823584e-06   2.0000000000e-02 
  1.4727933200e+21   1.9325399057e+18   5.2608020136e+61   2.2245872600e-24   5.1871390090e-14  -3.9642733123e-06   2.0000000000e-02 
  1.4747258599e+21   1.9325399057e+18   5.2746261690e+61   2.2245872600e-24   5.1871390090e-14  -4.0162350528e-06   2.0000000000e-02 
  1.4766583998e+21   1.9325399057e+18   5.2884684638e+61   2.2245872600e-24   5.1871390090e-14  -4.0771536220e-06   2.0000000000e-02 
  1.4785909397e+21   1.9325399057e+18   5.3023288982e+61   2.2245872600e-24   5.1871390090e-14  -4.1854822522e-06   2.0000000000e-02 
  1.4805234797e+21   1.9325399057e+18   5.3162074721e+61   2.2245872600e-24   5.1871390090e-14  -4.5088610080e-06   2.0000000000e-02 
  1.4824560196e+21   1.9325399057e+18   5.3301041855e+61   2.2245872600e-24   5.1871390090e-14  -4.7859177373e-06   2.0000000000e-02 
  1.4843885595e+21   1.9325399057e+18   5.3440190383e+61   2.2245872600e-24   5.1871390090e-14  -4.6450057886e-06   2.0000000000e-02 
  1.4863210994e+21   1.9325399057e+18   5.3579520307e+61   2.2245872600e-24   5.1871390090e-14  -4.1801784657e-06   2.0000000000e-02 
  1.4882536393e+21   1.9325399057e+18   5.3719031626e+61   2.2245872600e-24   5.1871390090e-14  -3.8615989699e-06   2.0000000000e-02 
  1.4901861792e+21   1.9325399057e+18   5.3858724340e+61   2.2245872600e-24   5.1871390090e-14  -3.6074711395e-06   2.0000000000e-02 
  1.4921187191e+21   1.9325399057e+18   5.3998598448e+61   2.2245872600e-24   5.1871390090e-14  -3.4378935494e-06   2.0000000000e-02 
  1.4940512590e+21   1.9325399057e+18   5.4138653952e+61   2.2245872600e-24   5.1871390089e-14  -3.2960234409e-06   2.0000000000e-02 
  1.4959837989e+21   1.9325399057e+18   5.4278890850e+61   2.2245872600e-24   5.1871390089e-14  -3.1688818003e-06   2.0000000000e-02 
  1.4979163388e+21   1.9325399057e+18   5.4419309144e+61   2.2245872600e-24   5.1871390089e-14  -3.1538799679e-06   2.0000000000e-02 
  1.4998488787e+21   1.9325399057e+18   5.4559908833e+61   2.2245872600e-24   5.1871390089e-14  -3.1874307399e-06   2.0000000000e-02 
  1.5017814186e+21   1.9325399057e+18   5.4700689916e+61   2.2245872600e-24   5.1871390089e-14  -3.1715212701e-06   2.0000000000e-02 
  1.5037139585e+21   1.9325399057e+18   5.4841652395e+61   2.2245872600e-24   5.1871390089e-14  -3.1273782268e-06   2.0000000000e-02 
  1.5056464984e+21   1.9325399057e+18   5.4982796268e+61   2.2245872600e-24   5.1871390089e-14  -3.0590014502e-06   2.0000000000e-02 
  1.5075790383e+21   1.9325399057e+18   5.5124121537e+61   2.2245872600e-24   5.1871390089e-14  -2.9937843512e-06   2.0000000000e-02 
  1.5095115782e+21   1.9325399057e+18   5.5265628200e+61   2.2245872600e-24   5.1871390089e-14  -2.9226491723e-06   2.0000000000e-02 
  1.5114441181e+21   1.9325399057e+18   5.5407316259e+61   2.2245872600e-24   5.1871390089e-14  -2.8357724350e-06   2.0000000000e-02 
  1.5133766580e+21   1.9325399057e+18   5.5549185712e+61   2.2245872600e-24   5.1871390089e-14  -2.7715109078e-06   2.0000000000e-02 
  1.5153091980e+21   1.9325399057e+18   5.5691236561e+61   2.2245872600e-24   5.1871390089e-14  -2.7492836659e-06   2.0000000000e-02 
  1.5172417379e+21   1.9325399057e+18   5.5833468804e+61   2.2245872600e-24   5.1871390089e-14  -2.7820285441e-06   2.0000000000e-02 
  1.5191742778e+21   1.9325399057e+18   5.5975882443e+61   2.2245872600e-24   5.1871390089e-14  -2.9113401125e-06   2.0000000000e-02 
  1.5211068177e+21   1.9325399057e+18   5.6118477476e+61   2.2245872600e-24   5.1871390089e-14  -3.1810715792e-06   2.0000000000e-02 
  1.5230393576e+21   1.9325399057e+18   5.6261253905e+61   2.2245872600e-24   5.1871390089e-14  -3.5172620292e-06   2.0000000000e-02 
  1.5249718975e+21   1.9325399057e+18   5.6404211728e+61   2.2245872600e-24   5.1871390090e-14  -3.7985577566e-06   2.0000000000e-02 
  1.5269044374e+21   1.9325399057e+18   5.6547350946e+61   2.2245872600e-24   5.1871390090e-14  -3.9280230779e-06   2.0000000000e-02 
  1.5288369773e+21   1.9325399057e+18   5.6690671560e+61   2.2245872600e-24   5.1871390090e-14  -4.1198891593e-06   2.0000000000e-02 
  1.5307695172e+21   1.9325399057e+18   5.6834173568e+61   2.2245872600e-24   5.1871390090e-14  -4.7699332992e-06   2.0000000000e-02 
  1.5327020571e+21   1.9325399057e+18   5.6977856971e+61   2.2245872600e-24   5.1871390090e-14  -5.5121441665e-06   2.0000000000e-02 
  1.5346345970e+21   1.9325399057e+18   5.7121721770e+61   2.2245872600e-24   5.1871390090e-14  -5.5697236225e-06   2.0000000000e-02 
  1.5365671369e+21   1.9325399057e+18   5.7265767963e+61   2.2245872600e-24   5.1871390090e-14  -5.2051096827e-06   2.0000000000e-02 
  1.5384996768e+21   1.9325399057e+18   5.7409995551e+61   2.2245872600e-24   5.1871390090e-14  -4.5703641138e-06   2.0000000000e-02 
  1.5404322167e+21   1.9325399057e+18   5.7554404534e+61   2.2245872600e-24   5.1871390090e-14  -4.0988669520e-06   2.0000000000e-02 
  1.5423647566e+21   1.9325399057e+18   5.7698994913e+61   2.2245872600e-24   5.1871390090e-14  -3.9422129105e-06   2.0000000000e-02 
  1.5442972965e+21   1.9325399057e+18   5.7843766686e+61   2.2245872600e-24   5.1871390090e-14  -3.8741769592e-06   2.0000000000e-02 
  1.5462298364e+21   1.9325399057e+18   5.7988719854e+61   2.2245872600e-24   5.1871390090e-14  -3.8080045321e-06   2.0000000000e-02 
  1.5481623764e+21   1.9325399057e+18   5.8133854417e+61   2.2245872600e-24   5.1871390090e-14  -3.6958638231e-06   2.0000000000e-02 
  1.5500949163e+21   1.9325399057e+18   5.8279170375e+61   2.2245872600e-24   5.1871390090e-14  -3.4137839626e-06   2.0000000000e-02 
  1.5520274562e+21   1.9325399057e+18   5.8424667728e+61   2.2245872600e-24   5.1871390090e-14  -3.0481300541e-06   2.0000000000e-02 
  1.5539599961e+21   1.9325399057e+18   5.8570346477e+61   2.2245872600e-24   5.1871390090e-14  -2.7350028148e-06   2.0000000000e-02 
  1.5558925360e+21   1.9325399057e+18   5.8716206620e+61   2.2245872600e-24   5.1871390090e-14  -2.5727581039e-06   2.0000000000e-02 
  1.5578250759e+21   1.9325399057e+18   5.8862248158e+61   2.2245872600e-24   5.1871390090e-14  -2.5029603558e-06   2.0000000000e-02 
  1.5597576158e+21   1.9325399057e+18   5.9008471091e+61   2.2245872600e-24   5.1871390090e-14  -2.5562831588e-06   2.0000000000e-02 
  1.5616901557e+21   1.9325399057e+18   5.9154875419e+61   2.2245872600e-24   5.1871390090e-14  -2.6681884695e-06   2.0000000000e-02 
  1.5636226956e+21   1.9325399057e+18   5.9301461142e+61   2.2245872600e-24   5.1871390090e-14  -2.7970425270e-06   2.0000000000e-02 
  1.5655552355e+21   1.9325399057e+18   5.9448228260e+61   2.2245872600e-24   5.1871390090e-14  -2.9049516699e-06   2.0000000000e-02 
  1.5674877754e+21   1.9325399057e+18   5.9595176773e+61   2.2245872600e-24   5.1871390090e-14  -2.9946631267e-06   2.0000000000e-02 
  1.5694203153e+21   1.9325399057e+18   5.9742306681e+61   2.2245872600e-24   5.1871390090e-14  -3.0532740628e-06   2.0000000000e-02 
  1.5713528552e+21   1.9325399057e+18   5.9889617984e+61   2.2245872600e-24   5.1871390090e-14  -3.0604546607e-06   2.0000000000e-02 
  1.5732853951e+21   1.9325399057e+18   6.0037110682e+61   2.2245872600e-24   5.1871390090e-14  -3.0052627733e-06   2.0000000000e-02 
  1.5752179350e+21   1.9325399057e+18   6.0184784775e+61   2.2245872600e-24   5.1871390090e-14  -2.9826846550e-06   2.0000000000e-02 
  1.5771504749e+21   1.9325399057e+18   6.0332640263e+61   2.2245872600e-24   5.1871390090e-14  -3.1057196830e-06   2.0000000000e-02 
  1.5790830148e+21   1.9325399057e+18   6.0480677146e+61   2.2245872600e-24   5.1871390089e-14  -3.2820804199e-06   2.0000000000e-02 
  1.5810155547e+21   1.9325399057e+18   6.0628895424e+61   2.2245872600e-24   5.1871390089e-14  -3.7077657742e-06   2.0000000000e-02 
  1.5829480947e+21   1.9325399057e+18   6.0777295096e+61   2.2245872600e-24   5.1871390089e-14  -4.5058332536e-06   2.0000000000e-02 
  1.5848806346e+21   1.9325399057e+18   6.0925876164e+61   2.2245872600e-24   5.1871390089e-14  -4.8640315585e-06   2.0000000000e-02 
  1.5868131745e+21   1.9325399057e+18   6.1074638627e+61   2.2245872600e-24   5.1871390089e-14  -4.6232009551e-06   2.0000000000e-02 
  1.5887457144e+21   1.9325399057e+18   6.1223582485e+61   2.2245872600e-24   5.1871390089e-14  -4.0858877451e-06   2.0000000000e-02 
  1.5906782543e+21   1.9325399057e+18   6.1372707738e+61   2.2245872600e-24   5.1871390089e-14  -3.6804051947e-06   2.0000000000e-02 
  1.5926107942e+21   1.9325399057e+18   6.1522014386e+61   2.2245872600e-24   5.1871390089e-14  -3.4980801051e-06   2.0000000000e-02 
  1.5945433341e+21   1.9325399057e+18   6.1671502428e+61   2.2245872600e-24   5.1871390089e-14  -3.3257105767e-06   2.0000000000e-02 
  1.5964758740e+21   1.9325399057e+18   6.1821171866e+61   2.2245872600e-24   5.1871390089e-14  -3.0944755254e-06   2.0000000000e-02 
  1.5984084139e+21   1.9325399057e+18   6.1971022699e+61   2.2245872600e-24   5.1871390089e-14  -2.8382945736e-06   2.0000000000e-02 
  1.6003409538e+21   1.9325399057e+18   6.2121054927e+61   2.2245872600e-24   5.1871390089e-14  -2.4986747137e-06   2.0000000000e-02 
  1.6022734937e+21   1.9325399057e+18   6.2271268549e+61   2.2245872600e-24   5.1871390088e-14  -2.2249152579e-06   2.0000000000e-02 
  1.6042060336e+21   1.9325399057e+18   6.2421663567e+61   2.2245872600e-24   5.1871390088e-14  -2.1106236666e-06   2.0000000000e-02 
  1.6061385735e+21   1.9325399057e+18   6.2572239980e+61   2.2245872600e-24   5.1871390088e-14  -1.8253849840e-06   2.0000000000e-02 
  1.6080711134e+21   1.9325399057e+18   6.2722997787e+61   2.2245872600e-24   5.1871390088e-14  -1.2134090096e-06   2.0000000000e-02 
  1.6100036533e+21   1.9325399057e+18   6.2873936990e+61   2.2245872600e-24   5.1871390088e-14  -5.8730919834e-07   2.0000000000e-02 
  1.6119361932e+21   1.9325399057e+18   6.3025057587e+61   2.2245872600e-24   5.1871390088e-14   2.2009655268e-07   2.0000000000e-02 
  1.6138687331e+21   1.9325399057e+18   6.3176359580e+61   2.2245872600e-24   5.1871390088e-14   1.1817733912e-06   2.0000000000e-02 
  1.6158012731e+21   1.9325399057e+18   6.3327842968e+61   2.2245872600e-24   5.1871390088e-14   1.4680543919e-06   2.0000000000e-02 
  1.6177338130e+21   1.9325399057e+18   6.3479507750e+61   2.2245872600e-24   5.1871390087e-14   1.2144255703e-06   2.0000000000e-02 
  1.6196663529e+21   1.9325399057e+18   6.3631353928e+61   2.2245872600e-24   5.1871390087e-14   4.6318607917e-07   2.0000000000e-02 
  1.6215988928e+21   1.9325399057e+18   6.3783381500e+61   2.2245872600e-24   5.1871390087e-14  -2.0895418100e-07   2.0000000000e-02 
  1.6235314327e+21   1.9325399057e+18   6.3935590468e+61   2.2245872600e-24   5.1871390087e-14  -8.1586111218e-07   2.0000000000e-02 
  1.6254639726e+21   1.9325399057e+18   6.4087980830e+61   2.2245872600e-24   5.1871390087e-14  -1.5474034629e-06   2.0000000000e-02 
  1.6273965125e+21   1.9325399057e+18   6.4240552588e+61   2.2245872600e-24   5.1871390086e-14  -1.9465814071e-06   2.0000000000e-02 
  1.6293290524e+21   1.9325399057e+18   6.4393305740e+61   2.2245872600e-24   5.1871390086e-14  -2.1488581392e-06   2.0000000000e-02 
  1.6312615923e+21   1.9325399057e+18   6.4546240288e+61   2.2245872600e-24   5.1871390086e-14  -2.5402025949e-06   2.0000000000e-02 
  1.6331941322e+21   1.9325399057e+18   6.4699356230e+61   2.2245872600e-24   5.1871390086e-14  -2.9164346622e-06   2.0000000000e-02 
  1.6351266721e+21   1.9325399057e+18   6.4852653568e+61   2.2245872600e-24   5.1871390086e-14  -3.1104309989e-06   2.0000000000e-02 
  1.6370592120e+21   1.9325399057e+18   6.5006132300e+61   2.2245872600e-24   5.1871390086e-14  -3.2394689711e-06   2.0000000000e-02 
  1.6389917519e+21   1.9325399057e+18   6.5159792427e+61   2.2245872600e-24   5.1871390086e-14  -3.3029640994e-06   2.0000000000e-02 
  1.6409242918e+21   1.9325399057e+18   6.5313633950e+61   2.2245872600e-24   5.1871390086e-14  -3.2212186986e-06   2.0000000000e-02 
  1.6428568317e+21   1.9325399057e+18   6.5467656867e+61   2.2245872600e-24   5.1871390086e-14  -3.0084708496e-06   2.0000000000e-02 
  1.6447893716e+21   1.9325399057e+18   6.5621861179e+61   2.2245872600e-24   5.1871390086e-14  -2.6963019545e-06   2.0000000000e-02 
  1.6467219115e+21   1.9325399057e+18   6.5776246887e+61   2.2245872600e-24   5.1871390086e-14  -2.3636664553e-06   2.0000000000e-02 
  1.6486544514e+21   1.9325399057e+18   6.5930813989e+61   2.2245872600e-24   5.1871390086e-14  -2.0302610493e-06   2.0000000000e-02 
  1.6505869914e+21   1.9325399057e+18   6.6085562486e+61   2.2245872600e-24   5.1871390086e-14  -1.3145299402e-06   2.0000000000e-02 
  1.6525195313e+21   1.9325399057e+18   6.6240492379e+61   2.2245872600e-24   5.1871390086e-14   9.8272073149e-08   2.0000000000e-02 
  1.6544520712e+21   1.9325399057e+18   6.6395603666e+61   2.2245872600e-24   5.1871390086e-14   1.5352509490e-06   2.0000000000e-02 
  1.6563846111e+21   1.9325399057e+18   6.6550896348e+61   2.2245872600e-24   5.1871390086e-14   2.3251729505e-06   2.0000000000e-02 
  1.6583171510e+21   1.9325399057e+18   6.6706370425e+61   2.2245872600e-24   5.1871390086e-14   2.8651716564e-06   2.0000000000e-02 
  1.6602496909e+21   1.9325399057e+18   6.6862025897e+61   2.2245872600e-24   5.1871390086e-14   3.1635558155e-06   2.0000000000e-02 
  1.6621822308e+21   1.9325399057e+18   6.7017862765e+61   2.2245872600e-24   5.1871390086e-14   3.1634580227e-06   2.0000000000e-02 
  1.6641147707e+21   1.9325399057e+18   6.7173881027e+61   2.2245872600e-24   5.1871390086e-14   3.1261848331e-06   2.0000000000e-02 
  1.6660473106e+21   1.9325399057e+18   6.7330080684e+61   2.2245872600e-24   5.1871390086e-14   3.0777197352e-06   2.0000000000e-02 
  1.6679798505e+21   1.9325399057e+18   6.7486461736e+61   2.2245872600e-24   5.1871390086e-14   3.0347867725e-06   2.0000000000e-02 
  1.6699123904e+21   1.9325399057e+18   6.7643024183e+61   2.2245872600e-24   5.1871390086e-14   2.8790589704e-06   2.0000000000e-02 
  1.6718449303e+21   1.9325399057e+18   6.7799768025e+61   2.2245872600e-24   5.1871390087e-14   2.4889857827e-06   2.0000000000e-02 
  1.6737774702e+21   1.9325399057e+18   6.7956693262e+61   2.2245872600e-24   5.1871390087e-14   2.3078616773e-06   2.0000000000e-02 
  1.6757100101e+21   1.9325399057e+18   6.8113799894e+61   2.2245872600e-24   5.1871390087e-14   2.3467674694e-06   2.0000000000e-02 
  1.6776425500e+21   1.9325399057e+18   6.8271087921e+61   2.2245872600e-24   5.1871390088e-14   2.3724809298e-06   2.0000000000e-02 
  1.6795750899e+21   1.9325399057e+18   6.8428557343e+61   2.2245872600e-24   5.1871390088e-14   2.6330677782e-06   2.0000000000e-02 
  1.6815076298e+21   1.9325399057e+18   6.8586208160e+61   2.2245872600e-24   5.1871390088e-14   3.4233690556e-06   2.0000000000e-02 
  1.6834401697e+21   1.9325399057e+18   6.8744040372e+61   2.2245872600e-24   5.1871390089e-14   4.3580467215e-06   2.0000000000e-02 
  1.6853727097e+21   1.9325399057e+18   6.8902053979e+61   2.2245872600e-24   5.1871390089e-14   5.1960893638e-06   2.0000000000e-02 
  1.6873052496e+21   1.9325399057e+18   6.9060248981e+61   2.2245872600e-24   5.1871390089e-14   5.6874915171e-06   2.0000000000e-02 
  1.6892377895e+21   1.9325399057e+18   6.9218625378e+61   2.2245872600e-24   5.1871390089e-14   6.1302234503e-06   2.0000000000e-02 
  1.6911703294e+21   1.9325399057e+18   6.9377183170e+61   2.2245872600e-24   5.1871390089e-14   6.4711286853e-06   2.0000000000e-02 
  1.6931028693e+21   1.9325399057e+18   6.9535922357e+61   2.2245872600e-24   5.1871390089e-14   6.6748354436e-06   2.0000000000e-02 
  1.6950354092e+21   1.9325399057e+18   6.9694842939e+61   2.2245872600e-24   5.1871390089e-14   6.8470370335e-06   2.0000000000e-02 
  1.6969679491e+21   1.9325399057e+18   6.9853944916e+61   2.2245872600e-24   5.1871390089e-14   7.0395027592e-06   2.0000000000e-02 
  1.6989004890e+21   1.9325399057e+18   7.0013228288e+61   2.2245872600e-24   5.1871390089e-14   7.3029908703e-06   2.0000000000e-02 
  1.7008330289e+21   1.9325399057e+18   7.0172693055e+61   2.2245872600e-24   5.1871390089e-14   7.6229128683e-06   2.0000000000e-02 
  1.7027655688e+21   1.9325399057e+18   7.0332339216e+61   2.2245872600e-24   5.1871390089e-14   7.9319159493e-06   2.0000000000e-02 
  1.7046981087e+21   1.9325399057e+18   7.0492166773e+61   2.2245872600e-24   5.1871390089e-14   8.1003219100e-06   2.0000000000e-02 
  1.7066306486e+21   1.9325399057e+18   7.0652175725e+61   2.2245872600e-24   5.1871390089e-14   8.0969016539e-06   2.0000000000e-02 
  1.7085631885e+21   1.9325399057e+18   7.0812366072e+61   2.2245872600e-24   5.1871390089e-14   7.9018541929e-06   2.0000000000e-02 
  1.7104957284e+21   1.9325399057e+18   7.0972737814e+61   2.2245872600e-24   5.1871390089e-14   7.5213211982e-06   2.0000000000e-02 
  1.7124282683e+21   1.9325399057e+18   7.1133290950e+61   2.2245872600e-24   5.1871390089e-14   7.0865735849e-06   2.0000000000e-02 
  1.7143608082e+21   1.9325399057e+18   7.1294025482e+61   2.2245872600e-24   5.1871390089e-14   6.6831884453e-06   2.0000000000e-02 
  1.7162933481e+21   1.9325399057e+18   7.1454941409e+61   2.2245872600e-24   5.1871390089e-14   6.3083070687e-06   2.0000000000e-02 
  1.7182258881e+21   1.9325399057e+18   7.1616038730e+61   2.2245872600e-24   5.1871390089e-14   5.9681845106e-06   2.0000000000e-02 
  1.7201584280e+21   1.9325399057e+18   7.1777317447e+61   2.2245872600e-24   5.1871390089e-14   5.6962886784e-06   2.0000000000e-02 
  1.7220909679e+21   1.9325399057e+18   7.1938777559e+61   2.2245872600e-24   5.1871390089e-14   5.5344568027e-06   2.0000000000e-02 
  1.7240235078e+21   1.9325399057e+18   7.2100419065e+61   2.2245872600e-24   5.1871390089e-14   5.4525984645e-06   2.0000000000e-02 
  1.7259560477e+21   1.9325399057e+18   7.2262241967e+61   2.2245872600e-24   5.1871390089e-14   5.3743989698e-06   2.0000000000e-02 
  1.7278885876e+21   1.9325399057e+18   7.2424246264e+61   2.2245872600e-24   5.1871390089e-14   5.2139204843e-06   2.0000000000e-02 
  1.7298211275e+21   1.9325399057e+18   7.2586431955e+61   2.2245872600e-24   5.1871390089e-14   4.9072534310e-06   2.0000000000e-02 
  1.7317536674e+21   1.9325399057e+18   7.2748799042e+61   2.2245872600e-24   5.1871390089e-14   4.5562303619e-06   2.0000000000e-02 
  1.7336862073e+21   1.9325399057e+18   7.2911347523e+61   2.2245872600e-24   5.1871390089e-14   4.3164784868e-06   2.0000000000e-02 
  1.7356187472e+21   1.9325399057e+18   7.3074077400e+61   2.2245872600e-24   5.1871390089e-14   4.1291729057e-06   2.0000000000e-02 
  1.7375512871e+21   1.9325399057e+18   7.3236988671e+61   2.2245872600e-24   5.1871390089e-14   3.9483599059e-06   2.0000000000e-02 
  1.7394838270e+21   1.9325399057e+18   7.3400081338e+61   2.2245872600e-24   5.1871390090e-14   3.8495921661e-06   2.0000000000e-02 
  1.7414163669e+21   1.9325399057e+18   7.3563355399e+61   2.2245872600e-24   5.1871390090e-14   3.9081373845e-06   2.0000000000e-02 
  1.7433489068e+21   1.9325399057e+18   7.3726810856e+61   2.2245872600e-24   5.1871390090e-14   3.8988011251e-06   2.0000000000e-02 
  1.7452814467e+21   1.9325399057e+18   7.3890447707e+61   2.2245872600e-24   5.1871390090e-14   3.8697767764e-06   2.0000000000e-02 
  1.7472139866e+21   1.9325399057e+18   7.4054265954e+61   2.2245872600e-24   5.1871390090e-14   3.8495887422e-06   2.0000000000e-02 
  1.7491465265e+21   1.9325399057e+18   7.4218265595e+61   2.2245872600e-24   5.1871390090e-14   3.8979325111e-06   2.0000000000e-02 
  1.7510790664e+21   1.9325399057e+18   7.4382446632e+61   2.2245872600e-24   5.1871390090e-14   4.2673380187e-06   2.0000000000e-02 
  1.7530116064e+21   1.9325399057e+18   7.4546809063e+61   2.2245872600e-24   5.1871390090e-14   4.6109286954e-06   2.0000000000e-02 
  1.7549441463e+21   1.9325399057e+18   7.4711352889e+61   2.2245872600e-24   5.1871390090e-14   4.7053473691e-06   2.0000000000e-02 
  1.7568766862e+21   1.9325399057e+18   7.4876078111e+61   2.2245872600e-24   5.1871390090e-14   4.8332941781e-06   2.0000000000e-02 
  1.7588092261e+21   1.9325399057e+18   7.5040984727e+61   2.2245872600e-24   5.1871390089e-14   4.8043697368e-06   2.0000000000e-02 
  1.7607417660e+21   1.9325399057e+18   7.5206072738e+61   2.2245872600e-24   5.1871390089e-14   4.6964156833e-06   2.0000000000e-02 
  1.7626743059e+21   1.9325399057e+18   7.5371342145e+61   2.2245872600e-24   5.1871390089e-14   4.5097099965e-06   2.0000000000e-02 
  1.7646068458e+21   1.9325399057e+18   7.5536792946e+61   2.2245872600e-24   5.1871390089e-14   4.3192444191e-06   2.0000000000e-02 
  1.7665393857e+21   1.9325399057e+18   7.5702425142e+61   2.2245872600e-24   5.1871390089e-14   4.2137126018e-06   2.0000000000e-02 
  1.7684719256e+21   1.9325399057e+18   7.5868238733e+61   2.2245872600e-24   5.1871390089e-14   4.0896629129e-06   2.0000000000e-02 
  1.7704044655e+21   1.9325399057e+18   7.6034233720e+61   2.2245872600e-24   5.1871390089e-14   3.9634734838e-06   2.0000000000e-02 
  1.7723370054e+21   1.9325399057e+18   7.6200410101e+61   2.2245872600e-24   5.1871390089e-14   3.8547501762e-06   2.0000000000e-02 
  1.7742695453e+21   1.9325399057e+18   7.6366767877e+61   2.2245872600e-24   5.1871390089e-14   3.7678419982e-06   2.0000000000e-02 
  1.7762020852e+21   1.9325399057e+18   7.6533307048e+61   2.2245872600e-24   5.1871390089e-14   3.6691862369e-06   2.0000000000e-02 
  1.7781346251e+21   1.9325399057e+18   7.6700027614e+61   2.2245872600e-24   5.1871390089e-14   3.5788256648e-06   2.0000000000e-02 
  1.7800671650e+21   1.9325399057e+18   7.6866929575e+61   2.2245872600e-24   5.1871390089e-14   3.4682294428e-06   2.0000000000e-02 
  1.7819997049e+21   1.9325399057e+18   7.7034012932e+61   2.2245872600e-24   5.1871390089e-14   3.2643649590e-06   2.0000000000e-02 
  1.7839322448e+21   1.9325399057e+18   7.7201277683e+61   2.2245872600e-24   5.1871390089e-14   2.9880103468e-06   2.0000000000e-02 
  1.7858647848e+21   1.9325399057e+18   7.7368723829e+61   2.2245872600e-24   5.1871390089e-14   2.9705370399e-06   2.0000000000e-02 
  1.7877973247e+21   1.9325399057e+18   7.7536351370e+61   2.2245872600e-24   5.1871390089e-14   3.1469071394e-06   2.0000000000e-02 
  1.7897298646e+21   1.9325399057e+18   7.7704160306e+61   2.2245872600e-24   5.1871390089e-14   3.3125212848e-06   2.0000000000e-02 
  1.7916624045e+21   1.9325399057e+18   7.7872150637e+61   2.2245872600e-24   5.1871390089e-14   3.3175996625e-06   2.0000000000e-02 
  1.7935949444e+21   1.9325399057e+18   7.8040322363e+61   2.2245872600e-24   5.1871390089e-14   3.2146029239e-06   2.0000000000e-02 
  1.7955274843e+21   1.9325399057e+18   7.8208675484e+61   2.2245872600e-24   5.1871390089e-14   2.8881676339e-06   2.0000000000e-02 
  1.7974600242e+21   1.9325399057e+18   7.8377210000e+61   2.2245872600e-24   5.1871390089e-14   2.5772631899e-06   2.0000000000e-02 
  1.7993925641e+21   1.9325399057e+18   7.8545925911e+61   2.2245872600e-24   5.1871390089e-14   2.9258137063e-06   2.0000000000e-02 
  1.8013251040e+21   1.9325399057e+18   7.8714823217e+61   2.2245872600e-24   5.1871390089e-14   3.2241027379e-06   2.0000000000e-02 
  1.8032576439e+21   1.9325399057e+18   7.8883901918e+61   2.2245872600e-24   5.1871390089e-14   3.3396561403e-06   2.0000000000e-02 
  1.8051901838e+21   1.9325399057e+18   7.9053162014e+61   2.2245872600e-24   5.1871390089e-14   3.3950768638e-06   2.0000000000e-02 
  1.8071227237e+21   1.9325399057e+18   7.9222603505e+61   2.2245872600e-24   5.1871390089e-14   3.4776588493e-06   2.0000000000e-02 
  1.8090552636e+21   1.9325399057e+18   7.9392226391e+61   2.2245872600e-24   5.1871390090e-14   3.6029651829e-06   2.0000000000e-02 
  1.8109878035e+21   1.9325399057e+18   7.9562030672e+61   2.2245872600e-24   5.1871390090e-14   3.7673405846e-06   2.0000000000e-02 
  1.8129203434e+21   1.9325399057e+18   7.9732016347e+61   2.2245872600e-24   5.1871390090e-14   3.9063274827e-06   2.0000000000e-02 
  1.8148528833e+21   1.9325399057e+18   7.9902183418e+61   2.2245872600e-24   5.1871390090e-14   4.0221797709e-06   2.0000000000e-02 
  1.8167854232e+21   1.9325399057e+18   8.0072531884e+61   2.2245872600e-24   5.1871390090e-14   4.1159131082e-06   2.0000000000e-02 
  1.8187179631e+21   1.9325399057e+18   8.0243061745e+61   2.2245872600e-24   5.1871390090e-14   4.1641377740e-06   2.0000000000e-02 
  1.8206505031e+21   1.9325399057e+18   8.0413773001e+61   2.2245872600e-24   5.1871390089e-14   4.1220148954e-06   2.0000000000e-02 
  1.8225830430e+21   1.9325399057e+18   8.0584665651e+61   2.2245872600e-24   5.1871390089e-14   4.0224238589e-06   2.0000000000e-02 
  1.8245155829e+21   1.9325399057e+18   8.0755739697e+61   2.2245872600e-24   5.1871390090e-14   3.8670204610e-06   2.0000000000e-02 
  1.8264481228e+21   1.9325399057e+18   8.0926995138e+61   2.2245872600e-24   5.1871390090e-14   3.6461384503e-06   2.0000000000e-02 
  1.8283806627e+21   1.9325399057e+18   8.1098431974e+61   2.2245872600e-24   5.1871390090e-14   3.4803409766e-06   2.0000000000e-02 
  1.8303132026e+21   1.9325399057e+18   8.1270050204e+61   2.2245872600e-24   5.1871390090e-14   3.3853896501e-06   2.0000000000e-02 
  1.8322457425e+21   1.9325399057e+18   8.1441849830e+61   2.2245872600e-24   5.1871390090e-14   3.3539107405e-06   2.0000000000e-02 
  1.8341782824e+21   1.9325399057e+18   8.1613830851e+61   2.2245872600e-24   5.1871390090e-14   3.3341455363e-06   2.0000000000e-02 
  1.8361108223e+21   1.9325399057e+18   8.1785993266e+61   2.2245872600e-24   5.1871390090e-14   3.3266947432e-06   2.0000000000e-02 
  1.8380433622e+21   1.9325399057e+18   8.1958337077e+61   2.2245872600e-24   5.1871390090e-14   3.3072324958e-06   2.0000000000e-02 
  1.8399759021e+21   1.9325399057e+18   8.2130862283e+61   2.2245872600e-24   5.1871390090e-14   3.2694137469e-06   2.0000000000e-02 
  1.8419084420e+21   1.9325399057e+18   8.2303568883e+61   2.2245872600e-24   5.1871390090e-14   3.2227037973e-06   2.0000000000e-02 
  1.8438409819e+21   1.9325399057e+18   8.2476456879e+61   2.2245872600e-24   5.1871390090e-14   3.1785521359e-06   2.0000000000e-02 
  1.8457735218e+21   1.9325399057e+18   8.2649526269e+61   2.2245872600e-24   5.1871390090e-14   3.0930127128e-06   2.0000000000e-02 
  1.8477060617e+21   1.9325399057e+18   8.2822777055e+61   2.2245872600e-24   5.1871390090e-14   2.8947415644e-06   2.0000000000e-02 
  1.8496386016e+21   1.9325399057e+18   8.2996209236e+61   2.2245872600e-24   5.1871390090e-14   2.8664373582e-06   2.0000000000e-02 
  1.8515711415e+21   1.9325399057e+18   8.3169822811e+61   2.2245872600e-24   5.1871390090e-14   3.1161618738e-06   2.0000000000e-02 
  1.8535036815e+21   1.9325399057e+18   8.3343617782e+61   2.2245872600e-24   5.1871390090e-14   3.3781277157e-06   2.0000000000e-02 
  1.8554362214e+21   1.9325399057e+18   8.3517594147e+61   2.2245872600e-24   5.1871390090e-14   3.9694372808e-06   2.0000000000e-02 
  1.8573687613e+21   1.9325399057e+18   8.3691751907e+61   2.2245872600e-24   5.1871390090e-14   4.6083195321e-06   2.0000000000e-02 
  1.8593013012e+21   1.9325399057e+18   8.3866091063e+61   2.2245872600e-24   5.1871390090e-14   5.0401627617e-06   2.0000000000e-02 
  1.8612338411e+21   1.9325399057e+18   8.4040611613e+61   2.2245872600e-24   5.1871390090e-14   5.1067648047e-06   2.0000000000e-02 
  1.8631663810e+21   1.9325399057e+18   8.4215313559e+61   2.2245872600e-24   5.1871390090e-14   4.9112864287e-06   2.0000000000e-02 
  1.8650989209e+21   1.9325399057e+18   8.4390196899e+61   2.2245872600e-24   5.1871390090e-14   4.5898704429e-06   2.0000000000e-02 
  1.8670314608e+21   1.9325399057e+18   8.4565261635e+61   2.2245872600e-24   5.1871390090e-14   4.2324906388e-06   2.0000000000e-02 
  1.8689640007e+21   1.9325399057e+18   8.4740507765e+61   2.2245872600e-24   5.1871390089e-14   3.3813761482e-06   2.0000000000e-02 
  1.8708965406e+21   1.9325399057e+18   8.4915935290e+61   2.2245872600e-24   5.1871390089e-14   1.5466565832e-06   2.0000000000e-02 
  1.8728290805e+21   1.9325399057e+18   8.5091544211e+61   2.2245872600e-24   5.1871390089e-14   3.3041324797e-07   2.0000000000e-02 
  1.8747616204e+21   1.9325399057e+18   8.5267334526e+61   2.2245872600e-24   5.1871390089e-14   2.1289078199e-07   2.0000000000e-02 
  1.8766941603e+21   1.9325399057e+18   8.5443306236e+61   2.2245872600e-24   5.1871390089e-14   2.7088594209e-07   2.0000000000e-02 
  1.8786267002e+21   1.9325399057e+18   8.5619459342e+61   2.2245872600e-24   5.1871390089e-14   3.5859613630e-07   2.0000000000e-02 
  1.8805592401e+21   1.9325399057e+18   8.5795793842e+61   2.2245872600e-24   5.1871390089e-14   3.9822453554e-07   2.0000000000e-02 
  1.8824917800e+21   1.9325399057e+18   8.5972309737e+61   2.2245872600e-24   5.1871390089e-14   3.9790818303e-07   2.0000000000e-02 
  1.8844243199e+21   1.9325399057e+18   8.6149007027e+61   2.2245872600e-24   5.1871390089e-14   3.9619891869e-07   2.0000000000e-02 
  1.8863568598e+21   1.9325399057e+18   8.6325885712e+61   2.2245872600e-24   5.1871390089e-14   4.1301647674e-07   2.0000000000e-02 
  1.8882893998e+21   1.9325399057e+18   8.6502945793e+61   2.2245872600e-24   5.1871390089e-14   3.8998721775e-07   2.0000000000e-02 
  1.8902219397e+21   1.9325399057e+18   8.6680187268e+61   2.2245872600e-24   5.1871390089e-14   2.8729542409e-07   2.0000000000e-02 
  1.8921544796e+21   1.9325399057e+18   8.6857610138e+61   2.2245872600e-24   5.1871390089e-14   1.6191462167e-07   2.0000000000e-02 
  1.8940870195e+21   1.9325399057e+18   8.7035214403e+61   2.2245872600e-24   5.1871390089e-14   1.0252499017e-07   2.0000000000e-02 
  1.8960195594e+21   1.9325399057e+18   8.7213000063e+61   2.2245872600e-24   5.1871390089e-14   1.0584476493e-07   2.0000000000e-02 
  1.8979520993e+21   1.9325399057e+18   8.7390967118e+61   2.2245872600e-24   5.1871390089e-14   1.3791234413e-07   2.0000000000e-02 
  1.8998846392e+21   1.9325399057e+18   8.7569115569e+61   2.2245872600e-24   5.1871390089e-14   2.2617525155e-07   2.0000000000e-02 
  1.9018171791e+21   1.9325399057e+18   8.7747445414e+61   2.2245872600e-24   5.1871390089e-14   3.9016132267e-07   2.0000000000e-02 
  1.9037497190e+21   1.9325399057e+18   8.7925956654e+61   2.2245872600e-24   5.1871390089e-14   6.5581707850e-07   2.0000000000e-02 
  1.9056822589e+21   1.9325399057e+18   8.8104649289e+61   2.2245872600e-24   5.1871390089e-14   1.0178982865e-06   2.0000000000e-02 
  1.9076147988e+21   1.9325399057e+18   8.8283523319e+61   2.2245872600e-24   5.1871390089e-14   1.2974504108e-06   2.0000000000e-02 
  1.9095473387e+21   1.9325399057e+18   8.8462578744e+61   2.2245872600e-24   5.1871390089e-14   1.3888461099e-06   2.0000000000e-02 
  1.9114798786e+21   1.9325399057e+18   8.8641815564e+61   2.2245872600e-24   5.1871390088e-14   1.3040727218e-06   2.0000000000e-02 
  1.9134124185e+21   1.9325399057e+18   8.8821233779e+61   2.2245872600e-24   5.1871390088e-14   1.0767848919e-06   2.0000000000e-02 
  1.9153449584e+21   1.9325399057e+18   8.9000833389e+61   2.2245872600e-24   5.1871390088e-14   7.3854775961e-07   2.0000000000e-02 
  1.9172774983e+21   1.9325399057e+18   8.9180614394e+61   2.2245872600e-24   5.1871390088e-14   4.3666578127e-07   2.0000000000e-02 
  1.9192100382e+21   1.9325399057e+18   8.9360576794e+61   2.2245872600e-24   5.1871390089e-14   4.1626659400e-07   2.0000000000e-02 
  1.9211425782e+21   1.9325399057e+18   8.9540720589e+61   2.2245872600e-24   5.1871390089e-14   6.5648270422e-07   2.0000000000e-02 
  1.9230751181e+21   1.9325399057e+18   8.9721045778e+61   2.2245872600e-24   5.1871390089e-14   8.4101591789e-07   2.0000000000e-02 
  1.9250076580e+21   1.9325399057e+18   8.9901552363e+61   2.2245872600e-24   5.1871390089e-14   8.9403106617e-07   2.0000000000e-02 
  1.9269401979e+21   1.9325399057e+18   9.0082240343e+61   2.2245872600e-24   5.1871390089e-14   8.8727798268e-07   2.0000000000e-02 
  1.9288727378e+21   1.9325399057e+18   9.0263109718e+61   2.2245872600e-24   5.1871390089e-14   7.4809044421e-07   2.0000000000e-02 
  1.9308052777e+21   1.9325399057e+18   9.0444160488e+61   2.2245872600e-24   5.1871390089e-14   4.2130900296e-07   2.0000000000e-02 
  1.9327378176e+21   1.9325399057e+18   9.0625392653e+61   2.2245872600e-24   5.1871390089e-14   1.8086907225e-08   2.0000000000e-02 
  1.9346703575e+21   1.9325399057e+18   9.0806806212e+61   2.2245872600e-24   5.1871390089e-14  -2.6616894098e-07   2.0000000000e-02 
  1.9366028974e+21   1.9325399057e+18   9.0988401167e+61   2.2245872600e-24   5.1871390089e-14  -3.6046318722e-07   2.0000000000e-02 
  1.9385354373e+21   1.9325399057e+18   9.1170177517e+61   2.2245872600e-24   5.1871390089e-14  -3.8684901397e-07   2.0000000000e-02 
  1.9404679772e+21   1.9325399057e+18   9.1352135262e+61   2.2245872600e-24   5.1871390089e-14  -4.0566798031e-07   2.0000000000e-02 
  1.9424005171e+21   1.9325399057e+18   9.1534274401e+61   2.2245872600e-24   5.1871390089e-14  -4.1098117397e-07   2.0000000000e-02 
  1.9443330570e+21   1.9325399057e+18   9.1716594936e+61   2.2245872600e-24   5.1871390089e-14  -3.9575994138e-07   2.0000000000e-02 
  1.9462655969e+21   1.9325399057e+18   9.1899096866e+61   2.2245872600e-24   5.1871390089e-14  -3.7169943481e-07   2.0000000000e-02 
  1.9481981368e+21   1.9325399057e+18   9.2081780190e+61   2.2245872600e-24   5.1871390089e-14  -3.5425099845e-07   2.0000000000e-02 
  1.9501306767e+21   1.9325399057e+18   9.2264644910e+61   2.2245872600e-24   5.1871390089e-14  -3.2788535378e-07   2.0000000000e-02 
  1.9520632166e+21   1.9325399057e+18   9.2447691025e+61   2.2245872600e-24   5.1871390089e-14  -3.1588855229e-07   2.0000000000e-02 
  1.9539957565e+21   1.9325399057e+18   9.2630918534e+61   2.2245872600e-24   5.1871390089e-14  -3.7721779785e-07   2.0000000000e-02 
  1.9559282965e+21   1.9325399057e+18   9.2814327439e+61   2.2245872600e-24   5.1871390089e-14  -4.6351119694e-07   2.0000000000e-02 
  1.9578608364e+21   1.9325399057e+18   9.2997917739e+61   2.2245872600e-24   5.1871390089e-14  -4.8543255343e-07   2.0000000000e-02 
  1.9597933763e+21   1.9325399057e+18   9.3181689433e+61   2.2245872600e-24   5.1871390089e-14  -4.7300567322e-07   2.0000000000e-02 
  1.9617259162e+21   1.9325399057e+18   9.3365642523e+61   2.2245872600e-24   5.1871390089e-14  -4.7146964585e-07   2.0000000000e-02 
  1.9636584561e+21   1.9325399057e+18   9.3549777007e+61   2.2245872600e-24   5.1871390089e-14  -4.4570786360e-07   2.0000000000e-02 
  1.9655909960e+21   1.9325399057e+18   9.3734092887e+61   2.2245872600e-24   5.1871390089e-14  -4.1550587558e-07   2.0000000000e-02 
  1.9675235359e+21   1.9325399057e+18   9.3918590161e+61   2.2245872600e-24   5.1871390089e-14  -4.2504584972e-07   2.0000000000e-02 
  1.9694560758e+21   1.9325399057e+18   9.4103268831e+61   2.2245872600e-24   5.1871390089e-14  -4.2862288708e-07   2.0000000000e-02 
  1.9713886157e+21   1.9325399057e+18   9.4288128895e+61   2.2245872600e-24   5.1871390089e-14  -3.9714835849e-07   2.0000000000e-02 
  1.9733211556e+21   1.9325399057e+18   9.4473170355e+61   2.2245872600e-24   5.1871390089e-14  -3.2926601727e-07   2.0000000000e-02 
  1.9752536955e+21   1.9325399057e+18   9.4658393209e+61   2.2245872600e-24   5.1871390089e-14  -2.1527265405e-07   2.0000000000e-02 
  1.9771862354e+21   1.9325399057e+18   9.4843797459e+61   2.2245872600e-24   5.1871390089e-14  -8.0649298374e-08   2.0000000000e-02 
  1.9791187753e+21   1.9325399057e+18   9.5029383103e+61   2.2245872600e-24   5.1871390089e-14   0.0000000000e+00   2.0000000000e-02 
