# time = 3.293201e+15 [s] 
# r                  dr                 dV                 Density            Pressure           Velocity           Z
  2.1304517832e+18   2.1304517832e+18   4.0504543150e+55   3.9195220910e-31   3.8763554789e-14   0.0000000000e+00   9.9248591688e-02 
  2.6286825373e+18   4.9823075409e+17   3.5581154918e+55   3.9195220910e-31   3.8763554789e-14   1.2535517326e+04   9.9248591688e-02 
  3.5131009121e+18   8.8441837479e+17   1.0553296896e+56   3.9198738286e-31   3.8763764854e-14   2.4266557661e+04   9.9248591688e-02 
  4.4571041627e+18   9.4400325062e+17   1.8927290126e+56   3.9208305134e-31   3.8763520679e-14   4.0899554435e+04   9.9248591688e-02 
  4.9229922915e+18   4.6588812880e+17   1.2888521393e+56   3.9219890163e-31   3.8763341822e-14   5.0689231721e+04   9.9248591688e-02 
  5.3333327323e+18   4.1034044084e+17   1.3567799106e+56   3.9232690296e-31   3.8763274489e-14   5.6190545627e+04   9.9248591688e-02 
  6.0401550145e+18   7.0682228219e+17   2.8761145676e+56   3.9260126083e-31   3.8763195197e-14   6.2696295480e+04   9.9248591688e-02 
  6.6869134574e+18   6.4675844288e+17   3.2939911196e+56   3.9301372477e-31   3.8763086894e-14   7.0176266898e+04   9.9248591688e-02 
  7.5543400965e+18   8.6742663905e+17   5.5337024772e+56   3.9360168776e-31   3.8762939848e-14   7.8066067996e+04   9.9248591688e-02 
  8.3995713366e+18   8.4523124010e+17   6.7649705058e+56   3.9439199273e-31   3.8762729868e-14   8.6708144562e+04   9.9248591688e-02 
  9.4563502287e+18   1.0567788921e+18   1.0597546110e+57   3.9543367827e-31   3.8762425779e-14   9.5990118302e+04   9.9248591688e-02 
  1.0553068737e+19   1.0967185084e+18   1.3808569127e+57   3.9676034036e-31   3.8762019014e-14   1.0616774501e+05   9.9248591688e-02 
  1.1848464697e+19   1.2953959602e+18   2.0445216415e+57   3.9842675665e-31   3.8761547848e-14   1.1703640374e+05   9.9248591688e-02 
  1.3239369315e+19   1.3909046177e+18   2.7530766295e+57   4.0049187912e-31   3.8761028553e-14   1.2881285612e+05   9.9248591688e-02 
  1.4829556320e+19   1.5901870055e+18   3.9401616083e+57   4.0303669267e-31   3.8760385309e-14   1.4129448666e+05   9.9248591688e-02 
  1.6619251022e+19   1.7896947011e+18   5.5668018008e+57   4.0621089364e-31   3.8759306324e-14   1.5467662381e+05   9.9248591688e-02 
  1.8614652597e+19   1.9954015754e+18   7.7905077360e+57   4.0998317718e-31   3.8757536468e-14   1.6827230003e+05   9.9248591688e-02 
  2.0865490786e+19   2.2508381893e+18   1.1033717821e+58   4.1470268263e-31   3.8754792403e-14   1.8119183353e+05   9.9248591688e-02 
  2.3306411218e+19   2.4409204317e+18   1.4977437893e+58   4.2018976108e-31   3.8751758191e-14   1.9206205360e+05   9.9248591688e-02 
  2.6079788955e+19   2.7733777372e+18   2.1272886024e+58   4.2673646950e-31   3.8747234454e-14   2.0433560739e+05   9.9248591688e-02 
  2.9059627525e+19   2.9798385695e+18   2.8489808189e+58   4.3461430973e-31   3.8742727501e-14   2.1692118196e+05   9.9248591688e-02 
  3.2515570020e+19   3.4559424957e+18   4.1208213711e+58   4.4391668547e-31   3.8737508975e-14   2.2842235033e+05   9.9248591688e-02 
  3.6183752273e+19   3.6681822524e+18   5.4440011958e+58   4.5482321160e-31   3.8733239526e-14   2.4069369549e+05   9.9248591688e-02 
  4.0340038006e+19   4.1562857328e+18   7.6537638273e+58   4.6750978870e-31   3.8729897503e-14   2.5424468894e+05   9.9248591688e-02 
  4.4754103060e+19   4.4140650544e+18   1.0050259504e+59   4.8235273108e-31   3.8727785375e-14   2.7052122916e+05   9.9248591688e-02 
  4.9798240537e+19   5.0441374772e+18   1.4180553513e+59   4.9974934752e-31   3.8727478804e-14   2.9518571816e+05   9.9248591688e-02 
  5.4745894358e+19   4.9476538210e+18   1.7000928468e+59   5.1923881915e-31   3.8729019260e-14   3.1862813274e+05   9.9248591688e-02 
  6.2192518621e+19   7.4466242628e+18   3.2033939294e+59   5.4491921780e-31   3.8730915073e-14   3.4165589237e+05   9.9248591688e-02 
  7.3329726791e+19   1.1137208169e+19   6.4405649412e+59   5.8509534883e-31   3.8731551599e-14   3.7681754919e+05   9.9248591688e-02 
  7.7483469018e+19   4.1537422271e+18   2.9687792220e+59   6.1943387530e-31   3.8727398237e-14   4.2378216231e+05   9.9248591688e-02 
  8.1263273936e+19   3.7798049180e+18   2.9930293060e+59   6.3916437015e-31   3.8725125360e-14   4.3912054054e+05   9.9248591688e-02 
  8.5215684599e+19   3.9524106630e+18   3.4420107622e+59   6.6060061888e-31   3.8726638564e-14   4.5432979647e+05   9.9248591688e-02 
  8.9429982705e+19   4.2142981060e+18   4.0390110707e+59   6.8583819272e-31   3.8725586694e-14   4.7767975451e+05   9.9248591688e-02 
  9.3328690228e+19   3.8987075238e+18   4.0915926971e+59   7.1330221329e-31   3.8722956405e-14   5.1111635267e+05   9.9248591688e-02 
  9.8312484583e+19   4.9837943546e+18   5.7515583448e+59   7.4671433708e-31   3.8717749538e-14   5.6002760673e+05   9.9248591688e-02 
  1.0318565006e+20   4.8731654810e+18   6.2170986192e+59   7.8689964373e-31   3.8713092515e-14   6.0838049039e+05   9.9248591688e-02 
  1.0788099490e+20   4.6953448388e+18   6.5724639776e+59   8.2947743737e-31   3.8711200512e-14   6.4261280801e+05   9.9248591688e-02 
  1.1237809367e+20   4.4970987718e+18   6.8550451255e+59   8.7424129740e-31   3.8712419667e-14   6.6389171152e+05   9.9248591688e-02 
  1.1791352478e+20   5.5354311066e+18   9.2244656433e+59   9.2809673072e-31   3.8708847845e-14   6.9477393572e+05   9.9248591688e-02 
  1.2348782511e+20   5.5743003247e+18   1.0206969296e+60   9.9290669379e-31   3.8701383253e-14   7.4181272358e+05   9.9248591688e-02 
  1.2884316516e+20   5.3553400558e+18   1.0713794508e+60   1.0614487140e-30   3.8692975882e-14   7.7243664996e+05   9.9248591688e-02 
  1.3418385995e+20   5.3406947866e+18   1.1609354101e+60   1.1349945989e-30   3.8690540744e-14   8.0126893686e+05   9.9248591688e-02 
  1.4050773455e+20   6.3238745985e+18   1.4993415666e+60   1.2227814452e-30   3.8682796761e-14   8.4251844608e+05   9.9248591688e-02 
  1.4685986278e+20   6.3521282367e+18   1.6482210310e+60   1.3259429050e-30   3.8672490671e-14   8.9863301433e+05   9.9248591688e-02 
  1.5293459763e+20   6.0747348430e+18   1.7154728182e+60   1.4356978606e-30   3.8661571372e-14   9.5323972759e+05   9.9248591688e-02 
  1.5946517798e+20   6.5305803512e+18   2.0025636755e+60   1.5579533059e-30   3.8655876918e-14   1.0034585585e+06   9.9248591688e-02 
  1.6690693226e+20   7.4417542843e+18   2.4907293331e+60   1.7050334168e-30   3.8644564277e-14   1.0676182016e+06   9.9248591688e-02 
  1.7417428683e+20   7.2673545724e+18   2.6564861200e+60   1.8735994448e-30   3.8628521580e-14   1.1390622265e+06   9.9248591688e-02 
  1.8054070379e+20   6.3664169596e+18   2.5168113697e+60   2.0440905828e-30   3.8619051846e-14   1.1970084837e+06   9.9248591688e-02 
  1.8892580639e+20   8.3851025984e+18   3.5965240451e+60   2.2491896122e-30   3.8602974686e-14   1.2680777833e+06   9.9248591688e-02 
  1.9908597129e+20   1.0160164896e+19   4.8066189532e+60   2.5287129546e-30   3.8578001478e-14   1.3698626004e+06   9.9248591688e-02 
  2.0937215701e+20   1.0286185720e+19   5.3925119652e+60   2.8635732953e-30   3.8551627810e-14   1.4822360306e+06   9.9248591688e-02 
  2.1880207827e+20   9.4299212595e+18   5.4321181977e+60   3.2129578537e-30   3.8520132042e-14   1.6006600960e+06   9.9248591688e-02 
  2.3051429919e+20   1.1712220920e+19   7.4300541511e+60   3.6218660505e-30   3.8484572143e-14   1.7333749498e+06   9.9248591688e-02 
  2.4069246093e+20   1.0178161740e+19   7.1008409138e+60   4.0831884623e-30   3.8441152013e-14   1.8849599088e+06   9.9248591688e-02 
  2.5579493308e+20   1.5102472151e+19   1.1698988061e+61   4.6617429691e-30   3.8391260483e-14   2.0603914147e+06   9.9248591688e-02 
  2.6654615346e+20   1.0751220381e+19   9.2167400423e+60   5.2945842219e-30   3.8349308844e-14   2.2380546667e+06   9.9248591688e-02 
  2.7617441957e+20   9.6282661111e+18   8.9103771601e+60   5.8511305468e-30   3.8322840006e-14   2.3644818198e+06   9.9248591688e-02 
  2.8629805493e+20   1.0123635359e+19   1.0063193155e+61   6.3782338520e-30   3.8299074918e-14   2.4697239349e+06   9.9248591688e-02 
  2.9553336155e+20   9.2353066157e+18   9.8227252853e+60   6.8562763504e-30   3.8275239521e-14   2.5559385116e+06   9.9248591688e-02 
  3.0954539046e+20   1.4012028915e+19   1.6119528248e+61   7.3468808402e-30   3.8240438455e-14   2.6376287671e+06   9.9248591688e-02 
  3.2412551385e+20   1.4580123393e+19   1.8395654270e+61   7.8980163207e-30   3.8182295582e-14   2.7183481538e+06   9.9248591688e-02 
  3.3372053155e+20   9.5950176907e+18   1.3045928225e+61   8.3186312352e-30   3.8116221422e-14   2.7717231451e+06   9.9248591688e-02 
  3.4269930662e+20   8.9787750770e+18   1.2906995065e+61   8.5803584217e-30   3.8055692755e-14   2.8048560679e+06   9.9248591688e-02 
  3.5737369122e+20   1.4674384595e+19   2.2597480742e+61   8.8412006695e-30   3.7949767918e-14   2.8556663745e+06   9.9248591688e-02 
  3.7368195639e+20   1.6308265177e+19   2.7386122407e+61   9.1212621589e-30   3.7810877832e-14   2.9134973761e+06   9.9248591688e-02 
  3.9118030691e+20   1.7498350513e+19   3.2165419159e+61   9.3756061391e-30   3.7627580408e-14   3.0245479909e+06   9.9248591688e-02 
  4.0102067723e+20   9.8403703277e+18   1.9402353216e+61   9.5432369480e-30   3.7463987026e-14   3.1392473468e+06   9.9248591688e-02 
  4.1047962204e+20   9.4589448029e+18   1.9569944796e+61   9.6256229291e-30   3.7364314077e-14   3.2170437141e+06   9.9248591688e-02 
  4.2689604588e+20   1.6416423845e+19   3.6168020393e+61   9.6919387765e-30   3.7251983814e-14   3.3105466853e+06   9.9248591688e-02 
  4.4535025843e+20   1.8454212549e+19   4.4115221323e+61   9.7541724399e-30   3.7112902001e-14   3.3990419763e+06   9.9248591688e-02 
  4.6158679593e+20   1.6236537498e+19   4.1960821274e+61   9.7939675643e-30   3.6966627935e-14   3.4147293407e+06   9.9248591688e-02 
  4.7026895211e+20   8.6821561777e+18   2.3685764664e+61   9.8127451492e-30   3.6878646018e-14   3.3923243391e+06   9.9248591688e-02 
  4.7891650055e+20   8.6475484455e+18   2.4476935248e+61   9.8162058587e-30   3.6816395316e-14   3.3609451187e+06   9.9248591688e-02 
  4.9633162505e+20   1.7415124501e+19   5.2041866529e+61   9.8032762581e-30   3.6700295430e-14   3.3208096281e+06   9.9248591688e-02 
  5.1095454499e+20   1.4622919937e+19   4.6614413565e+61   9.7717742121e-30   3.6543037576e-14   3.2823838782e+06   9.9248591688e-02 
  5.2049926192e+20   9.5447169286e+18   3.1902512524e+61   9.7371188721e-30   3.6416201892e-14   3.2761175934e+06   9.9248591688e-02 
  5.2841522766e+20   7.9159657411e+18   2.7361644319e+61   9.7029651036e-30   3.6317727828e-14   3.2847986636e+06   9.9248591687e-02 
  5.3519782344e+20   6.7825957840e+18   2.4105659104e+61   9.6669988793e-30   3.6228321676e-14   3.3031200588e+06   9.9248591685e-02 
  5.5218413136e+20   1.6986307913e+19   6.3102771333e+61   9.5978938839e-30   3.6085805955e-14   3.3381307433e+06   9.9248591675e-02 
  5.6311117832e+20   1.0927046959e+19   4.2701814491e+61   9.5106040340e-30   3.5911445717e-14   3.3904632773e+06   9.9248591642e-02 
  5.6588951194e+20   2.7783336253e+18   1.1125603016e+61   9.4647097939e-30   3.5829162159e-14   3.4075047140e+06   9.9248591574e-02 
  5.6817588003e+20   2.2863680931e+18   9.2378904265e+60   9.4434342212e-30   3.5801838880e-14   3.4122039915e+06   9.9248590850e-02 
  5.7635622124e+20   8.1803412098e+18   3.3665466966e+61   9.3902140826e-30   3.5747273286e-14   3.4162139537e+06   9.9248588571e-02 
  5.8398331458e+20   7.6270933324e+18   3.2261560343e+61   9.3045614353e-30   3.5663833498e-14   3.4119429090e+06   9.9248578763e-02 
  5.9220158121e+20   8.2182666313e+18   3.5718101213e+61   9.2175012648e-30   3.5591739804e-14   3.3930227112e+06   9.9248539719e-02 
  6.0925725255e+20   1.7055671342e+19   7.7350950257e+61   9.0758685356e-30   3.5488615555e-14   3.3351437075e+06   9.9248428648e-02 
  6.2343642510e+20   1.4179172555e+19   6.7690894153e+61   8.8991334360e-30   3.5370979835e-14   3.2481445246e+06   9.9248193632e-02 
  6.3688849405e+20   1.3452068945e+19   6.7130594838e+61   8.7371596292e-30   3.5266959583e-14   3.1669797201e+06   9.9247900329e-02 
  6.5431176206e+20   1.7423268010e+19   9.1262645832e+61   8.5434374972e-30   3.5138952908e-14   3.1012254860e+06   9.9247063451e-02 
  6.7035630962e+20   1.6044547556e+19   8.8453031518e+61   8.3180764330e-30   3.4988391957e-14   3.0628220038e+06   9.9244856036e-02 
  6.8585293404e+20   1.5496624421e+19   8.9548699077e+61   8.0856553924e-30   3.4841514634e-14   3.0543268136e+06   9.9239000963e-02 
  7.0086433707e+20   1.5011403031e+19   9.0690954087e+61   7.8391822846e-30   3.4702756901e-14   3.0429062514e+06   9.9221313706e-02 
  7.1770553640e+20   1.6841199329e+19   1.0647429098e+62   7.5542140013e-30   3.4575328469e-14   3.0106460593e+06   9.9148049068e-02 
  7.3179130216e+20   1.4085765764e+19   9.2977646780e+61   7.2539707518e-30   3.4466737621e-14   2.9596119305e+06   9.8882450107e-02 
  7.3984538242e+20   8.0540802560e+18   5.4798840865e+61   7.0164582566e-30   3.4396425536e-14   2.9140196612e+06   9.8442325419e-02 
  7.4675272154e+20   6.9073391206e+18   4.7956880534e+61   6.8298759950e-30   3.4351691428e-14   2.8773145914e+06   9.7584164497e-02 
  7.5594828177e+20   9.1955602279e+18   6.5234695504e+61   6.5973332914e-30   3.4306030964e-14   2.8321324891e+06   9.6979748083e-02 
  7.5965439153e+20   3.7061097675e+18   2.6744823840e+61   6.3931123455e-30   3.4271778380e-14   2.7932576900e+06   9.6707313842e-02 
  7.6136795113e+20   1.7135595927e+18   1.2454332499e+61   6.2958778332e-30   3.4258577466e-14   2.7756908023e+06   9.6618792422e-02 
  7.6403721894e+20   2.6692678136e+18   1.9512498995e+61   6.2266930519e-30   3.4248142561e-14   2.7604848580e+06   9.6589054060e-02 
  7.7069669284e+20   6.6594738954e+18   4.9278638253e+61   6.1173514200e-30   3.4226432697e-14   2.7273293419e+06   9.6584004568e-02 
  7.7604836218e+20   5.3516693436e+18   4.0223360434e+61   5.9948814381e-30   3.4199358543e-14   2.6840997072e+06   9.6581964552e-02 
  7.7988724028e+20   3.8388780996e+18   2.9197005537e+61   5.9168116537e-30   3.4179614611e-14   2.6508137674e+06   9.6581710105e-02 
  7.8343016127e+20   3.5429209884e+18   2.7202348960e+61   5.8696498402e-30   3.4163980224e-14   2.6240100502e+06   9.6581673686e-02 
  7.8725699315e+20   3.8268318827e+18   2.9659887505e+61   5.8377730076e-30   3.4148600380e-14   2.5977130268e+06   9.6581671529e-02 
  7.9078891626e+20   3.5319231055e+18   2.7631286461e+61   5.8182939417e-30   3.4132992177e-14   2.5720318912e+06   9.6581671426e-02 
  8.0389603942e+20   1.3107123164e+19   1.0471691203e+62   5.8004269631e-30   3.4096810035e-14   2.5190335536e+06   9.6581671421e-02 
  8.1649884481e+20   1.2602805391e+19   1.0396031493e+62   5.7823262638e-30   3.4039025205e-14   2.4431697910e+06   9.6581671417e-02 
  8.2114324209e+20   4.6443972827e+18   3.9130768877e+61   5.7740470115e-30   3.3997413422e-14   2.4030285865e+06   9.6581671415e-02 
  8.2426360734e+20   3.1203652470e+18   2.6540092202e+61   5.7726595124e-30   3.3976770790e-14   2.3891696936e+06   9.6581671414e-02 
  8.2724884681e+20   2.9852394665e+18   2.5579569226e+61   5.7730932983e-30   3.3959526461e-14   2.3788865938e+06   9.6581671409e-02 
  8.3040567331e+20   3.1568265055e+18   2.7251421214e+61   5.7757184998e-30   3.3941449333e-14   2.3691937310e+06   9.6581671366e-02 
  8.4162944831e+20   1.1223775001e+19   9.8579392854e+61   5.7897768688e-30   3.3897601615e-14   2.3493650751e+06   9.6581671213e-02 
  8.4900700800e+20   7.3775596827e+18   6.6246939646e+61   5.8128669945e-30   3.3840251751e-14   2.3262219130e+06   9.6581670527e-02 
  8.5211620509e+20   3.1091970920e+18   2.8266377253e+61   5.8304700669e-30   3.3807792421e-14   2.3155477141e+06   9.6581668744e-02 
  8.5607440812e+20   3.9582030313e+18   3.6284519733e+61   5.8454646438e-30   3.3786087282e-14   2.3080531296e+06   9.6581650296e-02 
  8.6307045555e+20   6.9960474290e+18   6.4957598904e+61   5.8632585388e-30   3.3753036103e-14   2.2958716348e+06   9.6581590905e-02 
  8.7018526590e+20   7.1148103476e+18   6.7149212678e+61   5.8793248991e-30   3.3711458376e-14   2.2783621834e+06   9.6581104113e-02 
  8.7977192071e+20   9.5866548157e+18   9.2230837993e+61   5.8907476368e-30   3.3664361810e-14   2.2530844083e+06   9.6579748874e-02 
  8.9013362210e+20   1.0361701392e+19   1.0197320878e+62   5.8981933867e-30   3.3611184366e-14   2.2155834560e+06   9.6577222402e-02 
  9.0035300417e+20   1.0219382070e+19   1.0292512140e+62   5.9008733998e-30   3.3561446949e-14   2.1663558762e+06   9.6576232531e-02 
  9.1639252680e+20   1.6039522623e+19   1.6631859053e+62   5.9001478698e-30   3.3508368182e-14   2.0856719825e+06   9.6571003270e-02 
  9.3084575037e+20   1.4453223574e+19   1.5494204866e+62   5.8960684005e-30   3.3460671007e-14   1.9730526673e+06   9.6557402869e-02 
  9.4390987731e+20   1.3064126937e+19   1.4425358854e+62   5.8891692159e-30   3.3434441268e-14   1.8540683899e+06   9.6528231780e-02 
  9.5673862392e+20   1.2828746614e+19   1.4559427902e+62   5.8786471256e-30   3.3415919556e-14   1.7364191821e+06   9.6454263315e-02 
  9.7328468654e+20   1.6546062623e+19   1.9363340596e+62   5.8594538215e-30   3.3386626505e-14   1.6162374305e+06   9.6164601008e-02 
  9.8562444163e+20   1.2339755087e+19   1.4876156452e+62   5.8321638335e-30   3.3342032506e-14   1.5319699994e+06   9.5169719290e-02 
  9.9525377968e+20   9.6293380555e+18   1.1870398029e+62   5.8019357105e-30   3.3291858959e-14   1.5077653436e+06   9.1836284768e-02 
  1.0004338139e+21   5.1800341677e+18   6.4813964563e+61   5.7734692738e-30   3.3251883791e-14   1.5068457209e+06   8.7993885492e-02 
  1.0075106374e+21   7.0768235251e+18   8.9638261469e+61   5.7372043755e-30   3.3216293143e-14   1.5078915239e+06   8.1613040063e-02 
  1.0103854292e+21   2.8747918455e+18   3.6775125066e+61   5.7005422066e-30   3.3186238865e-14   1.5086061549e+06   7.6417257822e-02 
  1.0134175751e+21   3.0321459050e+18   3.9015463051e+61   5.6686185447e-30   3.3169394302e-14   1.5091242368e+06   7.3806368294e-02 
  1.0191147854e+21   5.6972102398e+18   7.3941489343e+61   5.6064461967e-30   3.3143411440e-14   1.5094941586e+06   7.3512331530e-02 
  1.0232255753e+21   4.1107899649e+18   5.3868140819e+61   5.5365870250e-30   3.3114982814e-14   1.5080248808e+06   7.3365104738e-02 
  1.0269081515e+21   3.6825761863e+18   4.8625766558e+61   5.4897716402e-30   3.3094489414e-14   1.5063403558e+06   7.3319146193e-02 
  1.0318409273e+21   4.9327758028e+18   6.5682385360e+61   5.4501225718e-30   3.3074894240e-14   1.4989495221e+06   7.3314080235e-02 
  1.0372271892e+21   5.3862618552e+18   7.2441576603e+61   5.4123218784e-30   3.3054959446e-14   1.4823600369e+06   7.3313094582e-02 
  1.0423449191e+21   5.1177299711e+18   6.9530617221e+61   5.3828990421e-30   3.3039069593e-14   1.4586826480e+06   7.3313016203e-02 
  1.0532644095e+21   1.0919490388e+19   1.5065266535e+62   5.3514584780e-30   3.3021462777e-14   1.4131177792e+06   7.3313012671e-02 
  1.0620105601e+21   8.7461505626e+18   1.2294275974e+62   5.3203093914e-30   3.3004433222e-14   1.3527998260e+06   7.3313011857e-02 
  1.0678664876e+21   5.8559275402e+18   8.3455646958e+61   5.3033043349e-30   3.2994535155e-14   1.3075552517e+06   7.3313011756e-02 
  1.0815348888e+21   1.3668401177e+19   1.9838484352e+62   5.2902025935e-30   3.2980567383e-14   1.2489120224e+06   7.3313011681e-02 
  1.0928270449e+21   1.1292156116e+19   1.6772365714e+62   5.2781141261e-30   3.2962017613e-14   1.1733089056e+06   7.3313011404e-02 
  1.1070811247e+21   1.4254079803e+19   2.1672261946e+62   5.2705669765e-30   3.2947658105e-14   1.0859677006e+06   7.3313009944e-02 
  1.1171986296e+21   1.0117504896e+19   1.5725523389e+62   5.2662623641e-30   3.2941106136e-14   9.9308542985e+05   7.3313003122e-02 
  1.1268792930e+21   9.6806633678e+18   1.5315583639e+62   5.2653671550e-30   3.2941602854e-14   9.1368045380e+05   7.3312946649e-02 
  1.1447331127e+21   1.7853819749e+19   2.8943991668e+62   5.2657374369e-30   3.2936824160e-14   8.1502059386e+05   7.3312819883e-02 
  1.1568604090e+21   1.2127296279e+19   2.0182507969e+62   5.2665661359e-30   3.2915005943e-14   7.4007519548e+05   7.3312585797e-02 
  1.1684928885e+21   1.1632479497e+19   1.9760761784e+62   5.2678907691e-30   3.2877802129e-14   7.3311833182e+05   7.3311780515e-02 
  1.1784288821e+21   9.9359935789e+18   1.7193369506e+62   5.2700358987e-30   3.2823550944e-14   7.6333232903e+05   7.3307077500e-02 
  1.1867037712e+21   8.2748890896e+18   1.4542023240e+62   5.2743167688e-30   3.2772156278e-14   7.9775497945e+05   7.3287476761e-02 
  1.2044978094e+21   1.7794038230e+19   3.1964269712e+62   5.2879315601e-30   3.2720296057e-14   7.9778013845e+05   7.3239529519e-02 
  1.2163483324e+21   1.1850522938e+19   2.1818517279e+62   5.3094293655e-30   3.2690969888e-14   7.3886824582e+05   7.3138568774e-02 
  1.2218637920e+21   5.5154596170e+18   1.0300902954e+62   5.3289364901e-30   3.2717124070e-14   6.4770846904e+05   7.3000382588e-02 
  1.2281734477e+21   6.3096557016e+18   1.1898764407e+62   5.3463836951e-30   3.2740402112e-14   5.7657596904e+05   7.2232723521e-02 
  1.2325649813e+21   4.3915336522e+18   8.3540573454e+61   5.3631623862e-30   3.2749266094e-14   5.2304931918e+05   7.1115514503e-02 
  1.2374114023e+21   4.8464209324e+18   9.2887476288e+61   5.3794497758e-30   3.2750648999e-14   4.8842638774e+05   6.9582014425e-02 
  1.2410366996e+21   3.6252973057e+18   6.9960590956e+61   5.3959717250e-30   3.2747721429e-14   4.6581561398e+05   6.8847304925e-02 
  1.2487171476e+21   7.6804480763e+18   1.4957211404e+62   5.4209231693e-30   3.2736156783e-14   4.5582962131e+05   6.8635232992e-02 
  1.2543889699e+21   5.6718222716e+18   1.1164306550e+62   5.4524672424e-30   3.2718225663e-14   4.5634050945e+05   6.8504896758e-02 
  1.2634527936e+21   9.0638236539e+18   1.8051781236e+62   5.4907346393e-30   3.2687151921e-14   4.7381182456e+05   6.8465624264e-02 
  1.2684320331e+21   4.9792395515e+18   1.0027700297e+62   5.5316850503e-30   3.2660794487e-14   4.7916384224e+05   6.8451303380e-02 
  1.2721743579e+21   3.7423247311e+18   7.5886833036e+61   5.5643727057e-30   3.2656394752e-14   4.6487937926e+05   6.8446363560e-02 
  1.2762396853e+21   4.0653274164e+18   8.2944147759e+61   5.6025343487e-30   3.2656693657e-14   4.4451094217e+05   6.8445202089e-02 
  1.2790548728e+21   2.8151874811e+18   5.7748314242e+61   5.6460049799e-30   3.2659988690e-14   4.2050887177e+05   6.8445113787e-02 
  1.2854286299e+21   6.3737571663e+18   1.3168796892e+62   5.7275792723e-30   3.2669398774e-14   3.7830719007e+05   6.8445112518e-02 
  1.2901601718e+21   4.7315419253e+18   9.8606628580e+61   5.8481530761e-30   3.2693638222e-14   3.0314057831e+05   6.8445196122e-02 
  1.2944471544e+21   4.2869825870e+18   8.9968635224e+61   5.9803562042e-30   3.2724793305e-14   2.2173274715e+05   6.8445935498e-02 
  1.2981545447e+21   3.7073902379e+18   7.8287076143e+61   6.1417437185e-30   3.2745509088e-14   1.6311700100e+05   6.8448264611e-02 
  1.3139754099e+21   1.5820865192e+19   3.3913684222e+62   6.7108365392e-30   3.2771476303e-14   7.3859306124e+04   6.8456081594e-02 
  1.3252260782e+21   1.1250668294e+19   2.4619312368e+62   7.6939701811e-30   3.2784130575e-14  -2.7455252356e+04   6.8477972199e-02 
  1.3312933690e+21   6.0672908000e+18   1.3451522354e+62   8.6907594950e-30   3.2740669727e-14  -3.1118033753e+03   6.8517243431e-02 
  1.3424877330e+21   1.1194364059e+19   2.5142214996e+62   1.0690521274e-29   3.2712863650e-14   1.6443591017e+04   6.8713467865e-02 
  1.3471980224e+21   4.7102893422e+18   1.0705352898e+62   1.3709270501e-29   3.2579960449e-14   1.4633530590e+05   6.9376108460e-02 
  1.3500627153e+21   2.8646929109e+18   6.5474768366e+61   1.7355462782e-29   3.2426195661e-14   2.3030409555e+05   7.1122403549e-02 
  1.3531188874e+21   3.0561721501e+18   7.0158180544e+61   2.4526565702e-29   3.2475205273e-14   1.6073687589e+05   7.6417446483e-02 
  1.3544862314e+21   1.3673439889e+18   3.1491862627e+61   3.5950027556e-29   3.2517003868e-14   9.8213955724e+04   7.8795323376e-02 
  1.3575428999e+21   3.0566684899e+18   7.0629656969e+61   7.2429463464e-29   3.2535154325e-14   5.5392196806e+04   6.7515137937e-02 
  1.3590065877e+21   1.4636877684e+18   3.3933886298e+61   1.6557889198e-28   3.2553107711e-14  -1.9983217808e+03   4.5637182599e-02 
  1.3613286142e+21   2.3220265509e+18   5.3983619817e+61   6.1712468039e-28   3.2648436373e-14  -3.1182014646e+04   2.9936717407e-02 
  1.3631458993e+21   1.8172850489e+18   4.2377808085e+61   6.2485307394e-27   3.2798094303e-14  -3.7320148328e+04   2.2207233916e-02 
  1.3635712841e+21   4.2538486646e+17   9.9360118682e+60   2.2741940752e-26   3.2999631059e-14  -4.3147117599e+04   2.0878548675e-02 
  1.3646489060e+21   1.0776219161e+18   2.5198526608e+61   5.2813604748e-26   3.2495484485e-14  -4.1931813359e+04   2.0436010739e-02 
  1.3652066284e+21   5.5772237744e+17   1.3057116462e+61   6.4629206905e-26   3.2584587048e-14  -4.1512026044e+04   2.0071695115e-02 
  1.3763203910e+21   1.1113762555e+19   2.6242090357e+62   7.1347316960e-26   3.3533868714e-14  -2.5784113402e+04   2.0050354827e-02 
  1.3842118209e+21   7.8914299710e+18   1.8892629204e+62   9.4117394856e-25   3.4015823451e-14  -1.7310960575e+04   2.0035502956e-02 
  1.3928681175e+21   8.6562965656e+18   2.0972981245e+62   9.7862903644e-25   3.4569106749e-14  -1.3495102401e+04   2.0032263375e-02 
  1.4115912017e+21   1.8723084205e+19   4.6262809629e+62   1.0727988440e-24   3.5917685873e-14  -6.0587441097e+03   2.0028754635e-02 
  1.4249935233e+21   1.3402321612e+19   3.3878537932e+62   1.1875255657e-24   3.7554829199e-14   3.0793822897e+03   2.0022764689e-02 
  1.4381052546e+21   1.3111731280e+19   3.3766466166e+62   1.2825323002e-24   3.8956571774e-14   1.1108579229e+04   2.0022538403e-02 
  1.4549677413e+21   1.6862486731e+19   4.4339949564e+62   1.4127126876e-24   4.0820848654e-14   2.0705614746e+04   2.0014613627e-02 
  1.4661868199e+21   1.1219078602e+19   3.0075875049e+62   1.5501346301e-24   4.2790249821e-14   2.9907706780e+04   2.0005179011e-02 
  1.4748428372e+21   8.6560172219e+18   2.3521664241e+62   1.6590209749e-24   4.4349610776e-14   3.6551710588e+04   2.0001210469e-02 
  1.4833413299e+21   8.4984927627e+18   2.3363795323e+62   1.7584750884e-24   4.5733172938e-14   4.2466636401e+04   2.0000450456e-02 
  1.4920435158e+21   8.7021858498e+18   2.4202808169e+62   1.8716163101e-24   4.7267551963e-14   4.8228797682e+04   2.0000174184e-02 
  1.5005790019e+21   8.5354861452e+18   2.4015033175e+62   1.9930862466e-24   4.8928967978e-14   5.4533102172e+04   2.0000059692e-02 
  1.5086354366e+21   8.0564347089e+18   2.2919232806e+62   2.1391768714e-24   5.0704740103e-14   6.1070138877e+04   2.0000019222e-02 
  1.5160860128e+21   7.4505761754e+18   2.1414669815e+62   2.2773893181e-24   5.2546432642e-14   6.6972956349e+04   2.0000006007e-02 
  1.5229519313e+21   6.8659184746e+18   1.9921475378e+62   2.4095005793e-24   5.4257122202e-14   7.2254220939e+04   2.0000001764e-02 
  1.5294234892e+21   6.4715578834e+18   1.8942411148e+62   2.5284973164e-24   5.5768070927e-14   7.6592858406e+04   2.0000000503e-02 
  1.5355081878e+21   6.0846986729e+18   1.7956889685e+62   2.6370381342e-24   5.7153894205e-14   8.0350899480e+04   2.0000000134e-02 
  1.5412900845e+21   5.7818966606e+18   1.7195656270e+62   2.7428920563e-24   5.8537793652e-14   8.3779154938e+04   2.0000000035e-02 
  1.5466244641e+21   5.3343796494e+18   1.5979558403e+62   2.8476949075e-24   5.9889607961e-14   8.7027624131e+04   2.0000000008e-02 
  1.5514973266e+21   4.8728624113e+18   1.4693706221e+62   2.9493114000e-24   6.1184150509e-14   9.0024791213e+04   2.0000000002e-02 
  1.5561292570e+21   4.6319304295e+18   1.4053026908e+62   3.0482689170e-24   6.2429925375e-14   9.2827575951e+04   2.0000000000e-02 
  1.5605748884e+21   4.4456314401e+18   1.3566717434e+62   3.1467507571e-24   6.3655903901e-14   9.5498007632e+04   2.0000000000e-02 
  1.5647010588e+21   4.1261703817e+18   1.2661175288e+62   3.2434194539e-24   6.4846514564e-14   9.8002030055e+04   2.0000000000e-02 
  1.5686219779e+21   3.9209190619e+18   1.2093397283e+62   3.3376129655e-24   6.5995410208e-14   1.0033096874e+05   2.0000000000e-02 
  1.5723934473e+21   3.7714693815e+18   1.1689631101e+62   3.4291058810e-24   6.7101302860e-14   1.0251052519e+05   2.0000000000e-02 
  1.5760311615e+21   3.6377142809e+18   1.1328313196e+62   3.5156648988e-24   6.8139467054e-14   1.0446215096e+05   2.0000000000e-02 
  1.5799575279e+21   3.9263663395e+18   1.2286036206e+62   3.6020930030e-24   6.9184064817e-14   1.0635296757e+05   2.0000000000e-02 
  1.5840424423e+21   4.0849144293e+18   1.2847127044e+62   3.6970036194e-24   7.0364908354e-14   1.0832550877e+05   2.0000000000e-02 
  1.5879305370e+21   3.8880946823e+18   1.2289830145e+62   3.7952362907e-24   7.1577272714e-14   1.1039792046e+05   2.0000000000e-02 
  1.5917064463e+21   3.7759093368e+18   1.1992969088e+62   3.8974527415e-24   7.2828698815e-14   1.1245255881e+05   2.0000000000e-02 
  1.5954507839e+21   3.7443375857e+18   1.1949013382e+62   4.0024919005e-24   7.4105376742e-14   1.1459639615e+05   2.0000000000e-02 
  1.5991555168e+21   3.7047329279e+18   1.1877954589e+62   4.1149116724e-24   7.5459468535e-14   1.1678752365e+05   2.0000000000e-02 
  1.6027426193e+21   3.5871024776e+18   1.1553374763e+62   4.2309719358e-24   7.6845764276e-14   1.1903462532e+05   2.0000000000e-02 
  1.6060341776e+21   3.2915582494e+18   1.0647081713e+62   4.3475806004e-24   7.8227163844e-14   1.2121845355e+05   2.0000000000e-02 
  1.6091737797e+21   3.1396021685e+18   1.0196303807e+62   4.4623654845e-24   7.9576100975e-14   1.2333339640e+05   2.0000000000e-02 
  1.6121629185e+21   2.9891387324e+18   9.7446963274e+61   4.5778272185e-24   8.0922301399e-14   1.2540504477e+05   2.0000000000e-02 
  1.6148431242e+21   2.6802057712e+18   8.7683457790e+61   4.6898289014e-24   8.2217904913e-14   1.2737332835e+05   2.0000000000e-02 
  1.6173939464e+21   2.5508221719e+18   8.3721415005e+61   4.7985831904e-24   8.3466985108e-14   1.2922539582e+05   2.0000000000e-02 
  1.6198968676e+21   2.5029212317e+18   8.2406329686e+61   4.9061281843e-24   8.4694577767e-14   1.3101535412e+05   2.0000000000e-02 
  1.6223574347e+21   2.4605670889e+18   8.1260467652e+61   5.0075694633e-24   8.5844291275e-14   1.3264099087e+05   2.0000000000e-02 
  1.6247137531e+21   2.3563183766e+18   7.8049035277e+61   5.1022299329e-24   8.6909423417e-14   1.3408592767e+05   2.0000000000e-02 
  1.6267781679e+21   2.0644147987e+18   6.8566542923e+61   5.1871615221e-24   8.7886568000e-14   1.3535916115e+05   2.0000000000e-02 
  1.6287411407e+21   1.9629727968e+18   6.5358903477e+61   5.2659131549e-24   8.8800300267e-14   1.3652328495e+05   2.0000000000e-02 
  1.6306787313e+21   1.9375905905e+18   6.4668465920e+61   5.3443164928e-24   8.9706124335e-14   1.3766781350e+05   2.0000000000e-02 
  1.6326046152e+21   1.9258839237e+18   6.4430217927e+61   5.4241217460e-24   9.0624320269e-14   1.3881744558e+05   2.0000000000e-02 
  1.6345201798e+21   1.9155645771e+18   6.4235952327e+61   5.5055637359e-24   9.1557441452e-14   1.3997406628e+05   2.0000000000e-02 
  1.6364256685e+21   1.9054887513e+18   6.4047623490e+61   5.5885405551e-24   9.2504173963e-14   1.4113515528e+05   2.0000000000e-02 
  1.6383207692e+21   1.8951006074e+18   6.3846566753e+61   5.6729142695e-24   9.3463182725e-14   1.4229765764e+05   2.0000000000e-02 
  1.6402049135e+21   1.8841443830e+18   6.3624045594e+61   5.7585541977e-24   9.4432382935e-14   1.4345663034e+05   2.0000000000e-02 
  1.6420686046e+21   1.8636911028e+18   6.3077342652e+61   5.8446914408e-24   9.5403211954e-14   1.4460176257e+05   2.0000000000e-02 
  1.6438502642e+21   1.7816595405e+18   6.0434969260e+61   5.9292555158e-24   9.6352439423e-14   1.4570488016e+05   2.0000000000e-02 
  1.6453386194e+21   1.4883552318e+18   5.0586441302e+61   6.0056624406e-24   9.7206843062e-14   1.4668314178e+05   2.0000000000e-02 
  1.6467377657e+21   1.3991462858e+18   4.7637924271e+61   6.0735679013e-24   9.7963621238e-14   1.4753737114e+05   2.0000000000e-02 
  1.6481205431e+21   1.3827774102e+18   4.7160202405e+61   6.1393623275e-24   9.8694608641e-14   1.4835242869e+05   2.0000000000e-02 
  1.6494895147e+21   1.3689715579e+18   4.6767367117e+61   6.2048003992e-24   9.9419456389e-14   1.4915130385e+05   2.0000000000e-02 
  1.6507917539e+21   1.3022392306e+18   4.4559732880e+61   6.2686793701e-24   1.0012496426e-13   1.4992024097e+05   2.0000000000e-02 
  1.6518629746e+21   1.0712207297e+18   3.6707533427e+61   6.3257694020e-24   1.0075378528e-13   1.5059837140e+05   2.0000000000e-02 
  1.6530769380e+21   1.2139633449e+18   4.1656483140e+61   6.3811012112e-24   1.0136171739e-13   1.5124697121e+05   2.0000000000e-02 
  1.6541290334e+21   1.0520953868e+18   3.6151597289e+61   6.4363258327e-24   1.0196698953e-13   1.5188710349e+05   2.0000000000e-02 
  1.6553385517e+21   1.2095183072e+18   4.1617750440e+61   6.4918799167e-24   1.0257438907e-13   1.5252365378e+05   2.0000000000e-02 
  1.6563829054e+21   1.0443537261e+18   3.5983641518e+61   6.5476756153e-24   1.0318295081e-13   1.5315707745e+05   2.0000000000e-02 
  1.6575816122e+21   1.1987067925e+18   4.1357908322e+61   6.6037432112e-24   1.0379301633e-13   1.5378736065e+05   2.0000000000e-02 
  1.6586172560e+21   1.0356437892e+18   3.5780089725e+61   6.6600848339e-24   1.0440465231e-13   1.5441549564e+05   2.0000000000e-02 
  1.6598061362e+21   1.1888802379e+18   4.1129325904e+61   6.7169827953e-24   1.0502136581e-13   1.5504143537e+05   2.0000000000e-02 
  1.6607666553e+21   9.6051911744e+17   3.3272229884e+61   6.7724970976e-24   1.0562164941e-13   1.5565185179e+05   2.0000000000e-02 
  1.6616508498e+21   8.8419449536e+17   3.0662397005e+61   6.8210459119e-24   1.0614547444e-13   1.5617948726e+05   2.0000000000e-02 
  1.6625396334e+21   8.8878361169e+17   3.0854443996e+61   6.8687022344e-24   1.0665855054e-13   1.5669497273e+05   2.0000000000e-02 
  1.6634108267e+21   8.7119329372e+17   3.0275823068e+61   6.9172442087e-24   1.0718001648e-13   1.5722177963e+05   2.0000000000e-02 
  1.6642249570e+21   8.1413028120e+17   2.8321441972e+61   6.9657953574e-24   1.0769812007e-13   1.5774578284e+05   2.0000000000e-02 
  1.6647382759e+21   5.1331887321e+17   1.7871257216e+61   7.0053728965e-24   1.0810929391e-13   1.5817221344e+05   2.0000000000e-02 
  1.6651788275e+21   4.4055160065e+17   1.5346646972e+61   7.0343219552e-24   1.0840974799e-13   1.5848192956e+05   2.0000000000e-02 
  1.6656083110e+21   4.2948351824e+17   1.4968908552e+61   7.0609587982e-24   1.0868590318e-13   1.5876574820e+05   2.0000000000e-02 
  1.6660414827e+21   4.3317171979e+17   1.5105275794e+61   7.0875187924e-24   1.0896096595e-13   1.5904724795e+05   2.0000000000e-02 
  1.6664762370e+21   4.3475431271e+17   1.5168362835e+61   7.1143340547e-24   1.0923835823e-13   1.5933015113e+05   2.0000000000e-02 
  1.6669108026e+21   4.3456557492e+17   1.5169689095e+61   7.1412699349e-24   1.0951668074e-13   1.5961289403e+05   2.0000000000e-02 
  1.6673443985e+21   4.3359585696e+17   1.5143723572e+61   7.1682358329e-24   1.0979499896e-13   1.5989447187e+05   2.0000000000e-02 
  1.6677771911e+21   4.3279260328e+17   1.5123525690e+61   7.1951951400e-24   1.1007294286e-13   1.6017449301e+05   2.0000000000e-02 
  1.6682092381e+21   4.3204707462e+17   1.5105304852e+61   7.2221298436e-24   1.1035032612e-13   1.6045272325e+05   2.0000000000e-02 
  1.6686406354e+21   4.3139729014e+17   1.5090395554e+61   7.2490261467e-24   1.1062747367e-13   1.6072916458e+05   2.0000000000e-02 
  1.6690714057e+21   4.3077022815e+17   1.5076248468e+61   7.2758636000e-24   1.1090384897e-13   1.6100347501e+05   2.0000000000e-02 
  1.6695015426e+21   4.3013692135e+17   1.5061850673e+61   7.3026352924e-24   1.1117922923e-13   1.6127535461e+05   2.0000000000e-02 
  1.6699310426e+21   4.2950003747e+17   1.5047295241e+61   7.3293658478e-24   1.1145388666e-13   1.6154505604e+05   2.0000000000e-02 
  1.6703599175e+21   4.2887484721e+17   1.5033117357e+61   7.3559971935e-24   1.1172728627e-13   1.6181186838e+05   2.0000000000e-02 
  1.6707881944e+21   4.2827693234e+17   1.5019864498e+61   7.3823579246e-24   1.1199772196e-13   1.6207365325e+05   2.0000000000e-02 
  1.6712159096e+21   4.2771517963e+17   1.5007850556e+61   7.4082377098e-24   1.1226303597e-13   1.6232773775e+05   2.0000000000e-02 
  1.6716431002e+21   4.2719058902e+17   1.4997113269e+61   7.4335186571e-24   1.1252196414e-13   1.6257257280e+05   2.0000000000e-02 
  1.6720698058e+21   4.2670567150e+17   1.4987743545e+61   7.4582428883e-24   1.1277487453e-13   1.6280867281e+05   2.0000000000e-02 
  1.6724960541e+21   4.2624830832e+17   1.4979318258e+61   7.4825725507e-24   1.1302341593e-13   1.6303807442e+05   2.0000000000e-02 
  1.6729218593e+21   4.2580515673e+17   1.4971370147e+61   7.5066563930e-24   1.1326916528e-13   1.6326255455e+05   2.0000000000e-02 
  1.6733472489e+21   4.2538959153e+17   1.4964370858e+61   7.5304358610e-24   1.1351231676e-13   1.6348206769e+05   2.0000000000e-02 
  1.6737722594e+21   4.2501054184e+17   1.4958636728e+61   7.5535498524e-24   1.1374907996e-13   1.6369197193e+05   2.0000000000e-02 
  1.6741969624e+21   4.2470300466e+17   1.4955403064e+61   7.5754553866e-24   1.1397354599e-13   1.6388564939e+05   2.0000000000e-02 
  1.6746214481e+21   4.2448567081e+17   1.4955333658e+61   7.5958229205e-24   1.1418221145e-13   1.6405856680e+05   2.0000000000e-02 
  1.6750457920e+21   4.2434390766e+17   1.4957919034e+61   7.6148328649e-24   1.1437653614e-13   1.6421228050e+05   2.0000000000e-02 
  1.6754700390e+21   4.2424698567e+17   1.4962080564e+61   7.6330471752e-24   1.1456474788e-13   1.6435775031e+05   2.0000000000e-02 
  1.6758941934e+21   4.2415435048e+17   1.4966390118e+61   7.6512182985e-24   1.1475695428e-13   1.6450244756e+05   2.0000000000e-02 
  1.6763182426e+21   4.2404923822e+17   1.4970256036e+61   7.6696699010e-24   1.1495190142e-13   1.6465103694e+05   2.0000000000e-02 
  1.6767421671e+21   4.2392451140e+17   1.4973425256e+61   7.6885213091e-24   1.1515091191e-13   1.6480413662e+05   2.0000000000e-02 
  1.6771659500e+21   4.2378289395e+17   1.4975992662e+61   7.7077704051e-24   1.1535398083e-13   1.6496236375e+05   2.0000000000e-02 
  1.6775895652e+21   4.2361516096e+17   1.4977630799e+61   7.7274576913e-24   1.1556153502e-13   1.6512528250e+05   2.0000000000e-02 
  1.6780129983e+21   4.2343311405e+17   1.4978755385e+61   7.7474994341e-24   1.1577269959e-13   1.6529290175e+05   2.0000000000e-02 
  1.6784362312e+21   4.2323288447e+17   1.4979228436e+61   7.7679119609e-24   1.1598764162e-13   1.6546399211e+05   2.0000000000e-02 
  1.6788592530e+21   4.2302181724e+17   1.4979308809e+61   7.7885620066e-24   1.1620495703e-13   1.6563836638e+05   2.0000000000e-02 
  1.6792820553e+21   4.2280235251e+17   1.4979082202e+61   7.8094773815e-24   1.1642492552e-13   1.6581452044e+05   2.0000000000e-02 
  1.6797046293e+21   4.2257397212e+17   1.4978529643e+61   7.8305167277e-24   1.1664605217e-13   1.6599257475e+05   2.0000000000e-02 
  1.6801269682e+21   4.2233893122e+17   1.4977730494e+61   7.8517466335e-24   1.1686902201e-13   1.6617122565e+05   2.0000000000e-02 
  1.6805490700e+21   4.2210176981e+17   1.4976845408e+61   7.8730452422e-24   1.1709254535e-13   1.6635111380e+05   2.0000000000e-02 
  1.6809709291e+21   4.2185907118e+17   1.4975752910e+61   7.8945146613e-24   1.1731768515e-13   1.6653127768e+05   2.0000000000e-02 
  1.6813925426e+21   4.2161352128e+17   1.4974548030e+61   7.9160538594e-24   1.1754337552e-13   1.6671266392e+05   2.0000000000e-02 
  1.6818139079e+21   4.2136535585e+17   1.4973238945e+61   7.9377712892e-24   1.1777075312e-13   1.6689449055e+05   2.0000000000e-02 
  1.6822350190e+21   4.2111107802e+17   1.4971701114e+61   7.9595763367e-24   1.1799886530e-13   1.6707763134e+05   2.0000000000e-02 
  1.6826558695e+21   4.2085044482e+17   1.4969925458e+61   7.9815561871e-24   1.1822862893e-13   1.6726133424e+05   2.0000000000e-02 
  1.6830764564e+21   4.2058689642e+17   1.4968033989e+61   8.0036293182e-24   1.1845918662e-13   1.6744619736e+05   2.0000000000e-02 
  1.6834967610e+21   4.2030458370e+17   1.4965462031e+61   8.0258545942e-24   1.1869115685e-13   1.6763153835e+05   2.0000000000e-02 
  1.6839167810e+21   4.2002003543e+17   1.4962797220e+61   8.0481663073e-24   1.1892384714e-13   1.6781772255e+05   2.0000000000e-02 
  1.6843365134e+21   4.1973243445e+17   1.4960010268e+61   8.0706059649e-24   1.1915769059e-13   1.6800423192e+05   2.0000000000e-02 
  1.6847559612e+21   4.1944778396e+17   1.4957315086e+61   8.0931246816e-24   1.1939217268e-13   1.6819135194e+05   2.0000000000e-02 
  1.6851751193e+21   4.1915807274e+17   1.4954425995e+61   8.1157607565e-24   1.1962768965e-13   1.6837869938e+05   2.0000000000e-02 
  1.6855939855e+21   4.1886626752e+17   1.4951448564e+61   8.1384708024e-24   1.1986378827e-13   1.6856658894e+05   2.0000000000e-02 
  1.6860125786e+21   4.1859309035e+17   1.4949122873e+61   8.1613007011e-24   1.2010094151e-13   1.6875466415e+05   2.0000000000e-02 
  1.6864309291e+21   4.1835048572e+17   1.4947877134e+61   8.1842032904e-24   1.2033865954e-13   1.6894333971e+05   2.0000000000e-02 
  1.6868490367e+21   4.1810759991e+17   1.4946610276e+61   8.2072360495e-24   1.2057753469e-13   1.6913220740e+05   2.0000000000e-02 
  1.6872668806e+21   4.1784384024e+17   1.4944585583e+61   8.2303418193e-24   1.2081697370e-13   1.6932175771e+05   2.0000000000e-02 
  1.6876844328e+21   4.1755222750e+17   1.4941551773e+61   8.2535833591e-24   1.2105758761e-13   1.6951148456e+05   2.0000000000e-02 
  1.6881016713e+21   4.1723852887e+17   1.4937713400e+61   8.2768914236e-24   1.2129869536e-13   1.6970185308e+05   2.0000000000e-02 
  1.6885185845e+21   4.1691319686e+17   1.4933443395e+61   8.3003289604e-24   1.2154094808e-13   1.6989230845e+05   2.0000000000e-02 
  1.6889351703e+21   4.1658577365e+17   1.4929082985e+61   8.3238290465e-24   1.2178365204e-13   1.7008334309e+05   2.0000000000e-02 
  1.6893514232e+21   4.1625295855e+17   1.4924513654e+61   8.3474533703e-24   1.2202744365e-13   1.7027441922e+05   2.0000000000e-02 
  1.6897673455e+21   4.1592226459e+17   1.4920004601e+61   8.3711383274e-24   1.2227166402e-13   1.7046599789e+05   2.0000000000e-02 
  1.6901829347e+21   4.1558915142e+17   1.4915392988e+61   8.3949409548e-24   1.2251690095e-13   1.7065757653e+05   2.0000000000e-02 
  1.6905981884e+21   4.1525374716e+17   1.4910683252e+61   8.4188020228e-24   1.2276254165e-13   1.7084957316e+05   2.0000000000e-02 
  1.6910131055e+21   4.1491710666e+17   1.4905913141e+61   8.4427738466e-24   1.2300912421e-13   1.7104152455e+05   2.0000000000e-02 
  1.6914276842e+21   4.1457868748e+17   1.4901063073e+61   8.4668014661e-24   1.2325608106e-13   1.7123381578e+05   2.0000000000e-02 
  1.6918419200e+21   4.1423575112e+17   1.4896034426e+61   8.4909339985e-24   1.2350391630e-13   1.7142601810e+05   2.0000000000e-02 
  1.6922558146e+21   4.1389461788e+17   1.4891054335e+61   8.5151198049e-24   1.2375209770e-13   1.7161849662e+05   2.0000000000e-02 
  1.6926693637e+21   4.1354913280e+17   1.4885901328e+61   8.5394063427e-24   1.2400111132e-13   1.7181085186e+05   2.0000000000e-02 
  1.6930825663e+21   4.1320256510e+17   1.4880692869e+61   8.5637442293e-24   1.2425044925e-13   1.7200343876e+05   2.0000000000e-02 
  1.6934954220e+21   4.1285568557e+17   1.4875456667e+61   8.5881804546e-24   1.2450059179e-13   1.7219587807e+05   2.0000000000e-02 
  1.6939079289e+21   4.1250695639e+17   1.4870137256e+61   8.6126670357e-24   1.2475104647e-13   1.7238852471e+05   2.0000000000e-02 
  1.6943200860e+21   4.1215704839e+17   1.4864758713e+61   8.6372515314e-24   1.2500229836e-13   1.7258101044e+05   2.0000000000e-02 
  1.6947318948e+21   4.1180886204e+17   1.4859425647e+61   8.6618860595e-24   1.2525385653e-13   1.7277369918e+05   2.0000000000e-02 
  1.6951433513e+21   4.1145646497e+17   1.4853923969e+61   8.6866199429e-24   1.2550622539e-13   1.7296622401e+05   2.0000000000e-02 
  1.6955544570e+21   4.1110568510e+17   1.4848463937e+61   8.7114033303e-24   1.2575889206e-13   1.7315897076e+05   2.0000000000e-02 
  1.6959652103e+21   4.1075331491e+17   1.4842929735e+61   8.7362898995e-24   1.2601240409e-13   1.7335155309e+05   2.0000000000e-02 
  1.6963756097e+21   4.1039943516e+17   1.4837324181e+61   8.7612247055e-24   1.2626620113e-13   1.7354439752e+05   2.0000000000e-02 
  1.6967856548e+21   4.1004508225e+17   1.4831684672e+61   8.7862685561e-24   1.2652089942e-13   1.7373707674e+05   2.0000000000e-02 
  1.6971953453e+21   4.0969047510e+17   1.4826019107e+61   8.8113593175e-24   1.2677586697e-13   1.7393007026e+05   2.0000000000e-02 
  1.6976046777e+21   4.0933237802e+17   1.4820210294e+61   8.8365661537e-24   1.2703180608e-13   1.7412289465e+05   2.0000000000e-02 
  1.6980136540e+21   4.0897631773e+17   1.4814458243e+61   8.8618188136e-24   1.2728799937e-13   1.7431609266e+05   2.0000000000e-02 
  1.6984222704e+21   4.0861642123e+17   1.4808550210e+61   8.8871950901e-24   1.2754523834e-13   1.7450911965e+05   2.0000000000e-02 
  1.6988305269e+21   4.0825646509e+17   1.4802622898e+61   8.9126159289e-24   1.2780271658e-13   1.7470258149e+05   2.0000000000e-02 
  1.6992384222e+21   4.0789528810e+17   1.4796634178e+61   8.9381684967e-24   1.2806131934e-13   1.7489587084e+05   2.0000000000e-02 
  1.6996459547e+21   4.0753253813e+17   1.4790571190e+61   8.9637641030e-24   1.2832014446e-13   1.7508966166e+05   2.0000000000e-02 
  1.7000531219e+21   4.0716716014e+17   1.4784395512e+61   8.9894998882e-24   1.2858017369e-13   1.7528328028e+05   2.0000000000e-02 
  1.7004599250e+21   4.0680312277e+17   1.4778251177e+61   9.0152768784e-24   1.2884040622e-13   1.7547746826e+05   2.0000000000e-02 
  1.7008663587e+21   4.0643376678e+17   1.4771896198e+61   9.0412031566e-24   1.2910193251e-13   1.7567148058e+05   2.0000000000e-02 
  1.7012724246e+21   4.0606588079e+17   1.4765577122e+61   9.0671688219e-24   1.2936363903e-13   1.7586613580e+05   2.0000000000e-02 
  1.7016781193e+21   4.0569467095e+17   1.4759119618e+61   9.0932931868e-24   1.2962673097e-13   1.7606061361e+05   2.0000000000e-02 
  1.7020834416e+21   4.0532233601e+17   1.4752603513e+61   9.1194554590e-24   1.2988998614e-13   1.7625580284e+05   2.0000000000e-02 
  1.7024883890e+21   4.0494741919e+17   1.4745975676e+61   9.1457860650e-24   1.3015471927e-13   1.7645080879e+05   2.0000000000e-02 
  1.7028929616e+21   4.0457251361e+17   1.4739330431e+61   9.1721533448e-24   1.3041960030e-13   1.7664660038e+05   2.0000000000e-02 
  1.7032971537e+21   4.0419218645e+17   1.4732469719e+61   9.1986986077e-24   1.3068605198e-13   1.7684220912e+05   2.0000000000e-02 
  1.7037009677e+21   4.0381399565e+17   1.4725668851e+61   9.2252788175e-24   1.3095263190e-13   1.7703867385e+05   2.0000000000e-02 
  1.7041043980e+21   4.0343022083e+17   1.4718646248e+61   9.2520472005e-24   1.3122087972e-13   1.7723494848e+05   2.0000000000e-02 
  1.7045074446e+21   4.0304664400e+17   1.4711612633e+61   9.2788494798e-24   1.3148924217e-13   1.7743214893e+05   2.0000000000e-02 
  1.7049101046e+21   4.0265994981e+17   1.4704446930e+61   9.3058492703e-24   1.3175936134e-13   1.7762916075e+05   2.0000000000e-02 
  1.7053123763e+21   4.0227179144e+17   1.4697209348e+61   9.3328818477e-24   1.3202958159e-13   1.7782715933e+05   2.0000000000e-02 
  1.7057142558e+21   4.0187940527e+17   1.4689798752e+61   9.3601209941e-24   1.3230164373e-13   1.7802495887e+05   2.0000000000e-02 
  1.7061157441e+21   4.0148836103e+17   1.4682418596e+61   9.3873932847e-24   1.3257380720e-13   1.7822380329e+05   2.0000000000e-02 
  1.7065168345e+21   4.0109040411e+17   1.4674766898e+61   9.4148756006e-24   1.3284784049e-13   1.7842247941e+05   2.0000000000e-02 
  1.7069175282e+21   4.0069371799e+17   1.4667142814e+61   9.4423983791e-24   1.3312204691e-13   1.7862219142e+05   2.0000000000e-02 
  1.7073178208e+21   4.0029260105e+17   1.4659337591e+61   9.4701271633e-24   1.3339807738e-13   1.7882180551e+05   2.0000000000e-02 
  1.7077177104e+21   3.9988958455e+17   1.4651443700e+61   9.4979091909e-24   1.3367440424e-13   1.7902240626e+05   2.0000000000e-02 
  1.7081171939e+21   3.9948346048e+17   1.4643416730e+61   9.5258885391e-24   1.3395246386e-13   1.7922300327e+05   2.0000000000e-02 
  1.7085162701e+21   3.9907617051e+17   1.4635327703e+61   9.5539375972e-24   1.3423097940e-13   1.7942450605e+05   2.0000000000e-02 
  1.7089149340e+21   3.9866398027e+17   1.4627039504e+61   9.5821717909e-24   1.3451110149e-13   1.7962611823e+05   2.0000000000e-02 
  1.7093131860e+21   3.9825196744e+17   1.4618738240e+61   9.6104942527e-24   1.3479185924e-13   1.7982853784e+05   2.0000000000e-02 
  1.7097110212e+21   3.9783519085e+17   1.4610242433e+61   9.6389867958e-24   1.3507406885e-13   1.8003119889e+05   2.0000000000e-02 
  1.7101084379e+21   3.9741668731e+17   1.4601663370e+61   9.6675869899e-24   1.3535710191e-13   1.8023456257e+05   2.0000000000e-02 
  1.7105054349e+21   3.9699701720e+17   1.4593021552e+61   9.6963422441e-24   1.3564143271e-13   1.8043829898e+05   2.0000000000e-02 
  1.7109020085e+21   3.9657359127e+17   1.4584221666e+61   9.7252250121e-24   1.3592677914e-13   1.8064263333e+05   2.0000000000e-02 
  1.7112981573e+21   3.9614881189e+17   1.4575351881e+61   9.7542502863e-24   1.3621329328e-13   1.8084746113e+05   2.0000000000e-02 
  1.7116938787e+21   3.9572142449e+17   1.4566365926e+61   9.7834213633e-24   1.3650099877e-13   1.8105280689e+05   2.0000000000e-02 
  1.7120891695e+21   3.9529078492e+17   1.4557239909e+61   9.8127258879e-24   1.3678977604e-13   1.8125876745e+05   2.0000000000e-02 
  1.7124840272e+21   3.9485771397e+17   1.4548003871e+61   9.8421922820e-24   1.3707989764e-13   1.8146521590e+05   2.0000000000e-02 
  1.7128784495e+21   3.9442231831e+17   1.4538661594e+61   9.8717895303e-24   1.3737105862e-13   1.8167240661e+05   2.0000000000e-02 
  1.7132724322e+21   3.9398265657e+17   1.4529141323e+61   9.9015663936e-24   1.3766371719e-13   1.8188010597e+05   2.0000000000e-02 
  1.7136659744e+21   3.9354220683e+17   1.4519571137e+61   9.9314731460e-24   1.3795730728e-13   1.8208859002e+05   2.0000000000e-02 
  1.7140590719e+21   3.9309745253e+17   1.4509821164e+61   9.9615517598e-24   1.3825233644e-13   1.8229742388e+05   2.0000000000e-02 
  1.7144517235e+21   3.9265166730e+17   1.4500012047e+61   9.9917412815e-24   1.3854820349e-13   1.8250692269e+05   2.0000000000e-02 
  1.7148439272e+21   3.9220372129e+17   1.4490101978e+61   1.0022096966e-23   1.3884544616e-13   1.8271668240e+05   2.0000000000e-02 
  1.7152356808e+21   3.9175356739e+17   1.4480089085e+61   1.0052556630e-23   1.3914345390e-13   1.8292706077e+05   2.0000000000e-02 
  1.7156269823e+21   3.9130148177e+17   1.4469983450e+61   1.0083182775e-23   1.3944283430e-13   1.8313763821e+05   2.0000000000e-02 
  1.7160178310e+21   3.9084874513e+17   1.4459832349e+61   1.0113908071e-23   1.3974292794e-13   1.8334882255e+05   2.0000000000e-02 
  1.7164082232e+21   3.9039212921e+17   1.4449516241e+61   1.0144801936e-23   1.4004440876e-13   1.8356016832e+05   2.0000000000e-02 
  1.7167981592e+21   3.8993598805e+17   1.4439196146e+61   1.0175789469e-23   1.4034654542e-13   1.8377213448e+05   2.0000000000e-02 
  1.7171876355e+21   3.8947634153e+17   1.4428724629e+61   1.0206949441e-23   1.4065010223e-13   1.8398422006e+05   2.0000000000e-02 
  1.7175766517e+21   3.8901620689e+17   1.4418213326e+61   1.0238200099e-23   1.4095428150e-13   1.8419692736e+05   2.0000000000e-02 
  1.7179652060e+21   3.8855431481e+17   1.4407615144e+61   1.0269625086e-23   1.4125989447e-13   1.8440972470e+05   2.0000000000e-02 
  1.7183532965e+21   3.8809052624e+17   1.4396924821e+61   1.0301139350e-23   1.4156611152e-13   1.8462313733e+05   2.0000000000e-02 
  1.7187409210e+21   3.8762449736e+17   1.4386129487e+61   1.0332825097e-23   1.4187373072e-13   1.8483663449e+05   2.0000000000e-02 
  1.7191280795e+21   3.8715841176e+17   1.4375310102e+61   1.0364604143e-23   1.4218198865e-13   1.8505069821e+05   2.0000000000e-02 
  1.7195147683e+21   3.8668885380e+17   1.4364339771e+61   1.0396548321e-23   1.4249158285e-13   1.8526485763e+05   2.0000000000e-02 
  1.7199009883e+21   3.8621997077e+17   1.4353372445e+61   1.0428593150e-23   1.4280188235e-13   1.8547951089e+05   2.0000000000e-02 
  1.7202867365e+21   3.8574825115e+17   1.4342277597e+61   1.0460792336e-23   1.4311340942e-13   1.8569429779e+05   2.0000000000e-02 
  1.7206720120e+21   3.8527547353e+17   1.4331121228e+61   1.0493101874e-23   1.4342573186e-13   1.8590948604e+05   2.0000000000e-02 
  1.7210568135e+21   3.8480152799e+17   1.4319899195e+61   1.0525555310e-23   1.4373917597e-13   1.8612484078e+05   2.0000000000e-02 
  1.7214411400e+21   3.8432643403e+17   1.4308612167e+61   1.0558128531e-23   1.4405350216e-13   1.8634051002e+05   2.0000000000e-02 
  1.7218249896e+21   3.8384959511e+17   1.4297237858e+61   1.0590834176e-23   1.4436883379e-13   1.8655639651e+05   2.0000000000e-02 
  1.7222083623e+21   3.8337274346e+17   1.4285840738e+61   1.0623665331e-23   1.4468509930e-13   1.8677254408e+05   2.0000000000e-02 
  1.7225912556e+21   3.8289329474e+17   1.4274324458e+61   1.0656622434e-23   1.4500230339e-13   1.8698893807e+05   2.0000000000e-02 
  1.7229736692e+21   3.8241362666e+17   1.4262777564e+61   1.0689712498e-23   1.4532050921e-13   1.8720554513e+05   2.0000000000e-02 
  1.7233556017e+21   3.8193249287e+17   1.4251153547e+61   1.0722928004e-23   1.4563964323e-13   1.8742242312e+05   2.0000000000e-02 
  1.7237370514e+21   3.8144972621e+17   1.4239446087e+61   1.0756284102e-23   1.4595984787e-13   1.8763951269e+05   2.0000000000e-02 
  1.7241180173e+21   3.8096585938e+17   1.4227674994e+61   1.0789774256e-23   1.4628105717e-13   1.8785690631e+05   2.0000000000e-02 
  1.7244984966e+21   3.8047929169e+17   1.4215780397e+61   1.0823416836e-23   1.4660344179e-13   1.8807458583e+05   2.0000000000e-02 
  1.7248784882e+21   3.7999157787e+17   1.4203820264e+61   1.0857196904e-23   1.4692672920e-13   1.8829267688e+05   2.0000000000e-02 
  1.7252579920e+21   3.7950383337e+17   1.4191836264e+61   1.0891108718e-23   1.4725097951e-13   1.8851098778e+05   2.0000000000e-02 
  1.7256370059e+21   3.7901387561e+17   1.4179746740e+61   1.0925140235e-23   1.4757609869e-13   1.8872948860e+05   2.0000000000e-02 
  1.7260155288e+21   3.7852294093e+17   1.4167597853e+61   1.0959304861e-23   1.4790221055e-13   1.8894807540e+05   2.0000000000e-02 
  1.7263935587e+21   3.7802984852e+17   1.4155345334e+61   1.0993598697e-23   1.4822927145e-13   1.8916682918e+05   2.0000000000e-02 
  1.7267710946e+21   3.7753594977e+17   1.4143039699e+61   1.1028034849e-23   1.4855740454e-13   1.8938579295e+05   2.0000000000e-02 
  1.7271481358e+21   3.7704116883e+17   1.4130678072e+61   1.1062634856e-23   1.4888680695e-13   1.8960506171e+05   2.0000000000e-02 
  1.7275246765e+21   3.7654074839e+17   1.4118082007e+61   1.1097417560e-23   1.4921764172e-13   1.8982492394e+05   2.0000000000e-02 
  1.7279007169e+21   3.7604038979e+17   1.4105465063e+61   1.1132384482e-23   1.4954991463e-13   1.9004596230e+05   2.0000000000e-02 
  1.7282762532e+21   3.7553631320e+17   1.4092685390e+61   1.1167584728e-23   1.4988410151e-13   1.9026859237e+05   2.0000000000e-02 
  1.7286512691e+21   3.7501582527e+17   1.4079266118e+61   1.1203158395e-23   1.5022151829e-13   1.9049299147e+05   2.0000000000e-02 
  1.7290257566e+21   3.7448749688e+17   1.4065528186e+61   1.1239228127e-23   1.5056332472e-13   1.9071989162e+05   2.0000000000e-02 
  1.7293996966e+21   3.7394007034e+17   1.4051048003e+61   1.1276147782e-23   1.5091279158e-13   1.9094911345e+05   2.0000000000e-02 
  1.7297730736e+21   3.7337694338e+17   1.4035952108e+61   1.1313576390e-23   1.5126630493e-13   1.9118723548e+05   2.0000000000e-02 
  1.7301459169e+21   3.7284336896e+17   1.4021941758e+61   1.1350295087e-23   1.5161413755e-13   1.9142486830e+05   2.0000000000e-02 
  1.7305182885e+21   3.7237159123e+17   1.4010232320e+61   1.1385084918e-23   1.5194420416e-13   1.9163850949e+05   2.0000000000e-02 
  1.7308902517e+21   3.7196316907e+17   1.4000886511e+61   1.1418380857e-23   1.5225953065e-13   1.9182368990e+05   2.0000000000e-02 
  1.7312618757e+21   3.7162402959e+17   1.3994131686e+61   1.1449310397e-23   1.5255088153e-13   1.9199201183e+05   2.0000000000e-02 
  1.7316332127e+21   3.7133693546e+17   1.3989322820e+61   1.1477304881e-23   1.5281253292e-13   1.9217321890e+05   2.0000000000e-02 
  1.7320040730e+21   3.7086037134e+17   1.3977358857e+61   1.1509335240e-23   1.5311899175e-13   1.9239200657e+05   2.0000000000e-02 
  1.7323753768e+21   3.7130372032e+17   1.4000065985e+61   1.1533854566e-23   1.5336764676e-13   1.9247877058e+05   2.0000000000e-02 
  1.7327558706e+21   3.8049381962e+17   1.4352807464e+61   1.1497890220e-23   1.5307087737e-13   1.9173276789e+05   2.0000000000e-02 
  1.7332520439e+21   4.9617335269e+17   1.8725887603e+61   1.0533743228e-23   1.4416186144e-13   1.8610817797e+05   2.0000000000e-02 
  1.7341896559e+21   9.3761199956e+17   3.5415336744e+61   6.1866640983e-24   1.0117776219e-13   1.3081157588e+05   2.0000000000e-02 
  1.7357180765e+21   1.5284205506e+18   5.7813414868e+61   2.8523809429e-24   6.1030226241e-14   3.8077173720e+04   2.0000000000e-02 
  1.7375658065e+21   1.8477300402e+18   7.0027560179e+61   2.3140477425e-24   5.3235579148e-14   6.2728589037e+03   2.0000000000e-02 
  1.7394857803e+21   1.9199737403e+18   7.2923494826e+61   2.2367805058e-24   5.2058418470e-14   8.6063301715e+02   2.0000000000e-02 
  1.7414166262e+21   1.9308458844e+18   7.3498964825e+61   2.2262113402e-24   5.1896325884e-14   1.1470840304e+02   2.0000000000e-02 
  1.7433489411e+21   1.9323149482e+18   7.3718241096e+61   2.2248025459e-24   5.1874696536e-14   1.5210220613e+01   2.0000000000e-02 
  1.7452814512e+21   1.9325101275e+18   7.3889310783e+61   2.2246157430e-24   5.1871827641e-14   2.0129349897e+00   2.0000000000e-02 
  1.7472139872e+21   1.9325359663e+18   7.4054115210e+61   2.2245910227e-24   5.1871447903e-14   2.6598251224e-01   2.0000000000e-02 
  1.7491465266e+21   1.9325393813e+18   7.4218245481e+61   2.2245877562e-24   5.1871397714e-14   3.5091692180e-02   2.0000000000e-02 
  1.7510790664e+21   1.9325398317e+18   7.4382443781e+61   2.2245873253e-24   5.1871391092e-14   4.6320332254e-03   2.0000000000e-02 
  1.7530116064e+21   1.9325399913e+18   7.4546812365e+61   2.2245872683e-24   5.1871390219e-14   5.9361934986e-04   2.0000000000e-02 
  1.7549441463e+21   1.9325399000e+18   7.4711352672e+61   2.2245872598e-24   5.1871390087e-14   6.2339359347e-05   2.0000000000e-02 
  1.7568766862e+21   1.9325399000e+18   7.4876077892e+61   2.2245872600e-24   5.1871390088e-14   8.1475822690e-06   2.0000000000e-02 
  1.7588092261e+21   1.9325399000e+18   7.5040984508e+61   2.2245872600e-24   5.1871390088e-14   6.3320744580e-06   2.0000000000e-02 
  1.7607417660e+21   1.9325399000e+18   7.5206072518e+61   2.2245872600e-24   5.1871390088e-14   6.3635989851e-06   2.0000000000e-02 
  1.7626743059e+21   1.9325399000e+18   7.5371341924e+61   2.2245872600e-24   5.1871390088e-14   6.1971694724e-06   2.0000000000e-02 
  1.7646068458e+21   1.9325399000e+18   7.5536792724e+61   2.2245872600e-24   5.1871390088e-14   6.2264185440e-06   2.0000000000e-02 
  1.7665393857e+21   1.9325399000e+18   7.5702424919e+61   2.2245872600e-24   5.1871390088e-14   5.9316499573e-06   2.0000000000e-02 
  1.7684719256e+21   1.9325399000e+18   7.5868238509e+61   2.2245872600e-24   5.1871390088e-14   5.5162186110e-06   2.0000000000e-02 
  1.7704044655e+21   1.9325399000e+18   7.6034233495e+61   2.2245872600e-24   5.1871390088e-14   5.1624012194e-06   2.0000000000e-02 
  1.7723370054e+21   1.9325399000e+18   7.6200409875e+61   2.2245872600e-24   5.1871390088e-14   5.0440609100e-06   2.0000000000e-02 
  1.7742695453e+21   1.9325399000e+18   7.6366767650e+61   2.2245872600e-24   5.1871390088e-14   5.0189898400e-06   2.0000000000e-02 
  1.7762020852e+21   1.9325399000e+18   7.6533306820e+61   2.2245872600e-24   5.1871390088e-14   4.9132566808e-06   2.0000000000e-02 
  1.7781346251e+21   1.9325399000e+18   7.6700027385e+61   2.2245872600e-24   5.1871390088e-14   4.7894833439e-06   2.0000000000e-02 
  1.7800671650e+21   1.9325399000e+18   7.6866929346e+61   2.2245872600e-24   5.1871390088e-14   4.6868977223e-06   2.0000000000e-02 
  1.7819997049e+21   1.9325399000e+18   7.7034012701e+61   2.2245872600e-24   5.1871390088e-14   4.5281776706e-06   2.0000000000e-02 
  1.7839322448e+21   1.9325399000e+18   7.7201277451e+61   2.2245872600e-24   5.1871390088e-14   4.3411268049e-06   2.0000000000e-02 
  1.7858647848e+21   1.9325400000e+18   7.7368727604e+61   2.2245872600e-24   5.1871390088e-14   4.2166667001e-06   2.0000000000e-02 
  1.7877973247e+21   1.9325399000e+18   7.7536351145e+61   2.2245872600e-24   5.1871390088e-14   4.1387698305e-06   2.0000000000e-02 
  1.7897298646e+21   1.9325399000e+18   7.7704160080e+61   2.2245872600e-24   5.1871390088e-14   4.0188490150e-06   2.0000000000e-02 
  1.7916624045e+21   1.9325399000e+18   7.7872150410e+61   2.2245872600e-24   5.1871390088e-14   3.8740657351e-06   2.0000000000e-02 
  1.7935949444e+21   1.9325399000e+18   7.8040322135e+61   2.2245872600e-24   5.1871390088e-14   3.5292929602e-06   2.0000000000e-02 
  1.7955274843e+21   1.9325399000e+18   7.8208675255e+61   2.2245872600e-24   5.1871390088e-14   3.2332808216e-06   2.0000000000e-02 
  1.7974600242e+21   1.9325399000e+18   7.8377209770e+61   2.2245872600e-24   5.1871390088e-14   3.1263948691e-06   2.0000000000e-02 
  1.7993925641e+21   1.9325399000e+18   7.8545925680e+61   2.2245872600e-24   5.1871390088e-14   3.0835529573e-06   2.0000000000e-02 
  1.8013251040e+21   1.9325399000e+18   7.8714822985e+61   2.2245872600e-24   5.1871390088e-14   3.0905852567e-06   2.0000000000e-02 
  1.8032576439e+21   1.9325399000e+18   7.8883901685e+61   2.2245872600e-24   5.1871390088e-14   3.0619012265e-06   2.0000000000e-02 
  1.8051901838e+21   1.9325399000e+18   7.9053161780e+61   2.2245872600e-24   5.1871390088e-14   2.9756302860e-06   2.0000000000e-02 
  1.8071227237e+21   1.9325399000e+18   7.9222603270e+61   2.2245872600e-24   5.1871390087e-14   2.9245877736e-06   2.0000000000e-02 
  1.8090552636e+21   1.9325399000e+18   7.9392226155e+61   2.2245872600e-24   5.1871390087e-14   2.8486288330e-06   2.0000000000e-02 
  1.8109878035e+21   1.9325399000e+18   7.9562030434e+61   2.2245872600e-24   5.1871390087e-14   2.3222490030e-06   2.0000000000e-02 
  1.8129203434e+21   1.9325399000e+18   7.9732016109e+61   2.2245872600e-24   5.1871390087e-14   1.7622637488e-06   2.0000000000e-02 
  1.8148528833e+21   1.9325399000e+18   7.9902183179e+61   2.2245872600e-24   5.1871390087e-14   1.5229682371e-06   2.0000000000e-02 
  1.8167854232e+21   1.9325399000e+18   8.0072531644e+61   2.2245872600e-24   5.1871390087e-14   1.4004870851e-06   2.0000000000e-02 
  1.8187179631e+21   1.9325399000e+18   8.0243061504e+61   2.2245872600e-24   5.1871390087e-14   1.2860652349e-06   2.0000000000e-02 
  1.8206505031e+21   1.9325400000e+18   8.0413776924e+61   2.2245872600e-24   5.1871390087e-14   1.0593639796e-06   2.0000000000e-02 
  1.8225830430e+21   1.9325399000e+18   8.0584665417e+61   2.2245872600e-24   5.1871390087e-14   8.9628649489e-07   2.0000000000e-02 
  1.8245155829e+21   1.9325399000e+18   8.0755739462e+61   2.2245872600e-24   5.1871390087e-14   9.8285612699e-07   2.0000000000e-02 
  1.8264481228e+21   1.9325399000e+18   8.0926994902e+61   2.2245872600e-24   5.1871390087e-14   1.1027616982e-06   2.0000000000e-02 
  1.8283806627e+21   1.9325399000e+18   8.1098431736e+61   2.2245872600e-24   5.1871390087e-14   1.1752734069e-06   2.0000000000e-02 
  1.8303132026e+21   1.9325399000e+18   8.1270049966e+61   2.2245872600e-24   5.1871390087e-14   1.1260624161e-06   2.0000000000e-02 
  1.8322457425e+21   1.9325399000e+18   8.1441849591e+61   2.2245872600e-24   5.1871390087e-14   1.0137830991e-06   2.0000000000e-02 
  1.8341782824e+21   1.9325399000e+18   8.1613830610e+61   2.2245872600e-24   5.1871390087e-14   1.0867465046e-06   2.0000000000e-02 
  1.8361108223e+21   1.9325399000e+18   8.1785993025e+61   2.2245872600e-24   5.1871390087e-14   1.1568654827e-06   2.0000000000e-02 
  1.8380433622e+21   1.9325399000e+18   8.1958336835e+61   2.2245872600e-24   5.1871390087e-14   1.1041362841e-06   2.0000000000e-02 
  1.8399759021e+21   1.9325399000e+18   8.2130862039e+61   2.2245872600e-24   5.1871390087e-14   1.1241252180e-06   2.0000000000e-02 
  1.8419084420e+21   1.9325399000e+18   8.2303568639e+61   2.2245872600e-24   5.1871390087e-14   1.2677319319e-06   2.0000000000e-02 
  1.8438409819e+21   1.9325399000e+18   8.2476456633e+61   2.2245872600e-24   5.1871390087e-14   1.3092584897e-06   2.0000000000e-02 
  1.8457735218e+21   1.9325399000e+18   8.2649526023e+61   2.2245872600e-24   5.1871390087e-14   1.3104220390e-06   2.0000000000e-02 
  1.8477060617e+21   1.9325399000e+18   8.2822776807e+61   2.2245872600e-24   5.1871390087e-14   1.2974171865e-06   2.0000000000e-02 
  1.8496386016e+21   1.9325399000e+18   8.2996208987e+61   2.2245872600e-24   5.1871390087e-14   1.2379764511e-06   2.0000000000e-02 
  1.8515711415e+21   1.9325399000e+18   8.3169822561e+61   2.2245872600e-24   5.1871390088e-14   1.1659096213e-06   2.0000000000e-02 
  1.8535036815e+21   1.9325400000e+18   8.3343621848e+61   2.2245872600e-24   5.1871390088e-14   1.1876525088e-06   2.0000000000e-02 
  1.8554362214e+21   1.9325399000e+18   8.3517593904e+61   2.2245872600e-24   5.1871390088e-14   1.2545893756e-06   2.0000000000e-02 
  1.8573687613e+21   1.9325399000e+18   8.3691751664e+61   2.2245872600e-24   5.1871390088e-14   1.3685792186e-06   2.0000000000e-02 
  1.8593013012e+21   1.9325399000e+18   8.3866090818e+61   2.2245872600e-24   5.1871390088e-14   1.6110446886e-06   2.0000000000e-02 
  1.8612338411e+21   1.9325399000e+18   8.4040611368e+61   2.2245872600e-24   5.1871390088e-14   1.7205225090e-06   2.0000000000e-02 
  1.8631663810e+21   1.9325399000e+18   8.4215313312e+61   2.2245872600e-24   5.1871390088e-14   1.8386008221e-06   2.0000000000e-02 
  1.8650989209e+21   1.9325399000e+18   8.4390196651e+61   2.2245872600e-24   5.1871390088e-14   2.0741047526e-06   2.0000000000e-02 
  1.8670314608e+21   1.9325399000e+18   8.4565261386e+61   2.2245872600e-24   5.1871390088e-14   2.1552774880e-06   2.0000000000e-02 
  1.8689640007e+21   1.9325399000e+18   8.4740507515e+61   2.2245872600e-24   5.1871390088e-14   2.2866979283e-06   2.0000000000e-02 
  1.8708965406e+21   1.9325399000e+18   8.4915935039e+61   2.2245872600e-24   5.1871390088e-14   2.5561165138e-06   2.0000000000e-02 
  1.8728290805e+21   1.9325399000e+18   8.5091543959e+61   2.2245872600e-24   5.1871390089e-14   2.5635417923e-06   2.0000000000e-02 
  1.8747616204e+21   1.9325399000e+18   8.5267334273e+61   2.2245872600e-24   5.1871390089e-14   2.5635263743e-06   2.0000000000e-02 
  1.8766941603e+21   1.9325399000e+18   8.5443305982e+61   2.2245872600e-24   5.1871390089e-14   2.4749782167e-06   2.0000000000e-02 
  1.8786267002e+21   1.9325399000e+18   8.5619459086e+61   2.2245872600e-24   5.1871390089e-14   2.4694873646e-06   2.0000000000e-02 
  1.8805592401e+21   1.9325399000e+18   8.5795793586e+61   2.2245872600e-24   5.1871390089e-14   2.5291289289e-06   2.0000000000e-02 
  1.8824917800e+21   1.9325399000e+18   8.5972309480e+61   2.2245872600e-24   5.1871390089e-14   2.5196939607e-06   2.0000000000e-02 
  1.8844243199e+21   1.9325399000e+18   8.6149006769e+61   2.2245872600e-24   5.1871390089e-14   2.4732948824e-06   2.0000000000e-02 
  1.8863568598e+21   1.9325399000e+18   8.6325885453e+61   2.2245872600e-24   5.1871390089e-14   2.4350168339e-06   2.0000000000e-02 
  1.8882893998e+21   1.9325400000e+18   8.6502950013e+61   2.2245872600e-24   5.1871390089e-14   2.4430654243e-06   2.0000000000e-02 
  1.8902219397e+21   1.9325399000e+18   8.6680187016e+61   2.2245872600e-24   5.1871390089e-14   2.4676064082e-06   2.0000000000e-02 
  1.8921544796e+21   1.9325399000e+18   8.6857609885e+61   2.2245872600e-24   5.1871390089e-14   2.4764907013e-06   2.0000000000e-02 
  1.8940870195e+21   1.9325399000e+18   8.7035214149e+61   2.2245872600e-24   5.1871390089e-14   2.4738698868e-06   2.0000000000e-02 
  1.8960195594e+21   1.9325399000e+18   8.7212999808e+61   2.2245872600e-24   5.1871390089e-14   2.4658392199e-06   2.0000000000e-02 
  1.8979520993e+21   1.9325399000e+18   8.7390966862e+61   2.2245872600e-24   5.1871390089e-14   2.4511376109e-06   2.0000000000e-02 
  1.8998846392e+21   1.9325399000e+18   8.7569115311e+61   2.2245872600e-24   5.1871390089e-14   2.4457256211e-06   2.0000000000e-02 
  1.9018171791e+21   1.9325399000e+18   8.7747445155e+61   2.2245872600e-24   5.1871390089e-14   2.4383856579e-06   2.0000000000e-02 
  1.9037497190e+21   1.9325399000e+18   8.7925956394e+61   2.2245872600e-24   5.1871390089e-14   2.4094193135e-06   2.0000000000e-02 
  1.9056822589e+21   1.9325399000e+18   8.8104649028e+61   2.2245872600e-24   5.1871390089e-14   2.3713731344e-06   2.0000000000e-02 
  1.9076147988e+21   1.9325399000e+18   8.8283523057e+61   2.2245872600e-24   5.1871390089e-14   2.3576148881e-06   2.0000000000e-02 
  1.9095473387e+21   1.9325399000e+18   8.8462578481e+61   2.2245872600e-24   5.1871390089e-14   2.3404946526e-06   2.0000000000e-02 
  1.9114798786e+21   1.9325399000e+18   8.8641815300e+61   2.2245872600e-24   5.1871390089e-14   2.3322129423e-06   2.0000000000e-02 
  1.9134124185e+21   1.9325399000e+18   8.8821233514e+61   2.2245872600e-24   5.1871390089e-14   2.3159082689e-06   2.0000000000e-02 
  1.9153449584e+21   1.9325399000e+18   8.9000833123e+61   2.2245872600e-24   5.1871390089e-14   2.2893249189e-06   2.0000000000e-02 
  1.9172774983e+21   1.9325399000e+18   8.9180614127e+61   2.2245872600e-24   5.1871390089e-14   2.2256710579e-06   2.0000000000e-02 
  1.9192100382e+21   1.9325399000e+18   8.9360576526e+61   2.2245872600e-24   5.1871390089e-14   1.9364951811e-06   2.0000000000e-02 
  1.9211425782e+21   1.9325400000e+18   8.9540724957e+61   2.2245872600e-24   5.1871390089e-14   1.5411629433e-06   2.0000000000e-02 
  1.9230751181e+21   1.9325399000e+18   8.9721045518e+61   2.2245872600e-24   5.1871390089e-14   1.3427993494e-06   2.0000000000e-02 
  1.9250076580e+21   1.9325399000e+18   8.9901552101e+61   2.2245872600e-24   5.1871390089e-14   1.2534381523e-06   2.0000000000e-02 
  1.9269401979e+21   1.9325399000e+18   9.0082240080e+61   2.2245872600e-24   5.1871390089e-14   1.2220336543e-06   2.0000000000e-02 
  1.9288727378e+21   1.9325399000e+18   9.0263109454e+61   2.2245872600e-24   5.1871390089e-14   1.1945781525e-06   2.0000000000e-02 
  1.9308052777e+21   1.9325399000e+18   9.0444160223e+61   2.2245872600e-24   5.1871390089e-14   1.1490766098e-06   2.0000000000e-02 
  1.9327378176e+21   1.9325399000e+18   9.0625392386e+61   2.2245872600e-24   5.1871390089e-14   1.0587365632e-06   2.0000000000e-02 
  1.9346703575e+21   1.9325399000e+18   9.0806805945e+61   2.2245872600e-24   5.1871390089e-14   6.0471407217e-07   2.0000000000e-02 
  1.9366028974e+21   1.9325399000e+18   9.0988400899e+61   2.2245872600e-24   5.1871390089e-14  -3.4015506070e-07   2.0000000000e-02 
  1.9385354373e+21   1.9325399000e+18   9.1170177248e+61   2.2245872600e-24   5.1871390089e-14  -9.6395139471e-07   2.0000000000e-02 
  1.9404679772e+21   1.9325399000e+18   9.1352134991e+61   2.2245872600e-24   5.1871390089e-14  -1.1424982686e-06   2.0000000000e-02 
  1.9424005171e+21   1.9325399000e+18   9.1534274130e+61   2.2245872600e-24   5.1871390089e-14  -1.1877769971e-06   2.0000000000e-02 
  1.9443330570e+21   1.9325399000e+18   9.1716594664e+61   2.2245872600e-24   5.1871390089e-14  -1.2111595754e-06   2.0000000000e-02 
  1.9462655969e+21   1.9325399000e+18   9.1899096592e+61   2.2245872600e-24   5.1871390089e-14  -1.2338628367e-06   2.0000000000e-02 
  1.9481981368e+21   1.9325399000e+18   9.2081779916e+61   2.2245872600e-24   5.1871390089e-14  -1.2347569253e-06   2.0000000000e-02 
  1.9501306767e+21   1.9325399000e+18   9.2264644634e+61   2.2245872600e-24   5.1871390089e-14  -1.2030881963e-06   2.0000000000e-02 
  1.9520632166e+21   1.9325399000e+18   9.2447690748e+61   2.2245872600e-24   5.1871390089e-14  -1.1762191563e-06   2.0000000000e-02 
  1.9539957565e+21   1.9325399000e+18   9.2630918256e+61   2.2245872600e-24   5.1871390089e-14  -1.1775867784e-06   2.0000000000e-02 
  1.9559282965e+21   1.9325400000e+18   9.2814331967e+61   2.2245872600e-24   5.1871390089e-14  -1.1934743126e-06   2.0000000000e-02 
  1.9578608364e+21   1.9325399000e+18   9.2997917468e+61   2.2245872600e-24   5.1871390089e-14  -1.2184795457e-06   2.0000000000e-02 
  1.9597933763e+21   1.9325399000e+18   9.3181689161e+61   2.2245872600e-24   5.1871390089e-14  -1.2181094764e-06   2.0000000000e-02 
  1.9617259162e+21   1.9325399000e+18   9.3365642250e+61   2.2245872600e-24   5.1871390089e-14  -1.0994189649e-06   2.0000000000e-02 
  1.9636584561e+21   1.9325399000e+18   9.3549776733e+61   2.2245872600e-24   5.1871390089e-14  -7.2179933787e-07   2.0000000000e-02 
  1.9655909960e+21   1.9325399000e+18   9.3734092612e+61   2.2245872600e-24   5.1871390090e-14  -3.4851321124e-08   2.0000000000e-02 
  1.9675235359e+21   1.9325399000e+18   9.3918589885e+61   2.2245872600e-24   5.1871390090e-14   5.4894841488e-07   2.0000000000e-02 
  1.9694560758e+21   1.9325399000e+18   9.4103268554e+61   2.2245872600e-24   5.1871390090e-14   7.2550735149e-07   2.0000000000e-02 
  1.9713886157e+21   1.9325399000e+18   9.4288128617e+61   2.2245872600e-24   5.1871390090e-14   7.1016912152e-07   2.0000000000e-02 
  1.9733211556e+21   1.9325399000e+18   9.4473170075e+61   2.2245872600e-24   5.1871390090e-14   6.1333646001e-07   2.0000000000e-02 
  1.9752536955e+21   1.9325399000e+18   9.4658392929e+61   2.2245872600e-24   5.1871390090e-14   4.1707757943e-07   2.0000000000e-02 
  1.9771862354e+21   1.9325399000e+18   9.4843797177e+61   2.2245872600e-24   5.1871390090e-14   1.6464164099e-07   2.0000000000e-02 
  1.9791187753e+21   1.9325399000e+18   9.5029382820e+61   2.2245872600e-24   5.1871390090e-14   0.0000000000e+00   2.0000000000e-02 
