# time = 4.103964e+15 [s] 
# r                  dr                 dV                 Density            Pressure           Velocity           Z
  2.1304517832e+18   2.1304517832e+18   4.0504543150e+55   4.0520462056e-31   2.9148310135e-14   0.0000000000e+00   9.9248591688e-02 
  2.5859325735e+18   4.5548079034e+17   3.1929078381e+55   4.0520462056e-31   2.9148310135e-14   8.9294608996e+02   9.9248591688e-02 
  3.4668069387e+18   8.8087436511e+17   1.0209938929e+56   4.0523382160e-31   2.9147985822e-14   2.2227179626e+03   9.9248591688e-02 
  4.4297486963e+18   9.6294175760e+17   1.8957134652e+56   4.0532735910e-31   2.9147467289e-14   1.2445373920e+03   9.9248591688e-02 
  4.8800022938e+18   4.5025359750e+17   1.2269353330e+56   4.0544038682e-31   2.9146984417e-14   7.3661411030e+02   9.9248591688e-02 
  5.2783190197e+18   3.9831672593e+17   1.2919473798e+56   4.0555129995e-31   2.9146654744e-14  -4.3399781043e+01   9.9248591688e-02 
  5.9784643106e+18   7.0014529096e+17   2.7907846607e+56   4.0578493380e-31   2.9146318047e-14  -2.9629412143e+02   9.9248591688e-02 
  6.6180458063e+18   6.3958149570e+17   3.1909448137e+56   4.0615043643e-31   2.9145843202e-14  -1.0714499827e+02   9.9248591688e-02 
  7.4770106238e+18   8.5896481746e+17   5.3677981926e+56   4.0664463477e-31   2.9145377508e-14   3.8126162890e+02   9.9248591688e-02 
  8.3127477116e+18   8.3573708782e+17   6.5520300668e+56   4.0732889245e-31   2.9144886451e-14   1.8163782010e+03   9.9248591688e-02 
  9.3584817161e+18   1.0457340045e+18   1.0270966110e+57   4.0822531194e-31   2.9144396285e-14   4.4251129230e+03   9.9248591688e-02 
  1.0443628736e+19   1.0851470202e+18   1.3381226511e+57   4.0937903790e-31   2.9143866550e-14   8.1515701079e+03   9.9248591688e-02 
  1.1726090770e+19   1.2824620335e+18   1.9824349573e+57   4.1085075920e-31   2.9143287973e-14   1.3075348252e+04   9.9248591688e-02 
  1.3103772304e+19   1.3776815346e+18   2.6711163124e+57   4.1267653068e-31   2.9142667919e-14   1.9315608328e+04   9.9248591688e-02 
  1.4680311677e+19   1.5765393723e+18   3.8274780746e+57   4.1489983279e-31   2.9142047288e-14   2.6766603071e+04   9.9248591688e-02 
  1.6458534389e+19   1.7782227126e+18   5.4226664854e+57   4.1766953425e-31   2.9141436259e-14   3.5583086098e+04   9.9248591688e-02 
  1.8444624128e+19   1.9860897385e+18   7.6093346809e+57   4.2106714813e-31   2.9140886801e-14   4.5809660861e+04   9.9248591688e-02 
  2.0687388281e+19   2.2427641528e+18   1.0801227177e+58   4.2517011046e-31   2.9140535283e-14   5.7924926570e+04   9.9248591688e-02 
  2.3119322240e+19   2.4319339592e+18   1.4676715009e+58   4.3009147187e-31   2.9140554447e-14   7.2365102275e+04   9.9248591688e-02 
  2.5884368563e+19   2.7650463236e+18   2.0881924710e+58   4.3589042676e-31   2.9141052332e-14   8.7520166748e+04   9.9248591688e-02 
  2.8857822382e+19   2.9734538189e+18   2.8020915620e+58   4.4278384267e-31   2.9142147314e-14   1.0284363568e+05   9.9248591688e-02 
  3.2311807052e+19   3.4539846693e+18   4.0644641432e+58   4.5102135505e-31   2.9143857702e-14   1.1631243610e+05   9.9248591688e-02 
  3.5984725223e+19   3.6729181711e+18   5.3873713938e+58   4.6063779029e-31   2.9146146062e-14   1.2546221465e+05   9.9248591688e-02 
  4.0153423821e+19   4.1686985986e+18   7.5995653061e+58   4.7195983971e-31   2.9148611455e-14   1.2847464094e+05   9.9248591688e-02 
  4.4588867299e+19   4.4354434781e+18   1.0015755854e+59   4.8529559089e-31   2.9152845987e-14   1.2301011684e+05   9.9248591688e-02 
  4.9656414653e+19   5.0675473531e+18   1.4154197956e+59   5.0052191516e-31   2.9157031769e-14   1.1224636010e+05   9.9248591688e-02 
  5.4636294389e+19   4.9798797365e+18   1.7029682817e+59   5.1790946113e-31   2.9161889274e-14   1.1294694359e+05   9.9248591688e-02 
  6.2227425200e+19   7.5911308107e+18   3.2615658689e+59   5.4091120438e-31   2.9164228419e-14   1.2976631513e+05   9.9248591688e-02 
  7.3544424057e+19   1.1316998857e+19   6.5690903588e+59   5.7680419975e-31   2.9166256455e-14   1.7754611602e+05   9.9248591688e-02 
  7.7775769380e+19   4.2313453225e+18   3.0446354382e+59   6.0749647319e-31   2.9166247870e-14   2.1902860914e+05   9.9248591688e-02 
  8.1595454567e+19   3.8196851876e+18   3.0484593490e+59   6.2496621527e-31   2.9167634656e-14   2.4066012927e+05   9.9248591688e-02 
  8.5617799478e+19   4.0223449107e+18   3.5339006684e+59   6.4376734862e-31   2.9167599395e-14   2.6702618009e+05   9.9248591688e-02 
  8.9925637333e+19   4.3078378548e+18   4.1712439033e+59   6.6608363042e-31   2.9167331781e-14   2.9701666940e+05   9.9248591688e-02 
  9.3918879846e+19   3.9932425137e+18   4.2407748634e+59   6.9039865865e-31   2.9167384848e-14   3.2245228546e+05   9.9248591688e-02 
  9.9023290359e+19   5.1044105124e+18   5.9710553183e+59   7.1993739687e-31   2.9169074970e-14   3.4669422053e+05   9.9248591688e-02 
  1.0404514878e+20   5.0218584198e+18   6.5071036266e+59   7.5552000490e-31   2.9168947716e-14   3.7687587983e+05   9.9248591688e-02 
  1.0888623561e+20   4.8410868336e+18   6.8967887416e+59   7.9283965035e-31   2.9168298716e-14   4.0644750292e+05   9.9248591688e-02 
  1.1353111837e+20   4.6448827555e+18   7.2197988779e+59   8.3188089993e-31   2.9168125234e-14   4.2769304031e+05   9.9248591688e-02 
  1.1925299878e+20   5.7218804108e+18   9.7427777504e+59   8.7898272421e-31   2.9168357541e-14   4.4565746400e+05   9.9248591688e-02 
  1.2504724903e+20   5.7942502557e+18   1.0866166702e+60   9.3559670710e-31   2.9168536928e-14   4.5799843702e+05   9.9248591688e-02 
  1.3062649901e+20   5.5792499793e+18   1.1459532462e+60   9.9568836986e-31   2.9171576309e-14   4.6526994362e+05   9.9248591688e-02 
  1.3620296843e+20   5.5764694139e+18   1.2474984081e+60   1.0595219986e-30   2.9171819168e-14   4.8282126017e+05   9.9248591688e-02 
  1.4280043444e+20   6.5974660174e+18   1.6137155130e+60   1.1355158034e-30   2.9170680718e-14   5.0954529730e+05   9.9248591688e-02 
  1.4945310508e+20   6.6526706329e+18   1.7854202693e+60   1.2246467714e-30   2.9169908186e-14   5.3916965723e+05   9.9248591688e-02 
  1.5584354138e+20   6.3904363008e+18   1.8714915636e+60   1.3194604306e-30   2.9169990564e-14   5.6943141953e+05   9.9248591688e-02 
  1.6272270568e+20   6.8791643021e+18   2.1935754303e+60   1.4241334196e-30   2.9171331903e-14   5.9680708345e+05   9.9248591688e-02 
  1.7056252609e+20   7.8398204143e+18   2.7363284243e+60   1.5502665238e-30   2.9174302228e-14   6.2291572545e+05   9.9248591688e-02 
  1.7824241501e+20   7.6798889185e+18   2.9358931216e+60   1.6941581567e-30   2.9179292732e-14   6.4353687353e+05   9.9248591688e-02 
  1.8503605697e+20   6.7936419570e+18   2.8169716518e+60   1.8392481726e-30   2.9184994065e-14   6.6589891134e+05   9.9248591688e-02 
  1.9393325489e+20   8.8971979159e+18   4.0150503465e+60   2.0127825487e-30   2.9187159028e-14   6.9575737020e+05   9.9248591688e-02 
  2.0475728739e+20   1.0824032508e+19   5.4065162875e+60   2.2477784070e-30   2.9194129102e-14   7.2930614041e+05   9.9248591688e-02 
  2.1580677963e+20   1.1049492237e+19   6.1412451917e+60   2.5282946822e-30   2.9205330757e-14   7.6575068348e+05   9.9248591688e-02 
  2.2603071226e+20   1.0223932628e+19   6.2714864388e+60   2.8196870932e-30   2.9216572714e-14   7.9883793142e+05   9.9248591688e-02 
  2.3860811948e+20   1.2577407220e+19   8.5325346942e+60   3.1632509615e-30   2.9234925557e-14   8.3201547113e+05   9.9248591688e-02 
  2.4965745845e+20   1.1049338967e+19   8.2769916035e+60   3.5412698151e-30   2.9248713517e-14   8.7604229666e+05   9.9248591688e-02 
  2.6575274900e+20   1.6095290551e+19   1.3436800690e+61   4.0166299649e-30   2.9262667455e-14   9.2425543464e+05   9.9248591688e-02 
  2.7745597099e+20   1.1703221995e+19   1.0850655422e+61   4.5339736588e-30   2.9284803085e-14   9.6726697841e+05   9.9248591688e-02 
  2.8787994401e+20   1.0423973022e+19   1.0467561440e+61   4.9814964132e-30   2.9300793195e-14   1.0080708803e+06   9.9248591688e-02 
  2.9884705426e+20   1.0967110248e+19   1.1862188038e+61   5.4247655766e-30   2.9320315847e-14   1.0417561631e+06   9.9248591688e-02 
  3.0897800090e+20   1.0130946639e+19   1.1759728948e+61   5.8319656877e-30   2.9339997988e-14   1.0748462715e+06   9.9248591688e-02 
  3.2405222738e+20   1.5074226482e+19   1.8980860068e+61   6.2492164107e-30   2.9371673890e-14   1.1119137342e+06   9.9248591688e-02 
  3.3959903340e+20   1.5546806014e+19   2.1515445224e+61   6.7144105014e-30   2.9411762033e-14   1.1613750172e+06   9.9248591688e-02 
  3.4984659084e+20   1.0247557442e+19   1.5303904746e+61   7.0695175684e-30   2.9449429173e-14   1.1852959547e+06   9.9248591688e-02 
  3.5948761976e+20   9.6410289237e+18   1.5240591145e+61   7.3078243096e-30   2.9487867642e-14   1.2007635829e+06   9.9248591688e-02 
  3.7513381377e+20   1.5646194011e+19   2.6530866689e+61   7.5356161968e-30   2.9533743520e-14   1.2286285296e+06   9.9248591688e-02 
  3.9258023313e+20   1.7446419361e+19   3.2309475579e+61   7.8069853000e-30   2.9607387108e-14   1.2526725787e+06   9.9248591688e-02 
  4.1094850110e+20   1.8368267963e+19   3.7264606869e+61   8.0486936824e-30   2.9687189248e-14   1.2914938614e+06   9.9248591688e-02 
  4.2128665405e+20   1.0338152950e+19   2.2496102307e+61   8.2212920550e-30   2.9752763447e-14   1.3263619067e+06   9.9248591688e-02 
  4.3121144848e+20   9.9247944317e+18   2.2660936581e+61   8.3151642779e-30   2.9801621575e-14   1.3511368806e+06   9.9248591688e-02 
  4.4838628967e+20   1.7174841188e+19   4.1750915163e+61   8.3998319051e-30   2.9867995354e-14   1.3834185541e+06   9.9248591688e-02 
  4.6768201559e+20   1.9295725920e+19   5.0878105696e+61   8.4922313222e-30   2.9955003126e-14   1.4199788947e+06   9.9248591688e-02 
  4.8446713717e+20   1.6785121587e+19   4.7811164438e+61   8.5665182720e-30   3.0040388471e-14   1.4502463608e+06   9.9248591688e-02 
  4.9343748309e+20   8.9703459102e+18   2.6950339480e+61   8.6085876828e-30   3.0102258055e-14   1.4677453614e+06   9.9248591688e-02 
  5.0237451176e+20   8.9370286703e+18   2.7842574471e+61   8.6294865171e-30   3.0146820430e-14   1.4761679115e+06   9.9248591688e-02 
  5.2025367489e+20   1.7879163140e+19   5.8745800548e+61   8.6524179275e-30   3.0215513189e-14   1.4843685203e+06   9.9248591688e-02 
  5.3528856827e+20   1.5034893371e+19   5.2629692417e+61   8.6717865765e-30   3.0300377020e-14   1.4907362745e+06   9.9248591688e-02 
  5.4504272488e+20   9.7541566177e+18   3.5765583163e+61   8.6800676727e-30   3.0364311727e-14   1.4948185486e+06   9.9248591688e-02 
  5.5308748218e+20   8.0447572981e+18   3.0477424540e+61   8.6806794529e-30   3.0408420888e-14   1.4984920504e+06   9.9248591687e-02 
  5.6000767967e+20   6.9201974844e+18   2.6936337598e+61   8.6764517226e-30   3.0445365246e-14   1.5018133425e+06   9.9248591685e-02 
  5.7719211752e+20   1.7184437855e+19   6.9821922910e+61   8.6602140986e-30   3.0505526956e-14   1.5058954710e+06   9.9248591674e-02 
  5.8823563606e+20   1.1043518540e+19   4.7123880765e+61   8.6356997076e-30   3.0576545699e-14   1.5090313699e+06   9.9248591640e-02 
  5.9101981663e+20   2.7841805663e+18   1.2163648552e+61   8.6197328678e-30   3.0611452557e-14   1.5088687079e+06   9.9248591566e-02 
  5.9332479659e+20   2.3049799582e+18   1.0157194123e+61   8.6083434450e-30   3.0624657618e-14   1.5082862240e+06   9.9248590819e-02 
  6.0154150285e+20   8.2167062585e+18   3.6854719013e+61   8.5713617763e-30   3.0652552388e-14   1.5061223468e+06   9.9248588434e-02 
  6.0918782417e+20   7.6463213280e+18   3.5212942374e+61   8.5092382947e-30   3.0695562555e-14   1.5006970282e+06   9.9248578102e-02 
  6.1743957851e+20   8.2517543370e+18   3.9005696675e+61   8.4402414431e-30   3.0736974525e-14   1.4964443085e+06   9.9248537897e-02 
  6.3458935069e+20   1.7149772179e+19   8.4462535761e+61   8.3189797445e-30   3.0800551613e-14   1.4927790842e+06   9.9248426569e-02 
  6.4886657308e+20   1.4277222386e+19   7.3887917788e+61   8.1619726462e-30   3.0875232128e-14   1.4879836105e+06   9.9248193420e-02 
  6.6242522910e+20   1.3558656029e+19   7.3245455693e+61   8.0154649873e-30   3.0938066653e-14   1.4840538512e+06   9.9247878145e-02 
  6.7996954801e+20   1.7544318908e+19   9.9327983740e+61   7.8420123284e-30   3.1007444722e-14   1.4743694354e+06   9.9247026678e-02 
  6.9614064155e+20   1.6171093535e+19   9.6208994039e+61   7.6441264997e-30   3.1084122923e-14   1.4545935626e+06   9.9244743718e-02 
  7.1175546973e+20   1.5614828186e+19   9.7240259298e+61   7.4453517395e-30   3.1154417466e-14   1.4330365785e+06   9.9238597876e-02 
  7.2686726760e+20   1.5111797865e+19   9.8259787781e+61   7.2386491988e-30   3.1214863029e-14   1.4158130786e+06   9.9219024492e-02 
  7.4377079780e+20   1.6903530203e+19   1.1485714510e+62   7.0055664128e-30   3.1271630694e-14   1.4010337649e+06   9.9141169639e-02 
  7.5783211345e+20   1.4061315646e+19   9.9609033740e+61   6.7636772405e-30   3.1323399809e-14   1.3841311677e+06   9.8873685239e-02 
  7.6581968627e+20   7.9875728185e+18   5.8255929979e+61   6.5773507333e-30   3.1361583432e-14   1.3674461646e+06   9.8444164882e-02 
  7.7264822698e+20   6.8285407092e+18   5.0775886356e+61   6.4356439866e-30   3.1390307383e-14   1.3487791342e+06   9.7605720365e-02 
  7.8174249507e+20   9.0942680891e+18   6.9030810313e+61   6.2624495309e-30   3.1421459934e-14   1.3256469094e+06   9.6992087828e-02 
  7.8535334321e+20   3.6108481475e+18   2.7858067129e+61   6.1123255976e-30   3.1444888428e-14   1.3087046570e+06   9.6712183187e-02 
  7.8700185617e+20   1.6485129585e+18   1.2803942625e+61   6.0420408644e-30   3.1453551241e-14   1.3026898161e+06   9.6621471901e-02 
  7.8959023919e+20   2.5883830147e+18   2.0212381824e+61   5.9916003021e-30   3.1460126957e-14   1.2984971549e+06   9.6590358569e-02 
  7.9609779744e+20   6.5075582533e+18   5.1405060493e+61   5.9102108824e-30   3.1473652254e-14   1.2904445099e+06   9.6584439154e-02 
  8.0126170093e+20   5.1639034944e+18   4.1393756448e+61   5.8187283469e-30   3.1490086398e-14   1.2805470096e+06   9.6582031944e-02 
  8.0495025532e+20   3.6885543816e+18   2.9895962194e+61   5.7602099451e-30   3.1501790180e-14   1.2740852388e+06   9.6581721667e-02 
  8.0836392522e+20   3.4136699083e+18   2.7913220541e+61   5.7240516250e-30   3.1510764452e-14   1.2693021085e+06   9.6581674648e-02 
  8.1205449278e+20   3.6905675535e+18   3.0443748426e+61   5.6983919091e-30   3.1519461666e-14   1.2646463832e+06   9.6581671594e-02 
  8.1538671116e+20   3.3322183795e+18   2.7726468021e+61   5.6817205752e-30   3.1527955348e-14   1.2602535160e+06   9.6581671428e-02 
  8.2811963693e+20   1.2732925771e+19   1.0805118666e+62   5.6633461348e-30   3.1547051879e-14   1.2498693579e+06   9.6581671422e-02 
  8.4033589153e+20   1.2216254604e+19   1.0683781061e+62   5.6419529700e-30   3.1576653686e-14   1.2322074884e+06   9.6581671417e-02 
  8.4478063324e+20   4.4447417099e+18   3.9651286554e+61   5.6305211172e-30   3.1596857616e-14   1.2188027776e+06   9.6581671415e-02 
  8.4779767199e+20   3.0170387446e+18   2.7153684024e+61   5.6272050660e-30   3.1606637086e-14   1.2108748444e+06   9.6581671414e-02 
  8.5069138694e+20   2.8937149550e+18   2.6225969327e+61   5.6262263113e-30   3.1614472698e-14   1.2040354427e+06   9.6581671408e-02 
  8.5370585241e+20   3.0144654701e+18   2.7510740682e+61   5.6262929459e-30   3.1622688610e-14   1.1962949759e+06   9.6581671357e-02 
  8.6471852094e+20   1.1012668532e+19   1.0216666890e+62   5.6283781573e-30   3.1643011581e-14   1.1762491964e+06   9.6581671177e-02 
  8.7192593762e+20   7.2074166774e+18   6.8289483227e+61   5.6329410951e-30   3.1672240782e-14   1.1447741562e+06   9.6581670383e-02 
  8.7494694866e+20   3.0210110428e+18   2.8961778422e+61   5.6366389666e-30   3.1687576077e-14   1.1289406280e+06   9.6581668380e-02 
  8.7883301830e+20   3.8860696334e+18   3.7550123667e+61   5.6408397840e-30   3.1696749353e-14   1.1201595673e+06   9.6581648048e-02 
  8.8573910609e+20   6.9060877885e+18   6.7555857861e+61   5.6474655957e-30   3.1709995887e-14   1.1080333143e+06   9.6581583101e-02 
  8.9275442333e+20   7.0153172468e+18   6.9711434488e+61   5.6543121218e-30   3.1725729352e-14   1.0942317142e+06   9.6581071848e-02 
  9.0222687907e+20   9.4724557337e+18   9.5881837145e+61   5.6601114022e-30   3.1742379377e-14   1.0806490470e+06   9.6579711518e-02 
  9.1248057251e+20   1.0253693447e+19   1.0608355591e+62   5.6650900136e-30   3.1760663654e-14   1.0661120368e+06   9.6577291650e-02 
  9.2256701724e+20   1.0086444728e+19   1.0670555343e+62   5.6683907908e-30   3.1778190164e-14   1.0515230252e+06   9.6575941999e-02 
  9.3847467671e+20   1.5907659470e+19   1.7309277525e+62   5.6702163099e-30   3.1800050069e-14   1.0312062984e+06   9.6570875767e-02 
  9.5279462895e+20   1.4319952243e+19   1.6091869057e+62   5.6705005514e-30   3.1827283725e-14   1.0020716163e+06   9.6557057593e-02 
  9.6574484805e+20   1.2950219093e+19   1.4975283896e+62   5.6691687603e-30   3.1860441217e-14   9.5807126638e+05   9.6527085653e-02 
  9.7843642314e+20   1.2691575090e+19   1.5071104309e+62   5.6650767018e-30   3.1897522885e-14   9.0469198422e+05   9.6443528766e-02 
  9.9484066883e+20   1.6404245691e+19   2.0067454671e+62   5.6544108585e-30   3.1929212747e-14   8.6022454817e+05   9.6124968707e-02 
  1.0070835274e+21   1.2242858552e+19   1.5414639632e+62   5.6379821621e-30   3.1950932980e-14   8.3144611826e+05   9.5083001241e-02 
  1.0166260633e+21   9.5425359122e+18   1.2277594181e+62   5.6191072526e-30   3.1961927819e-14   8.1851737441e+05   9.1901936713e-02 
  1.0217643110e+21   5.1382477016e+18   6.7071890692e+61   5.6007790855e-30   3.1968338488e-14   8.1101983614e+05   8.8154626426e-02 
  1.0287817296e+21   7.0174186169e+18   9.2697495935e+61   5.5766765756e-30   3.1973634695e-14   8.0419918975e+05   8.1754536088e-02 
  1.0316015940e+21   2.8198644304e+18   3.7607496652e+61   5.5518188968e-30   3.1978516322e-14   7.9732051006e+05   7.6493075695e-02 
  1.0345786306e+21   2.9770365689e+18   3.9927373634e+61   5.5291697737e-30   3.1981870706e-14   7.9217320098e+05   7.3856139205e-02 
  1.0401857709e+21   5.6071403164e+18   7.5828057365e+61   5.4844156107e-30   3.1987108905e-14   7.8375694547e+05   7.3528402903e-02 
  1.0441992799e+21   4.0135089297e+18   5.4781074002e+61   5.4323253020e-30   3.1994470637e-14   7.7127542144e+05   7.3370384234e-02 
  1.0477902064e+21   3.5909265450e+18   4.9371442437e+61   5.3962090245e-30   3.2001658791e-14   7.5859640185e+05   7.3320459994e-02 
  1.0526084238e+21   4.8182173651e+18   6.6779086790e+61   5.3651572964e-30   3.2010735491e-14   7.4217337024e+05   7.3314328137e-02 
  1.0578541136e+21   5.2456898064e+18   7.3402130882e+61   5.3359096140e-30   3.2024452206e-14   7.1683277790e+05   7.3313125711e-02 
  1.0627948528e+21   4.9407392487e+18   6.9803976414e+61   5.3132122276e-30   3.2039391810e-14   6.8899973931e+05   7.3313018683e-02 
  1.0734630134e+21   1.0668160592e+19   1.5295031559e+62   5.2887650123e-30   3.2058156610e-14   6.5289823671e+05   7.3313013116e-02 
  1.0819691104e+21   8.5060970046e+18   1.2415126833e+62   5.2640924896e-30   3.2076742671e-14   6.1520805141e+05   7.3313011908e-02 
  1.0876016122e+21   5.6325017473e+18   8.3291331873e+61   5.2499170975e-30   3.2085503040e-14   5.9690347558e+05   7.3313011762e-02 
  1.1009583423e+21   1.3356730142e+19   2.0098901092e+62   5.2385675738e-30   3.2091444673e-14   5.8173615598e+05   7.3313011668e-02 
  1.1119062287e+21   1.0947886345e+19   1.6841988534e+62   5.2279484220e-30   3.2095939744e-14   5.6638432132e+05   7.3313011330e-02 
  1.1258526999e+21   1.3946471270e+19   2.1940495400e+62   5.2208140144e-30   3.2097572746e-14   5.5476414432e+05   7.3313009453e-02 
  1.1357177300e+21   9.8650300800e+18   1.5851533221e+62   5.2163666923e-30   3.2099139776e-14   5.4135130089e+05   7.3313000524e-02 
  1.1451125416e+21   9.3948115785e+18   1.5354169829e+62   5.2149090478e-30   3.2104538144e-14   5.2092334883e+05   7.3312945379e-02 
  1.1626210376e+21   1.7508496009e+19   2.9293980337e+62   5.2159872801e-30   3.2122347658e-14   4.7100079938e+05   7.3312811637e-02 
  1.1744603562e+21   1.1839318637e+19   2.0315521380e+62   5.2205313353e-30   3.2160280845e-14   3.8084250697e+05   7.3312534570e-02 
  1.1858672870e+21   1.1406930743e+19   1.9964877228e+62   5.2253557000e-30   3.2182143076e-14   3.2393042630e+05   7.3311415124e-02 
  1.1955987424e+21   9.7314554653e+18   1.7338793376e+62   5.2310652961e-30   3.2188562533e-14   2.9590742640e+05   7.3305834512e-02 
  1.2035815329e+21   7.9827904332e+18   1.4435504553e+62   5.2383690725e-30   3.2184656123e-14   2.8685838865e+05   7.3286976478e-02 
  1.2210206196e+21   1.7439086750e+19   3.2207875038e+62   5.2547298173e-30   3.2170415607e-14   2.9402195712e+05   7.3234104959e-02 
  1.2326616875e+21   1.1641067907e+19   2.2018240772e+62   5.2790488800e-30   3.2148639099e-14   3.1151693561e+05   7.3126593879e-02 
  1.2380920584e+21   5.4303708568e+18   1.0414513490e+62   5.3016356206e-30   3.2144312043e-14   3.0117070964e+05   7.2973530308e-02 
  1.2443172824e+21   6.2252240078e+18   1.2051817879e+62   5.3295204812e-30   3.2151276298e-14   2.7786030286e+05   7.2239924767e-02 
  1.2485881599e+21   4.2708774605e+18   8.3383288671e+61   5.3655439477e-30   3.2159985725e-14   2.5289599928e+05   7.1109797112e-02 
  1.2532961012e+21   4.7079413952e+18   9.2579720115e+61   5.4126096012e-30   3.2171031996e-14   2.2446114732e+05   6.9643749127e-02 
  1.2566931057e+21   3.3970044821e+18   6.7234157281e+61   5.4708576753e-30   3.2181803294e-14   1.9654288276e+05   6.8906193991e-02 
  1.2640130923e+21   7.3199865576e+18   1.4611871204e+62   5.5816289389e-30   3.2193638529e-14   1.6407484096e+05   6.8643939517e-02 
  1.2691318274e+21   5.1187351576e+18   1.0318895066e+62   5.7365538578e-30   3.2204973538e-14   1.2869689335e+05   6.8517003869e-02 
  1.2774502664e+21   8.3184389651e+18   1.6947615948e+62   5.9590004530e-30   3.2214693474e-14   9.3211197857e+04   6.8469110901e-02 
  1.2816951942e+21   4.2449277961e+18   8.7339463910e+61   6.2180199182e-30   3.2226152071e-14   5.6964378889e+04   6.8452743340e-02 
  1.2848036691e+21   3.1084749389e+18   6.4324972310e+61   6.4412583028e-30   3.2240365837e-14   2.3393154139e+04   6.8447186785e-02 
  1.2882427009e+21   3.4390317083e+18   7.1528898490e+61   6.7422255490e-30   3.2249723160e-14  -1.2109385839e+03   6.8445378033e-02 
  1.2901272038e+21   1.8845029062e+18   3.9358379436e+61   7.0802920638e-30   3.2255488202e-14  -9.0917736739e+03   6.8445155342e-02 
  1.2950176516e+21   4.8904478413e+18   1.0267596390e+62   7.7607758435e-30   3.2244092898e-14  -5.5182726544e+02   6.8445148305e-02 
  1.2980347679e+21   3.0171162850e+18   6.3733051130e+61   8.7228761507e-30   3.2215338112e-14   3.5520847576e+04   6.8445324575e-02 
  1.3008751417e+21   2.8403738043e+18   6.0270944099e+61   9.7103692475e-30   3.2203716793e-14   3.0579580079e+04   6.8446425332e-02 
  1.3013645826e+21   4.8944091515e+17   1.0412254004e+61   1.0480468268e-29   3.2225195143e-14   2.4772731353e+04   6.8448172925e-02 
  1.3098464116e+21   8.4818289468e+18   1.8168741299e+62   1.5997401607e-29   3.2184357665e-14   5.2146726153e+04   6.8479081675e-02 
  1.3137619211e+21   3.9155095066e+18   8.4671349370e+61   2.4956299394e-29   3.2112397126e-14   4.8730631966e+04   6.8595197278e-02 
  1.3139945002e+21   2.3257912583e+17   5.0453444321e+60   3.0097853075e-29   3.2153267791e-14   2.5745192653e+04   6.8562521125e-02 
  1.3182291592e+21   4.2346590004e+18   9.2175238140e+61   7.2570904844e-29   3.2142088806e-14   2.1772175219e+04   6.3487328878e-02 
  1.3188355938e+21   6.0643463384e+17   1.3248767064e+61   1.4670157507e-28   3.2199852979e-14  -1.2048612804e+04   5.0239513410e-02 
  1.3212425349e+21   2.4069410510e+18   5.2704658730e+61   4.1608401659e-28   3.2164753113e-14  -4.0823580177e+04   3.5186588015e-02 
  1.3240717429e+21   2.8292080101e+18   6.2197004547e+61   2.0343173919e-27   3.2280869380e-14  -5.5043462081e+04   2.4434372323e-02 
  1.3243682010e+21   2.9645812052e+17   6.5327115741e+60   6.2643931675e-27   3.2683283115e-14  -5.3999507313e+04   2.2023842849e-02 
  1.3247651131e+21   3.9691205494e+17   8.7508813133e+60   2.1683067889e-26   3.1938774856e-14  -4.4596125443e+04   2.1624911212e-02 
  1.3250737229e+21   3.0860983454e+17   6.8076709829e+60   4.7249272551e-26   3.2173765270e-14  -5.1265939362e+04   2.1059373871e-02 
  1.3260033627e+21   9.2963980688e+17   2.0526235823e+61   6.0602584211e-26   3.2064765235e-14  -5.3647163177e+04   2.0400371595e-02 
  1.3271847272e+21   1.1813644697e+18   2.6125817248e+61   6.3823908450e-26   3.1793988704e-14  -5.7331610207e+04   2.0086183328e-02 
  1.3403567240e+21   1.3171996821e+19   2.9446072228e+62   6.5045814189e-26   3.1683749305e-14  -5.8463396386e+04   2.0050332209e-02 
  1.3507459094e+21   1.0389185383e+19   2.3637092162e+62   7.7811358337e-25   3.1802479113e-14  -5.4983605350e+04   2.0035435871e-02 
  1.3622142239e+21   1.1468314523e+19   2.6517884731e+62   7.9185628726e-25   3.2004452785e-14  -5.4609444575e+04   2.0032046119e-02 
  1.3749779409e+21   1.2763717045e+19   3.0042824771e+62   7.9741365185e-25   3.2088519603e-14  -5.3538329468e+04   2.0028739639e-02 
  1.3882959001e+21   1.3317959175e+19   3.1947638835e+62   8.0980782974e-25   3.2261087858e-14  -5.1934976792e+04   2.0028406456e-02 
  1.4072359988e+21   1.8940098721e+19   4.6501574772e+62   8.4538437656e-25   3.2759045720e-14  -4.8837895730e+04   2.0022765258e-02 
  1.4267697216e+21   1.9533722768e+19   4.9288229154e+62   8.9431015752e-25   3.3411269717e-14  -4.2366206939e+04   2.0022429519e-02 
  1.4389927100e+21   1.2222988353e+19   3.1536266297e+62   9.5132022826e-25   3.4209096860e-14  -3.6156581098e+04   2.0014612996e-02 
  1.4507372742e+21   1.1744564271e+19   3.0810851535e+62   9.9853153214e-25   3.4901739900e-14  -3.1163333419e+04   2.0014484055e-02 
  1.4673712643e+21   1.6633990040e+19   4.4499373466e+62   1.0495411354e-24   3.5652731835e-14  -2.6137757867e+04   2.0005297187e-02 
  1.4806563827e+21   1.3285118469e+19   3.6272822299e+62   1.0978124717e-24   3.6339057841e-14  -2.1072897530e+04   2.0001230779e-02 
  1.4935736014e+21   1.2917218708e+19   3.5898037863e+62   1.1493444514e-24   3.7050231937e-14  -1.6705956063e+04   2.0000447233e-02 
  1.5068085831e+21   1.3234981615e+19   3.7430806782e+62   1.2051794390e-24   3.7875124870e-14  -1.2026081035e+04   2.0000173062e-02 
  1.5199077038e+21   1.3099120792e+19   3.7699722942e+62   1.2673472971e-24   3.8792582289e-14  -6.9154087121e+03   2.0000059457e-02 
  1.5324030701e+21   1.2495366285e+19   3.6572848710e+62   1.3352760354e-24   3.9772590862e-14  -1.8108772076e+03   2.0000019199e-02 
  1.5440583944e+21   1.1655324274e+19   3.4656066677e+62   1.4056910149e-24   4.0764943529e-14   3.1269769675e+03   2.0000006019e-02 
  1.5548551454e+21   1.0796750996e+19   3.2573440648e+62   1.4747840757e-24   4.1714571825e-14   7.7315147113e+03   2.0000001769e-02 
  1.5650073125e+21   1.0152167145e+19   3.1044242071e+62   1.5406562960e-24   4.2672065357e-14   1.1888526938e+04   2.0000000504e-02 
  1.5745290713e+21   9.5217587569e+18   2.9484883703e+62   1.6069156421e-24   4.3622955139e-14   1.5925171448e+04   2.0000000135e-02 
  1.5835001116e+21   8.9710403011e+18   2.8107752870e+62   1.6735368245e-24   4.4563246602e-14   1.9846951141e+04   2.0000000035e-02 
  1.5917492987e+21   8.2491870730e+18   2.6128693255e+62   1.7407759246e-24   4.5497155127e-14   2.3568472865e+04   2.0000000008e-02 
  1.5992818173e+21   7.5325186314e+18   2.4096444839e+62   1.8060134955e-24   4.6389452490e-14   2.7071958384e+04   2.0000000002e-02 
  1.6063848942e+21   7.1030768499e+18   2.2931572225e+62   1.8703430542e-24   4.7257250573e-14   3.0353769051e+04   2.0000000000e-02 
  1.6131450289e+21   6.7601347599e+18   2.2013586079e+62   1.9336718766e-24   4.8100822630e-14   3.3483267814e+04   2.0000000000e-02 
  1.6194153151e+21   6.2702861565e+18   2.0584061000e+62   1.9972223963e-24   4.8993673998e-14   3.6485840247e+04   2.0000000000e-02 
  1.6253167828e+21   5.9014677374e+18   1.9519472580e+62   2.0671682200e-24   4.9967230907e-14   3.9977053320e+04   2.0000000000e-02 
  1.6309497877e+21   5.6330048523e+18   1.8764212070e+62   2.1395166651e-24   5.0717814564e-14   4.2875249566e+04   2.0000000000e-02 
  1.6364170362e+21   5.4672485499e+18   1.8336434274e+62   2.1932230706e-24   5.1445454944e-14   4.5046743425e+04   2.0000000000e-02 
  1.6422232051e+21   5.8061689111e+18   1.9607739244e+62   2.2501644853e-24   5.2197811149e-14   4.7379377402e+04   2.0000000000e-02 
  1.6482066927e+21   5.9834875989e+18   2.0352137682e+62   2.3152917068e-24   5.3047880876e-14   4.9959493455e+04   2.0000000000e-02 
  1.6539248576e+21   5.7181648308e+18   1.9588253613e+62   2.3853212547e-24   5.3952164698e-14   5.2667934028e+04   2.0000000000e-02 
  1.6594543921e+21   5.5295345583e+18   1.9071337366e+62   2.4573699990e-24   5.4872961157e-14   5.5345684983e+04   2.0000000000e-02 
  1.6649140441e+21   5.4596520039e+18   1.8955424962e+62   2.5248613839e-24   5.5727352449e-14   5.7775490753e+04   2.0000000000e-02 
  1.6703111756e+21   5.3971314523e+18   1.8860950698e+62   2.5876070660e-24   5.6513471557e-14   5.9914281701e+04   2.0000000000e-02 
  1.6755384071e+21   5.2272315179e+18   1.8383778863e+62   2.6476550459e-24   5.7297970176e-14   6.1903109466e+04   2.0000000000e-02 
  1.6803880779e+21   4.8496708133e+18   1.7158815823e+62   2.7064449813e-24   5.8067741636e-14   6.3819442508e+04   2.0000000000e-02 
  1.6850131794e+21   4.6251015319e+18   1.6456789815e+62   2.7640872712e-24   5.8816820700e-14   6.5660282754e+04   2.0000000000e-02 
  1.6894110542e+21   4.3978747861e+18   1.5732304421e+62   2.8213822396e-24   5.9555985057e-14   6.7449290669e+04   2.0000000000e-02 
  1.6934084740e+21   3.9974198122e+18   1.4371016680e+62   2.8767157120e-24   6.0264966523e-14   6.9147637634e+04   2.0000000000e-02 
  1.6972152264e+21   3.8067523516e+18   1.3748770629e+62   2.9300486222e-24   6.0943921075e-14   7.0752015010e+04   2.0000000000e-02 
  1.7009496530e+21   3.7344266081e+18   1.3547615754e+62   2.9833164206e-24   6.1617747413e-14   7.2323691676e+04   2.0000000000e-02 
  1.7046153304e+21   3.6656773978e+18   1.3356191138e+62   3.0371345398e-24   6.2294297819e-14   7.3883803907e+04   2.0000000000e-02 
  1.7081098894e+21   3.4945590176e+18   1.2786304645e+62   3.0907821578e-24   6.2964584959e-14   7.5403115324e+04   2.0000000000e-02 
  1.7112158352e+21   3.1059458117e+18   1.1408401941e+62   3.1414779727e-24   6.3594288651e-14   7.6812560570e+04   2.0000000000e-02 
  1.7141548388e+21   2.9390035928e+18   1.0833411671e+62   3.1890235697e-24   6.4181668358e-14   7.8109808310e+04   2.0000000000e-02 
  1.7170449039e+21   2.8900650535e+18   1.0689308107e+62   3.2358851892e-24   6.4757673387e-14   7.9367698029e+04   2.0000000000e-02 
  1.7199136392e+21   2.8687353393e+18   1.0646063305e+62   3.2832149859e-24   6.5336750663e-14   8.0618463891e+04   2.0000000000e-02 
  1.7227648994e+21   2.8512601591e+18   1.0616460838e+62   3.3314707838e-24   6.5924149791e-14   8.1870969111e+04   2.0000000000e-02 
  1.7255994066e+21   2.8345072507e+18   1.0588972609e+62   3.3807439025e-24   6.6521062399e-14   8.3124020227e+04   2.0000000000e-02 
  1.7284176952e+21   2.8182885568e+18   1.0562929798e+62   3.4294396538e-24   6.7108495267e-14   8.4339164378e+04   2.0000000000e-02 
  1.7312196306e+21   2.8019353780e+18   1.0535841548e+62   3.4758082457e-24   6.7665979262e-14   8.5462572299e+04   2.0000000000e-02 
  1.7339868869e+21   2.7672563810e+18   1.0438968995e+62   3.5190112735e-24   6.8183291457e-14   8.6472427555e+04   2.0000000000e-02 
  1.7366187393e+21   2.6318524132e+18   9.9591441981e+61   3.5586847573e-24   6.8656756685e-14   8.7361853753e+04   2.0000000000e-02 
  1.7388720090e+21   2.2532696478e+18   8.5505760447e+61   3.5933333605e-24   6.9078117156e-14   8.8133790292e+04   2.0000000000e-02 
  1.7409809162e+21   2.1089072143e+18   8.0228593095e+61   3.6243482257e-24   6.9465326547e-14   8.8824572219e+04   2.0000000000e-02 
  1.7430581490e+21   2.0772327754e+18   7.9213850151e+61   3.6551565219e-24   6.9848841319e-14   8.9503265700e+04   2.0000000000e-02 
  1.7451086598e+21   2.0505108367e+18   7.8380220722e+61   3.6862568332e-24   7.0235010707e-14   9.0198035563e+04   2.0000000000e-02 
  1.7470481241e+21   1.9394642796e+18   7.4305193555e+61   3.7175381634e-24   7.0622430178e-14   9.0884378904e+04   2.0000000000e-02 
  1.7487112970e+21   1.6631729357e+18   6.3851394737e+61   3.7462560096e-24   7.0977242120e-14   9.1525571139e+04   2.0000000000e-02 
  1.7505035709e+21   1.7922738968e+18   6.8943846894e+61   3.7748523074e-24   7.1329748448e-14   9.2150224623e+04   2.0000000000e-02 
  1.7521313762e+21   1.6278052555e+18   6.2739651679e+61   3.8035087938e-24   7.1682199923e-14   9.2785553892e+04   2.0000000000e-02 
  1.7539154722e+21   1.7840960437e+18   6.8897516926e+61   3.8330386774e-24   7.2044569503e-14   9.3425297491e+04   2.0000000000e-02 
  1.7555325090e+21   1.6170367589e+18   6.2567300119e+61   3.8627571399e-24   7.2408408079e-14   9.4077008329e+04   2.0000000000e-02 
  1.7573016274e+21   1.7691183646e+18   6.8583886029e+61   3.8931902198e-24   7.2780131885e-14   9.4729654869e+04   2.0000000000e-02 
  1.7589050186e+21   1.6033912073e+18   6.2278505375e+61   3.9237494657e-24   7.3152506307e-14   9.5391104413e+04   2.0000000000e-02 
  1.7606493004e+21   1.7442818449e+18   6.7880012451e+61   3.9548506798e-24   7.3531748054e-14   9.6050465827e+04   2.0000000000e-02 
  1.7621186016e+21   1.4693011496e+18   5.7283398710e+61   3.9850434265e-24   7.3897827274e-14   9.6695830137e+04   2.0000000000e-02 
  1.7634655546e+21   1.3469530231e+18   5.2597428848e+61   4.0121300842e-24   7.4225547274e-14   9.7264594756e+04   2.0000000000e-02 
  1.7648046039e+21   1.3390492915e+18   5.2368498324e+61   4.0382018024e-24   7.4540382932e-14   9.7815236822e+04   2.0000000000e-02 
  1.7661127592e+21   1.3081553159e+18   5.1237072763e+61   4.0643918394e-24   7.4856060140e-14   9.8360497354e+04   2.0000000000e-02 
  1.7673091306e+21   1.1963713891e+18   4.6925282745e+61   4.0893624852e-24   7.5156463517e-14   9.8882804756e+04   2.0000000000e-02 
  1.7681152983e+21   8.0616774823e+17   3.1656173447e+61   4.1096155172e-24   7.5399708313e-14   9.9301589803e+04   2.0000000000e-02 
  1.7687913837e+21   6.7608534724e+17   2.6570431332e+61   4.1246773365e-24   7.5580368335e-14   9.9614516523e+04   2.0000000000e-02 
  1.7694432506e+21   6.5186696701e+17   2.5637879985e+61   4.1383277594e-24   7.5743929628e-14   9.9895446588e+04   2.0000000000e-02 
  1.7700981886e+21   6.5493795069e+17   2.5777692375e+61   4.1518048140e-24   7.5905252286e-14   1.0017400544e+05   2.0000000000e-02 
  1.7707556375e+21   6.5744892322e+17   2.5895714193e+61   4.1654764220e-24   7.6068744942e-14   1.0045417822e+05   2.0000000000e-02 
  1.7714131209e+21   6.5748340405e+17   2.5916310187e+61   4.1792221915e-24   7.6232960324e-14   1.0073677468e+05   2.0000000000e-02 
  1.7720694327e+21   6.5631175397e+17   2.5889320832e+61   4.1930898375e-24   7.6398469656e-14   1.0101955357e+05   2.0000000000e-02 
  1.7727246659e+21   6.5523323603e+17   2.5865913692e+61   4.2069902706e-24   7.6564204367e-14   1.0130353777e+05   2.0000000000e-02 
  1.7733789009e+21   6.5423495472e+17   2.5845590106e+61   4.2210013171e-24   7.6731093990e-14   1.0158748315e+05   2.0000000000e-02 
  1.7740322540e+21   6.5335311082e+17   2.5829791202e+61   4.2350578087e-24   7.6898357098e-14   1.0187251511e+05   2.0000000000e-02 
  1.7746847419e+21   6.5248794174e+17   2.5814582209e+61   4.2492273187e-24   7.7066798617e-14   1.0215755011e+05   2.0000000000e-02 
  1.7753363433e+21   6.5160142395e+17   2.5798459119e+61   4.2634512566e-24   7.7235716912e-14   1.0244351878e+05   2.0000000000e-02 
  1.7759870324e+21   6.5068907970e+17   2.5781242017e+61   4.2777861753e-24   7.7405783804e-14   1.0272945586e+05   2.0000000000e-02 
  1.7766368057e+21   6.4977332578e+17   2.5763817114e+61   4.2921804979e-24   7.7576382633e-14   1.0301616269e+05   2.0000000000e-02 
  1.7772856632e+21   6.4885746451e+17   2.5746315152e+61   4.3066835133e-24   7.7748097402e-14   1.0330281856e+05   2.0000000000e-02 
  1.7779336070e+21   6.4794381587e+17   2.5728828329e+61   4.3212503483e-24   7.7920392590e-14   1.0359012289e+05   2.0000000000e-02 
  1.7785806284e+21   6.4702139739e+17   2.5710920382e+61   4.3359243310e-24   7.8093779918e-14   1.0387735945e+05   2.0000000000e-02 
  1.7792267286e+21   6.4610016326e+17   2.5692986336e+61   4.3506652389e-24   7.8267780283e-14   1.0416514655e+05   2.0000000000e-02 
  1.7798719003e+21   6.4517174835e+17   2.5674693371e+61   4.3655118090e-24   7.8442849816e-14   1.0445285072e+05   2.0000000000e-02 
  1.7805161350e+21   6.4423466855e+17   2.5655981592e+61   4.3804275855e-24   7.8618554668e-14   1.0474103118e+05   2.0000000000e-02 
  1.7811594317e+21   6.4329669267e+17   2.5637159778e+61   4.3954463699e-24   7.8795291815e-14   1.0502914418e+05   2.0000000000e-02 
  1.7818017826e+21   6.4235094177e+17   2.5617953444e+61   4.4105354971e-24   7.8972672941e-14   1.0531770009e+05   2.0000000000e-02 
  1.7824431846e+21   6.4140193101e+17   2.5598542022e+61   4.4257239247e-24   7.9151037504e-14   1.0560624215e+05   2.0000000000e-02 
  1.7830836395e+21   6.4045495411e+17   2.5579136701e+61   4.4409836168e-24   7.9330052044e-14   1.0589522491e+05   2.0000000000e-02 
  1.7837231406e+21   6.3950109075e+17   2.5559381125e+61   4.4563377582e-24   7.9509988455e-14   1.0618429327e+05   2.0000000000e-02 
  1.7843616873e+21   6.3854666268e+17   2.5539527504e+61   4.4717656619e-24   7.9690599480e-14   1.0647380251e+05   2.0000000000e-02 
  1.7849992738e+21   6.3758654477e+17   2.5519370631e+61   4.4872830606e-24   7.9872069541e-14   1.0676353260e+05   2.0000000000e-02 
  1.7856358976e+21   6.3662382794e+17   2.5499033765e+61   4.5028784230e-24   8.0054258747e-14   1.0705372707e+05   2.0000000000e-02 
  1.7862715544e+21   6.3565673201e+17   2.5478445299e+61   4.5185604336e-24   8.0237268548e-14   1.0734431533e+05   2.0000000000e-02 
  1.7869062433e+21   6.3468891099e+17   2.5457751413e+61   4.5343277265e-24   8.0421077386e-14   1.0763544864e+05   2.0000000000e-02 
  1.7875399554e+21   6.3371207223e+17   2.5436619115e+61   4.5501829025e-24   8.0605675127e-14   1.0792719446e+05   2.0000000000e-02 
  1.7881726906e+21   6.3273525940e+17   2.5415410839e+61   4.5661250831e-24   8.0791028143e-14   1.0821938407e+05   2.0000000000e-02 
  1.7888044466e+21   6.3175598060e+17   2.5394026457e+61   4.5821403111e-24   8.0977036833e-14   1.0851196731e+05   2.0000000000e-02 
  1.7894352225e+21   6.3077594818e+17   2.5372534661e+61   4.5982308808e-24   8.1163725420e-14   1.0880478446e+05   2.0000000000e-02 
  1.7900650209e+21   6.2979832627e+17   2.5351062846e+61   4.6143933965e-24   8.1351049153e-14   1.0909785645e+05   2.0000000000e-02 
  1.7906938371e+21   6.2881623313e+17   2.5329334054e+61   4.6306236845e-24   8.1538961303e-14   1.0939120598e+05   2.0000000000e-02 
  1.7913216700e+21   6.2783285733e+17   2.5307476426e+61   4.6469335790e-24   8.1727592345e-14   1.0968471163e+05   2.0000000000e-02 
  1.7919485196e+21   6.2684958636e+17   2.5285545875e+61   4.6633065464e-24   8.1916752850e-14   1.0997864382e+05   2.0000000000e-02 
  1.7925743838e+21   6.2586422325e+17   2.5263453773e+61   4.6797678631e-24   8.2106730356e-14   1.1027271048e+05   2.0000000000e-02 
  1.7931992619e+21   6.2487807799e+17   2.5241252889e+61   4.6962932827e-24   8.2297244248e-14   1.1056732830e+05   2.0000000000e-02 
  1.7938231546e+21   6.2389273205e+17   2.5219007159e+61   4.7129116836e-24   8.2488626015e-14   1.1086214435e+05   2.0000000000e-02 
  1.7944460571e+21   6.2290252719e+17   2.5196487788e+61   4.7296004218e-24   8.2680611316e-14   1.1115756298e+05   2.0000000000e-02 
  1.7950679651e+21   6.2190801526e+17   2.5173716652e+61   4.7463832522e-24   8.2873473514e-14   1.1145329969e+05   2.0000000000e-02 
  1.7956888748e+21   6.2090966914e+17   2.5150712503e+61   4.7632453105e-24   8.3067036903e-14   1.1174966062e+05   2.0000000000e-02 
  1.7963087657e+21   6.1989086562e+17   2.5126800946e+61   4.7802029844e-24   8.3261489251e-14   1.1204649464e+05   2.0000000000e-02 
  1.7969276333e+21   6.1886766579e+17   2.5102631469e+61   4.7972503803e-24   8.3456757896e-14   1.1234402081e+05   2.0000000000e-02 
  1.7975454750e+21   6.1784166063e+17   2.5078268265e+61   4.8143996460e-24   8.3652980206e-14   1.1264223651e+05   2.0000000000e-02 
  1.7981622918e+21   6.1681685219e+17   2.5053873712e+61   4.8316532877e-24   8.3850179819e-14   1.1294134342e+05   2.0000000000e-02 
  1.7987780765e+21   6.1578466848e+17   2.5029099494e+61   4.8490222784e-24   8.4048479151e-14   1.1324146586e+05   2.0000000000e-02 
  1.7993928243e+21   6.1474775005e+17   2.5004052312e+61   4.8665144376e-24   8.4247964325e-14   1.1354280160e+05   2.0000000000e-02 
  1.8000065594e+21   6.1373512520e+17   2.4979913621e+61   4.8841422533e-24   8.4448766493e-14   1.1384543839e+05   2.0000000000e-02 
  1.8006193252e+21   6.1276584407e+17   2.4957462366e+61   4.9018673773e-24   8.4650345685e-14   1.1414847994e+05   2.0000000000e-02 
  1.8012311421e+21   6.1181688871e+17   2.4935764968e+61   4.9194987644e-24   8.4850665226e-14   1.1444835597e+05   2.0000000000e-02 
  1.8018420032e+21   6.1086108647e+17   2.4913715147e+61   4.9370366055e-24   8.5049669964e-14   1.1474468678e+05   2.0000000000e-02 
  1.8024518874e+21   6.0988422599e+17   2.4890732024e+61   4.9545364773e-24   8.5248002683e-14   1.1503871387e+05   2.0000000000e-02 
  1.8030607730e+21   6.0888557093e+17   2.4866783262e+61   4.9720390972e-24   8.5446129076e-14   1.1533126758e+05   2.0000000000e-02 
  1.8036686515e+21   6.0787848277e+17   2.4842412767e+61   4.9895863687e-24   8.5644516892e-14   1.1562299972e+05   2.0000000000e-02 
  1.8042755246e+21   6.0687312746e+17   2.4818035567e+61   5.0071978979e-24   8.5843461379e-14   1.1591419773e+05   2.0000000000e-02 
  1.8048814082e+21   6.0588358930e+17   2.4794228490e+61   5.0247228936e-24   8.6041356877e-14   1.1620232726e+05   2.0000000000e-02 
  1.8054863514e+21   6.0494316731e+17   2.4772357404e+61   5.0419294429e-24   8.6235608579e-14   1.1648237491e+05   2.0000000000e-02 
  1.8060904329e+21   6.0408152659e+17   2.4753643776e+61   5.0585378428e-24   8.6423112714e-14   1.1674888862e+05   2.0000000000e-02 
  1.8066937614e+21   6.0332855318e+17   2.4739322182e+61   5.0742639570e-24   8.6600398376e-14   1.1699584870e+05   2.0000000000e-02 
  1.8072964702e+21   6.0270876890e+17   2.4730411087e+61   5.0889071627e-24   8.6765255412e-14   1.1721938555e+05   2.0000000000e-02 
  1.8078986933e+21   6.0222306949e+17   2.4726961888e+61   5.1024213382e-24   8.6917275295e-14   1.1741888716e+05   2.0000000000e-02 
  1.8085005473e+21   6.0185404172e+17   2.4728273576e+61   5.1149269294e-24   8.7057723294e-14   1.1759756269e+05   2.0000000000e-02 
  1.8091021118e+21   6.0156445235e+17   2.4732827595e+61   5.1268037277e-24   8.7190815650e-14   1.1776219582e+05   2.0000000000e-02 
  1.8097034095e+21   6.0129776420e+17   2.4738305830e+61   5.1384309148e-24   8.7324748146e-14   1.1792274091e+05   2.0000000000e-02 
  1.8103044223e+21   6.0101270604e+17   2.4743011128e+61   5.1502268112e-24   8.7462054617e-14   1.1808797502e+05   2.0000000000e-02 
  1.8109051097e+21   6.0068748257e+17   2.4746043295e+61   5.1624215590e-24   8.7603864675e-14   1.1826098178e+05   2.0000000000e-02 
  1.8115054187e+21   6.0030899306e+17   2.4746857698e+61   5.1750976064e-24   8.7751146115e-14   1.1844338611e+05   2.0000000000e-02 
  1.8121052943e+21   5.9987554088e+17   2.4745378501e+61   5.1882910258e-24   8.7904329979e-14   1.1863608819e+05   2.0000000000e-02 
  1.8127046816e+21   5.9938731698e+17   2.4741607586e+61   5.2020164481e-24   8.8063593069e-14   1.1883903804e+05   2.0000000000e-02 
  1.8133035247e+21   5.9884311888e+17   2.4735489289e+61   5.2162443225e-24   8.8228592990e-14   1.1905178924e+05   2.0000000000e-02 
  1.8139017768e+21   5.9825212199e+17   2.4727396882e+61   5.2309384636e-24   8.8398907373e-14   1.1927324052e+05   2.0000000000e-02 
  1.8144993972e+21   5.9762041635e+17   2.4717577241e+61   5.2460322595e-24   8.8573758311e-14   1.1950217959e+05   2.0000000000e-02 
  1.8150963507e+21   5.9695340843e+17   2.4706249779e+61   5.2614655921e-24   8.8752441196e-14   1.1973703505e+05   2.0000000000e-02 
  1.8156926135e+21   5.9626286250e+17   2.4693898047e+61   5.2771617611e-24   8.8934057815e-14   1.1997641912e+05   2.0000000000e-02 
  1.8162881670e+21   5.9555346809e+17   2.4680713916e+61   5.2930646333e-24   8.9117946960e-14   1.2021885967e+05   2.0000000000e-02 
  1.8168829980e+21   5.9483097770e+17   2.4666933993e+61   5.3091115360e-24   8.9303372014e-14   1.2046331462e+05   2.0000000000e-02 
  1.8174771008e+21   5.9410281656e+17   2.4652865107e+61   5.3252699071e-24   8.9489944886e-14   1.2070880218e+05   2.0000000000e-02 
  1.8180704701e+21   5.9336935295e+17   2.4638521973e+61   5.3415034730e-24   8.9677236279e-14   1.2095486664e+05   2.0000000000e-02 
  1.8186631031e+21   5.9263293896e+17   2.4624001811e+61   5.3578068573e-24   8.9865175535e-14   1.2120109347e+05   2.0000000000e-02 
  1.8192549995e+21   5.9189646335e+17   2.4609424484e+61   5.3741677853e-24   9.0053614344e-14   1.2144751866e+05   2.0000000000e-02 
  1.8198461551e+21   5.9115554558e+17   2.4594607710e+61   5.3905980034e-24   9.0242683921e-14   1.2169410964e+05   2.0000000000e-02 
  1.8204365674e+21   5.9041227599e+17   2.4579638099e+61   5.4070978557e-24   9.0432385188e-14   1.2194111251e+05   2.0000000000e-02 
  1.8210262341e+21   5.8966671119e+17   2.4564517791e+61   5.4236819206e-24   9.0622885205e-14   1.2218860898e+05   2.0000000000e-02 
  1.8216151491e+21   5.8891507010e+17   2.4549088908e+61   5.4403516954e-24   9.0814200440e-14   1.2243679525e+05   2.0000000000e-02 
  1.8222033097e+21   5.8816056480e+17   2.4533484862e+61   5.4571147649e-24   9.1006418722e-14   1.2268567842e+05   2.0000000000e-02 
  1.8227907117e+21   5.8740204911e+17   2.4517657524e+61   5.4739677975e-24   9.1199501579e-14   1.2293528735e+05   2.0000000000e-02 
  1.8233773503e+21   5.8663855246e+17   2.4501565953e+61   5.4909094482e-24   9.1393433841e-14   1.2318550873e+05   2.0000000000e-02 
  1.8239632237e+21   5.8587336110e+17   2.4485347041e+61   5.5079319022e-24   9.1588125048e-14   1.2343623288e+05   2.0000000000e-02 
  1.8245483296e+21   5.8510594963e+17   2.4468978665e+61   5.5250287913e-24   9.1783501356e-14   1.2368728774e+05   2.0000000000e-02 
  1.8251326651e+21   5.8433547270e+17   2.4452425244e+61   5.5421916224e-24   9.1979463878e-14   1.2393852466e+05   2.0000000000e-02 
  1.8257162313e+21   5.8356622801e+17   2.4435866507e+61   5.5594139300e-24   9.2175937052e-14   1.2418979479e+05   2.0000000000e-02 
  1.8262990266e+21   5.8279526977e+17   2.4419179158e+61   5.5766896114e-24   9.2372849317e-14   1.2444098599e+05   2.0000000000e-02 
  1.8268810514e+21   5.8202483417e+17   2.4402456845e+61   5.5940140674e-24   9.2570147215e-14   1.2469201134e+05   2.0000000000e-02 
  1.8274623077e+21   5.8125628750e+17   2.4385757002e+61   5.6113870290e-24   9.2767899199e-14   1.2494287683e+05   2.0000000000e-02 
  1.8280427934e+21   5.8048567175e+17   2.4368913665e+61   5.6288166857e-24   9.2966123702e-14   1.2519373298e+05   2.0000000000e-02 
  1.8286225080e+21   5.7971463356e+17   2.4351995846e+61   5.6463085882e-24   9.3164880277e-14   1.2544466279e+05   2.0000000000e-02 
  1.8292014517e+21   5.7894369096e+17   2.4335025325e+61   5.6638666426e-24   9.3364212697e-14   1.2569573760e+05   2.0000000000e-02 
  1.8297796209e+21   5.7816918845e+17   2.4317848356e+61   5.6814936766e-24   9.3564147455e-14   1.2594699831e+05   2.0000000000e-02 
  1.8303570157e+21   5.7739477491e+17   2.4300618221e+61   5.6991886946e-24   9.3764643933e-14   1.2619841659e+05   2.0000000000e-02 
  1.8309336356e+21   5.7661994246e+17   2.4283313579e+61   5.7169467529e-24   9.3965681180e-14   1.2644990012e+05   2.0000000000e-02 
  1.8315094790e+21   5.7584336465e+17   2.4265878514e+61   5.7347637953e-24   9.4167211793e-14   1.2670137444e+05   2.0000000000e-02 
  1.8320845470e+21   5.7506802803e+17   2.4248438857e+61   5.7526360351e-24   9.4369191856e-14   1.2695276504e+05   2.0000000000e-02 
  1.8326588395e+21   5.7429248024e+17   2.4230933487e+61   5.7705600200e-24   9.4571581246e-14   1.2720400426e+05   2.0000000000e-02 
  1.8332323560e+21   5.7351647902e+17   2.4213352193e+61   5.7885326781e-24   9.4774344163e-14   1.2745503537e+05   2.0000000000e-02 
  1.8338050993e+21   5.7274331591e+17   2.4195834069e+61   5.8065519476e-24   9.4977456920e-14   1.2770578967e+05   2.0000000000e-02 
  1.8343770693e+21   5.7197007203e+17   2.4178256034e+61   5.8246115553e-24   9.5180851116e-14   1.2795617875e+05   2.0000000000e-02 
  1.8349482689e+21   5.7119953937e+17   2.4160736256e+61   5.8427047422e-24   9.5384448217e-14   1.2820609172e+05   2.0000000000e-02 
  1.8355187019e+21   5.7043304807e+17   2.4143331382e+61   5.8608279651e-24   9.5588207029e-14   1.2845545837e+05   2.0000000000e-02 
  1.8360883706e+21   5.6966866328e+17   2.4125959911e+61   5.8789790600e-24   9.5792102667e-14   1.2870423835e+05   2.0000000000e-02 
  1.8366572784e+21   5.6890782603e+17   2.4108683195e+61   5.8971563430e-24   9.5996116038e-14   1.2895240261e+05   2.0000000000e-02 
  1.8372254297e+21   5.6815129212e+17   2.4091533708e+61   5.9153582758e-24   9.6200229856e-14   1.2919992599e+05   2.0000000000e-02 
  1.8377928257e+21   5.6739597608e+17   2.4074380988e+61   5.9335832990e-24   9.6404426657e-14   1.2944678383e+05   2.0000000000e-02 
  1.8383594714e+21   5.6664569837e+17   2.4057387455e+61   5.9518299208e-24   9.6608689753e-14   1.2969295292e+05   2.0000000000e-02 
  1.8389253694e+21   5.6589796326e+17   2.4040447624e+61   5.9700967986e-24   9.6813004140e-14   1.2993841288e+05   2.0000000000e-02 
  1.8394905231e+21   5.6515374590e+17   2.4023603266e+61   5.9883827511e-24   9.7017356647e-14   1.3018314648e+05   2.0000000000e-02 
  1.8400549369e+21   5.6441383518e+17   2.4006888355e+61   6.0066868428e-24   9.7221736881e-14   1.3042714075e+05   2.0000000000e-02 
  1.8406186142e+21   5.6367726992e+17   2.3990262461e+61   6.0250083516e-24   9.7426136873e-14   1.3067038655e+05   2.0000000000e-02 
  1.8411815580e+21   5.6294380468e+17   2.3973715516e+61   6.0433467302e-24   9.7630550644e-14   1.3091287796e+05   2.0000000000e-02 
  1.8417437742e+21   5.6221615647e+17   2.3957363697e+61   6.0617016369e-24   9.7834974534e-14   1.3115461261e+05   2.0000000000e-02 
  1.8423052634e+21   5.6148927442e+17   2.3940992223e+61   6.0800728307e-24   9.8039406035e-14   1.3139559011e+05   2.0000000000e-02 
  1.8428660323e+21   5.6076887031e+17   2.3924844974e+61   6.0984601985e-24   9.8243844076e-14   1.3163581218e+05   2.0000000000e-02 
  1.8434260825e+21   5.6005017839e+17   2.3908719150e+61   6.1168637387e-24   9.8448288837e-14   1.3187528242e+05   2.0000000000e-02 
  1.8439854185e+21   5.5933601048e+17   2.3892735111e+61   6.1352834933e-24   9.8652740981e-14   1.3211400544e+05   2.0000000000e-02 
  1.8445440430e+21   5.5862445613e+17   2.3876811685e+61   6.1537195813e-24   9.8857202036e-14   1.3235198730e+05   2.0000000000e-02 
  1.8451019606e+21   5.5791762057e+17   2.3861039240e+61   6.1721721862e-24   9.9061674246e-14   1.3258923497e+05   2.0000000000e-02 
  1.8456591729e+21   5.5721236526e+17   2.3845283953e+61   6.1906415292e-24   9.9266160263e-14   1.3282575583e+05   2.0000000000e-02 
  1.8462156864e+21   5.5651341322e+17   2.3829748321e+61   6.2091278983e-24   9.9470663467e-14   1.3306155827e+05   2.0000000000e-02 
  1.8467715005e+21   5.5581410571e+17   2.3814147648e+61   6.2276315729e-24   9.9675187128e-14   1.3329665112e+05   2.0000000000e-02 
  1.8473266209e+21   5.5512047031e+17   2.3798740421e+61   6.2461528477e-24   9.9879734687e-14   1.3353104375e+05   2.0000000000e-02 
  1.8478810491e+21   5.5442819131e+17   2.3783342073e+61   6.2646920883e-24   1.0008431036e-13   1.3376474619e+05   2.0000000000e-02 
  1.8484347893e+21   5.5374020110e+17   2.3768078681e+61   6.2832496891e-24   1.0028891866e-13   1.3399776844e+05   2.0000000000e-02 
  1.8489878435e+21   5.5305413747e+17   2.3752849238e+61   6.3018261004e-24   1.0049356466e-13   1.3423012156e+05   2.0000000000e-02 
  1.8495402163e+21   5.5237282121e+17   2.3737775234e+61   6.3204218438e-24   1.0069825420e-13   1.3446181831e+05   2.0000000000e-02 
  1.8500919078e+21   5.5169156460e+17   2.3722655557e+61   6.3390375391e-24   1.0090299420e-13   1.3469287270e+05   2.0000000000e-02 
  1.8506429237e+21   5.5101590359e+17   2.3707728505e+61   6.3576740223e-24   1.0110779387e-13   1.3492330063e+05   2.0000000000e-02 
  1.8511932645e+21   5.5034077804e+17   2.3692776777e+61   6.3763323536e-24   1.0131266483e-13   1.3515312075e+05   2.0000000000e-02 
  1.8517429340e+21   5.4966950747e+17   2.3677943494e+61   6.3950137470e-24   1.0151762031e-13   1.3538235545e+05   2.0000000000e-02 
  1.8522919342e+21   5.4900018821e+17   2.3663147008e+61   6.4137195986e-24   1.0172267556e-13   1.3561103112e+05   2.0000000000e-02 
  1.8528402672e+21   5.4833298459e+17   2.3648394640e+61   6.4324514177e-24   1.0192784715e-13   1.3583917441e+05   2.0000000000e-02 
  1.8533879349e+21   5.4766768985e+17   2.3633677712e+61   6.4512107124e-24   1.0213315162e-13   1.3606680901e+05   2.0000000000e-02 
  1.8539349399e+21   5.4700504590e+17   2.3619028495e+61   6.4699986574e-24   1.0233860193e-13   1.3629395383e+05   2.0000000000e-02 
  1.8544812834e+21   5.4634343453e+17   2.3604377357e+61   6.4888156899e-24   1.0254420304e-13   1.3652062050e+05   2.0000000000e-02 
  1.8550269679e+21   5.4568450053e+17   2.3589795559e+61   6.5076613430e-24   1.0274995032e-13   1.3674680829e+05   2.0000000000e-02 
  1.8555719941e+21   5.4502623922e+17   2.3575196667e+61   6.5265342713e-24   1.0295582962e-13   1.3697249830e+05   2.0000000000e-02 
  1.8561163647e+21   5.4437056814e+17   2.3560663796e+61   6.5454323035e-24   1.0316181758e-13   1.3719765539e+05   2.0000000000e-02 
  1.8566600829e+21   5.4371821583e+17   2.3546228800e+61   6.5643526409e-24   1.0336788362e-13   1.3742224095e+05   2.0000000000e-02 
  1.8572031499e+21   5.4306705015e+17   2.3531799631e+61   6.5832925260e-24   1.0357399740e-13   1.3764622571e+05   2.0000000000e-02 
  1.8577455682e+21   5.4241820445e+17   2.3517425593e+61   6.6022506340e-24   1.0378014381e-13   1.3786959900e+05   2.0000000000e-02 
  1.8582873389e+21   5.4177077057e+17   2.3503067540e+61   6.6212284664e-24   1.0398633783e-13   1.3809238233e+05   2.0000000000e-02 
  1.8588284649e+21   5.4112596723e+17   2.3488778563e+61   6.6402308558e-24   1.0419263018e-13   1.3831464303e+05   2.0000000000e-02 
  1.8593689488e+21   5.4048394601e+17   2.3474565544e+61   6.6592671186e-24   1.0439914252e-13   1.3853649744e+05   2.0000000000e-02 
  1.8599087876e+21   5.3983877508e+17   2.3460170933e+61   6.6783507538e-24   1.0460616581e-13   1.3875827596e+05   2.0000000000e-02 
  1.8604479819e+21   5.3919431198e+17   2.3445762229e+61   6.6975165626e-24   1.0481390224e-13   1.3898036395e+05   2.0000000000e-02 
  1.8609865288e+21   5.3854689448e+17   2.3431180150e+61   6.7167829106e-24   1.0502255050e-13   1.3920317606e+05   2.0000000000e-02 
  1.8615244135e+21   5.3788472260e+17   2.3415910588e+61   6.7361820262e-24   1.0523245590e-13   1.3942703535e+05   2.0000000000e-02 
  1.8620616346e+21   5.3722102906e+17   2.3400528653e+61   6.7557389742e-24   1.0544388336e-13   1.3965245087e+05   2.0000000000e-02 
  1.8625981842e+21   5.3654963107e+17   2.3384764679e+61   6.7754967958e-24   1.0565729021e-13   1.3987993503e+05   2.0000000000e-02 
  1.8631340349e+21   5.3585067849e+17   2.3367752039e+61   6.7955009400e-24   1.0587315541e-13   1.4011024314e+05   2.0000000000e-02 
  1.8636691690e+21   5.3513416177e+17   2.3349924050e+61   6.8158188015e-24   1.0609219139e-13   1.4034428535e+05   2.0000000000e-02 
  1.8642035654e+21   5.3439635144e+17   2.3331116121e+61   6.8365341047e-24   1.0631528040e-13   1.4058332515e+05   2.0000000000e-02 
  1.8647371830e+21   5.3361757968e+17   2.3310466751e+61   6.8577610975e-24   1.0654362730e-13   1.4082897729e+05   2.0000000000e-02 
  1.8652699814e+21   5.3279839174e+17   2.3287995732e+61   6.8796467908e-24   1.0677878015e-13   1.4108337879e+05   2.0000000000e-02 
  1.8658018924e+21   5.3191105375e+17   2.3262485829e+61   6.9023838358e-24   1.0702276680e-13   1.4134928074e+05   2.0000000000e-02 
  1.8663328382e+21   5.3094581399e+17   2.3233503470e+61   6.9262197922e-24   1.0727819206e-13   1.4163021469e+05   2.0000000000e-02 
  1.8668627356e+21   5.2989741325e+17   2.3200810646e+61   6.9514794605e-24   1.0754845694e-13   1.4193055047e+05   2.0000000000e-02 
  1.8673914912e+21   5.2875557450e+17   2.3163948843e+61   6.9784114617e-24   1.0783028984e-13   1.4225079200e+05   2.0000000000e-02 
  1.8679191031e+21   5.2761188181e+17   2.3126924474e+61   7.0055713672e-24   1.0811321206e-13   1.4257243870e+05   2.0000000000e-02 
  1.8684456404e+21   5.2653729287e+17   2.3092850426e+61   7.0313739335e-24   1.0838172895e-13   1.4287287993e+05   2.0000000000e-02 
  1.8689711896e+21   5.2554924554e+17   2.3062499092e+61   7.0561121593e-24   1.0863875099e-13   1.4315619113e+05   2.0000000000e-02 
  1.8694958289e+21   5.2463922241e+17   2.3035505039e+61   7.0800505630e-24   1.0888710095e-13   1.4342644232e+05   2.0000000000e-02 
  1.8700196242e+21   5.2379531160e+17   2.3011352583e+61   7.1033793694e-24   1.0912880505e-13   1.4368656359e+05   2.0000000000e-02 
  1.8705426356e+21   5.2301140028e+17   2.2989779532e+61   7.1262402310e-24   1.0936536739e-13   1.4393871632e+05   2.0000000000e-02 
  1.8710649069e+21   5.2227129746e+17   2.2970079545e+61   7.1487446366e-24   1.0959796545e-13   1.4418459212e+05   2.0000000000e-02 
  1.8715864666e+21   5.2155974526e+17   2.2951585355e+61   7.1709857854e-24   1.0982757934e-13   1.4442560998e+05   2.0000000000e-02 
  1.8721073242e+21   5.2085755515e+17   2.2933454698e+61   7.1930477000e-24   1.1005509015e-13   1.4466299945e+05   2.0000000000e-02 
  1.8726274776e+21   5.2015338746e+17   2.2915188828e+61   7.2150112921e-24   1.1028133474e-13   1.4489787079e+05   2.0000000000e-02 
  1.8731469213e+21   5.1944372925e+17   2.2896632701e+61   7.2369346319e-24   1.1050710231e-13   1.4513142700e+05   2.0000000000e-02 
  1.8736656493e+21   5.1872796792e+17   2.2877758799e+61   7.2588957170e-24   1.1073332853e-13   1.4536435357e+05   2.0000000000e-02 
  1.8741836558e+21   5.1800650788e+17   2.2858584418e+61   7.2809268103e-24   1.1096005365e-13   1.4559730332e+05   2.0000000000e-02 
  1.8747009376e+21   5.1728185086e+17   2.2839219534e+61   7.3030494743e-24   1.1118750034e-13   1.4583047327e+05   2.0000000000e-02 
  1.8752174904e+21   5.1655277885e+17   2.2819610058e+61   7.3252808568e-24   1.1141584060e-13   1.4606416180e+05   2.0000000000e-02 
  1.8757333100e+21   5.1581964065e+17   2.2799771026e+61   7.3476501465e-24   1.1164536773e-13   1.4629867893e+05   2.0000000000e-02 
  1.8762483900e+21   5.1508001106e+17   2.2779594805e+61   7.3701869777e-24   1.1187637627e-13   1.4653455074e+05   2.0000000000e-02 
  1.8767627244e+21   5.1433431420e+17   2.2759099584e+61   7.3929551759e-24   1.1210953005e-13   1.4677185893e+05   2.0000000000e-02 
  1.8772763233e+21   5.1359898585e+17   2.2739012697e+61   7.4157000837e-24   1.1234249992e-13   1.4700831066e+05   2.0000000000e-02 
  1.8777892221e+21   5.1289877575e+17   2.2720431863e+61   7.4379439710e-24   1.1257025786e-13   1.4723707766e+05   2.0000000000e-02 
  1.8783014746e+21   5.1225245846e+17   2.2704192883e+61   7.4594747400e-24   1.1279061975e-13   1.4745532116e+05   2.0000000000e-02 
  1.8788131460e+21   5.1167143632e+17   2.2690806796e+61   7.4801193793e-24   1.1300181836e-13   1.4766079280e+05   2.0000000000e-02 
  1.8793243081e+21   5.1116211934e+17   2.2680564433e+61   7.4997474969e-24   1.1320251388e-13   1.4785190206e+05   2.0000000000e-02 
  1.8798350373e+21   5.1072914902e+17   2.2673678852e+61   7.5183077020e-24   1.1339224436e-13   1.4802806941e+05   2.0000000000e-02 
  1.8803454092e+21   5.1037189474e+17   2.2670129412e+61   7.5357713646e-24   1.1357135834e-13   1.4818929694e+05   2.0000000000e-02 
  1.8808555008e+21   5.1009163472e+17   2.2669980248e+61   7.5521293288e-24   1.1373905382e-13   1.4833526230e+05   2.0000000000e-02 
  1.8813653864e+21   5.0988554481e+17   2.2673113170e+61   7.5674050401e-24   1.1389555847e-13   1.4846634305e+05   2.0000000000e-02 
  1.8818751329e+21   5.0974650424e+17   2.2679218430e+61   7.5816968702e-24   1.1404186411e-13   1.4858388747e+05   2.0000000000e-02 
  1.8823847974e+21   5.0966451280e+17   2.2687857210e+61   7.5951494113e-24   1.1417943502e-13   1.4868998751e+05   2.0000000000e-02 
  1.8828944232e+21   5.0962584310e+17   2.2698423434e+61   7.6079575682e-24   1.1431026125e-13   1.4878733927e+05   2.0000000000e-02 
  1.8834040367e+21   5.0961343625e+17   2.2710160868e+61   7.6203830389e-24   1.1443699962e-13   1.4887892194e+05   2.0000000000e-02 
  1.8839136459e+21   5.0960927482e+17   2.2722268474e+61   7.6326456977e-24   1.1456381746e-13   1.4896895056e+05   2.0000000000e-02 
  1.8844232352e+21   5.0958929636e+17   2.2733673288e+61   7.6450831532e-24   1.1469524892e-13   1.4906247831e+05   2.0000000000e-02 
  1.8849327681e+21   5.0953287040e+17   2.2743452676e+61   7.6581323514e-24   1.1483298003e-13   1.4916380011e+05   2.0000000000e-02 
  1.8854421986e+21   5.0943048196e+17   2.2751178062e+61   7.6719051046e-24   1.1497825496e-13   1.4927509729e+05   2.0000000000e-02 
  1.8859514756e+21   5.0927705640e+17   2.2756618190e+61   7.6865002110e-24   1.1513213833e-13   1.4939673422e+05   2.0000000000e-02 
  1.8864605501e+21   5.0907448577e+17   2.2759852743e+61   7.7018711832e-24   1.1529414930e-13   1.4952884626e+05   2.0000000000e-02 
  1.8869693747e+21   5.0882460046e+17   2.2760958875e+61   7.7179960622e-24   1.1546405981e-13   1.4967028509e+05   2.0000000000e-02 
  1.8874779091e+21   5.0853434950e+17   2.2760243116e+61   7.7347592889e-24   1.1564064339e-13   1.4982011521e+05   2.0000000000e-02 
  1.8879861182e+21   5.0820915631e+17   2.2757944502e+61   7.7520920810e-24   1.1582316551e-13   1.4997673814e+05   2.0000000000e-02 
  1.8884939738e+21   5.0785560747e+17   2.2754354854e+61   7.7698748139e-24   1.1601035069e-13   1.5013903152e+05   2.0000000000e-02 
  1.8890014538e+21   5.0747996195e+17   2.2749752101e+61   7.7880406102e-24   1.1620148185e-13   1.5030560319e+05   2.0000000000e-02 
  1.8895085401e+21   5.0708629225e+17   2.2744316829e+61   7.8064966583e-24   1.1639556766e-13   1.5047557732e+05   2.0000000000e-02 
  1.8900152198e+21   5.0667971945e+17   2.2738277191e+61   7.8251968310e-24   1.1659211191e-13   1.5064798103e+05   2.0000000000e-02 
  1.8905214826e+21   5.0626279704e+17   2.2731746636e+61   7.8440783380e-24   1.1679044430e-13   1.5082227823e+05   2.0000000000e-02 
  1.8910273209e+21   5.0583833324e+17   2.2724850372e+61   7.8631172719e-24   1.1699030604e-13   1.5099785168e+05   2.0000000000e-02 
  1.8915327296e+21   5.0540866196e+17   2.2717692617e+61   7.8822721582e-24   1.1719125574e-13   1.5117443379e+05   2.0000000000e-02 
  1.8920377039e+21   5.0497432237e+17   2.2710297135e+61   7.9015361839e-24   1.1739321684e-13   1.5135162465e+05   2.0000000000e-02 
  1.8925422416e+21   5.0453764146e+17   2.2702768223e+61   7.9208782697e-24   1.1759586022e-13   1.5152934342e+05   2.0000000000e-02 
  1.8930463399e+21   5.0409835138e+17   2.2695093606e+61   7.9403025761e-24   1.1779922648e-13   1.5170730316e+05   2.0000000000e-02 
  1.8935499975e+21   5.0365761818e+17   2.2687325583e+61   7.9597836029e-24   1.1800304690e-13   1.5188552591e+05   2.0000000000e-02 
  1.8940532133e+21   5.0321574359e+17   2.2679477627e+61   7.9793329424e-24   1.1820744078e-13   1.5206377470e+05   2.0000000000e-02 
  1.8945559860e+21   5.0277273540e+17   2.2671549993e+61   7.9989279115e-24   1.1841216935e-13   1.5224213811e+05   2.0000000000e-02 
  1.8950583151e+21   5.0232904065e+17   2.2663562757e+61   8.0185826149e-24   1.1861737875e-13   1.5242042980e+05   2.0000000000e-02 
  1.8955602000e+21   5.0188497742e+17   2.2655530227e+61   8.0382771356e-24   1.1882286004e-13   1.5259877098e+05   2.0000000000e-02 
  1.8960616401e+21   5.0144005721e+17   2.2647430310e+61   8.0580282359e-24   1.1902878750e-13   1.5277699674e+05   2.0000000000e-02 
  1.8965626355e+21   5.0099541242e+17   2.2639314121e+61   8.0778199419e-24   1.1923499305e-13   1.5295523654e+05   2.0000000000e-02 
  1.8970631851e+21   5.0054956978e+17   2.2631115069e+61   8.0976681769e-24   1.1944164176e-13   1.5313337448e+05   2.0000000000e-02 
  1.8975632893e+21   5.0010422570e+17   2.2622909812e+61   8.1175592534e-24   1.1964858981e-13   1.5331155920e+05   2.0000000000e-02 
  1.8980629468e+21   4.9965745672e+17   2.2614611329e+61   8.1375089821e-24   1.1985600159e-13   1.5348970588e+05   2.0000000000e-02 
  1.8985621574e+21   4.9921066400e+17   2.2606282964e+61   8.1575093723e-24   1.2006379254e-13   1.5366794164e+05   2.0000000000e-02 
  1.8990609197e+21   4.9876227810e+17   2.2597853599e+61   8.1775750936e-24   1.2027211425e-13   1.5384621780e+05   2.0000000000e-02 
  1.8995592329e+21   4.9831318446e+17   2.2589363243e+61   8.1976999438e-24   1.2048090064e-13   1.5402466868e+05   2.0000000000e-02 
  1.9000570953e+21   4.9786241995e+17   2.2580768146e+61   8.2178952795e-24   1.2069026938e-13   1.5420328013e+05   2.0000000000e-02 
  1.9005545058e+21   4.9741047011e+17   2.2572090201e+61   8.2381583924e-24   1.2090018149e-13   1.5438213980e+05   2.0000000000e-02 
  1.9010514622e+21   4.9695644026e+17   2.2563288676e+61   8.2584954743e-24   1.2111068744e-13   1.5456118369e+05   2.0000000000e-02 
  1.9015479640e+21   4.9650182663e+17   2.2554431373e+61   8.2788988865e-24   1.2132173195e-13   1.5474042088e+05   2.0000000000e-02 
  1.9020440090e+21   4.9604499974e+17   2.2545444168e+61   8.2993699923e-24   1.2153332832e-13   1.5491980202e+05   2.0000000000e-02 
  1.9025395973e+21   4.9558822276e+17   2.2536429808e+61   8.3199036001e-24   1.2174542198e-13   1.5509932610e+05   2.0000000000e-02 
  1.9030347266e+21   4.9512935616e+17   2.2527290940e+61   8.3405002031e-24   1.2195801758e-13   1.5527893832e+05   2.0000000000e-02 
  1.9035293974e+21   4.9467076147e+17   2.2518134909e+61   8.3611557632e-24   1.2217107228e-13   1.5545861961e+05   2.0000000000e-02 
  1.9040236080e+21   4.9421061130e+17   2.2508878502e+61   8.3818688588e-24   1.2238457079e-13   1.5563832861e+05   2.0000000000e-02 
  1.9045173587e+21   4.9375074509e+17   2.2499605430e+61   8.4026365994e-24   1.2259848229e-13   1.5581804087e+05   2.0000000000e-02 
  1.9050106487e+21   4.9328992794e+17   2.2490259414e+61   8.4234572392e-24   1.2281278802e-13   1.5599772967e+05   2.0000000000e-02 
  1.9055034780e+21   4.9282930681e+17   2.2480892714e+61   8.4443292897e-24   1.2302747164e-13   1.5617737788e+05   2.0000000000e-02 
  1.9059958460e+21   4.9236807095e+17   2.2471468348e+61   8.4652514763e-24   1.2324251937e-13   1.5635697699e+05   2.0000000000e-02 
  1.9064877531e+21   4.9190706497e+17   2.2462024850e+61   8.4862244563e-24   1.2345793721e-13   1.5653651347e+05   2.0000000000e-02 
  1.9069791985e+21   4.9144536864e+17   2.2452520203e+61   8.5072484894e-24   1.2367372673e-13   1.5671598893e+05   2.0000000000e-02 
  1.9074701825e+21   4.9098403421e+17   2.2443002465e+61   8.5283235526e-24   1.2388988691e-13   1.5689541452e+05   2.0000000000e-02 
  1.9079607043e+21   4.9052183637e+17   2.2433415632e+61   8.5494501637e-24   1.2410642239e-13   1.5707480182e+05   2.0000000000e-02 
  1.9084507644e+21   4.9006007281e+17   2.2423819032e+61   8.5706281849e-24   1.2432333194e-13   1.5725415935e+05   2.0000000000e-02 
  1.9089403618e+21   4.8959742149e+17   2.2414152179e+61   8.5918618799e-24   1.2454065801e-13   1.5743346362e+05   2.0000000000e-02 
  1.9094294968e+21   4.8913492521e+17   2.2404462782e+61   8.6131473052e-24   1.2475835958e-13   1.5761274945e+05   2.0000000000e-02 
  1.9099181685e+21   4.8867173173e+17   2.2394711801e+61   8.6344878647e-24   1.2497647061e-13   1.5779199642e+05   2.0000000000e-02 
  1.9104063773e+21   4.8820877738e+17   2.2384942129e+61   8.6558772163e-24   1.2519492746e-13   1.5797123609e+05   2.0000000000e-02 
  1.9108941223e+21   4.8774505631e+17   2.2375107648e+61   8.6773277609e-24   1.2541385235e-13   1.5815037840e+05   2.0000000000e-02 
  1.9113814039e+21   4.8728158452e+17   2.2365254945e+61   8.6988194583e-24   1.2563304256e-13   1.5832964167e+05   2.0000000000e-02 
  1.9118682210e+21   4.8681705907e+17   2.2355324209e+61   8.7203871371e-24   1.2585286857e-13   1.5850866484e+05   2.0000000000e-02 
  1.9123545699e+21   4.8634890383e+17   2.2345196966e+61   8.7420430078e-24   1.2607339999e-13   1.5868731187e+05   2.0000000000e-02 
  1.9128404420e+21   4.8587215053e+17   2.2334644451e+61   8.7637367468e-24   1.2629399856e-13   1.5886877684e+05   2.0000000000e-02 
  1.9133256739e+21   4.8523192237e+17   2.2316541054e+61   8.7859417250e-24   1.2651975366e-13   1.5906226354e+05   2.0000000000e-02 
  1.9138099379e+21   4.8426393395e+17   2.2283310074e+61   8.8182836720e-24   1.2684643244e-13   1.5930233572e+05   2.0000000000e-02 
  1.9142941497e+21   4.8421181846e+17   2.2292190009e+61   8.8363291147e-24   1.2703568065e-13   1.5946562181e+05   2.0000000000e-02 
  1.9147846668e+21   4.9051708924e+17   2.2593974234e+61   8.8122423051e-24   1.2680416377e-13   1.5931442658e+05   2.0000000000e-02 
  1.9153273371e+21   5.4267030485e+17   2.5009722991e+61   8.4702269887e-24   1.2349132172e-13   1.5677645133e+05   2.0000000000e-02 
  1.9161434005e+21   8.1606340055e+17   3.7636116660e+61   6.6947969845e-24   1.0573121398e-13   1.3177184870e+05   2.0000000000e-02 
  1.9174882532e+21   1.3448526920e+18   6.2093390119e+61   3.3901738804e-24   6.8009098988e-14   5.9290038720e+04   2.0000000000e-02 
  1.9192495390e+21   1.7612858210e+18   8.1452418122e+61   2.4252213620e-24   5.4828465405e-14   1.3211904288e+04   2.0000000000e-02 
  1.9211490814e+21   1.8995423481e+18   8.8013947156e+61   2.2578635721e-24   5.2368336246e-14   2.2599853700e+03   2.0000000000e-02 
  1.9230761594e+21   1.9270780375e+18   8.9467821534e+61   2.2299404226e-24   5.1951523912e-14   3.6511032606e+02   2.0000000000e-02 
  1.9250078237e+21   1.9316643149e+18   8.9860876341e+61   2.2254411639e-24   5.1884180357e-14   5.8294499592e+01   2.0000000000e-02 
  1.9269402242e+21   1.9324004990e+18   9.0075751104e+61   2.2247230823e-24   5.1873425077e-14   9.2760484964e+00   2.0000000000e-02 
  1.9288727420e+21   1.9325177599e+18   9.0262076785e+61   2.2246088256e-24   5.1871713268e-14   1.4732978873e+00   2.0000000000e-02 
  1.9308052784e+21   1.9325363893e+18   9.0443996146e+61   2.2245906790e-24   5.1871441335e-14   2.3364024684e-01   2.0000000000e-02 
  1.9327378177e+21   1.9325393444e+18   9.0625366367e+61   2.2245878011e-24   5.1871398200e-14   3.6996868433e-02   2.0000000000e-02 
  1.9346703575e+21   1.9325398119e+18   9.0806801812e+61   2.2245873457e-24   5.1871391373e-14   5.8617493203e-03   2.0000000000e-02 
  1.9366028974e+21   1.9325398857e+18   9.0988400225e+61   2.2245872741e-24   5.1871390301e-14   9.2350230035e-04   2.0000000000e-02 
  1.9385354373e+21   1.9325399000e+18   9.1170177248e+61   2.2245872597e-24   5.1871390086e-14   1.1990916065e-04   2.0000000000e-02 
  1.9404679772e+21   1.9325399000e+18   9.1352134991e+61   2.2245872599e-24   5.1871390087e-14   1.0224956377e-05   2.0000000000e-02 
  1.9424005171e+21   1.9325399000e+18   9.1534274130e+61   2.2245872600e-24   5.1871390087e-14   6.5942623669e-08   2.0000000000e-02 
  1.9443330570e+21   1.9325399000e+18   9.1716594664e+61   2.2245872600e-24   5.1871390087e-14  -1.0027691164e-06   2.0000000000e-02 
  1.9462655969e+21   1.9325399000e+18   9.1899096592e+61   2.2245872600e-24   5.1871390087e-14  -1.0710436326e-06   2.0000000000e-02 
  1.9481981368e+21   1.9325399000e+18   9.2081779916e+61   2.2245872600e-24   5.1871390087e-14  -1.0510526931e-06   2.0000000000e-02 
  1.9501306767e+21   1.9325399000e+18   9.2264644634e+61   2.2245872600e-24   5.1871390087e-14  -9.4745329742e-07   2.0000000000e-02 
  1.9520632166e+21   1.9325399000e+18   9.2447690748e+61   2.2245872600e-24   5.1871390087e-14  -3.2403378096e-07   2.0000000000e-02 
  1.9539957565e+21   1.9325399000e+18   9.2630918256e+61   2.2245872600e-24   5.1871390087e-14   6.3746094671e-07   2.0000000000e-02 
  1.9559282965e+21   1.9325400000e+18   9.2814331967e+61   2.2245872600e-24   5.1871390087e-14   1.0686138028e-06   2.0000000000e-02 
  1.9578608364e+21   1.9325399000e+18   9.2997917468e+61   2.2245872600e-24   5.1871390087e-14   1.0987565967e-06   2.0000000000e-02 
  1.9597933763e+21   1.9325399000e+18   9.3181689161e+61   2.2245872600e-24   5.1871390087e-14   1.1006690259e-06   2.0000000000e-02 
  1.9617259162e+21   1.9325399000e+18   9.3365642250e+61   2.2245872600e-24   5.1871390087e-14   1.0758062844e-06   2.0000000000e-02 
  1.9636584561e+21   1.9325399000e+18   9.3549776733e+61   2.2245872600e-24   5.1871390087e-14   1.0605795320e-06   2.0000000000e-02 
  1.9655909960e+21   1.9325399000e+18   9.3734092612e+61   2.2245872600e-24   5.1871390087e-14   1.0592930227e-06   2.0000000000e-02 
  1.9675235359e+21   1.9325399000e+18   9.3918589885e+61   2.2245872600e-24   5.1871390087e-14   9.3343405795e-07   2.0000000000e-02 
  1.9694560758e+21   1.9325399000e+18   9.4103268554e+61   2.2245872600e-24   5.1871390087e-14   7.7820551344e-07   2.0000000000e-02 
  1.9713886157e+21   1.9325399000e+18   9.4288128617e+61   2.2245872600e-24   5.1871390087e-14   9.0154854255e-07   2.0000000000e-02 
  1.9733211556e+21   1.9325399000e+18   9.4473170075e+61   2.2245872600e-24   5.1871390087e-14   1.0603355777e-06   2.0000000000e-02 
  1.9752536955e+21   1.9325399000e+18   9.4658392929e+61   2.2245872600e-24   5.1871390087e-14   1.0339918850e-06   2.0000000000e-02 
  1.9771862354e+21   1.9325399000e+18   9.4843797177e+61   2.2245872600e-24   5.1871390087e-14   9.5170756950e-07   2.0000000000e-02 
  1.9791187753e+21   1.9325399000e+18   9.5029382820e+61   2.2245872600e-24   5.1871390087e-14   7.1519738607e-07   2.0000000000e-02 
  1.9810513152e+21   1.9325399000e+18   9.5215149859e+61   2.2245872600e-24   5.1871390087e-14   4.0988843871e-07   2.0000000000e-02 
  1.9829838551e+21   1.9325399000e+18   9.5401098292e+61   2.2245872600e-24   5.1871390087e-14   6.3816265707e-07   2.0000000000e-02 
  1.9849163950e+21   1.9325399000e+18   9.5587228120e+61   2.2245872600e-24   5.1871390087e-14   9.1580103888e-07   2.0000000000e-02 
  1.9868489349e+21   1.9325399000e+18   9.5773539343e+61   2.2245872600e-24   5.1871390087e-14   8.1414151266e-07   2.0000000000e-02 
  1.9887814748e+21   1.9325399000e+18   9.5960031962e+61   2.2245872600e-24   5.1871390087e-14   5.4208745518e-07   2.0000000000e-02 
  1.9907140147e+21   1.9325399000e+18   9.6146705975e+61   2.2245872600e-24   5.1871390087e-14   6.2237547079e-07   2.0000000000e-02 
  1.9926465546e+21   1.9325399000e+18   9.6333561383e+61   2.2245872600e-24   5.1871390087e-14   8.3533986142e-07   2.0000000000e-02 
  1.9945790945e+21   1.9325399000e+18   9.6520598186e+61   2.2245872600e-24   5.1871390087e-14   7.9306428060e-07   2.0000000000e-02 
  1.9965116344e+21   1.9325399000e+18   9.6707816384e+61   2.2245872600e-24   5.1871390087e-14   3.9058903008e-07   2.0000000000e-02 
  1.9984441743e+21   1.9325399000e+18   9.6895215977e+61   2.2245872600e-24   5.1871390087e-14  -3.7750863047e-07   2.0000000000e-02 
  2.0003767142e+21   1.9325399000e+18   9.7082796965e+61   2.2245872600e-24   5.1871390087e-14  -9.9014881527e-07   2.0000000000e-02 
  2.0023092541e+21   1.9325399000e+18   9.7270559349e+61   2.2245872600e-24   5.1871390087e-14  -1.1184451237e-06   2.0000000000e-02 
  2.0042417940e+21   1.9325399000e+18   9.7458503127e+61   2.2245872600e-24   5.1871390087e-14  -1.1382327578e-06   2.0000000000e-02 
  2.0061743339e+21   1.9325399000e+18   9.7646628300e+61   2.2245872600e-24   5.1871390087e-14  -1.1243160351e-06   2.0000000000e-02 
  2.0081068738e+21   1.9325399000e+18   9.7834934868e+61   2.2245872600e-24   5.1871390087e-14  -1.1032830784e-06   2.0000000000e-02 
  2.0100394137e+21   1.9325399000e+18   9.8023422831e+61   2.2245872600e-24   5.1871390087e-14  -1.0692431633e-06   2.0000000000e-02 
  2.0119719536e+21   1.9325399000e+18   9.8212092189e+61   2.2245872600e-24   5.1871390087e-14  -1.0522046203e-06   2.0000000000e-02 
  2.0139044935e+21   1.9325399000e+18   9.8400942942e+61   2.2245872600e-24   5.1871390087e-14  -1.0550810543e-06   2.0000000000e-02 
  2.0158370334e+21   1.9325399000e+18   9.8589975090e+61   2.2245872600e-24   5.1871390087e-14  -1.0858431233e-06   2.0000000000e-02 
  2.0177695733e+21   1.9325399000e+18   9.8779188633e+61   2.2245872600e-24   5.1871390087e-14  -1.1520381940e-06   2.0000000000e-02 
  2.0197021132e+21   1.9325399000e+18   9.8968583570e+61   2.2245872600e-24   5.1871390087e-14  -1.2057051117e-06   2.0000000000e-02 
  2.0216346531e+21   1.9325399000e+18   9.9158159903e+61   2.2245872600e-24   5.1871390087e-14  -1.3249426135e-06   2.0000000000e-02 
  2.0235671930e+21   1.9325399000e+18   9.9347917631e+61   2.2245872600e-24   5.1871390087e-14  -1.3984380355e-06   2.0000000000e-02 
  2.0254997329e+21   1.9325399000e+18   9.9537856754e+61   2.2245872600e-24   5.1871390087e-14  -1.7348981723e-06   2.0000000000e-02 
  2.0274322728e+21   1.9325399000e+18   9.9727977272e+61   2.2245872600e-24   5.1871390087e-14  -2.0911166755e-06   2.0000000000e-02 
  2.0293648127e+21   1.9325399000e+18   9.9918279185e+61   2.2245872600e-24   5.1871390087e-14  -2.1527219756e-06   2.0000000000e-02 
  2.0312973526e+21   1.9325399000e+18   1.0010876249e+62   2.2245872600e-24   5.1871390087e-14  -2.1722301962e-06   2.0000000000e-02 
  2.0332298925e+21   1.9325399000e+18   1.0029942720e+62   2.2245872600e-24   5.1871390087e-14  -2.1922708252e-06   2.0000000000e-02 
  2.0351624324e+21   1.9325399000e+18   1.0049027329e+62   2.2245872600e-24   5.1871390087e-14  -2.2119741411e-06   2.0000000000e-02 
  2.0370949723e+21   1.9325399000e+18   1.0068130079e+62   2.2245872600e-24   5.1871390087e-14  -2.2366442376e-06   2.0000000000e-02 
  2.0390275122e+21   1.9325399000e+18   1.0087250967e+62   2.2245872600e-24   5.1871390087e-14  -2.2507480899e-06   2.0000000000e-02 
  2.0409600521e+21   1.9325399000e+18   1.0106389996e+62   2.2245872600e-24   5.1871390087e-14  -2.2445830252e-06   2.0000000000e-02 
  2.0428925920e+21   1.9325399000e+18   1.0125547163e+62   2.2245872600e-24   5.1871390087e-14  -2.2398519606e-06   2.0000000000e-02 
  2.0448251319e+21   1.9325399000e+18   1.0144722471e+62   2.2245872600e-24   5.1871390087e-14  -2.2440527586e-06   2.0000000000e-02 
  2.0467576718e+21   1.9325399000e+18   1.0163915917e+62   2.2245872600e-24   5.1871390087e-14  -2.2793228991e-06   2.0000000000e-02 
  2.0486902117e+21   1.9325399000e+18   1.0183127504e+62   2.2245872600e-24   5.1871390087e-14  -2.3452053050e-06   2.0000000000e-02 
  2.0506227516e+21   1.9325399000e+18   1.0202357229e+62   2.2245872600e-24   5.1871390087e-14  -2.4407564480e-06   2.0000000000e-02 
  2.0525552915e+21   1.9325399000e+18   1.0221605095e+62   2.2245872600e-24   5.1871390087e-14  -2.4442072385e-06   2.0000000000e-02 
  2.0544878314e+21   1.9325399000e+18   1.0240871099e+62   2.2245872600e-24   5.1871390087e-14  -2.3945034416e-06   2.0000000000e-02 
  2.0564203713e+21   1.9325399000e+18   1.0260155244e+62   2.2245872600e-24   5.1871390087e-14  -2.6537341710e-06   2.0000000000e-02 
  2.0583529112e+21   1.9325399000e+18   1.0279457527e+62   2.2245872600e-24   5.1871390087e-14  -3.1278520213e-06   2.0000000000e-02 
  2.0602854511e+21   1.9325399000e+18   1.0298777951e+62   2.2245872600e-24   5.1871390087e-14  -3.2817165843e-06   2.0000000000e-02 
  2.0622179910e+21   1.9325399000e+18   1.0318116513e+62   2.2245872600e-24   5.1871390087e-14  -3.3269748625e-06   2.0000000000e-02 
  2.0641505309e+21   1.9325399000e+18   1.0337473216e+62   2.2245872600e-24   5.1871390087e-14  -3.3711197192e-06   2.0000000000e-02 
  2.0660830708e+21   1.9325399000e+18   1.0356848057e+62   2.2245872600e-24   5.1871390087e-14  -3.3956586810e-06   2.0000000000e-02 
  2.0680156107e+21   1.9325399000e+18   1.0376241039e+62   2.2245872600e-24   5.1871390087e-14  -3.4223507373e-06   2.0000000000e-02 
  2.0699481506e+21   1.9325399000e+18   1.0395652159e+62   2.2245872600e-24   5.1871390087e-14  -3.7860686643e-06   2.0000000000e-02 
  2.0718806905e+21   1.9325399000e+18   1.0415081420e+62   2.2245872600e-24   5.1871390087e-14  -4.5808739160e-06   2.0000000000e-02 
  2.0738132304e+21   1.9325399000e+18   1.0434528819e+62   2.2245872600e-24   5.1871390087e-14  -5.1085572929e-06   2.0000000000e-02 
  2.0757457703e+21   1.9325399000e+18   1.0453994359e+62   2.2245872600e-24   5.1871390087e-14  -5.1844859304e-06   2.0000000000e-02 
  2.0776783102e+21   1.9325399000e+18   1.0473478037e+62   2.2245872600e-24   5.1871390087e-14  -4.9724503853e-06   2.0000000000e-02 
  2.0796108501e+21   1.9325399000e+18   1.0492979856e+62   2.2245872600e-24   5.1871390087e-14  -4.1651701722e-06   2.0000000000e-02 
  2.0815433900e+21   1.9325399000e+18   1.0512499813e+62   2.2245872600e-24   5.1871390087e-14  -3.3693359377e-06   2.0000000000e-02 
  2.0834759299e+21   1.9325399000e+18   1.0532037911e+62   2.2245872600e-24   5.1871390087e-14  -3.1199755674e-06   2.0000000000e-02 
  2.0854084698e+21   1.9325399000e+18   1.0551594147e+62   2.2245872600e-24   5.1871390087e-14  -3.0227709877e-06   2.0000000000e-02 
  2.0873410097e+21   1.9325399000e+18   1.0571168524e+62   2.2245872600e-24   5.1871390088e-14  -2.9550621809e-06   2.0000000000e-02 
  2.0892735496e+21   1.9325399000e+18   1.0590761039e+62   2.2245872600e-24   5.1871390088e-14  -2.8994574423e-06   2.0000000000e-02 
  2.0912060895e+21   1.9325399000e+18   1.0610371695e+62   2.2245872600e-24   5.1871390088e-14  -2.7526720266e-06   2.0000000000e-02 
  2.0931386294e+21   1.9325399000e+18   1.0630000489e+62   2.2245872600e-24   5.1871390088e-14  -2.5662065807e-06   2.0000000000e-02 
  2.0950711693e+21   1.9325399000e+18   1.0649647423e+62   2.2245872600e-24   5.1871390088e-14  -2.3685981996e-06   2.0000000000e-02 
  2.0970037092e+21   1.9325399000e+18   1.0669312497e+62   2.2245872600e-24   5.1871390088e-14  -2.2500889210e-06   2.0000000000e-02 
  2.0989362491e+21   1.9325399000e+18   1.0688995710e+62   2.2245872600e-24   5.1871390088e-14  -2.3101770488e-06   2.0000000000e-02 
  2.1008687890e+21   1.9325399000e+18   1.0708697063e+62   2.2245872600e-24   5.1871390088e-14  -2.2713684981e-06   2.0000000000e-02 
  2.1028013289e+21   1.9325399000e+18   1.0728416555e+62   2.2245872600e-24   5.1871390088e-14  -2.1380696974e-06   2.0000000000e-02 
  2.1047338688e+21   1.9325399000e+18   1.0748154187e+62   2.2245872600e-24   5.1871390087e-14  -2.0871699268e-06   2.0000000000e-02 
  2.1066664087e+21   1.9325399000e+18   1.0767909958e+62   2.2245872600e-24   5.1871390087e-14  -2.0472502065e-06   2.0000000000e-02 
  2.1085989486e+21   1.9325399000e+18   1.0787683869e+62   2.2245872600e-24   5.1871390087e-14  -1.9970157723e-06   2.0000000000e-02 
  2.1105314885e+21   1.9325399000e+18   1.0807475919e+62   2.2245872600e-24   5.1871390087e-14  -1.9596675032e-06   2.0000000000e-02 
  2.1124640284e+21   1.9325399000e+18   1.0827286109e+62   2.2245872600e-24   5.1871390087e-14  -1.9013169300e-06   2.0000000000e-02 
  2.1143965683e+21   1.9325399000e+18   1.0847114438e+62   2.2245872600e-24   5.1871390087e-14  -1.8337335547e-06   2.0000000000e-02 
  2.1163291082e+21   1.9325399000e+18   1.0866960907e+62   2.2245872600e-24   5.1871390088e-14  -1.5179614537e-06   2.0000000000e-02 
  2.1182616481e+21   1.9325399000e+18   1.0886825515e+62   2.2245872600e-24   5.1871390087e-14  -1.1397488730e-06   2.0000000000e-02 
  2.1201941880e+21   1.9325399000e+18   1.0906708263e+62   2.2245872600e-24   5.1871390087e-14  -1.0689120731e-06   2.0000000000e-02 
  2.1221267279e+21   1.9325399000e+18   1.0926609150e+62   2.2245872600e-24   5.1871390087e-14  -1.0393407529e-06   2.0000000000e-02 
  2.1240592678e+21   1.9325399000e+18   1.0946528177e+62   2.2245872600e-24   5.1871390087e-14  -9.5005257756e-07   2.0000000000e-02 
  2.1259918077e+21   1.9325399000e+18   1.0966465343e+62   2.2245872600e-24   5.1871390087e-14  -4.9028520105e-07   2.0000000000e-02 
  2.1279243476e+21   1.9325399000e+18   1.0986420648e+62   2.2245872600e-24   5.1871390087e-14   7.2993097786e-07   2.0000000000e-02 
  2.1298568875e+21   1.9325399000e+18   1.1006394094e+62   2.2245872600e-24   5.1871390087e-14   1.6525336932e-06   2.0000000000e-02 
  2.1317894274e+21   1.9325399000e+18   1.1026385678e+62   2.2245872600e-24   5.1871390087e-14   1.9715417913e-06   2.0000000000e-02 
  2.1337219673e+21   1.9325399000e+18   1.1046395402e+62   2.2245872600e-24   5.1871390087e-14   2.0109247589e-06   2.0000000000e-02 
  2.1356545072e+21   1.9325399000e+18   1.1066423266e+62   2.2245872600e-24   5.1871390087e-14   2.0031657268e-06   2.0000000000e-02 
  2.1375870471e+21   1.9325399000e+18   1.1086469269e+62   2.2245872600e-24   5.1871390087e-14   2.0180995104e-06   2.0000000000e-02 
  2.1395195870e+21   1.9325399000e+18   1.1106533412e+62   2.2245872600e-24   5.1871390087e-14   2.0440033959e-06   2.0000000000e-02 
  2.1414521269e+21   1.9325399000e+18   1.1126615694e+62   2.2245872600e-24   5.1871390087e-14   2.0579595375e-06   2.0000000000e-02 
  2.1433846668e+21   1.9325399000e+18   1.1146716116e+62   2.2245872600e-24   5.1871390087e-14   2.0645399736e-06   2.0000000000e-02 
  2.1453172067e+21   1.9325399000e+18   1.1166834677e+62   2.2245872600e-24   5.1871390087e-14   2.0626077587e-06   2.0000000000e-02 
  2.1472497466e+21   1.9325399000e+18   1.1186971378e+62   2.2245872600e-24   5.1871390087e-14   2.1049335224e-06   2.0000000000e-02 
  2.1491822865e+21   1.9325399000e+18   1.1207126218e+62   2.2245872600e-24   5.1871390087e-14   2.2591659665e-06   2.0000000000e-02 
  2.1511148264e+21   1.9325399000e+18   1.1227299198e+62   2.2245872600e-24   5.1871390087e-14   2.5771127895e-06   2.0000000000e-02 
  2.1530473663e+21   1.9325399000e+18   1.1247490317e+62   2.2245872600e-24   5.1871390087e-14   2.8097928631e-06   2.0000000000e-02 
  2.1549799062e+21   1.9325399000e+18   1.1267699575e+62   2.2245872600e-24   5.1871390087e-14   2.8333882188e-06   2.0000000000e-02 
  2.1569124461e+21   1.9325399000e+18   1.1287926974e+62   2.2245872600e-24   5.1871390087e-14   2.8586164619e-06   2.0000000000e-02 
  2.1588449860e+21   1.9325399000e+18   1.1308172511e+62   2.2245872600e-24   5.1871390087e-14   2.9204750488e-06   2.0000000000e-02 
  2.1607775259e+21   1.9325399000e+18   1.1328436188e+62   2.2245872600e-24   5.1871390087e-14   3.0100139132e-06   2.0000000000e-02 
  2.1627100658e+21   1.9325399000e+18   1.1348718005e+62   2.2245872600e-24   5.1871390087e-14   3.1563734284e-06   2.0000000000e-02 
  2.1646426057e+21   1.9325399000e+18   1.1369017961e+62   2.2245872600e-24   5.1871390087e-14   3.7888092094e-06   2.0000000000e-02 
  2.1665751456e+21   1.9325399000e+18   1.1389336057e+62   2.2245872600e-24   5.1871390087e-14   4.4709618003e-06   2.0000000000e-02 
  2.1685076855e+21   1.9325399000e+18   1.1409672292e+62   2.2245872600e-24   5.1871390087e-14   4.8019623838e-06   2.0000000000e-02 
  2.1704402254e+21   1.9325399000e+18   1.1430026667e+62   2.2245872600e-24   5.1871390087e-14   5.0907869995e-06   2.0000000000e-02 
  2.1723727653e+21   1.9325399000e+18   1.1450399181e+62   2.2245872600e-24   5.1871390087e-14   5.4395790451e-06   2.0000000000e-02 
  2.1743053052e+21   1.9325399000e+18   1.1470789834e+62   2.2245872600e-24   5.1871390087e-14   5.7160816666e-06   2.0000000000e-02 
  2.1762378451e+21   1.9325399000e+18   1.1491198628e+62   2.2245872600e-24   5.1871390087e-14   5.7281022960e-06   2.0000000000e-02 
  2.1781703850e+21   1.9325399000e+18   1.1511625560e+62   2.2245872600e-24   5.1871390087e-14   5.5520754014e-06   2.0000000000e-02 
  2.1801029249e+21   1.9325399000e+18   1.1532070632e+62   2.2245872600e-24   5.1871390087e-14   5.4108782260e-06   2.0000000000e-02 
  2.1820354648e+21   1.9325399000e+18   1.1552533844e+62   2.2245872600e-24   5.1871390087e-14   5.2308702378e-06   2.0000000000e-02 
  2.1839680047e+21   1.9325399000e+18   1.1573015195e+62   2.2245872600e-24   5.1871390087e-14   5.0430951132e-06   2.0000000000e-02 
  2.1859005446e+21   1.9325399000e+18   1.1593514686e+62   2.2245872600e-24   5.1871390087e-14   4.9478803272e-06   2.0000000000e-02 
  2.1878330845e+21   1.9325399000e+18   1.1614032316e+62   2.2245872600e-24   5.1871390087e-14   4.9015927202e-06   2.0000000000e-02 
  2.1897656244e+21   1.9325399000e+18   1.1634568085e+62   2.2245872600e-24   5.1871390087e-14   4.8548378990e-06   2.0000000000e-02 
  2.1916981643e+21   1.9325399000e+18   1.1655121995e+62   2.2245872600e-24   5.1871390087e-14   4.7929787585e-06   2.0000000000e-02 
  2.1936307042e+21   1.9325399000e+18   1.1675694043e+62   2.2245872600e-24   5.1871390087e-14   4.7412473275e-06   2.0000000000e-02 
  2.1955632441e+21   1.9325399000e+18   1.1696284231e+62   2.2245872600e-24   5.1871390087e-14   4.6808702681e-06   2.0000000000e-02 
  2.1974957840e+21   1.9325399000e+18   1.1716892559e+62   2.2245872600e-24   5.1871390087e-14   4.5274174773e-06   2.0000000000e-02 
  2.1994283239e+21   1.9325399000e+18   1.1737519026e+62   2.2245872600e-24   5.1871390087e-14   3.8110949775e-06   2.0000000000e-02 
  2.2013608638e+21   1.9325399000e+18   1.1758163633e+62   2.2245872600e-24   5.1871390087e-14   3.1286043298e-06   2.0000000000e-02 
  2.2032934037e+21   1.9325399000e+18   1.1778826379e+62   2.2245872600e-24   5.1871390087e-14   2.9643461472e-06   2.0000000000e-02 
  2.2052259436e+21   1.9325399000e+18   1.1799507264e+62   2.2245872600e-24   5.1871390087e-14   2.9299593558e-06   2.0000000000e-02 
  2.2071584835e+21   1.9325399000e+18   1.1820206290e+62   2.2245872600e-24   5.1871390087e-14   2.8996681867e-06   2.0000000000e-02 
  2.2090910234e+21   1.9325399000e+18   1.1840923454e+62   2.2245872600e-24   5.1871390087e-14   2.8608827900e-06   2.0000000000e-02 
  2.2110235633e+21   1.9325399000e+18   1.1861658758e+62   2.2245872600e-24   5.1871390087e-14   2.7953109389e-06   2.0000000000e-02 
  2.2129561032e+21   1.9325399000e+18   1.1882412202e+62   2.2245872600e-24   5.1871390087e-14   2.5766197790e-06   2.0000000000e-02 
  2.2148886431e+21   1.9325399000e+18   1.1903183785e+62   2.2245872600e-24   5.1871390087e-14   2.5347457506e-06   2.0000000000e-02 
  2.2168211830e+21   1.9325399000e+18   1.1923973508e+62   2.2245872600e-24   5.1871390086e-14   2.7238097404e-06   2.0000000000e-02 
  2.2187537229e+21   1.9325399000e+18   1.1944781370e+62   2.2245872600e-24   5.1871390086e-14   2.7716214193e-06   2.0000000000e-02 
  2.2206862628e+21   1.9325399000e+18   1.1965607371e+62   2.2245872600e-24   5.1871390086e-14   2.7594742952e-06   2.0000000000e-02 
  2.2226188027e+21   1.9325399000e+18   1.1986451512e+62   2.2245872600e-24   5.1871390086e-14   2.7560920559e-06   2.0000000000e-02 
  2.2245513426e+21   1.9325399000e+18   1.2007313793e+62   2.2245872600e-24   5.1871390086e-14   2.7447304767e-06   2.0000000000e-02 
  2.2264838825e+21   1.9325399000e+18   1.2028194213e+62   2.2245872600e-24   5.1871390086e-14   2.7173989193e-06   2.0000000000e-02 
  2.2284164224e+21   1.9325399000e+18   1.2049092773e+62   2.2245872600e-24   5.1871390086e-14   2.6595196694e-06   2.0000000000e-02 
  2.2303489623e+21   1.9325399000e+18   1.2070009472e+62   2.2245872600e-24   5.1871390086e-14   2.3361748763e-06   2.0000000000e-02 
  2.2322815022e+21   1.9325399000e+18   1.2090944310e+62   2.2245872600e-24   5.1871390086e-14   2.0064484800e-06   2.0000000000e-02 
  2.2342140421e+21   1.9325399000e+18   1.2111897288e+62   2.2245872600e-24   5.1871390086e-14   1.8799005402e-06   2.0000000000e-02 
  2.2361465820e+21   1.9325399000e+18   1.2132868406e+62   2.2245872600e-24   5.1871390086e-14   1.8360969441e-06   2.0000000000e-02 
  2.2380791219e+21   1.9325399000e+18   1.2153857663e+62   2.2245872600e-24   5.1871390086e-14   1.5717407872e-06   2.0000000000e-02 
  2.2400116618e+21   1.9325399000e+18   1.2174865060e+62   2.2245872600e-24   5.1871390086e-14   6.0296762675e-07   2.0000000000e-02 
  2.2419442017e+21   1.9325399000e+18   1.2195890596e+62   2.2245872600e-24   5.1871390086e-14   6.3813465235e-08   2.0000000000e-02 
  2.2438767416e+21   1.9325399000e+18   1.2216934271e+62   2.2245872600e-24   5.1871390085e-14  -6.5422681786e-09   2.0000000000e-02 
  2.2458092815e+21   1.9325399000e+18   1.2237996086e+62   2.2245872600e-24   5.1871390085e-14   0.0000000000e+00   2.0000000000e-02 
