# time = 1.077738e+15 [s] 
# r                  dr                 dV                 Density            Pressure           Velocity           Z
  2.1304517832e+18   2.1304517832e+18   4.0504543152e+55   3.0975167404e-31   3.2381334275e-12   0.0000000000e+00   9.9248591688e-02 
  2.4867665993e+18   3.5631481604e+17   2.3911446876e+55   3.0975167404e-31   3.2381334275e-12   1.6887190814e+05   9.9248591688e-02 
  2.7546278549e+18   2.6786125561e+17   2.3138296554e+55   3.0991269916e-31   3.2380799993e-12   3.0194904638e+05   9.9248591688e-02 
  3.1612879284e+18   4.0666007346e+17   4.4782555850e+55   3.1054304611e-31   3.2379507505e-12   4.9810717264e+05   9.9248591688e-02 
  3.7168644823e+18   5.5557655395e+17   8.2752449578e+55   3.1207330124e-31   3.2378445907e-12   8.0005872964e+05   9.9248591688e-02 
  4.2126158669e+18   4.9575138458e+17   9.8054774388e+55   3.1434502872e-31   3.2377945214e-12   1.1463183682e+06   9.9248591688e-02 
  4.5591463873e+18   3.4653052045e+17   8.3809053983e+55   3.1695410444e-31   3.2378073872e-12   1.3767931848e+06   9.9248591688e-02 
  5.1549330580e+18   5.9578667064e+17   1.7684312088e+56   3.2092227336e-31   3.2378826509e-12   1.5176482162e+06   9.9248591688e-02 
  5.6406388340e+18   4.8570577601e+17   1.7795384822e+56   3.2650614096e-31   3.2378789826e-12   1.6862748412e+06   9.9248591688e-02 
  6.3606741591e+18   7.2003532508e+17   3.2619851442e+56   3.3410998599e-31   3.2377487569e-12   1.7984694666e+06   9.9248591688e-02 
  7.0027889234e+18   6.4211476430e+17   3.6052440621e+56   3.4414414587e-31   3.2378968117e-12   1.8325457445e+06   9.9248591688e-02 
  7.8528839687e+18   8.5009504529e+17   5.9003230914e+56   3.5665322540e-31   3.2379468679e-12   1.9217486938e+06   9.9248591688e-02 
  8.6561647289e+18   8.0328076025e+17   6.8834146381e+56   3.7231208055e-31   3.2381881524e-12   2.0989481005e+06   9.9248591688e-02 
  9.6467146549e+18   9.9054992599e+17   1.0434914188e+57   3.9152983939e-31   3.2385785201e-12   2.1404158584e+06   9.9248591688e-02 
  1.0628630165e+19   9.8191551016e+17   1.2691118096e+57   4.1482277351e-31   3.2393252533e-12   2.0910307830e+06   9.9248591688e-02 
  1.1766567283e+19   1.1379371179e+18   1.7945333122e+57   4.4244609165e-31   3.2399444400e-12   2.0816748492e+06   9.9248591688e-02 
  1.2940238012e+19   1.1736707288e+18   2.2524537833e+57   4.7542293579e-31   3.2404823300e-12   2.0728298597e+06   9.9248591688e-02 
  1.4228271418e+19   1.2880334059e+18   2.9890548037e+57   5.1409412347e-31   3.2406191595e-12   2.1342591276e+06   9.9248591688e-02 
  1.5598166488e+19   1.3698950706e+18   3.8312917449e+57   5.6026343863e-31   3.2401781283e-12   2.3680495865e+06   9.9248591688e-02 
  1.7054191504e+19   1.4560250153e+18   4.8801769130e+57   6.1479762937e-31   3.2396573188e-12   2.6101663425e+06   9.9248591688e-02 
  1.8636866746e+19   1.5826752427e+18   6.3378958678e+57   6.7983792486e-31   3.2392992122e-12   2.8193485769e+06   9.9248591688e-02 
  2.0271301010e+19   1.6344342639e+18   7.7777552266e+57   7.5616929423e-31   3.2393792849e-12   2.9373131033e+06   9.9248591688e-02 
  2.2083584289e+19   1.8122832784e+18   1.0219930282e+58   8.4741022770e-31   3.2398771446e-12   3.1201266108e+06   9.9248591688e-02 
  2.3911957370e+19   1.8283730819e+18   1.2158356030e+58   9.5397938159e-31   3.2399516536e-12   3.5803219367e+06   9.9248591688e-02 
  2.5988644441e+19   2.0766870701e+18   1.6254856827e+58   1.0816050866e-30   3.2398596125e-12   4.1586204407e+06   9.9248591688e-02 
  2.8032540218e+19   2.0438957774e+18   1.8747527840e+58   1.2317155340e-30   3.2396368562e-12   4.7765226389e+06   9.9248591688e-02 
  3.0323015598e+19   2.2904753800e+18   2.4516749314e+58   1.4070331134e-30   3.2392212590e-12   5.3541825288e+06   9.9248591688e-02 
  3.2552631114e+19   2.2296155162e+18   2.7702998533e+58   1.6116637426e-30   3.2387898350e-12   5.8505149102e+06   9.9248591688e-02 
  3.5170392628e+19   2.6177615138e+18   3.7737130647e+58   1.8581016895e-30   3.2385611156e-12   6.1605223538e+06   9.9248591688e-02 
  3.7385471961e+19   2.2150793332e+18   3.6645369607e+58   2.1289102814e-30   3.2388682089e-12   6.4925699904e+06   9.9248591688e-02 
  4.0283122866e+19   2.8976509048e+18   5.4939952493e+58   2.4560356162e-30   3.2385371719e-12   6.9226023057e+06   9.9248591688e-02 
  4.6296343281e+19   6.0132204151e+18   1.4183537168e+59   3.0809856564e-30   3.2380990689e-12   7.7393078374e+06   9.9248591688e-02 
  4.7382728669e+19   1.0863853875e+18   2.9952868244e+58   3.6043656340e-30   3.2372424352e-12   8.4914789182e+06   9.9248591688e-02 
  4.9129347815e+19   1.7466191467e+18   5.1116230398e+58   3.8647601929e-30   3.2375222266e-12   8.6556126319e+06   9.9248591688e-02 
  5.0770011664e+19   1.6406638487e+18   5.1443905649e+58   4.2241039882e-30   3.2378996632e-12   8.8828964730e+06   9.9248591688e-02 
  5.2569276731e+19   1.7992650667e+18   6.0369813952e+58   4.6399798280e-30   3.2375747389e-12   9.1871004299e+06   9.9248591688e-02 
  5.3947955356e+19   1.3786786258e+18   4.9144725287e+58   5.0648857846e-30   3.2369792951e-12   9.5144890377e+06   9.9248591688e-02 
  5.6031284048e+19   2.0833286919e+18   7.9173717103e+58   5.6036160844e-30   3.2361222675e-12   9.9059657329e+06   9.9248591688e-02 
  5.7840516906e+19   1.8092328576e+18   7.3707768055e+58   6.2676379213e-30   3.2353279704e-12   1.0320482716e+07   9.9248591688e-02 
  5.9608151866e+19   1.7676349603e+18   7.6607526825e+58   6.9447669789e-30   3.2347162980e-12   1.0593213872e+07   9.9248591688e-02 
  6.1109209350e+19   1.5010574843e+18   6.8724097680e+58   7.6318442776e-30   3.2349835778e-12   1.0827838478e+07   9.9248591688e-02 
  6.3258453841e+19   2.1492444907e+18   1.0444649596e+59   8.4965408132e-30   3.2344025650e-12   1.1141369451e+07   9.9248591688e-02 
  6.5247583282e+19   1.9891294411e+18   1.0320355650e+59   9.5623226907e-30   3.2334270152e-12   1.1548555358e+07   9.9248591688e-02 
  6.7099471933e+19   1.8518886510e+18   1.0191113798e+59   1.0639159445e-29   3.2322120191e-12   1.1960516274e+07   9.9248591688e-02 
  6.8829508816e+19   1.7300368827e+18   1.0042753549e+59   1.1753572810e-29   3.2310399283e-12   1.2306159321e+07   9.9248591688e-02 
  7.1168869112e+19   2.3393602961e+18   1.4405668430e+59   1.3029340525e-29   3.2300274647e-12   1.2659306196e+07   9.9248591688e-02 
  7.3441868882e+19   2.2729997703e+18   1.4934342709e+59   1.4381798637e-29   3.2288277627e-12   1.3069586816e+07   9.9248591688e-02 
  7.5529831901e+19   2.0879630188e+18   1.4558232950e+59   1.5563076780e-29   3.2273149062e-12   1.3493476174e+07   9.9248591688e-02 
  7.7901552845e+19   2.3717209441e+18   1.7541893106e+59   1.6631437972e-29   3.2255302936e-12   1.3943010432e+07   9.9248591688e-02 
  8.0881149064e+19   2.9795962193e+18   2.3602860333e+59   1.7871517981e-29   3.2232843635e-12   1.4463771212e+07   9.9248591688e-02 
  8.3875405918e+19   2.9942568541e+18   2.5537133174e+59   1.9209946093e-29   3.2206009772e-12   1.5037718204e+07   9.9248591688e-02 
  8.6166876559e+19   2.2914706408e+18   2.0816336998e+59   2.0393455428e-29   3.2180485486e-12   1.5550837713e+07   9.9248591688e-02 
  8.9749015174e+19   3.5821386144e+18   3.4830718223e+59   2.1740798570e-29   3.2149821007e-12   1.6124644277e+07   9.9248591688e-02 
  9.4348533650e+19   4.5995184763e+18   4.8983363878e+59   2.3720476707e-29   3.2104257159e-12   1.6933130022e+07   9.9248591688e-02 
  9.9076998857e+19   4.7284652071e+18   5.5588400273e+59   2.6269692680e-29   3.2043778162e-12   1.7910401521e+07   9.9248591688e-02 
  1.0292908567e+20   3.8520868122e+18   4.9388686751e+59   2.9247600484e-29   3.1975871015e-12   1.8750888240e+07   9.9248591688e-02 
  1.0846571571e+20   5.5366300392e+18   7.7746934757e+59   3.3396440061e-29   3.1908220228e-12   1.9640833396e+07   9.9248591688e-02 
  1.1188328883e+20   3.4175731223e+18   5.2134438005e+59   3.9005764697e-29   3.1815574446e-12   2.0623259561e+07   9.9248591688e-02 
  1.1700058303e+20   5.1172942017e+18   8.4235081066e+59   4.6652339265e-29   3.1713467213e-12   2.1337763561e+07   9.9248591688e-02 
  1.2372932423e+20   6.7287412020e+18   1.2253407653e+60   6.1125388169e-29   3.1504387510e-12   2.2187121250e+07   9.9248591688e-02 
  1.2916905046e+20   5.4397262241e+18   1.0931656173e+60   7.9345644938e-29   3.1190523918e-12   2.2842122064e+07   9.9248591688e-02 
  1.3930827658e+20   1.0139226117e+19   2.2970811235e+60   1.0310906278e-28   3.0476582978e-12   2.3086724024e+07   9.9248591688e-02 
  1.4559496676e+20   6.2866901857e+18   1.6033827225e+60   1.2517234167e-28   2.9501203700e-12   2.3086414802e+07   9.9248591688e-02 
  1.5098408037e+20   5.3891136076e+18   1.4893471507e+60   1.3683828089e-28   2.8646263854e-12   2.2922119328e+07   9.9248591688e-02 
  1.5728673490e+20   6.3026545346e+18   1.8819093756e+60   1.4378789495e-28   2.7696630346e-12   2.2346352317e+07   9.9248591688e-02 
  1.6339241154e+20   6.1056766350e+18   1.9727751405e+60   1.4711773118e-28   2.6597396468e-12   2.1454984182e+07   9.9248591688e-02 
  1.7158219348e+20   8.1897819368e+18   2.8875698807e+60   1.4626922258e-28   2.5131011842e-12   2.0070111306e+07   9.9248591688e-02 
  1.7771767777e+20   6.1354842932e+18   2.3520157997e+60   1.4204210601e-28   2.3529279215e-12   1.7719795760e+07   9.9248591688e-02 
  1.8586533332e+20   8.1476555545e+18   3.3842496229e+60   1.3403127772e-28   2.1587978591e-12   1.3221422473e+07   9.9248591688e-02 
  1.9405352630e+20   8.1881929810e+18   3.7135295809e+60   1.2203610433e-28   1.8952158165e-12   5.2240365400e+06   9.9248591688e-02 
  1.9880749471e+20   4.7539684077e+18   2.3051821270e+60   1.1327722870e-28   1.7209780020e-12  -1.9897080889e+05   9.9248591688e-02 
  2.0371100332e+20   4.9035086090e+18   2.4960310569e+60   1.0666340407e-28   1.6140947379e-12  -3.5997998226e+06   9.9248591688e-02 
  2.1418110955e+20   1.0470106225e+19   5.7453987224e+60   9.7875814047e-29   1.5042420550e-12  -6.1243615822e+06   9.9248591688e-02 
  2.2215911924e+20   7.9780096898e+18   4.7724714013e+60   8.9274846058e-29   1.4191426275e-12  -6.7398968209e+06   9.9248591688e-02 
  2.2758874493e+20   5.4296256933e+18   3.4504765622e+60   8.2967463597e-29   1.3709181071e-12  -6.6935819522e+06   9.9248591688e-02 
  2.3281843090e+20   5.2296859749e+18   3.4827983474e+60   7.7353524212e-29   1.3404510360e-12  -6.2936895705e+06   9.9248591688e-02 
  2.3734536593e+20   4.5269350303e+18   3.1438797366e+60   7.3060338903e-29   1.3190462787e-12  -5.5939303745e+06   9.9248591687e-02 
  2.4923297591e+20   1.1887609973e+19   8.8437481521e+60   6.9792399800e-29   1.2923534090e-12  -3.9253424390e+06   9.9248591685e-02 
  2.5585457537e+20   6.6215994666e+18   5.3072676371e+60   6.7573511122e-29   1.2626589155e-12  -2.1170487529e+06   9.9248591678e-02 
  2.5771741180e+20   1.8628364288e+18   1.5435800386e+60   6.7144655872e-29   1.2487633949e-12  -1.3645092477e+06   9.9248591662e-02 
  2.5894342694e+20   1.2260151341e+18   1.0281526716e+60   6.7543975158e-29   1.2435888973e-12  -1.1019057127e+06   9.9248591476e-02 
  2.6420106337e+20   5.2576364290e+18   4.5206236904e+60   7.0178185445e-29   1.2318910406e-12  -6.2781386989e+05   9.9248590764e-02 
  2.6887663243e+20   4.6755690610e+18   4.1742312874e+60   7.5885920068e-29   1.2124283314e-12   4.5023420019e+04   9.9248586447e-02 
  2.7472193036e+20   5.8452979299e+18   5.4266256385e+60   8.1695999692e-29   1.1884802982e-12   5.1780778845e+05   9.9248569767e-02 
  2.8633896270e+20   1.1617032340e+19   1.1490187800e+61   8.5728857838e-29   1.1343219604e-12   7.2993566009e+05   9.9248509713e-02 
  3.0095823369e+20   1.4619270995e+19   1.5844594775e+61   8.5462805497e-29   1.0413008688e-12  -7.6497019486e+04   9.9248249078e-02 
  3.1622039578e+20   1.5262162092e+19   1.8267377820e+61   8.0293897241e-29   9.4375078707e-13  -7.5307275599e+05   9.9247096986e-02 
  3.2974395910e+20   1.3523563317e+19   1.7730523716e+61   7.1985141112e-29   8.6736495858e-13  -4.9586803782e+05   9.9241354206e-02 
  3.3685268023e+20   7.1087211288e+18   9.9239382402e+60   6.3179615566e-29   8.2242504247e-13  -1.6193308266e+05   9.9217914443e-02 
  3.4434107462e+20   7.4883943884e+18   1.0916851214e+61   5.3195572957e-29   7.9769207103e-13   2.1315115271e+05   9.9054459961e-02 
  3.4930760708e+20   4.9665324629e+18   7.5074025418e+60   4.3691340573e-29   7.8012135496e-13   5.1554005196e+05   9.8423434547e-02 
  3.5472423905e+20   5.4166319736e+18   8.4347531981e+60   3.8875152461e-29   7.6616918378e-13   4.9376701770e+05   9.7200293201e-02 
  3.6238631891e+20   7.6620798538e+18   1.2378992680e+61   3.4993931340e-29   7.5071541573e-13   3.3375406051e+05   9.6690905126e-02 
  3.6523216284e+20   2.8458439364e+18   4.7333717098e+60   3.2677486492e-29   7.3913826987e-13   1.6526983362e+05   9.6599858284e-02 
  3.6667552148e+20   1.4433586329e+18   2.4290547486e+60   3.1944354646e-29   7.3464862118e-13   7.5555710183e+04   9.6583483621e-02 
  3.6878501932e+20   2.1094978386e+18   3.5846676943e+60   3.1526167143e-29   7.3095585026e-13  -1.1899154919e+04   9.6581743302e-02 
  3.7466344861e+20   5.8784292983e+18   1.0207560535e+61   3.0744540139e-29   7.2263971978e-13  -2.3960195651e+05   9.6581680436e-02 
  3.7926754305e+20   4.6040944401e+18   8.2217200885e+60   2.9773474496e-29   7.1179165507e-13  -5.5878078931e+05   9.6581671873e-02 
  3.8247466753e+20   3.2071244793e+18   5.8463431060e+60   2.9013857627e-29   7.0396181159e-13  -7.9304922803e+05   9.6581671447e-02 
  3.8545086549e+20   2.9761979601e+18   5.5138135648e+60   2.8333923694e-29   6.9792937433e-13  -9.7937947333e+05   9.6581671423e-02 
  3.8879825929e+20   3.3473937980e+18   6.3040671704e+60   2.7696321629e-29   6.9194565953e-13  -1.1688292923e+06   9.6581671422e-02 
  3.9228402779e+20   3.4857684940e+18   6.6810523473e+60   2.7194802851e-29   6.8564578679e-13  -1.3796811698e+06   9.6581671421e-02 
  4.0420413661e+20   1.1920108829e+19   2.3758617691e+61   2.6548900776e-29   6.7185405491e-13  -1.9645605395e+06   9.6581671420e-02 
  4.1461163316e+20   1.0407496546e+19   2.1922593523e+61   2.5840702142e-29   6.5335798995e-13  -2.6182655815e+06   9.6581671417e-02 
  4.1819015688e+20   3.5785237163e+18   7.7972192333e+60   2.5545090050e-29   6.4286822659e-13  -2.9528766241e+06   9.6581671415e-02 
  4.2089046117e+20   2.7003042908e+18   5.9727103972e+60   2.5514639927e-29   6.3836919701e-13  -3.1032708086e+06   9.6581671413e-02 
  4.2344665702e+20   2.5561958488e+18   5.7250210583e+60   2.5609392294e-29   6.3470730278e-13  -3.2188762536e+06   9.6581671412e-02 
  4.2568363145e+20   2.2369744330e+18   5.0671126879e+60   2.5888576386e-29   6.3144261536e-13  -3.3115809102e+06   9.6581671411e-02 
  4.3476435452e+20   9.0807230740e+18   2.1122030826e+61   2.6837669010e-29   6.2357554619e-13  -3.5105077551e+06   9.6581671408e-02 
  4.4055559414e+20   5.7912396181e+18   1.3939955795e+61   2.8320697153e-29   6.1387253934e-13  -3.6358279581e+06   9.6581671398e-02 
  4.4294914657e+20   2.3935524277e+18   5.8696424662e+60   2.9412060688e-29   6.0863493552e-13  -3.6470511083e+06   9.6581671355e-02 
  4.4540898676e+20   2.4598401956e+18   6.0986546660e+60   3.0624927984e-29   6.0521838458e-13  -3.6221011689e+06   9.6581670208e-02 
  4.4999481452e+20   4.5858277550e+18   1.1550725840e+61   3.2661397865e-29   6.0040912226e-13  -3.5920070280e+06   9.6581663300e-02 
  4.5430829445e+20   4.3134799356e+18   1.1081766538e+61   3.5158982165e-29   5.9433301386e-13  -3.5084068740e+06   9.6581581930e-02 
  4.6035018371e+20   6.0418892577e+18   1.5879867659e+61   3.6814445854e-29   5.8748607379e-13  -3.3320797077e+06   9.6581064953e-02 
  4.7372826819e+20   1.3378084478e+19   3.6672473874e+61   3.8194881726e-29   5.7518490264e-13  -2.8677542450e+06   9.6579102999e-02 
  4.9099974645e+20   1.7271478257e+19   5.0505137765e+61   3.9010053483e-29   5.5647906087e-13  -2.0323109417e+06   9.6571101917e-02 
  5.0552030525e+20   1.4520558798e+19   4.5303945047e+61   3.8671795949e-29   5.3803005726e-13  -1.1564209927e+06   9.6544497818e-02 
  5.1415463315e+20   8.6343279034e+18   2.8204102279e+61   3.7766653047e-29   5.2555019882e-13  -5.2973079842e+05   9.6471084597e-02 
  5.2047150679e+20   6.3168736371e+18   2.1243415902e+61   3.6229838403e-29   5.1767529168e-13  -2.2270264985e+05   9.6094105868e-02 
  5.2604975932e+20   5.5782525309e+18   1.9193239065e+61   3.4263477584e-29   5.1145906478e-13  -6.5881876918e+04   9.3350455177e-02 
  5.2879646276e+20   2.7467034379e+18   9.6015407382e+60   3.1957262532e-29   5.0764180617e-13   7.9681633087e+04   8.5888836338e-02 
  5.3406912333e+20   5.2726605735e+18   1.8712850196e+61   2.9021886146e-29   5.0419756717e-13   1.8170233811e+05   7.7256997794e-02 
  5.3591681719e+20   1.8476938574e+18   6.6456346474e+60   2.6124439878e-29   5.0149884623e-13   2.8753550057e+05   7.4150784112e-02 
  5.3819599839e+20   2.2791811997e+18   8.2609344298e+60   2.5460564374e-29   4.9995219577e-13   3.1328998208e+05   7.3361996885e-02 
  5.4295151375e+20   4.7555153621e+18   1.7463052878e+61   2.4586670898e-29   4.9721765341e-13   3.2637579875e+05   7.3320597718e-02 
  5.4624821099e+20   3.2966972394e+18   1.2286984464e+61   2.3996607394e-29   4.9430921462e-13   3.6044315149e+05   7.3313817916e-02 
  5.4919237567e+20   2.9441646827e+18   1.1099174327e+61   2.3728984897e-29   4.9208220251e-13   3.7633805609e+05   7.3313065513e-02 
  5.5322449412e+20   4.0321184530e+18   1.5394897163e+61   2.3529999543e-29   4.8948284068e-13   3.6375169415e+05   7.3313019499e-02 
  5.5758441074e+20   4.3599166129e+18   1.6900867277e+61   2.3380090074e-29   4.8626353091e-13   2.9596752402e+05   7.3313012448e-02 
  5.6178282424e+20   4.1984135031e+18   1.6526553748e+61   2.3309553146e-29   4.8290196428e-13   1.8360777028e+05   7.3313011815e-02 
  5.7088555997e+20   9.1027357333e+18   3.6689070881e+61   2.3300814227e-29   4.7777485396e-13   3.3551785340e+03   7.3313011767e-02 
  5.7736105223e+20   6.4754922542e+18   2.6822398493e+61   2.3384866788e-29   4.7217583882e-13  -1.3391288965e+05   7.3313011753e-02 
  5.8155132517e+20   4.1902729472e+18   1.7680530053e+61   2.3491592042e-29   4.6841800517e-13  -2.2670234983e+05   7.3313011751e-02 
  5.9257583240e+20   1.1024507228e+19   4.7747659572e+61   2.3640202798e-29   4.6320072963e-13  -3.4642308480e+05   7.3313011748e-02 
  6.0056337613e+20   7.9875437276e+18   3.5723322513e+61   2.3804959690e-29   4.5706343422e-13  -4.2201556735e+05   7.3313011717e-02 
  6.1128685441e+20   1.0723478278e+19   4.9476023136e+61   2.3919240752e-29   4.5151218245e-13  -4.2057257096e+05   7.3313011495e-02 
  6.1787479540e+20   6.5879409946e+18   3.1269557487e+61   2.4021038458e-29   4.4668631979e-13  -3.6257041442e+05   7.3313010595e-02 
  6.2467908751e+20   6.8042921080e+18   3.3004079535e+61   2.4109264943e-29   4.4337889055e-13  -2.6699885137e+05   7.3313001046e-02 
  6.3849872340e+20   1.3819635893e+19   6.9277590882e+61   2.4288731737e-29   4.3892220354e-13  -8.5812905157e+03   7.3312968192e-02 
  6.5468987124e+20   1.6191147837e+19   8.5069510692e+61   2.4764764406e-29   4.3298437886e-13   4.3790923703e+05   7.3312825741e-02 
  6.6025704383e+20   5.5671725865e+18   3.0241518448e+61   2.5394726557e-29   4.2879927723e-13   7.3733484034e+05   7.3312629825e-02 
  6.6542176033e+20   5.1647164995e+18   2.8515118606e+61   2.5933968366e-29   4.2678312825e-13   8.7234804503e+05   7.3309460166e-02 
  6.7824907922e+20   1.2827318894e+19   7.2758668313e+61   2.6494250547e-29   4.2336833069e-13   1.0733003360e+06   7.3296377462e-02 
  6.8498650301e+20   6.7374237928e+18   3.9335900887e+61   2.6771372562e-29   4.1961429476e-13   1.2707261635e+06   7.3240998011e-02 
  6.8761329629e+20   2.6267932762e+18   1.5547628716e+61   2.6711188826e-29   4.1783372584e-13   1.3448058388e+06   7.3075519482e-02 
  6.9184086775e+20   4.2275714643e+18   2.5272996611e+61   2.6546698760e-29   4.1650815141e-13   1.3809360525e+06   7.2295634822e-02 
  6.9442637827e+20   2.5855105155e+18   1.5609558111e+61   2.6127276995e-29   4.1524894531e-13   1.4197701411e+06   7.0941772705e-02 
  6.9775813013e+20   3.3317518651e+18   2.0286958695e+61   2.5625147651e-29   4.1412516566e-13   1.4421109514e+06   6.9355970610e-02 
  6.9990865995e+20   2.1505298214e+18   1.3197843579e+61   2.4960876123e-29   4.1309436561e-13   1.4532342488e+06   6.8590883476e-02 
  7.0576186306e+20   5.8532031079e+18   3.6333986691e+61   2.4522551246e-29   4.1165104791e-13   1.4659843020e+06   6.8481760536e-02 
  7.0948839750e+20   3.7265344344e+18   2.3448901484e+61   2.4087555383e-29   4.0993105913e-13   1.4747372945e+06   6.8449725089e-02 
  7.1647235435e+20   6.9839568533e+18   4.4613884356e+61   2.3866406788e-29   4.0801032586e-13   1.4551710320e+06   6.8445786492e-02 
  7.1964911809e+20   3.1767637408e+18   2.0583434868e+61   2.3734853479e-29   4.0622565033e-13   1.4232477299e+06   6.8445200362e-02 
  7.2222379716e+20   2.5746790661e+18   1.6816182195e+61   2.3742969357e-29   4.0524041920e-13   1.3991232119e+06   6.8445090567e-02 
  7.2526380516e+20   3.0400080074e+18   2.0010361945e+61   2.3821944854e-29   4.0425942168e-13   1.3709181387e+06   6.8445083331e-02 
  7.2706732667e+20   1.8035215091e+18   1.1950957883e+61   2.3945770455e-29   4.0344922685e-13   1.3553754332e+06   6.8445083205e-02 
  7.3216632780e+20   5.0990011259e+18   3.4110369406e+61   2.4049997108e-29   4.0227965407e-13   1.3329798735e+06   6.8445084689e-02 
  7.3556459004e+20   3.3982622436e+18   2.2998548350e+61   2.4151550820e-29   4.0089327126e-13   1.3110093450e+06   6.8445096253e-02 
  7.3879230394e+20   3.2277138990e+18   2.2041992415e+61   2.4202912794e-29   3.9983734188e-13   1.2967254946e+06   6.8445300856e-02 
  7.4188909162e+20   3.0967876753e+18   2.1329721013e+61   2.4237017710e-29   3.9884437229e-13   1.2812736070e+06   6.8446469482e-02 
  7.5635572726e+20   1.4466635643e+19   1.0202262225e+62   2.4329729877e-29   3.9617500422e-13   1.2405802375e+06   6.8450487175e-02 
  7.6623960853e+20   9.8838812671e+18   7.1986736063e+61   2.4605053913e-29   3.9258624262e-13   1.1998161583e+06   6.8459198201e-02 
  7.7317086031e+20   6.9312517795e+18   5.1602810274e+61   2.5067277566e-29   3.9017145849e-13   1.1747398720e+06   6.8480425723e-02 
  7.8617762507e+20   1.3006764764e+19   9.9360918141e+61   2.6122424158e-29   3.8726960533e-13   1.1489199098e+06   6.8541004612e-02 
  7.9278262372e+20   6.6049986483e+18   5.1732984290e+61   2.7336182237e-29   3.8444588880e-13   1.1289464232e+06   6.8661674062e-02 
  7.9835730204e+20   5.5746783233e+18   4.4339236328e+61   2.7838451447e-29   3.8267060083e-13   1.1129399082e+06   6.9366712914e-02 
  8.0427168236e+20   5.9143803172e+18   4.7722927606e+61   2.8019814862e-29   3.8104652823e-13   1.0901476147e+06   7.2136875556e-02 
  8.0728878793e+20   3.0171055668e+18   2.4616941776e+61   2.8004820107e-29   3.7983726810e-13   1.0746203296e+06   7.6388428274e-02 
  8.0979398432e+20   2.5051963951e+18   2.0580527354e+61   2.7887368237e-29   3.7913219393e-13   1.0571352720e+06   8.8282993803e-02 
  8.1769966770e+20   7.9056833796e+18   6.5785671512e+61   2.7508201781e-29   3.7790585644e-13   1.0255037042e+06   9.2223613643e-02 
  8.2368890761e+20   5.9892399035e+18   5.0692804908e+61   2.6919624597e-29   3.7634503234e-13   9.8695416510e+05   9.5750304145e-02 
  8.2987947796e+20   6.1905703552e+18   5.3177373882e+61   2.6604668352e-29   3.7522068328e-13   9.5921646091e+05   9.7072968981e-02 
  8.3808153687e+20   8.2020589084e+18   7.1688261534e+61   2.6362335918e-29   3.7410135858e-13   9.4843931713e+05   9.7296316941e-02 
  8.4473763392e+20   6.6560970553e+18   5.9217038648e+61   2.6290365204e-29   3.7314398342e-13   9.5132265785e+05   9.7333872492e-02 
  8.5485196549e+20   1.0114331564e+19   9.1786818241e+61   2.6365412440e-29   3.7233758053e-13   9.7752397643e+05   9.7336267132e-02 
  8.6223472981e+20   7.3827643204e+18   6.8384236089e+61   2.6595025087e-29   3.7170765722e-13   1.0227171257e+06   9.7331875469e-02 
  8.6579299773e+20   3.5582679231e+18   3.3380323839e+61   2.6887202529e-29   3.7145269183e-13   1.0595990576e+06   9.7318458373e-02 
  8.6996163738e+20   4.1686396491e+18   3.9456788136e+61   2.7232112629e-29   3.7131062320e-13   1.0841290521e+06   9.7273168624e-02 
  8.8391637483e+20   1.3954737450e+19   1.3485885686e+62   2.8186551857e-29   3.7098743835e-13   1.1397057907e+06   9.7294888268e-02 
  9.0149839479e+20   1.7582019958e+19   1.7608036342e+62   2.9845229126e-29   3.7040818273e-13   1.2359793957e+06   9.7680119979e-02 
  9.0713008855e+20   5.6316937650e+18   5.7874738213e+61   3.1171653826e-29   3.6990784762e-13   1.3267530869e+06   9.8275574208e-02 
  9.1360024980e+20   6.4701612479e+18   6.7384197813e+61   3.2183224796e-29   3.6970071871e-13   1.3713496371e+06   1.0028759895e-01 
  9.2453223160e+20   1.0931981796e+19   1.1603994436e+62   3.4134368698e-29   3.6955777595e-13   1.4072503103e+06   1.0071208887e-01 
  9.2934815916e+20   4.8159275659e+18   5.1998907290e+61   3.6046703126e-29   3.6960275492e-13   1.4286297090e+06   1.0051163234e-01 
  9.4004539123e+20   1.0697232068e+19   1.1744310116e+62   3.8200205647e-29   3.6994619651e-13   1.3961774168e+06   9.9499061071e-02 
  9.4937420635e+20   9.3288151186e+18   1.0462530071e+62   4.1224035209e-29   3.7071852795e-13   1.3144405377e+06   9.8183293008e-02 
  9.5739274394e+20   8.0185375901e+18   9.1588898038e+61   4.4411714415e-29   3.7174935835e-13   1.1914065885e+06   9.9332969089e-02 
  9.6296375962e+20   5.5710156751e+18   6.4543006650e+61   4.7894907445e-29   3.7247750456e-13   1.1253815498e+06   1.0564308165e-01 
  9.6595067587e+20   2.9869162568e+18   3.4913966664e+61   5.1587022560e-29   3.7293595563e-13   1.0798048304e+06   1.2033747416e-01 
  9.7125767971e+20   5.3070038373e+18   6.2568108782e+61   5.8891879891e-29   3.7337400832e-13   1.0233436293e+06   1.5311491332e-01 
  9.7422934717e+20   2.9716674636e+18   3.5335162914e+61   7.0223921674e-29   3.7380643709e-13   9.6406129900e+05   1.8593088792e-01 
  9.7733866038e+20   3.1093132021e+18   3.7203353692e+61   8.6415421926e-29   3.7408587616e-13   9.0800924407e+05   1.9845471211e-01 
  9.8039836652e+20   3.0597061444e+18   3.6841614547e+61   1.1812587532e-28   3.7436353671e-13   8.4633618009e+05   1.8098509532e-01 
  9.8221476456e+20   1.8163980384e+18   2.1980138332e+61   1.7167792610e-28   3.7442685327e-13   7.4510151606e+05   1.1781294468e-01 
  9.8520182630e+20   2.9870617441e+18   3.6323447816e+61   3.5459838642e-28   3.7506414072e-13   6.8189104316e+05   4.7622590595e-02 
  9.9247118561e+20   7.2693593048e+18   8.9321691346e+61   1.2688364708e-27   3.7492278611e-13   6.2205569057e+05   2.7717259535e-02 
  9.9565725943e+20   3.1860738209e+18   3.9563522952e+61   3.1250922616e-23   3.2080924105e-13   5.4702829061e+05   2.0029376202e-02 
  9.9687545939e+20   1.2181999662e+18   1.5194255780e+61   5.3059612577e-23   4.7489455416e-13   4.9274470328e+05   2.0016168142e-02 
  9.9768863646e+20   8.1317706811e+17   1.0163212675e+61   4.3009655682e-23   4.0634987305e-13   4.7378500367e+05   2.0006241616e-02 
  9.9851628850e+20   8.2765204041e+17   1.0361149332e+61   3.5279164415e-23   3.5079380616e-13   4.5305163646e+05   2.0002651189e-02 
  9.9943297300e+20   9.1668449716e+17   1.1495786775e+61   3.1536298419e-23   3.2248332250e-13   4.3960613015e+05   2.0001109579e-02 
  1.0005401465e+21   1.1071735462e+18   1.3912780548e+61   3.0537387661e-23   3.1471931677e-13   4.3303097682e+05   2.0000430013e-02 
  1.0017409097e+21   1.2007631539e+18   1.5123675646e+61   3.1013272790e-23   3.1827629315e-13   4.3002668924e+05   2.0000160449e-02 
  1.0029245970e+21   1.1836873104e+18   1.4944133910e+61   3.2592833608e-23   3.3021568817e-13   4.2960132386e+05   2.0000052302e-02 
  1.0040367627e+21   1.1121657247e+18   1.4073348616e+61   3.4762477153e-23   3.4638048964e-13   4.3081294494e+05   2.0000016536e-02 
  1.0050688650e+21   1.0321022543e+18   1.3088147413e+61   3.7310284345e-23   3.6503195931e-13   4.3326223540e+05   2.0000005184e-02 
  1.0059866883e+21   9.1782328104e+17   1.1661572263e+61   4.0255234197e-23   3.8618690131e-13   4.3597538504e+05   2.0000001540e-02 
  1.0068795280e+21   8.9283969152e+17   1.1364575323e+61   4.3218980441e-23   4.0706904652e-13   4.3898750128e+05   2.0000000431e-02 
  1.0076807969e+21   8.0126896931e+17   1.0216185571e+61   4.5955035726e-23   4.2609223357e-13   4.4163565649e+05   2.0000000113e-02 
  1.0084670340e+21   7.8623704759e+17   1.0040333637e+61   4.8514798578e-23   4.4383284462e-13   4.4371238996e+05   2.0000000028e-02 
  1.0091643118e+21   6.9727778190e+17   8.9174226287e+60   5.1022942508e-23   4.6095844245e-13   4.4526629020e+05   2.0000000007e-02 
  1.0097679007e+21   6.0358890791e+17   7.7292011621e+60   5.3261345658e-23   4.7604813580e-13   4.4646766014e+05   2.0000000002e-02 
  1.0103499908e+21   5.8209016831e+17   7.4626586814e+60   5.6013073031e-23   4.9433337107e-13   4.4816114225e+05   2.0000000000e-02 
  1.0109951644e+21   6.4517354274e+17   8.2814692340e+60   5.6954032702e-23   5.0051080161e-13   4.4854303345e+05   2.0000000000e-02 
  1.0113520155e+21   3.5685112163e+17   4.5850953426e+60   4.5740645956e-23   4.2604659257e-13   4.4232241492e+05   2.0000000000e-02 
  1.0118142769e+21   4.6226137693e+17   5.9442990517e+60   2.6095203758e-23   2.8722418388e-13   3.6773809410e+05   2.0000000000e-02 
  1.0130090998e+21   1.1948229545e+18   1.5389615624e+61   5.0614119461e-24   9.4848669576e-14   1.5568058946e+05   2.0000000000e-02 
  1.0147930283e+21   1.7839284226e+18   2.3045097967e+61   2.3959020203e-24   5.5185874691e-14   1.5188602329e+04   2.0000000000e-02 
  1.0167145064e+21   1.9214781019e+18   2.4912787087e+61   2.2347804356e-24   5.2061166241e-14   8.3632829650e+02   2.0000000000e-02 
  1.0186464725e+21   1.9319661184e+18   2.5143885895e+61   2.2251115148e-24   5.1881166421e-14   4.2587800564e+01   2.0000000000e-02 
  1.0205789836e+21   1.9325111231e+18   2.5246576369e+61   2.2246135703e-24   5.1871882033e-14   2.1371745108e+00   2.0000000000e-02 
  1.0225115221e+21   1.9325384714e+18   2.5342727961e+61   2.2245885717e-24   5.1871414649e-14   1.0663263180e-01   2.0000000000e-02 
  1.0244440619e+21   1.9325398329e+18   2.5438722296e+61   2.2245873266e-24   5.1871391333e-14   5.3145723975e-03   2.0000000000e-02 
  1.0263766018e+21   1.9325399057e+18   2.5534881171e+61   2.2245872593e-24   5.1871390089e-14   2.4925521790e-04   2.0000000000e-02 
  1.0283091417e+21   1.9325399057e+18   2.5631220483e+61   2.2245872599e-24   5.1871390087e-14   9.5538189938e-06   2.0000000000e-02 
  1.0302416816e+21   1.9325399057e+18   2.5727741191e+61   2.2245872600e-24   5.1871390088e-14   2.5725768661e-06   2.0000000000e-02 
  1.0321742215e+21   1.9325399057e+18   2.5824443294e+61   2.2245872600e-24   5.1871390088e-14   2.2158593610e-06   2.0000000000e-02 
  1.0341067614e+21   1.9325399057e+18   2.5921326791e+61   2.2245872600e-24   5.1871390088e-14   1.7692817887e-06   2.0000000000e-02 
  1.0360393013e+21   1.9325399057e+18   2.6018391684e+61   2.2245872600e-24   5.1871390089e-14   1.1033321811e-06   2.0000000000e-02 
  1.0379718412e+21   1.9325399057e+18   2.6115637972e+61   2.2245872600e-24   5.1871390089e-14  -7.2210992133e-07   2.0000000000e-02 
  1.0399043811e+21   1.9325399057e+18   2.6213065654e+61   2.2245872600e-24   5.1871390089e-14  -3.7048716776e-06   2.0000000000e-02 
  1.0418369211e+21   1.9325399057e+18   2.6310674732e+61   2.2245872600e-24   5.1871390090e-14  -4.9409760597e-06   2.0000000000e-02 
  1.0437694610e+21   1.9325399057e+18   2.6408465205e+61   2.2245872600e-24   5.1871390090e-14  -5.9323514557e-06   2.0000000000e-02 
  1.0457020009e+21   1.9325399057e+18   2.6506437072e+61   2.2245872600e-24   5.1871390090e-14  -6.7836910717e-06   2.0000000000e-02 
  1.0476345408e+21   1.9325399057e+18   2.6604590335e+61   2.2245872600e-24   5.1871390090e-14  -7.2051324099e-06   2.0000000000e-02 
  1.0495670807e+21   1.9325399057e+18   2.6702924992e+61   2.2245872600e-24   5.1871390090e-14  -6.8673585290e-06   2.0000000000e-02 
  1.0514996206e+21   1.9325399057e+18   2.6801441045e+61   2.2245872600e-24   5.1871390090e-14  -6.7649340192e-06   2.0000000000e-02 
  1.0534321605e+21   1.9325399057e+18   2.6900138492e+61   2.2245872600e-24   5.1871390090e-14  -6.9261085962e-06   2.0000000000e-02 
  1.0553647004e+21   1.9325399057e+18   2.6999017335e+61   2.2245872600e-24   5.1871390090e-14  -6.9897231594e-06   2.0000000000e-02 
  1.0572972403e+21   1.9325399057e+18   2.7098077572e+61   2.2245872600e-24   5.1871390091e-14  -6.9549256783e-06   2.0000000000e-02 
  1.0592297802e+21   1.9325399057e+18   2.7197319205e+61   2.2245872600e-24   5.1871390091e-14  -6.9716884106e-06   2.0000000000e-02 
  1.0611623201e+21   1.9325399057e+18   2.7296742232e+61   2.2245872600e-24   5.1871390091e-14  -7.0033705229e-06   2.0000000000e-02 
  1.0630948600e+21   1.9325399057e+18   2.7396346655e+61   2.2245872600e-24   5.1871390091e-14  -7.0211648623e-06   2.0000000000e-02 
  1.0650273999e+21   1.9325399057e+18   2.7496132472e+61   2.2245872600e-24   5.1871390091e-14  -7.0859440284e-06   2.0000000000e-02 
  1.0669599398e+21   1.9325399057e+18   2.7596099684e+61   2.2245872600e-24   5.1871390091e-14  -7.1103337137e-06   2.0000000000e-02 
  1.0688924797e+21   1.9325399057e+18   2.7696248292e+61   2.2245872600e-24   5.1871390091e-14  -6.9927439158e-06   2.0000000000e-02 
  1.0708250196e+21   1.9325399057e+18   2.7796578294e+61   2.2245872600e-24   5.1871390091e-14  -6.8299793646e-06   2.0000000000e-02 
  1.0727575595e+21   1.9325399057e+18   2.7897089691e+61   2.2245872600e-24   5.1871390091e-14  -6.7409163213e-06   2.0000000000e-02 
  1.0746900995e+21   1.9325399057e+18   2.7997782484e+61   2.2245872600e-24   5.1871390091e-14  -6.7056179785e-06   2.0000000000e-02 
  1.0766226394e+21   1.9325399057e+18   2.8098656671e+61   2.2245872600e-24   5.1871390091e-14  -6.7116832382e-06   2.0000000000e-02 
  1.0785551793e+21   1.9325399057e+18   2.8199712253e+61   2.2245872600e-24   5.1871390091e-14  -6.9887327966e-06   2.0000000000e-02 
  1.0804877192e+21   1.9325399057e+18   2.8300949231e+61   2.2245872600e-24   5.1871390091e-14  -7.8919676317e-06   2.0000000000e-02 
  1.0824202591e+21   1.9325399057e+18   2.8402367603e+61   2.2245872600e-24   5.1871390092e-14  -8.9647438203e-06   2.0000000000e-02 
  1.0843527990e+21   1.9325399057e+18   2.8503967370e+61   2.2245872600e-24   5.1871390093e-14  -1.0144964790e-05   2.0000000000e-02 
  1.0862853389e+21   1.9325399057e+18   2.8605748532e+61   2.2245872600e-24   5.1871390093e-14  -1.1670632332e-05   2.0000000000e-02 
  1.0882178788e+21   1.9325399057e+18   2.8707711089e+61   2.2245872600e-24   5.1871390094e-14  -1.1523555752e-05   2.0000000000e-02 
  1.0901504187e+21   1.9325399057e+18   2.8809855042e+61   2.2245872600e-24   5.1871390095e-14  -1.0085938934e-05   2.0000000000e-02 
  1.0920829586e+21   1.9325399057e+18   2.8912180389e+61   2.2245872600e-24   5.1871390096e-14  -8.6967469641e-06   2.0000000000e-02 
  1.0940154985e+21   1.9325399057e+18   2.9014687131e+61   2.2245872600e-24   5.1871390096e-14  -7.5594785944e-06   2.0000000000e-02 
  1.0959480384e+21   1.9325399057e+18   2.9117375268e+61   2.2245872600e-24   5.1871390096e-14  -7.0788332399e-06   2.0000000000e-02 
  1.0978805783e+21   1.9325399057e+18   2.9220244800e+61   2.2245872600e-24   5.1871390096e-14  -6.9361468499e-06   2.0000000000e-02 
  1.0998131182e+21   1.9325399057e+18   2.9323295727e+61   2.2245872600e-24   5.1871390096e-14  -6.8925619683e-06   2.0000000000e-02 
  1.1017456581e+21   1.9325399057e+18   2.9426528049e+61   2.2245872600e-24   5.1871390096e-14  -6.8608916459e-06   2.0000000000e-02 
  1.1036781980e+21   1.9325399057e+18   2.9529941766e+61   2.2245872600e-24   5.1871390096e-14  -6.8707784785e-06   2.0000000000e-02 
  1.1056107379e+21   1.9325399057e+18   2.9633536878e+61   2.2245872600e-24   5.1871390096e-14  -6.8725149661e-06   2.0000000000e-02 
  1.1075432778e+21   1.9325399057e+18   2.9737313386e+61   2.2245872600e-24   5.1871390096e-14  -6.8371987647e-06   2.0000000000e-02 
  1.1094758178e+21   1.9325399057e+18   2.9841271288e+61   2.2245872600e-24   5.1871390096e-14  -6.7660827674e-06   2.0000000000e-02 
  1.1114083577e+21   1.9325399057e+18   2.9945410585e+61   2.2245872600e-24   5.1871390096e-14  -6.6766656945e-06   2.0000000000e-02 
  1.1133408976e+21   1.9325399057e+18   3.0049731276e+61   2.2245872600e-24   5.1871390096e-14  -6.6314480077e-06   2.0000000000e-02 
  1.1152734375e+21   1.9325399057e+18   3.0154233363e+61   2.2245872600e-24   5.1871390096e-14  -6.6114126350e-06   2.0000000000e-02 
  1.1172059774e+21   1.9325399057e+18   3.0258916845e+61   2.2245872600e-24   5.1871390096e-14  -6.6030110273e-06   2.0000000000e-02 
  1.1191385173e+21   1.9325399057e+18   3.0363781722e+61   2.2245872600e-24   5.1871390096e-14  -6.5003561570e-06   2.0000000000e-02 
  1.1210710572e+21   1.9325399057e+18   3.0468827994e+61   2.2245872600e-24   5.1871390097e-14  -6.3552485300e-06   2.0000000000e-02 
  1.1230035971e+21   1.9325399057e+18   3.0574055661e+61   2.2245872600e-24   5.1871390097e-14  -6.1962059058e-06   2.0000000000e-02 
  1.1249361370e+21   1.9325399057e+18   3.0679464723e+61   2.2245872600e-24   5.1871390097e-14  -5.9554446120e-06   2.0000000000e-02 
  1.1268686769e+21   1.9325399057e+18   3.0785055180e+61   2.2245872600e-24   5.1871390096e-14  -5.8203340314e-06   2.0000000000e-02 
  1.1288012168e+21   1.9325399057e+18   3.0890827032e+61   2.2245872600e-24   5.1871390097e-14  -5.8453639652e-06   2.0000000000e-02 
  1.1307337567e+21   1.9325399057e+18   3.0996780279e+61   2.2245872600e-24   5.1871390097e-14  -5.6161966076e-06   2.0000000000e-02 
  1.1326662966e+21   1.9325399057e+18   3.1102914920e+61   2.2245872600e-24   5.1871390097e-14  -4.8462281631e-06   2.0000000000e-02 
  1.1345988365e+21   1.9325399057e+18   3.1209230957e+61   2.2245872600e-24   5.1871390097e-14  -3.8197084842e-06   2.0000000000e-02 
  1.1365313764e+21   1.9325399057e+18   3.1315728389e+61   2.2245872600e-24   5.1871390098e-14  -1.7744233001e-06   2.0000000000e-02 
  1.1384639163e+21   1.9325399057e+18   3.1422407216e+61   2.2245872600e-24   5.1871390098e-14   7.8857094880e-07   2.0000000000e-02 
  1.1403964562e+21   1.9325399057e+18   3.1529267437e+61   2.2245872600e-24   5.1871390098e-14   1.9125547418e-06   2.0000000000e-02 
  1.1423289962e+21   1.9325399057e+18   3.1636309054e+61   2.2245872600e-24   5.1871390098e-14   2.6462492208e-06   2.0000000000e-02 
  1.1442615361e+21   1.9325399057e+18   3.1743532066e+61   2.2245872600e-24   5.1871390098e-14   3.0748020477e-06   2.0000000000e-02 
  1.1461940760e+21   1.9325399057e+18   3.1850936473e+61   2.2245872600e-24   5.1871390098e-14   3.2097409570e-06   2.0000000000e-02 
  1.1481266159e+21   1.9325399057e+18   3.1958522274e+61   2.2245872600e-24   5.1871390098e-14   3.3303622015e-06   2.0000000000e-02 
  1.1500591558e+21   1.9325399057e+18   3.2066289471e+61   2.2245872600e-24   5.1871390098e-14   3.4393825483e-06   2.0000000000e-02 
  1.1519916957e+21   1.9325399057e+18   3.2174238063e+61   2.2245872600e-24   5.1871390098e-14   3.4335498863e-06   2.0000000000e-02 
  1.1539242356e+21   1.9325399057e+18   3.2282368049e+61   2.2245872600e-24   5.1871390098e-14   3.3263083239e-06   2.0000000000e-02 
  1.1558567755e+21   1.9325399057e+18   3.2390679431e+61   2.2245872600e-24   5.1871390098e-14   3.2186872644e-06   2.0000000000e-02 
  1.1577893154e+21   1.9325399057e+18   3.2499172207e+61   2.2245872600e-24   5.1871390098e-14   3.1540497406e-06   2.0000000000e-02 
  1.1597218553e+21   1.9325399057e+18   3.2607846379e+61   2.2245872600e-24   5.1871390097e-14   3.0801294924e-06   2.0000000000e-02 
  1.1616543952e+21   1.9325399057e+18   3.2716701946e+61   2.2245872600e-24   5.1871390097e-14   2.8977012576e-06   2.0000000000e-02 
  1.1635869351e+21   1.9325399057e+18   3.2825738907e+61   2.2245872600e-24   5.1871390097e-14   2.2380387318e-06   2.0000000000e-02 
  1.1655194750e+21   1.9325399057e+18   3.2934957264e+61   2.2245872600e-24   5.1871390097e-14   1.3913885503e-06   2.0000000000e-02 
  1.1674520149e+21   1.9325399057e+18   3.3044357015e+61   2.2245872600e-24   5.1871390097e-14   9.2482773630e-07   2.0000000000e-02 
  1.1693845548e+21   1.9325399057e+18   3.3153938162e+61   2.2245872600e-24   5.1871390097e-14   7.0416543136e-07   2.0000000000e-02 
  1.1713170947e+21   1.9325399057e+18   3.3263700703e+61   2.2245872600e-24   5.1871390097e-14   4.9964033764e-07   2.0000000000e-02 
  1.1732496346e+21   1.9325399057e+18   3.3373644640e+61   2.2245872600e-24   5.1871390097e-14   2.4106674656e-07   2.0000000000e-02 
  1.1751821745e+21   1.9325399057e+18   3.3483769971e+61   2.2245872600e-24   5.1871390097e-14  -3.5536009180e-07   2.0000000000e-02 
  1.1771147145e+21   1.9325399057e+18   3.3594076697e+61   2.2245872600e-24   5.1871390097e-14  -1.1384058808e-06   2.0000000000e-02 
  1.1790472544e+21   1.9325399057e+18   3.3704564819e+61   2.2245872600e-24   5.1871390097e-14  -1.4931769188e-06   2.0000000000e-02 
  1.1809797943e+21   1.9325399057e+18   3.3815234335e+61   2.2245872600e-24   5.1871390097e-14  -1.4538044688e-06   2.0000000000e-02 
  1.1829123342e+21   1.9325399057e+18   3.3926085247e+61   2.2245872600e-24   5.1871390097e-14  -1.3556746571e-06   2.0000000000e-02 
  1.1848448741e+21   1.9325399057e+18   3.4037117553e+61   2.2245872600e-24   5.1871390097e-14  -1.2342812615e-06   2.0000000000e-02 
  1.1867774140e+21   1.9325399057e+18   3.4148331254e+61   2.2245872600e-24   5.1871390097e-14  -1.0277100898e-06   2.0000000000e-02 
  1.1887099539e+21   1.9325399057e+18   3.4259726351e+61   2.2245872600e-24   5.1871390097e-14  -6.4962515815e-07   2.0000000000e-02 
  1.1906424938e+21   1.9325399057e+18   3.4371302842e+61   2.2245872600e-24   5.1871390097e-14   7.1034376127e-07   2.0000000000e-02 
  1.1925750337e+21   1.9325399057e+18   3.4483060728e+61   2.2245872600e-24   5.1871390096e-14   3.3890321404e-06   2.0000000000e-02 
  1.1945075736e+21   1.9325399057e+18   3.4595000009e+61   2.2245872600e-24   5.1871390096e-14   5.2831242508e-06   2.0000000000e-02 
  1.1964401135e+21   1.9325399057e+18   3.4707120686e+61   2.2245872600e-24   5.1871390095e-14   5.8595158486e-06   2.0000000000e-02 
  1.1983726534e+21   1.9325399057e+18   3.4819422757e+61   2.2245872600e-24   5.1871390095e-14   6.2553873736e-06   2.0000000000e-02 
  1.2003051933e+21   1.9325399057e+18   3.4931906223e+61   2.2245872600e-24   5.1871390095e-14   6.5990903076e-06   2.0000000000e-02 
  1.2022377332e+21   1.9325399057e+18   3.5044571084e+61   2.2245872600e-24   5.1871390095e-14   6.8060663766e-06   2.0000000000e-02 
  1.2041702731e+21   1.9325399057e+18   3.5157417341e+61   2.2245872600e-24   5.1871390095e-14   6.8694392783e-06   2.0000000000e-02 
  1.2061028130e+21   1.9325399057e+18   3.5270444992e+61   2.2245872600e-24   5.1871390095e-14   6.9750689090e-06   2.0000000000e-02 
  1.2080353529e+21   1.9325399057e+18   3.5383654038e+61   2.2245872600e-24   5.1871390095e-14   7.0829535293e-06   2.0000000000e-02 
  1.2099678929e+21   1.9325399057e+18   3.5497044479e+61   2.2245872600e-24   5.1871390095e-14   7.1606337981e-06   2.0000000000e-02 
  1.2119004328e+21   1.9325399057e+18   3.5610616315e+61   2.2245872600e-24   5.1871390095e-14   7.0685921735e-06   2.0000000000e-02 
  1.2138329727e+21   1.9325399057e+18   3.5724369546e+61   2.2245872600e-24   5.1871390095e-14   6.8789745568e-06   2.0000000000e-02 
  1.2157655126e+21   1.9325399057e+18   3.5838304172e+61   2.2245872600e-24   5.1871390095e-14   6.6367924283e-06   2.0000000000e-02 
  1.2176980525e+21   1.9325399057e+18   3.5952420193e+61   2.2245872600e-24   5.1871390095e-14   6.4010212709e-06   2.0000000000e-02 
  1.2196305924e+21   1.9325399057e+18   3.6066717609e+61   2.2245872600e-24   5.1871390095e-14   6.2057533695e-06   2.0000000000e-02 
  1.2215631323e+21   1.9325399057e+18   3.6181196420e+61   2.2245872600e-24   5.1871390095e-14   6.0411721617e-06   2.0000000000e-02 
  1.2234956722e+21   1.9325399057e+18   3.6295856626e+61   2.2245872600e-24   5.1871390095e-14   5.8723417831e-06   2.0000000000e-02 
  1.2254282121e+21   1.9325399057e+18   3.6410698227e+61   2.2245872600e-24   5.1871390095e-14   5.6631417230e-06   2.0000000000e-02 
  1.2273607520e+21   1.9325399057e+18   3.6525721223e+61   2.2245872600e-24   5.1871390095e-14   5.4681069483e-06   2.0000000000e-02 
  1.2292932919e+21   1.9325399057e+18   3.6640925614e+61   2.2245872600e-24   5.1871390095e-14   5.1726620143e-06   2.0000000000e-02 
  1.2312258318e+21   1.9325399057e+18   3.6756311400e+61   2.2245872600e-24   5.1871390095e-14   4.8354004258e-06   2.0000000000e-02 
  1.2331583717e+21   1.9325399057e+18   3.6871878581e+61   2.2245872600e-24   5.1871390095e-14   4.6792046239e-06   2.0000000000e-02 
  1.2350909116e+21   1.9325399057e+18   3.6987627157e+61   2.2245872600e-24   5.1871390095e-14   4.7085116266e-06   2.0000000000e-02 
  1.2370234515e+21   1.9325399057e+18   3.7103557128e+61   2.2245872600e-24   5.1871390095e-14   5.1616960965e-06   2.0000000000e-02 
  1.2389559914e+21   1.9325399057e+18   3.7219668494e+61   2.2245872600e-24   5.1871390094e-14   6.3512365569e-06   2.0000000000e-02 
  1.2408885313e+21   1.9325399057e+18   3.7335961255e+61   2.2245872600e-24   5.1871390094e-14   7.3817797419e-06   2.0000000000e-02 
  1.2428210712e+21   1.9325399057e+18   3.7452435411e+61   2.2245872600e-24   5.1871390093e-14   8.5732884600e-06   2.0000000000e-02 
  1.2447536112e+21   1.9325399057e+18   3.7569090962e+61   2.2245872600e-24   5.1871390092e-14   8.7107141550e-06   2.0000000000e-02 
  1.2466861511e+21   1.9325399057e+18   3.7685927907e+61   2.2245872600e-24   5.1871390092e-14   7.6255324203e-06   2.0000000000e-02 
  1.2486186910e+21   1.9325399057e+18   3.7802946248e+61   2.2245872600e-24   5.1871390091e-14   6.5391722261e-06   2.0000000000e-02 
  1.2505512309e+21   1.9325399057e+18   3.7920145984e+61   2.2245872600e-24   5.1871390091e-14   5.9223351958e-06   2.0000000000e-02 
  1.2524837708e+21   1.9325399057e+18   3.8037527115e+61   2.2245872600e-24   5.1871390091e-14   5.7197277255e-06   2.0000000000e-02 
  1.2544163107e+21   1.9325399057e+18   3.8155089640e+61   2.2245872600e-24   5.1871390091e-14   5.6084222477e-06   2.0000000000e-02 
  1.2563488506e+21   1.9325399057e+18   3.8272833561e+61   2.2245872600e-24   5.1871390091e-14   5.4955332813e-06   2.0000000000e-02 
  1.2582813905e+21   1.9325399057e+18   3.8390758877e+61   2.2245872600e-24   5.1871390091e-14   5.4349406367e-06   2.0000000000e-02 
  1.2602139304e+21   1.9325399057e+18   3.8508865588e+61   2.2245872600e-24   5.1871390091e-14   5.3924186551e-06   2.0000000000e-02 
  1.2621464703e+21   1.9325399057e+18   3.8627153693e+61   2.2245872600e-24   5.1871390091e-14   5.4194458793e-06   2.0000000000e-02 
  1.2640790102e+21   1.9325399057e+18   3.8745623194e+61   2.2245872600e-24   5.1871390091e-14   5.6330947926e-06   2.0000000000e-02 
  1.2660115501e+21   1.9325399057e+18   3.8864274090e+61   2.2245872600e-24   5.1871390091e-14   5.9517021950e-06   2.0000000000e-02 
  1.2679440900e+21   1.9325399057e+18   3.8983106380e+61   2.2245872600e-24   5.1871390090e-14   6.0493334494e-06   2.0000000000e-02 
  1.2698766299e+21   1.9325399057e+18   3.9102120066e+61   2.2245872600e-24   5.1871390090e-14   5.9788059702e-06   2.0000000000e-02 
  1.2718091698e+21   1.9325399057e+18   3.9221315146e+61   2.2245872600e-24   5.1871390090e-14   5.8819449950e-06   2.0000000000e-02 
  1.2737417097e+21   1.9325399057e+18   3.9340691622e+61   2.2245872600e-24   5.1871390090e-14   5.8500105348e-06   2.0000000000e-02 
  1.2756742496e+21   1.9325399057e+18   3.9460249492e+61   2.2245872600e-24   5.1871390090e-14   5.8659867139e-06   2.0000000000e-02 
  1.2776067896e+21   1.9325399057e+18   3.9579988758e+61   2.2245872600e-24   5.1871390090e-14   5.8091935547e-06   2.0000000000e-02 
  1.2795393295e+21   1.9325399057e+18   3.9699909419e+61   2.2245872600e-24   5.1871390090e-14   5.6183888981e-06   2.0000000000e-02 
  1.2814718694e+21   1.9325399057e+18   3.9820011474e+61   2.2245872600e-24   5.1871390090e-14   5.1154795413e-06   2.0000000000e-02 
  1.2834044093e+21   1.9325399057e+18   3.9940294925e+61   2.2245872600e-24   5.1871390089e-14   3.0058135459e-06   2.0000000000e-02 
  1.2853369492e+21   1.9325399057e+18   4.0060759770e+61   2.2245872600e-24   5.1871390089e-14   6.1603611108e-07   2.0000000000e-02 
  1.2872694891e+21   1.9325399057e+18   4.0181406010e+61   2.2245872600e-24   5.1871390089e-14  -5.5355768842e-07   2.0000000000e-02 
  1.2892020290e+21   1.9325399057e+18   4.0302233646e+61   2.2245872600e-24   5.1871390089e-14  -1.3471937756e-06   2.0000000000e-02 
  1.2911345689e+21   1.9325399057e+18   4.0423242676e+61   2.2245872600e-24   5.1871390089e-14  -1.9673852150e-06   2.0000000000e-02 
  1.2930671088e+21   1.9325399057e+18   4.0544433102e+61   2.2245872600e-24   5.1871390089e-14  -2.4542916602e-06   2.0000000000e-02 
  1.2949996487e+21   1.9325399057e+18   4.0665804922e+61   2.2245872600e-24   5.1871390089e-14  -2.9508749277e-06   2.0000000000e-02 
  1.2969321886e+21   1.9325399057e+18   4.0787358138e+61   2.2245872600e-24   5.1871390089e-14  -3.4430925623e-06   2.0000000000e-02 
  1.2988647285e+21   1.9325399057e+18   4.0909092748e+61   2.2245872600e-24   5.1871390089e-14  -3.6897043617e-06   2.0000000000e-02 
  1.3007972684e+21   1.9325399057e+18   4.1031008753e+61   2.2245872600e-24   5.1871390089e-14  -3.3242324237e-06   2.0000000000e-02 
  1.3027298083e+21   1.9325399057e+18   4.1153106154e+61   2.2245872600e-24   5.1871390089e-14  -2.1494886341e-06   2.0000000000e-02 
  1.3046623482e+21   1.9325399057e+18   4.1275384949e+61   2.2245872600e-24   5.1871390089e-14  -9.4661637543e-07   2.0000000000e-02 
  1.3065948881e+21   1.9325399057e+18   4.1397845139e+61   2.2245872600e-24   5.1871390089e-14  -4.0222008439e-07   2.0000000000e-02 
  1.3085274280e+21   1.9325399057e+18   4.1520486724e+61   2.2245872600e-24   5.1871390089e-14  -1.6409528236e-07   2.0000000000e-02 
  1.3104599679e+21   1.9325399057e+18   4.1643309705e+61   2.2245872600e-24   5.1871390089e-14  -2.6477901357e-08   2.0000000000e-02 
  1.3123925079e+21   1.9325399057e+18   4.1766314080e+61   2.2245872600e-24   5.1871390089e-14   4.8941850656e-08   2.0000000000e-02 
  1.3143250478e+21   1.9325399057e+18   4.1889499850e+61   2.2245872600e-24   5.1871390089e-14   9.4603276198e-08   2.0000000000e-02 
  1.3162575877e+21   1.9325399057e+18   4.2012867015e+61   2.2245872600e-24   5.1871390089e-14   1.2920330867e-07   2.0000000000e-02 
  1.3181901276e+21   1.9325399057e+18   4.2136415576e+61   2.2245872600e-24   5.1871390089e-14   1.3704774916e-07   2.0000000000e-02 
  1.3201226675e+21   1.9325399057e+18   4.2260145531e+61   2.2245872600e-24   5.1871390089e-14   1.4197539457e-07   2.0000000000e-02 
  1.3220552074e+21   1.9325399057e+18   4.2384056881e+61   2.2245872600e-24   5.1871390089e-14   1.4241399565e-07   2.0000000000e-02 
  1.3239877473e+21   1.9325399057e+18   4.2508149626e+61   2.2245872600e-24   5.1871390089e-14   1.5460370515e-07   2.0000000000e-02 
  1.3259202872e+21   1.9325399057e+18   4.2632423766e+61   2.2245872600e-24   5.1871390089e-14   2.1496326890e-07   2.0000000000e-02 
  1.3278528271e+21   1.9325399057e+18   4.2756879301e+61   2.2245872600e-24   5.1871390089e-14   3.1079231078e-07   2.0000000000e-02 
  1.3297853670e+21   1.9325399057e+18   4.2881516231e+61   2.2245872600e-24   5.1871390089e-14   4.7919059467e-07   2.0000000000e-02 
  1.3317179069e+21   1.9325399057e+18   4.3006334556e+61   2.2245872600e-24   5.1871390089e-14   6.2374674570e-07   2.0000000000e-02 
  1.3336504468e+21   1.9325399057e+18   4.3131334276e+61   2.2245872600e-24   5.1871390089e-14   6.0653182198e-07   2.0000000000e-02 
  1.3355829867e+21   1.9325399057e+18   4.3256515391e+61   2.2245872600e-24   5.1871390089e-14   4.5649428340e-07   2.0000000000e-02 
  1.3375155266e+21   1.9325399057e+18   4.3381877901e+61   2.2245872600e-24   5.1871390089e-14   2.7960536036e-07   2.0000000000e-02 
  1.3394480665e+21   1.9325399057e+18   4.3507421806e+61   2.2245872600e-24   5.1871390089e-14   1.7801899281e-07   2.0000000000e-02 
  1.3413806064e+21   1.9325399057e+18   4.3633147106e+61   2.2245872600e-24   5.1871390089e-14   1.3857591021e-07   2.0000000000e-02 
  1.3433131463e+21   1.9325399057e+18   4.3759053801e+61   2.2245872600e-24   5.1871390089e-14   2.0627491904e-07   2.0000000000e-02 
  1.3452456863e+21   1.9325399057e+18   4.3885141891e+61   2.2245872600e-24   5.1871390089e-14   4.4468397163e-07   2.0000000000e-02 
  1.3471782262e+21   1.9325399057e+18   4.4011411376e+61   2.2245872600e-24   5.1871390089e-14   7.0458348596e-07   2.0000000000e-02 
  1.3491107661e+21   1.9325399057e+18   4.4137862256e+61   2.2245872600e-24   5.1871390089e-14   8.2826440436e-07   2.0000000000e-02 
  1.3510433060e+21   1.9325399057e+18   4.4264494531e+61   2.2245872600e-24   5.1871390089e-14   8.1920009568e-07   2.0000000000e-02 
  1.3529758459e+21   1.9325399057e+18   4.4391308201e+61   2.2245872600e-24   5.1871390089e-14   7.7248717528e-07   2.0000000000e-02 
  1.3549083858e+21   1.9325399057e+18   4.4518303266e+61   2.2245872600e-24   5.1871390089e-14   6.8361002620e-07   2.0000000000e-02 
  1.3568409257e+21   1.9325399057e+18   4.4645479726e+61   2.2245872600e-24   5.1871390089e-14   6.4955130482e-07   2.0000000000e-02 
  1.3587734656e+21   1.9325399057e+18   4.4772837581e+61   2.2245872600e-24   5.1871390089e-14   7.0701500942e-07   2.0000000000e-02 
  1.3607060055e+21   1.9325399057e+18   4.4900376830e+61   2.2245872600e-24   5.1871390089e-14   6.8786989757e-07   2.0000000000e-02 
  1.3626385454e+21   1.9325399057e+18   4.5028097475e+61   2.2245872600e-24   5.1871390089e-14   5.8520769202e-07   2.0000000000e-02 
  1.3645710853e+21   1.9325399057e+18   4.5155999515e+61   2.2245872600e-24   5.1871390089e-14   3.5247126695e-07   2.0000000000e-02 
  1.3665036252e+21   1.9325399057e+18   4.5284082950e+61   2.2245872600e-24   5.1871390089e-14   8.1928131873e-08   2.0000000000e-02 
  1.3684361651e+21   1.9325399057e+18   4.5412347779e+61   2.2245872600e-24   5.1871390089e-14  -6.3569612319e-08   2.0000000000e-02 
  1.3703687050e+21   1.9325399057e+18   4.5540794004e+61   2.2245872600e-24   5.1871390089e-14  -1.2936952270e-07   2.0000000000e-02 
  1.3723012449e+21   1.9325399057e+18   4.5669421624e+61   2.2245872600e-24   5.1871390089e-14  -1.7512633710e-07   2.0000000000e-02 
  1.3742337848e+21   1.9325399057e+18   4.5798230639e+61   2.2245872600e-24   5.1871390089e-14  -2.0196757843e-07   2.0000000000e-02 
  1.3761663247e+21   1.9325399057e+18   4.5927221048e+61   2.2245872600e-24   5.1871390089e-14  -1.8477860230e-07   2.0000000000e-02 
  1.3780988646e+21   1.9325399057e+18   4.6056392853e+61   2.2245872600e-24   5.1871390089e-14  -1.1266396831e-07   2.0000000000e-02 
  1.3800314046e+21   1.9325399057e+18   4.6185746053e+61   2.2245872600e-24   5.1871390089e-14  -4.6071304356e-08   2.0000000000e-02 
  1.3819639445e+21   1.9325399057e+18   4.6315280647e+61   2.2245872600e-24   5.1871390089e-14   4.3290410568e-08   2.0000000000e-02 
  1.3838964844e+21   1.9325399057e+18   4.6444996637e+61   2.2245872600e-24   5.1871390089e-14   1.5716843657e-07   2.0000000000e-02 
  1.3858290243e+21   1.9325399057e+18   4.6574894021e+61   2.2245872600e-24   5.1871390089e-14   2.9769946163e-07   2.0000000000e-02 
  1.3877615642e+21   1.9325399057e+18   4.6704972801e+61   2.2245872600e-24   5.1871390089e-14   5.5638740829e-07   2.0000000000e-02 
  1.3896941041e+21   1.9325399057e+18   4.6835232976e+61   2.2245872600e-24   5.1871390089e-14   8.3197286683e-07   2.0000000000e-02 
  1.3916266440e+21   1.9325399057e+18   4.6965674545e+61   2.2245872600e-24   5.1871390089e-14   9.5968029556e-07   2.0000000000e-02 
  1.3935591839e+21   1.9325399057e+18   4.7096297510e+61   2.2245872600e-24   5.1871390089e-14   9.4439936885e-07   2.0000000000e-02 
  1.3954917238e+21   1.9325399057e+18   4.7227101869e+61   2.2245872600e-24   5.1871390089e-14   8.8007340462e-07   2.0000000000e-02 
  1.3974242637e+21   1.9325399057e+18   4.7358087624e+61   2.2245872600e-24   5.1871390089e-14   7.8404726155e-07   2.0000000000e-02 
  1.3993568036e+21   1.9325399057e+18   4.7489254773e+61   2.2245872600e-24   5.1871390089e-14   7.1177117720e-07   2.0000000000e-02 
  1.4012893435e+21   1.9325399057e+18   4.7620603318e+61   2.2245872600e-24   5.1871390089e-14   6.6026231882e-07   2.0000000000e-02 
  1.4032218834e+21   1.9325399057e+18   4.7752133257e+61   2.2245872600e-24   5.1871390089e-14   5.4738796034e-07   2.0000000000e-02 
  1.4051544233e+21   1.9325399057e+18   4.7883844591e+61   2.2245872600e-24   5.1871390089e-14   5.6830981886e-07   2.0000000000e-02 
  1.4070869632e+21   1.9325399057e+18   4.8015737321e+61   2.2245872600e-24   5.1871390089e-14   7.0270565374e-07   2.0000000000e-02 
  1.4090195031e+21   1.9325399057e+18   4.8147811445e+61   2.2245872600e-24   5.1871390089e-14   7.9926838585e-07   2.0000000000e-02 
  1.4109520430e+21   1.9325399057e+18   4.8280066965e+61   2.2245872600e-24   5.1871390089e-14   8.6491322731e-07   2.0000000000e-02 
  1.4128845830e+21   1.9325399057e+18   4.8412503879e+61   2.2245872600e-24   5.1871390089e-14   8.9367714124e-07   2.0000000000e-02 
  1.4148171229e+21   1.9325399057e+18   4.8545122188e+61   2.2245872600e-24   5.1871390089e-14   9.0719677380e-07   2.0000000000e-02 
  1.4167496628e+21   1.9325399057e+18   4.8677921893e+61   2.2245872600e-24   5.1871390089e-14   8.5662118452e-07   2.0000000000e-02 
  1.4186822027e+21   1.9325399057e+18   4.8810902992e+61   2.2245872600e-24   5.1871390089e-14   7.3260533662e-07   2.0000000000e-02 
  1.4206147426e+21   1.9325399057e+18   4.8944065486e+61   2.2245872600e-24   5.1871390089e-14   4.2962129387e-07   2.0000000000e-02 
  1.4225472825e+21   1.9325399057e+18   4.9077409376e+61   2.2245872600e-24   5.1871390089e-14   1.0107102410e-07   2.0000000000e-02 
  1.4244798224e+21   1.9325399057e+18   4.9210934660e+61   2.2245872600e-24   5.1871390089e-14  -1.7789268510e-08   2.0000000000e-02 
  1.4264123623e+21   1.9325399057e+18   4.9344641339e+61   2.2245872600e-24   5.1871390089e-14  -4.3052384888e-08   2.0000000000e-02 
  1.4283449022e+21   1.9325399057e+18   4.9478529413e+61   2.2245872600e-24   5.1871390089e-14  -3.7377968267e-08   2.0000000000e-02 
  1.4302774421e+21   1.9325399057e+18   4.9612598883e+61   2.2245872600e-24   5.1871390089e-14  -1.5722379204e-08   2.0000000000e-02 
  1.4322099820e+21   1.9325399057e+18   4.9746849747e+61   2.2245872600e-24   5.1871390089e-14  -1.4213190412e-08   2.0000000000e-02 
  1.4341425219e+21   1.9325399057e+18   4.9881282006e+61   2.2245872600e-24   5.1871390089e-14  -5.7565341425e-08   2.0000000000e-02 
  1.4360750618e+21   1.9325399057e+18   5.0015895660e+61   2.2245872600e-24   5.1871390089e-14  -1.1872004522e-07   2.0000000000e-02 
  1.4380076017e+21   1.9325399057e+18   5.0150690709e+61   2.2245872600e-24   5.1871390089e-14  -1.6753841709e-07   2.0000000000e-02 
  1.4399401416e+21   1.9325399057e+18   5.0285667153e+61   2.2245872600e-24   5.1871390089e-14  -2.0045171411e-07   2.0000000000e-02 
  1.4418726815e+21   1.9325399057e+18   5.0420824992e+61   2.2245872600e-24   5.1871390089e-14  -2.2692523806e-07   2.0000000000e-02 
  1.4438052214e+21   1.9325399057e+18   5.0556164226e+61   2.2245872600e-24   5.1871390089e-14  -2.4601295544e-07   2.0000000000e-02 
  1.4457377613e+21   1.9325399057e+18   5.0691684856e+61   2.2245872600e-24   5.1871390089e-14  -2.4961491192e-07   2.0000000000e-02 
  1.4476703013e+21   1.9325399057e+18   5.0827386880e+61   2.2245872600e-24   5.1871390089e-14  -2.3664004507e-07   2.0000000000e-02 
  1.4496028412e+21   1.9325399057e+18   5.0963270299e+61   2.2245872600e-24   5.1871390089e-14  -2.2240719804e-07   2.0000000000e-02 
  1.4515353811e+21   1.9325399057e+18   5.1099335113e+61   2.2245872600e-24   5.1871390089e-14  -2.0338379197e-07   2.0000000000e-02 
  1.4534679210e+21   1.9325399057e+18   5.1235581322e+61   2.2245872600e-24   5.1871390089e-14  -1.6161932497e-07   2.0000000000e-02 
  1.4554004609e+21   1.9325399057e+18   5.1372008926e+61   2.2245872600e-24   5.1871390089e-14  -1.0762828799e-07   2.0000000000e-02 
  1.4573330008e+21   1.9325399057e+18   5.1508617925e+61   2.2245872600e-24   5.1871390089e-14  -3.8471906893e-08   2.0000000000e-02 
  1.4592655407e+21   1.9325399057e+18   5.1645408319e+61   2.2245872600e-24   5.1871390089e-14   3.5576138828e-08   2.0000000000e-02 
  1.4611980806e+21   1.9325399057e+18   5.1782380108e+61   2.2245872600e-24   5.1871390089e-14   1.6595582927e-07   2.0000000000e-02 
  1.4631306205e+21   1.9325399057e+18   5.1919533291e+61   2.2245872600e-24   5.1871390089e-14   3.9299324282e-07   2.0000000000e-02 
  1.4650631604e+21   1.9325399057e+18   5.2056867870e+61   2.2245872600e-24   5.1871390089e-14   7.8515392495e-07   2.0000000000e-02 
  1.4669957003e+21   1.9325399057e+18   5.2194383844e+61   2.2245872600e-24   5.1871390089e-14   1.6111705199e-06   2.0000000000e-02 
  1.4689282402e+21   1.9325399057e+18   5.2332081213e+61   2.2245872600e-24   5.1871390089e-14   2.5016916433e-06   2.0000000000e-02 
  1.4708607801e+21   1.9325399057e+18   5.2469959977e+61   2.2245872600e-24   5.1871390089e-14   2.8299612060e-06   2.0000000000e-02 
  1.4727933200e+21   1.9325399057e+18   5.2608020136e+61   2.2245872600e-24   5.1871390089e-14   2.7430735817e-06   2.0000000000e-02 
  1.4747258599e+21   1.9325399057e+18   5.2746261690e+61   2.2245872600e-24   5.1871390089e-14   2.6385546099e-06   2.0000000000e-02 
  1.4766583998e+21   1.9325399057e+18   5.2884684638e+61   2.2245872600e-24   5.1871390089e-14   2.6217683987e-06   2.0000000000e-02 
  1.4785909397e+21   1.9325399057e+18   5.3023288982e+61   2.2245872600e-24   5.1871390089e-14   2.5940803850e-06   2.0000000000e-02 
  1.4805234797e+21   1.9325399057e+18   5.3162074721e+61   2.2245872600e-24   5.1871390089e-14   2.4942658215e-06   2.0000000000e-02 
  1.4824560196e+21   1.9325399057e+18   5.3301041855e+61   2.2245872600e-24   5.1871390089e-14   2.3864237328e-06   2.0000000000e-02 
  1.4843885595e+21   1.9325399057e+18   5.3440190383e+61   2.2245872600e-24   5.1871390088e-14   2.1377430602e-06   2.0000000000e-02 
  1.4863210994e+21   1.9325399057e+18   5.3579520307e+61   2.2245872600e-24   5.1871390089e-14   1.4357816417e-06   2.0000000000e-02 
  1.4882536393e+21   1.9325399057e+18   5.3719031626e+61   2.2245872600e-24   5.1871390089e-14  -5.1415069049e-07   2.0000000000e-02 
  1.4901861792e+21   1.9325399057e+18   5.3858724340e+61   2.2245872600e-24   5.1871390089e-14  -3.5365271582e-06   2.0000000000e-02 
  1.4921187191e+21   1.9325399057e+18   5.3998598448e+61   2.2245872600e-24   5.1871390090e-14  -4.8057666753e-06   2.0000000000e-02 
  1.4940512590e+21   1.9325399057e+18   5.4138653952e+61   2.2245872600e-24   5.1871390090e-14  -5.7826118426e-06   2.0000000000e-02 
  1.4959837989e+21   1.9325399057e+18   5.4278890850e+61   2.2245872600e-24   5.1871390090e-14  -6.6240642213e-06   2.0000000000e-02 
  1.4979163388e+21   1.9325399057e+18   5.4419309144e+61   2.2245872600e-24   5.1871390090e-14  -7.0452744137e-06   2.0000000000e-02 
  1.4998488787e+21   1.9325399057e+18   5.4559908833e+61   2.2245872600e-24   5.1871390090e-14  -6.7428669896e-06   2.0000000000e-02 
  1.5017814186e+21   1.9325399057e+18   5.4700689916e+61   2.2245872600e-24   5.1871390090e-14  -6.6654191125e-06   2.0000000000e-02 
  1.5037139585e+21   1.9325399057e+18   5.4841652395e+61   2.2245872600e-24   5.1871390090e-14  -6.8552189880e-06   2.0000000000e-02 
  1.5056464984e+21   1.9325399057e+18   5.4982796268e+61   2.2245872600e-24   5.1871390090e-14  -7.0012231307e-06   2.0000000000e-02 
  1.5075790383e+21   1.9325399057e+18   5.5124121537e+61   2.2245872600e-24   5.1871390090e-14  -7.1038406556e-06   2.0000000000e-02 
  1.5095115782e+21   1.9325399057e+18   5.5265628200e+61   2.2245872600e-24   5.1871390091e-14  -7.1834755239e-06   2.0000000000e-02 
  1.5114441181e+21   1.9325399057e+18   5.5407316259e+61   2.2245872600e-24   5.1871390091e-14  -7.1942094655e-06   2.0000000000e-02 
  1.5133766580e+21   1.9325399057e+18   5.5549185712e+61   2.2245872600e-24   5.1871390091e-14  -7.1704586449e-06   2.0000000000e-02 
  1.5153091980e+21   1.9325399057e+18   5.5691236561e+61   2.2245872600e-24   5.1871390091e-14  -7.1827699795e-06   2.0000000000e-02 
  1.5172417379e+21   1.9325399057e+18   5.5833468804e+61   2.2245872600e-24   5.1871390091e-14  -7.1657442698e-06   2.0000000000e-02 
  1.5191742778e+21   1.9325399057e+18   5.5975882443e+61   2.2245872600e-24   5.1871390091e-14  -7.0444360393e-06   2.0000000000e-02 
  1.5211068177e+21   1.9325399057e+18   5.6118477476e+61   2.2245872600e-24   5.1871390091e-14  -6.9155624209e-06   2.0000000000e-02 
  1.5230393576e+21   1.9325399057e+18   5.6261253905e+61   2.2245872600e-24   5.1871390091e-14  -6.8924144485e-06   2.0000000000e-02 
  1.5249718975e+21   1.9325399057e+18   5.6404211728e+61   2.2245872600e-24   5.1871390091e-14  -6.9147483288e-06   2.0000000000e-02 
  1.5269044374e+21   1.9325399057e+18   5.6547350946e+61   2.2245872600e-24   5.1871390091e-14  -6.9952743164e-06   2.0000000000e-02 
  1.5288369773e+21   1.9325399057e+18   5.6690671560e+61   2.2245872600e-24   5.1871390091e-14  -7.2429773208e-06   2.0000000000e-02 
  1.5307695172e+21   1.9325399057e+18   5.6834173568e+61   2.2245872600e-24   5.1871390091e-14  -7.9963000686e-06   2.0000000000e-02 
  1.5327020571e+21   1.9325399057e+18   5.6977856971e+61   2.2245872600e-24   5.1871390092e-14  -9.1499582247e-06   2.0000000000e-02 
  1.5346345970e+21   1.9325399057e+18   5.7121721770e+61   2.2245872600e-24   5.1871390093e-14  -1.0362914742e-05   2.0000000000e-02 
  1.5365671369e+21   1.9325399057e+18   5.7265767963e+61   2.2245872600e-24   5.1871390093e-14  -1.1867212001e-05   2.0000000000e-02 
  1.5384996768e+21   1.9325399057e+18   5.7409995551e+61   2.2245872600e-24   5.1871390094e-14  -1.1759659452e-05   2.0000000000e-02 
  1.5404322167e+21   1.9325399057e+18   5.7554404534e+61   2.2245872600e-24   5.1871390095e-14  -1.0314890830e-05   2.0000000000e-02 
  1.5423647566e+21   1.9325399057e+18   5.7698994913e+61   2.2245872600e-24   5.1871390096e-14  -8.8571004847e-06   2.0000000000e-02 
  1.5442972965e+21   1.9325399057e+18   5.7843766686e+61   2.2245872600e-24   5.1871390096e-14  -7.7337902287e-06   2.0000000000e-02 
  1.5462298364e+21   1.9325399057e+18   5.7988719854e+61   2.2245872600e-24   5.1871390096e-14  -7.2604358371e-06   2.0000000000e-02 
  1.5481623764e+21   1.9325399057e+18   5.8133854417e+61   2.2245872600e-24   5.1871390096e-14  -7.1379135273e-06   2.0000000000e-02 
  1.5500949163e+21   1.9325399057e+18   5.8279170375e+61   2.2245872600e-24   5.1871390096e-14  -7.1329257201e-06   2.0000000000e-02 
  1.5520274562e+21   1.9325399057e+18   5.8424667728e+61   2.2245872600e-24   5.1871390096e-14  -7.1200013752e-06   2.0000000000e-02 
  1.5539599961e+21   1.9325399057e+18   5.8570346477e+61   2.2245872600e-24   5.1871390096e-14  -7.1186788277e-06   2.0000000000e-02 
  1.5558925360e+21   1.9325399057e+18   5.8716206620e+61   2.2245872600e-24   5.1871390096e-14  -7.1301897960e-06   2.0000000000e-02 
  1.5578250759e+21   1.9325399057e+18   5.8862248158e+61   2.2245872600e-24   5.1871390096e-14  -7.1044688755e-06   2.0000000000e-02 
  1.5597576158e+21   1.9325399057e+18   5.9008471091e+61   2.2245872600e-24   5.1871390096e-14  -7.0251452849e-06   2.0000000000e-02 
  1.5616901557e+21   1.9325399057e+18   5.9154875419e+61   2.2245872600e-24   5.1871390096e-14  -6.9177731429e-06   2.0000000000e-02 
  1.5636226956e+21   1.9325399057e+18   5.9301461142e+61   2.2245872600e-24   5.1871390096e-14  -6.8496443512e-06   2.0000000000e-02 
  1.5655552355e+21   1.9325399057e+18   5.9448228260e+61   2.2245872600e-24   5.1871390096e-14  -6.8422898670e-06   2.0000000000e-02 
  1.5674877754e+21   1.9325399057e+18   5.9595176773e+61   2.2245872600e-24   5.1871390096e-14  -6.8417399955e-06   2.0000000000e-02 
  1.5694203153e+21   1.9325399057e+18   5.9742306681e+61   2.2245872600e-24   5.1871390097e-14  -6.7400287402e-06   2.0000000000e-02 
  1.5713528552e+21   1.9325399057e+18   5.9889617984e+61   2.2245872600e-24   5.1871390097e-14  -6.5857528631e-06   2.0000000000e-02 
  1.5732853951e+21   1.9325399057e+18   6.0037110682e+61   2.2245872600e-24   5.1871390097e-14  -6.3636452223e-06   2.0000000000e-02 
  1.5752179350e+21   1.9325399057e+18   6.0184784775e+61   2.2245872600e-24   5.1871390097e-14  -6.1053259186e-06   2.0000000000e-02 
  1.5771504749e+21   1.9325399057e+18   6.0332640263e+61   2.2245872600e-24   5.1871390097e-14  -5.9545065571e-06   2.0000000000e-02 
  1.5790830148e+21   1.9325399057e+18   6.0480677146e+61   2.2245872600e-24   5.1871390097e-14  -5.9796258815e-06   2.0000000000e-02 
  1.5810155547e+21   1.9325399057e+18   6.0628895424e+61   2.2245872600e-24   5.1871390097e-14  -5.7273819861e-06   2.0000000000e-02 
  1.5829480947e+21   1.9325399057e+18   6.0777295096e+61   2.2245872600e-24   5.1871390097e-14  -4.9333382116e-06   2.0000000000e-02 
  1.5848806346e+21   1.9325399057e+18   6.0925876164e+61   2.2245872600e-24   5.1871390097e-14  -3.8917421605e-06   2.0000000000e-02 
  1.5868131745e+21   1.9325399057e+18   6.1074638627e+61   2.2245872600e-24   5.1871390098e-14  -1.7917555160e-06   2.0000000000e-02 
  1.5887457144e+21   1.9325399057e+18   6.1223582485e+61   2.2245872600e-24   5.1871390098e-14   7.6727598246e-07   2.0000000000e-02 
  1.5906782543e+21   1.9325399057e+18   6.1372707738e+61   2.2245872600e-24   5.1871390098e-14   1.6351601458e-06   2.0000000000e-02 
  1.5926107942e+21   1.9325399057e+18   6.1522014386e+61   2.2245872600e-24   5.1871390098e-14   2.0895704186e-06   2.0000000000e-02 
  1.5945433341e+21   1.9325399057e+18   6.1671502428e+61   2.2245872600e-24   5.1871390098e-14   2.5403271857e-06   2.0000000000e-02 
  1.5964758740e+21   1.9325399057e+18   6.1821171866e+61   2.2245872600e-24   5.1871390098e-14   2.8129399524e-06   2.0000000000e-02 
  1.5984084139e+21   1.9325399057e+18   6.1971022699e+61   2.2245872600e-24   5.1871390098e-14   2.9458839528e-06   2.0000000000e-02 
  1.6003409538e+21   1.9325399057e+18   6.2121054927e+61   2.2245872600e-24   5.1871390098e-14   3.0137408783e-06   2.0000000000e-02 
  1.6022734937e+21   1.9325399057e+18   6.2271268549e+61   2.2245872600e-24   5.1871390098e-14   2.9909718618e-06   2.0000000000e-02 
  1.6042060336e+21   1.9325399057e+18   6.2421663567e+61   2.2245872600e-24   5.1871390098e-14   2.9870391685e-06   2.0000000000e-02 
  1.6061385735e+21   1.9325399057e+18   6.2572239980e+61   2.2245872600e-24   5.1871390098e-14   2.9013196094e-06   2.0000000000e-02 
  1.6080711134e+21   1.9325399057e+18   6.2722997787e+61   2.2245872600e-24   5.1871390098e-14   2.8675835630e-06   2.0000000000e-02 
  1.6100036533e+21   1.9325399057e+18   6.2873936990e+61   2.2245872600e-24   5.1871390098e-14   2.9941517731e-06   2.0000000000e-02 
  1.6119361932e+21   1.9325399057e+18   6.3025057587e+61   2.2245872600e-24   5.1871390098e-14   2.4852690487e-06   2.0000000000e-02 
  1.6138687331e+21   1.9325399057e+18   6.3176359580e+61   2.2245872600e-24   5.1871390098e-14   1.6086731404e-06   2.0000000000e-02 
  1.6158012731e+21   1.9325399057e+18   6.3327842968e+61   2.2245872600e-24   5.1871390097e-14   9.5256835301e-07   2.0000000000e-02 
  1.6177338130e+21   1.9325399057e+18   6.3479507750e+61   2.2245872600e-24   5.1871390097e-14   6.6139869291e-07   2.0000000000e-02 
  1.6196663529e+21   1.9325399057e+18   6.3631353928e+61   2.2245872600e-24   5.1871390097e-14   5.6815486882e-07   2.0000000000e-02 
  1.6215988928e+21   1.9325399057e+18   6.3783381500e+61   2.2245872600e-24   5.1871390097e-14   5.3598790449e-07   2.0000000000e-02 
  1.6235314327e+21   1.9325399057e+18   6.3935590468e+61   2.2245872600e-24   5.1871390097e-14   5.0006619738e-07   2.0000000000e-02 
  1.6254639726e+21   1.9325399057e+18   6.4087980830e+61   2.2245872600e-24   5.1871390097e-14   4.7792252730e-07   2.0000000000e-02 
  1.6273965125e+21   1.9325399057e+18   6.4240552588e+61   2.2245872600e-24   5.1871390097e-14   4.8870027517e-07   2.0000000000e-02 
  1.6293290524e+21   1.9325399057e+18   6.4393305740e+61   2.2245872600e-24   5.1871390097e-14   5.1102559644e-07   2.0000000000e-02 
  1.6312615923e+21   1.9325399057e+18   6.4546240288e+61   2.2245872600e-24   5.1871390097e-14   5.4150440737e-07   2.0000000000e-02 
  1.6331941322e+21   1.9325399057e+18   6.4699356230e+61   2.2245872600e-24   5.1871390097e-14   6.0756008982e-07   2.0000000000e-02 
  1.6351266721e+21   1.9325399057e+18   6.4852653568e+61   2.2245872600e-24   5.1871390097e-14   7.0344371000e-07   2.0000000000e-02 
  1.6370592120e+21   1.9325399057e+18   6.5006132300e+61   2.2245872600e-24   5.1871390097e-14   8.3414153634e-07   2.0000000000e-02 
  1.6389917519e+21   1.9325399057e+18   6.5159792427e+61   2.2245872600e-24   5.1871390097e-14   9.5869786638e-07   2.0000000000e-02 
  1.6409242918e+21   1.9325399057e+18   6.5313633950e+61   2.2245872600e-24   5.1871390097e-14   1.0327935552e-06   2.0000000000e-02 
  1.6428568317e+21   1.9325399057e+18   6.5467656867e+61   2.2245872600e-24   5.1871390097e-14   1.0376972294e-06   2.0000000000e-02 
  1.6447893716e+21   1.9325399057e+18   6.5621861179e+61   2.2245872600e-24   5.1871390097e-14   1.0198572156e-06   2.0000000000e-02 
  1.6467219115e+21   1.9325399057e+18   6.5776246887e+61   2.2245872600e-24   5.1871390097e-14   1.0102732140e-06   2.0000000000e-02 
  1.6486544514e+21   1.9325399057e+18   6.5930813989e+61   2.2245872600e-24   5.1871390097e-14   9.9391526574e-07   2.0000000000e-02 
  1.6505869914e+21   1.9325399057e+18   6.6085562486e+61   2.2245872600e-24   5.1871390097e-14   9.5126741480e-07   2.0000000000e-02 
  1.6525195313e+21   1.9325399057e+18   6.6240492379e+61   2.2245872600e-24   5.1871390097e-14   8.8400137940e-07   2.0000000000e-02 
  1.6544520712e+21   1.9325399057e+18   6.6395603666e+61   2.2245872600e-24   5.1871390097e-14   8.5550920637e-07   2.0000000000e-02 
  1.6563846111e+21   1.9325399057e+18   6.6550896348e+61   2.2245872600e-24   5.1871390097e-14   8.6226707180e-07   2.0000000000e-02 
  1.6583171510e+21   1.9325399057e+18   6.6706370425e+61   2.2245872600e-24   5.1871390097e-14   8.6886781091e-07   2.0000000000e-02 
  1.6602496909e+21   1.9325399057e+18   6.6862025897e+61   2.2245872600e-24   5.1871390097e-14   8.7088365034e-07   2.0000000000e-02 
  1.6621822308e+21   1.9325399057e+18   6.7017862765e+61   2.2245872600e-24   5.1871390097e-14   8.6885945300e-07   2.0000000000e-02 
  1.6641147707e+21   1.9325399057e+18   6.7173881027e+61   2.2245872600e-24   5.1871390097e-14   8.7152498077e-07   2.0000000000e-02 
  1.6660473106e+21   1.9325399057e+18   6.7330080684e+61   2.2245872600e-24   5.1871390097e-14   8.9048284737e-07   2.0000000000e-02 
  1.6679798505e+21   1.9325399057e+18   6.7486461736e+61   2.2245872600e-24   5.1871390097e-14   9.3656032519e-07   2.0000000000e-02 
  1.6699123904e+21   1.9325399057e+18   6.7643024183e+61   2.2245872600e-24   5.1871390097e-14   9.8206765611e-07   2.0000000000e-02 
  1.6718449303e+21   1.9325399057e+18   6.7799768025e+61   2.2245872600e-24   5.1871390097e-14   1.0059745238e-06   2.0000000000e-02 
  1.6737774702e+21   1.9325399057e+18   6.7956693262e+61   2.2245872600e-24   5.1871390097e-14   1.0212837432e-06   2.0000000000e-02 
  1.6757100101e+21   1.9325399057e+18   6.8113799894e+61   2.2245872600e-24   5.1871390097e-14   1.0662298521e-06   2.0000000000e-02 
  1.6776425500e+21   1.9325399057e+18   6.8271087921e+61   2.2245872600e-24   5.1871390097e-14   1.1082650113e-06   2.0000000000e-02 
  1.6795750899e+21   1.9325399057e+18   6.8428557343e+61   2.2245872600e-24   5.1871390097e-14   1.0853016674e-06   2.0000000000e-02 
  1.6815076298e+21   1.9325399057e+18   6.8586208160e+61   2.2245872600e-24   5.1871390097e-14   9.9989377253e-07   2.0000000000e-02 
  1.6834401697e+21   1.9325399057e+18   6.8744040372e+61   2.2245872600e-24   5.1871390097e-14   8.3741645007e-07   2.0000000000e-02 
  1.6853727097e+21   1.9325399057e+18   6.8902053979e+61   2.2245872600e-24   5.1871390097e-14   4.7692099024e-07   2.0000000000e-02 
  1.6873052496e+21   1.9325399057e+18   6.9060248981e+61   2.2245872600e-24   5.1871390097e-14  -2.6725175693e-07   2.0000000000e-02 
  1.6892377895e+21   1.9325399057e+18   6.9218625378e+61   2.2245872600e-24   5.1871390097e-14  -1.3384253421e-06   2.0000000000e-02 
  1.6911703294e+21   1.9325399057e+18   6.9377183170e+61   2.2245872600e-24   5.1871390097e-14  -2.0464809282e-06   2.0000000000e-02 
  1.6931028693e+21   1.9325399057e+18   6.9535922357e+61   2.2245872600e-24   5.1871390097e-14  -2.1075022300e-06   2.0000000000e-02 
  1.6950354092e+21   1.9325399057e+18   6.9694842939e+61   2.2245872600e-24   5.1871390097e-14  -1.8606456603e-06   2.0000000000e-02 
  1.6969679491e+21   1.9325399057e+18   6.9853944916e+61   2.2245872600e-24   5.1871390097e-14  -1.5842195567e-06   2.0000000000e-02 
  1.6989004890e+21   1.9325399057e+18   7.0013228288e+61   2.2245872600e-24   5.1871390097e-14  -1.4025548198e-06   2.0000000000e-02 
  1.7008330289e+21   1.9325399057e+18   7.0172693055e+61   2.2245872600e-24   5.1871390097e-14  -1.2723584818e-06   2.0000000000e-02 
  1.7027655688e+21   1.9325399057e+18   7.0332339216e+61   2.2245872600e-24   5.1871390097e-14  -1.1216372011e-06   2.0000000000e-02 
  1.7046981087e+21   1.9325399057e+18   7.0492166773e+61   2.2245872600e-24   5.1871390097e-14  -7.9362676641e-07   2.0000000000e-02 
  1.7066306486e+21   1.9325399057e+18   7.0652175725e+61   2.2245872600e-24   5.1871390097e-14   3.1100033022e-07   2.0000000000e-02 
  1.7085631885e+21   1.9325399057e+18   7.0812366072e+61   2.2245872600e-24   5.1871390096e-14   2.6951498880e-06   2.0000000000e-02 
  1.7104957284e+21   1.9325399057e+18   7.0972737814e+61   2.2245872600e-24   5.1871390096e-14   4.6868586152e-06   2.0000000000e-02 
  1.7124282683e+21   1.9325399057e+18   7.1133290950e+61   2.2245872600e-24   5.1871390095e-14   5.5184593443e-06   2.0000000000e-02 
  1.7143608082e+21   1.9325399057e+18   7.1294025482e+61   2.2245872600e-24   5.1871390095e-14   5.9639114211e-06   2.0000000000e-02 
  1.7162933481e+21   1.9325399057e+18   7.1454941409e+61   2.2245872600e-24   5.1871390095e-14   6.2191697531e-06   2.0000000000e-02 
  1.7182258881e+21   1.9325399057e+18   7.1616038730e+61   2.2245872600e-24   5.1871390095e-14   6.3349367749e-06   2.0000000000e-02 
  1.7201584280e+21   1.9325399057e+18   7.1777317447e+61   2.2245872600e-24   5.1871390095e-14   6.4854083910e-06   2.0000000000e-02 
  1.7220909679e+21   1.9325399057e+18   7.1938777559e+61   2.2245872600e-24   5.1871390095e-14   6.6438271872e-06   2.0000000000e-02 
  1.7240235078e+21   1.9325399057e+18   7.2100419065e+61   2.2245872600e-24   5.1871390095e-14   6.7453273399e-06   2.0000000000e-02 
  1.7259560477e+21   1.9325399057e+18   7.2262241967e+61   2.2245872600e-24   5.1871390095e-14   6.8158376860e-06   2.0000000000e-02 
  1.7278885876e+21   1.9325399057e+18   7.2424246264e+61   2.2245872600e-24   5.1871390095e-14   6.7879011500e-06   2.0000000000e-02 
  1.7298211275e+21   1.9325399057e+18   7.2586431955e+61   2.2245872600e-24   5.1871390095e-14   6.6648481124e-06   2.0000000000e-02 
  1.7317536674e+21   1.9325399057e+18   7.2748799042e+61   2.2245872600e-24   5.1871390095e-14   6.5101087454e-06   2.0000000000e-02 
  1.7336862073e+21   1.9325399057e+18   7.2911347523e+61   2.2245872600e-24   5.1871390095e-14   6.3279930914e-06   2.0000000000e-02 
  1.7356187472e+21   1.9325399057e+18   7.3074077400e+61   2.2245872600e-24   5.1871390095e-14   6.1501648935e-06   2.0000000000e-02 
  1.7375512871e+21   1.9325399057e+18   7.3236988671e+61   2.2245872600e-24   5.1871390095e-14   5.9969245959e-06   2.0000000000e-02 
  1.7394838270e+21   1.9325399057e+18   7.3400081338e+61   2.2245872600e-24   5.1871390095e-14   5.7898016643e-06   2.0000000000e-02 
  1.7414163669e+21   1.9325399057e+18   7.3563355399e+61   2.2245872600e-24   5.1871390095e-14   5.5521308981e-06   2.0000000000e-02 
  1.7433489068e+21   1.9325399057e+18   7.3726810856e+61   2.2245872600e-24   5.1871390095e-14   5.2819420179e-06   2.0000000000e-02 
  1.7452814467e+21   1.9325399057e+18   7.3890447707e+61   2.2245872600e-24   5.1871390095e-14   4.9160393884e-06   2.0000000000e-02 
  1.7472139866e+21   1.9325399057e+18   7.4054265954e+61   2.2245872600e-24   5.1871390095e-14   4.5397580410e-06   2.0000000000e-02 
  1.7491465265e+21   1.9325399057e+18   7.4218265595e+61   2.2245872600e-24   5.1871390095e-14   4.3560206637e-06   2.0000000000e-02 
  1.7510790664e+21   1.9325399057e+18   7.4382446632e+61   2.2245872600e-24   5.1871390095e-14   4.3512474328e-06   2.0000000000e-02 
  1.7530116064e+21   1.9325399057e+18   7.4546809063e+61   2.2245872600e-24   5.1871390095e-14   4.7726567199e-06   2.0000000000e-02 
  1.7549441463e+21   1.9325399057e+18   7.4711352889e+61   2.2245872600e-24   5.1871390094e-14   5.9941132003e-06   2.0000000000e-02 
  1.7568766862e+21   1.9325399057e+18   7.4876078111e+61   2.2245872600e-24   5.1871390093e-14   7.0395252177e-06   2.0000000000e-02 
  1.7588092261e+21   1.9325399057e+18   7.5040984727e+61   2.2245872600e-24   5.1871390093e-14   8.1798052253e-06   2.0000000000e-02 
  1.7607417660e+21   1.9325399057e+18   7.5206072738e+61   2.2245872600e-24   5.1871390092e-14   8.2911017115e-06   2.0000000000e-02 
  1.7626743059e+21   1.9325399057e+18   7.5371342145e+61   2.2245872600e-24   5.1871390092e-14   7.2022985681e-06   2.0000000000e-02 
  1.7646068458e+21   1.9325399057e+18   7.5536792946e+61   2.2245872600e-24   5.1871390091e-14   6.1881987949e-06   2.0000000000e-02 
  1.7665393857e+21   1.9325399057e+18   7.5702425142e+61   2.2245872600e-24   5.1871390091e-14   5.7289826851e-06   2.0000000000e-02 
  1.7684719256e+21   1.9325399057e+18   7.5868238733e+61   2.2245872600e-24   5.1871390091e-14   5.6292714564e-06   2.0000000000e-02 
  1.7704044655e+21   1.9325399057e+18   7.6034233720e+61   2.2245872600e-24   5.1871390091e-14   5.5344788664e-06   2.0000000000e-02 
  1.7723370054e+21   1.9325399057e+18   7.6200410101e+61   2.2245872600e-24   5.1871390091e-14   5.4307370542e-06   2.0000000000e-02 
  1.7742695453e+21   1.9325399057e+18   7.6366767877e+61   2.2245872600e-24   5.1871390091e-14   5.3717369486e-06   2.0000000000e-02 
  1.7762020852e+21   1.9325399057e+18   7.6533307048e+61   2.2245872600e-24   5.1871390091e-14   5.3396757377e-06   2.0000000000e-02 
  1.7781346251e+21   1.9325399057e+18   7.6700027614e+61   2.2245872600e-24   5.1871390091e-14   5.3326538532e-06   2.0000000000e-02 
  1.7800671650e+21   1.9325399057e+18   7.6866929575e+61   2.2245872600e-24   5.1871390091e-14   5.5026694550e-06   2.0000000000e-02 
  1.7819997049e+21   1.9325399057e+18   7.7034012932e+61   2.2245872600e-24   5.1871390091e-14   5.8071426595e-06   2.0000000000e-02 
  1.7839322448e+21   1.9325399057e+18   7.7201277683e+61   2.2245872600e-24   5.1871390091e-14   6.0040385524e-06   2.0000000000e-02 
  1.7858647848e+21   1.9325399057e+18   7.7368723829e+61   2.2245872600e-24   5.1871390090e-14   6.0638938235e-06   2.0000000000e-02 
  1.7877973247e+21   1.9325399057e+18   7.7536351370e+61   2.2245872600e-24   5.1871390090e-14   6.0865451767e-06   2.0000000000e-02 
  1.7897298646e+21   1.9325399057e+18   7.7704160306e+61   2.2245872600e-24   5.1871390090e-14   6.0376845827e-06   2.0000000000e-02 
  1.7916624045e+21   1.9325399057e+18   7.7872150637e+61   2.2245872600e-24   5.1871390090e-14   5.9265931649e-06   2.0000000000e-02 
  1.7935949444e+21   1.9325399057e+18   7.8040322363e+61   2.2245872600e-24   5.1871390090e-14   5.8126218998e-06   2.0000000000e-02 
  1.7955274843e+21   1.9325399057e+18   7.8208675484e+61   2.2245872600e-24   5.1871390090e-14   5.6956968471e-06   2.0000000000e-02 
  1.7974600242e+21   1.9325399057e+18   7.8377210000e+61   2.2245872600e-24   5.1871390090e-14   5.1485318038e-06   2.0000000000e-02 
  1.7993925641e+21   1.9325399057e+18   7.8545925911e+61   2.2245872600e-24   5.1871390089e-14   2.9389894788e-06   2.0000000000e-02 
  1.8013251040e+21   1.9325399057e+18   7.8714823217e+61   2.2245872600e-24   5.1871390089e-14   3.2701058485e-07   2.0000000000e-02 
  1.8032576439e+21   1.9325399057e+18   7.8883901918e+61   2.2245872600e-24   5.1871390089e-14  -8.0852548173e-07   2.0000000000e-02 
  1.8051901838e+21   1.9325399057e+18   7.9053162014e+61   2.2245872600e-24   5.1871390089e-14  -1.3770922028e-06   2.0000000000e-02 
  1.8071227237e+21   1.9325399057e+18   7.9222603505e+61   2.2245872600e-24   5.1871390089e-14  -1.8880406683e-06   2.0000000000e-02 
  1.8090552636e+21   1.9325399057e+18   7.9392226391e+61   2.2245872600e-24   5.1871390089e-14  -2.4131287573e-06   2.0000000000e-02 
  1.8109878035e+21   1.9325399057e+18   7.9562030672e+61   2.2245872600e-24   5.1871390089e-14  -2.8719069529e-06   2.0000000000e-02 
  1.8129203434e+21   1.9325399057e+18   7.9732016347e+61   2.2245872600e-24   5.1871390089e-14  -3.2551266561e-06   2.0000000000e-02 
  1.8148528833e+21   1.9325399057e+18   7.9902183418e+61   2.2245872600e-24   5.1871390089e-14  -3.5269809581e-06   2.0000000000e-02 
  1.8167854232e+21   1.9325399057e+18   8.0072531884e+61   2.2245872600e-24   5.1871390089e-14  -3.2715901708e-06   2.0000000000e-02 
  1.8187179631e+21   1.9325399057e+18   8.0243061745e+61   2.2245872600e-24   5.1871390089e-14  -2.2663597884e-06   2.0000000000e-02 
  1.8206505031e+21   1.9325399057e+18   8.0413773001e+61   2.2245872600e-24   5.1871390089e-14  -1.0524995135e-06   2.0000000000e-02 
  1.8225830430e+21   1.9325399057e+18   8.0584665651e+61   2.2245872600e-24   5.1871390089e-14  -4.2982860918e-07   2.0000000000e-02 
  1.8245155829e+21   1.9325399057e+18   8.0755739697e+61   2.2245872600e-24   5.1871390089e-14  -2.2020577256e-07   2.0000000000e-02 
  1.8264481228e+21   1.9325399057e+18   8.0926995138e+61   2.2245872600e-24   5.1871390089e-14  -1.4235738250e-07   2.0000000000e-02 
  1.8283806627e+21   1.9325399057e+18   8.1098431974e+61   2.2245872600e-24   5.1871390089e-14  -8.2550357988e-08   2.0000000000e-02 
  1.8303132026e+21   1.9325399057e+18   8.1270050204e+61   2.2245872600e-24   5.1871390089e-14  -2.3220937008e-08   2.0000000000e-02 
  1.8322457425e+21   1.9325399057e+18   8.1441849830e+61   2.2245872600e-24   5.1871390089e-14   3.3209578667e-08   2.0000000000e-02 
  1.8341782824e+21   1.9325399057e+18   8.1613830851e+61   2.2245872600e-24   5.1871390089e-14   6.6164944057e-08   2.0000000000e-02 
  1.8361108223e+21   1.9325399057e+18   8.1785993266e+61   2.2245872600e-24   5.1871390089e-14   1.3063691727e-07   2.0000000000e-02 
  1.8380433622e+21   1.9325399057e+18   8.1958337077e+61   2.2245872600e-24   5.1871390089e-14   1.7036689658e-07   2.0000000000e-02 
  1.8399759021e+21   1.9325399057e+18   8.2130862283e+61   2.2245872600e-24   5.1871390089e-14   9.5533448495e-08   2.0000000000e-02 
  1.8419084420e+21   1.9325399057e+18   8.2303568883e+61   2.2245872600e-24   5.1871390089e-14  -2.8753415660e-09   2.0000000000e-02 
  1.8438409819e+21   1.9325399057e+18   8.2476456879e+61   2.2245872600e-24   5.1871390089e-14  -7.5145874963e-08   2.0000000000e-02 
  1.8457735218e+21   1.9325399057e+18   8.2649526269e+61   2.2245872600e-24   5.1871390089e-14  -1.1285270707e-07   2.0000000000e-02 
  1.8477060617e+21   1.9325399057e+18   8.2822777055e+61   2.2245872600e-24   5.1871390089e-14  -1.1577994843e-07   2.0000000000e-02 
  1.8496386016e+21   1.9325399057e+18   8.2996209236e+61   2.2245872600e-24   5.1871390089e-14  -1.0514117185e-07   2.0000000000e-02 
  1.8515711415e+21   1.9325399057e+18   8.3169822811e+61   2.2245872600e-24   5.1871390089e-14  -5.5257356334e-08   2.0000000000e-02 
  1.8535036815e+21   1.9325399057e+18   8.3343617782e+61   2.2245872600e-24   5.1871390089e-14  -5.5586077454e-09   2.0000000000e-02 
  1.8554362214e+21   1.9325399057e+18   8.3517594147e+61   2.2245872600e-24   5.1871390089e-14   1.4743073291e-08   2.0000000000e-02 
  1.8573687613e+21   1.9325399057e+18   8.3691751907e+61   2.2245872600e-24   5.1871390089e-14   3.5537619902e-08   2.0000000000e-02 
  1.8593013012e+21   1.9325399057e+18   8.3866091063e+61   2.2245872600e-24   5.1871390089e-14   6.6727320988e-08   2.0000000000e-02 
  1.8612338411e+21   1.9325399057e+18   8.4040611613e+61   2.2245872600e-24   5.1871390089e-14   1.1386866886e-07   2.0000000000e-02 
  1.8631663810e+21   1.9325399057e+18   8.4215313559e+61   2.2245872600e-24   5.1871390089e-14   1.3899047411e-07   2.0000000000e-02 
  1.8650989209e+21   1.9325399057e+18   8.4390196899e+61   2.2245872600e-24   5.1871390089e-14   1.3560733388e-07   2.0000000000e-02 
  1.8670314608e+21   1.9325399057e+18   8.4565261635e+61   2.2245872600e-24   5.1871390089e-14   9.7806957389e-08   2.0000000000e-02 
  1.8689640007e+21   1.9325399057e+18   8.4740507765e+61   2.2245872600e-24   5.1871390089e-14   6.8489644263e-08   2.0000000000e-02 
  1.8708965406e+21   1.9325399057e+18   8.4915935290e+61   2.2245872600e-24   5.1871390089e-14   5.9086434654e-08   2.0000000000e-02 
  1.8728290805e+21   1.9325399057e+18   8.5091544211e+61   2.2245872600e-24   5.1871390089e-14   8.3600524167e-08   2.0000000000e-02 
  1.8747616204e+21   1.9325399057e+18   8.5267334526e+61   2.2245872600e-24   5.1871390089e-14   1.5487599100e-07   2.0000000000e-02 
  1.8766941603e+21   1.9325399057e+18   8.5443306236e+61   2.2245872600e-24   5.1871390089e-14   2.3916122428e-07   2.0000000000e-02 
  1.8786267002e+21   1.9325399057e+18   8.5619459342e+61   2.2245872600e-24   5.1871390089e-14   3.7303003928e-07   2.0000000000e-02 
  1.8805592401e+21   1.9325399057e+18   8.5795793842e+61   2.2245872600e-24   5.1871390089e-14   5.5001033016e-07   2.0000000000e-02 
  1.8824917800e+21   1.9325399057e+18   8.5972309737e+61   2.2245872600e-24   5.1871390089e-14   6.7540583839e-07   2.0000000000e-02 
  1.8844243199e+21   1.9325399057e+18   8.6149007027e+61   2.2245872600e-24   5.1871390089e-14   6.6727286535e-07   2.0000000000e-02 
  1.8863568598e+21   1.9325399057e+18   8.6325885712e+61   2.2245872600e-24   5.1871390089e-14   5.6033827826e-07   2.0000000000e-02 
  1.8882893998e+21   1.9325399057e+18   8.6502945793e+61   2.2245872600e-24   5.1871390089e-14   3.6806439085e-07   2.0000000000e-02 
  1.8902219397e+21   1.9325399057e+18   8.6680187268e+61   2.2245872600e-24   5.1871390089e-14   1.4680742868e-07   2.0000000000e-02 
  1.8921544796e+21   1.9325399057e+18   8.6857610138e+61   2.2245872600e-24   5.1871390089e-14  -1.2630465322e-08   2.0000000000e-02 
  1.8940870195e+21   1.9325399057e+18   8.7035214403e+61   2.2245872600e-24   5.1871390089e-14  -9.6210855794e-08   2.0000000000e-02 
  1.8960195594e+21   1.9325399057e+18   8.7213000063e+61   2.2245872600e-24   5.1871390089e-14  -1.2466160471e-07   2.0000000000e-02 
  1.8979520993e+21   1.9325399057e+18   8.7390967118e+61   2.2245872600e-24   5.1871390089e-14  -1.2737303315e-07   2.0000000000e-02 
  1.8998846392e+21   1.9325399057e+18   8.7569115569e+61   2.2245872600e-24   5.1871390089e-14  -1.0792179469e-07   2.0000000000e-02 
  1.9018171791e+21   1.9325399057e+18   8.7747445414e+61   2.2245872600e-24   5.1871390089e-14  -5.8684915522e-08   2.0000000000e-02 
  1.9037497190e+21   1.9325399057e+18   8.7925956654e+61   2.2245872600e-24   5.1871390089e-14   6.1924503188e-08   2.0000000000e-02 
  1.9056822589e+21   1.9325399057e+18   8.8104649289e+61   2.2245872600e-24   5.1871390089e-14   3.4467605083e-07   2.0000000000e-02 
  1.9076147988e+21   1.9325399057e+18   8.8283523319e+61   2.2245872600e-24   5.1871390089e-14   6.9786618774e-07   2.0000000000e-02 
  1.9095473387e+21   1.9325399057e+18   8.8462578744e+61   2.2245872600e-24   5.1871390089e-14   8.8464464935e-07   2.0000000000e-02 
  1.9114798786e+21   1.9325399057e+18   8.8641815564e+61   2.2245872600e-24   5.1871390089e-14   8.8266498699e-07   2.0000000000e-02 
  1.9134124185e+21   1.9325399057e+18   8.8821233779e+61   2.2245872600e-24   5.1871390089e-14   7.8971877226e-07   2.0000000000e-02 
  1.9153449584e+21   1.9325399057e+18   8.9000833389e+61   2.2245872600e-24   5.1871390089e-14   6.0752273503e-07   2.0000000000e-02 
  1.9172774983e+21   1.9325399057e+18   8.9180614394e+61   2.2245872600e-24   5.1871390089e-14   4.3230627295e-07   2.0000000000e-02 
  1.9192100382e+21   1.9325399057e+18   8.9360576794e+61   2.2245872600e-24   5.1871390089e-14   4.3281063009e-07   2.0000000000e-02 
  1.9211425782e+21   1.9325399057e+18   8.9540720589e+61   2.2245872600e-24   5.1871390089e-14   5.9243215662e-07   2.0000000000e-02 
  1.9230751181e+21   1.9325399057e+18   8.9721045778e+61   2.2245872600e-24   5.1871390089e-14   6.8526988781e-07   2.0000000000e-02 
  1.9250076580e+21   1.9325399057e+18   8.9901552363e+61   2.2245872600e-24   5.1871390089e-14   6.8271923151e-07   2.0000000000e-02 
  1.9269401979e+21   1.9325399057e+18   9.0082240343e+61   2.2245872600e-24   5.1871390089e-14   6.0380510665e-07   2.0000000000e-02 
  1.9288727378e+21   1.9325399057e+18   9.0263109718e+61   2.2245872600e-24   5.1871390089e-14   3.5253499419e-07   2.0000000000e-02 
  1.9308052777e+21   1.9325399057e+18   9.0444160488e+61   2.2245872600e-24   5.1871390089e-14   6.3661284376e-08   2.0000000000e-02 
  1.9327378176e+21   1.9325399057e+18   9.0625392653e+61   2.2245872600e-24   5.1871390089e-14  -1.0797776656e-07   2.0000000000e-02 
  1.9346703575e+21   1.9325399057e+18   9.0806806212e+61   2.2245872600e-24   5.1871390089e-14  -1.7247765392e-07   2.0000000000e-02 
  1.9366028974e+21   1.9325399057e+18   9.0988401167e+61   2.2245872600e-24   5.1871390089e-14  -1.7567830512e-07   2.0000000000e-02 
  1.9385354373e+21   1.9325399057e+18   9.1170177517e+61   2.2245872600e-24   5.1871390089e-14  -1.6457960648e-07   2.0000000000e-02 
  1.9404679772e+21   1.9325399057e+18   9.1352135262e+61   2.2245872600e-24   5.1871390089e-14  -1.6043177238e-07   2.0000000000e-02 
  1.9424005171e+21   1.9325399057e+18   9.1534274401e+61   2.2245872600e-24   5.1871390089e-14  -1.6140608829e-07   2.0000000000e-02 
  1.9443330570e+21   1.9325399057e+18   9.1716594936e+61   2.2245872600e-24   5.1871390089e-14  -1.4502601471e-07   2.0000000000e-02 
  1.9462655969e+21   1.9325399057e+18   9.1899096866e+61   2.2245872600e-24   5.1871390089e-14  -1.1801812052e-07   2.0000000000e-02 
  1.9481981368e+21   1.9325399057e+18   9.2081780190e+61   2.2245872600e-24   5.1871390089e-14  -9.6369735343e-08   2.0000000000e-02 
  1.9501306767e+21   1.9325399057e+18   9.2264644910e+61   2.2245872600e-24   5.1871390089e-14  -3.9564437935e-08   2.0000000000e-02 
  1.9520632166e+21   1.9325399057e+18   9.2447691025e+61   2.2245872600e-24   5.1871390089e-14   1.9614389968e-08   2.0000000000e-02 
  1.9539957565e+21   1.9325399057e+18   9.2630918534e+61   2.2245872600e-24   5.1871390089e-14   3.3963591454e-08   2.0000000000e-02 
  1.9559282965e+21   1.9325399057e+18   9.2814327439e+61   2.2245872600e-24   5.1871390089e-14   4.8297734921e-08   2.0000000000e-02 
  1.9578608364e+21   1.9325399057e+18   9.2997917739e+61   2.2245872600e-24   5.1871390089e-14   3.4400414005e-08   2.0000000000e-02 
  1.9597933763e+21   1.9325399057e+18   9.3181689433e+61   2.2245872600e-24   5.1871390089e-14  -3.4351948356e-08   2.0000000000e-02 
  1.9617259162e+21   1.9325399057e+18   9.3365642523e+61   2.2245872600e-24   5.1871390089e-14  -9.4420207414e-08   2.0000000000e-02 
  1.9636584561e+21   1.9325399057e+18   9.3549777007e+61   2.2245872600e-24   5.1871390089e-14  -1.0313890705e-07   2.0000000000e-02 
  1.9655909960e+21   1.9325399057e+18   9.3734092887e+61   2.2245872600e-24   5.1871390089e-14  -9.1788662108e-08   2.0000000000e-02 
  1.9675235359e+21   1.9325399057e+18   9.3918590161e+61   2.2245872600e-24   5.1871390089e-14  -1.2783108025e-07   2.0000000000e-02 
  1.9694560758e+21   1.9325399057e+18   9.4103268831e+61   2.2245872600e-24   5.1871390089e-14  -1.5913282607e-07   2.0000000000e-02 
  1.9713886157e+21   1.9325399057e+18   9.4288128895e+61   2.2245872600e-24   5.1871390089e-14  -1.4928176136e-07   2.0000000000e-02 
  1.9733211556e+21   1.9325399057e+18   9.4473170355e+61   2.2245872600e-24   5.1871390089e-14  -1.2720723343e-07   2.0000000000e-02 
  1.9752536955e+21   1.9325399057e+18   9.4658393209e+61   2.2245872600e-24   5.1871390089e-14  -9.2229694853e-08   2.0000000000e-02 
  1.9771862354e+21   1.9325399057e+18   9.4843797459e+61   2.2245872600e-24   5.1871390089e-14  -3.9335687604e-08   2.0000000000e-02 
  1.9791187753e+21   1.9325399057e+18   9.5029383103e+61   2.2245872600e-24   5.1871390089e-14   0.0000000000e+00   2.0000000000e-02 
