# time = 1.011132e+15 [s] 
# r                  dr                 dV                 Density            Pressure           Velocity           Z
  2.1304517832e+18   2.1304517832e+18   4.0504543152e+55   3.1137160840e-31   4.5566395117e-12   0.0000000000e+00   9.6581671422e-02 
  2.4445066499e+18   3.1405486662e+17   2.0682896157e+55   3.1137160840e-31   4.5566395117e-12   1.6132138240e+05   9.6581671422e-02 
  2.7076125387e+18   2.6310588883e+17   2.1959862215e+55   3.1160333270e-31   4.5572839694e-12  -1.0781969446e+04   9.6581671422e-02 
  3.1243774306e+18   4.1676489195e+17   4.4608045266e+55   3.1330412968e-31   4.5576923362e-12   2.2334237805e+05   9.6581671422e-02 
  3.6848399509e+18   5.6046252022e+17   8.1822076764e+55   3.1646913263e-31   4.5582014724e-12   8.5904618665e+05   9.6581671422e-02 
  3.9498839652e+18   2.6504401431e+17   4.8554443260e+55   3.1984570721e-31   4.5582219525e-12   1.4444071615e+06   9.6581671422e-02 
  4.4438191199e+18   4.9393515472e+17   1.0945308924e+56   3.2475866856e-31   4.5580479687e-12   2.0213470639e+06   9.6581671422e-02 
  4.8265374004e+18   3.8271828053e+17   1.0338763869e+56   3.3218153931e-31   4.5577347909e-12   2.5476598414e+06   9.6581671422e-02 
  5.4376619832e+18   6.1112458273e+17   2.0250822451e+56   3.4348983580e-31   4.5573081720e-12   2.6865952290e+06   9.6581671422e-02 
  5.9236373076e+18   4.8597532445e+17   1.9718999828e+56   3.5831760681e-31   4.5575975452e-12   2.7791424521e+06   9.6581671422e-02 
  6.6533322293e+18   7.2969492172e+17   3.6301973738e+56   3.7835514097e-31   4.5576942638e-12   3.0856040397e+06   9.6581671422e-02 
  7.2267618092e+18   5.7342957988e+17   3.4726562193e+56   4.0307587633e-31   4.5575976747e-12   3.7818133584e+06   9.6581671422e-02 
  8.0668992538e+18   8.4013744459e+17   6.1795916181e+56   4.3505540509e-31   4.5576970158e-12   4.7193425997e+06   9.6581671422e-02 
  8.7329975978e+18   6.6609834401e+17   5.9092038698e+56   4.7315421761e-31   4.5575696324e-12   5.4020923085e+06   9.6581671422e-02 
  9.6402792809e+18   9.0728168311e+17   9.6298187144e+56   5.1979990866e-31   4.5586465656e-12   6.0616381352e+06   9.6581671422e-02 
  1.0351615680e+19   7.1133639935e+17   8.9354425063e+56   5.7378815625e-31   4.5584188598e-12   7.0163138950e+06   9.6581671422e-02 
  1.1367658848e+19   1.0160431682e+18   1.5068476850e+57   6.4213777011e-31   4.5581613868e-12   8.1076344679e+06   9.6581671422e-02 
  1.2787048321e+19   1.4193894727e+18   2.6046813187e+57   7.5523392610e-31   4.5580144157e-12   9.4337073551e+06   9.6581671422e-02 
  1.5839364704e+19   3.0523163831e+18   7.8878023254e+57   9.8738071707e-31   4.5576019521e-12   1.1349198332e+07   9.6581671422e-02 
  1.7276393378e+19   1.4370286740e+18   4.9540139249e+57   1.2395312572e-30   4.5579544939e-12   1.3011072963e+07   9.6581671422e-02 
  1.8556593557e+19   1.2802001783e+18   5.1662868766e+57   1.4186994454e-30   4.5599055647e-12   1.3386966921e+07   9.6581671422e-02 
  1.9708583255e+19   1.1519896982e+18   5.3007473242e+57   1.6176299218e-30   4.5608522601e-12   1.4113393113e+07   9.6581671422e-02 
  2.0304932651e+19   5.9634939624e+17   2.9998271945e+57   1.7839695500e-30   4.5592834604e-12   1.4846593535e+07   9.6581671422e-02 
  2.1587210957e+19   1.2822783063e+18   7.0718484605e+57   2.0457906315e-30   4.5599499765e-12   1.5281016208e+07   9.6581671422e-02 
  2.2967481828e+19   1.3802708706e+18   8.6107308182e+57   2.4930507431e-30   4.5606526063e-12   1.5999269897e+07   9.6581671423e-02 
  2.3843227970e+19   8.7574614213e+17   6.0293323379e+57   2.9241976513e-30   4.5606671192e-12   1.6743164541e+07   9.6581671423e-02 
  2.5197025964e+19   1.3537979942e+18   1.0231032599e+58   3.4655387259e-30   4.5601281250e-12   1.7478541792e+07   9.6581671423e-02 
  2.6717152502e+19   1.5201265382e+18   1.2874361215e+58   4.3092610078e-30   4.5605165551e-12   1.8484785612e+07   9.6581671423e-02 
  2.7857931154e+19   1.1407786515e+18   1.0675871208e+58   5.2149256979e-30   4.5591090108e-12   1.9442062426e+07   9.6581671423e-02 
  2.8672974036e+19   8.1504288202e+17   8.1833721514e+57   6.0308934799e-30   4.5610092339e-12   2.0040787108e+07   9.6581671423e-02 
  2.9686276263e+19   1.0133022268e+18   1.0843061465e+58   7.0485972416e-30   4.5609464586e-12   2.0842152367e+07   9.6581671423e-02 
  3.0707075665e+19   1.0207994025e+18   1.1697953888e+58   8.4594463093e-30   4.5602289421e-12   2.1887159217e+07   9.6581671423e-02 
  3.2416824868e+19   1.7097492026e+18   2.1408001526e+58   1.0840562587e-29   4.5597834400e-12   2.3195016767e+07   9.6581671422e-02 
  3.4295791769e+19   1.8789669017e+18   2.6278451834e+58   1.4539854025e-29   4.5580392000e-12   2.4728260892e+07   9.6581671422e-02 
  3.6170707284e+19   1.8749155141e+18   2.9254955304e+58   1.9212358746e-29   4.5567963301e-12   2.6201932574e+07   9.6581671422e-02 
  3.7874165131e+19   1.7034578477e+18   2.9345928458e+58   2.4690272406e-29   4.5559006028e-12   2.7305308898e+07   9.6581671422e-02 
  3.9324655856e+19   1.4504907244e+18   2.7160469121e+58   3.1238503244e-29   4.5594723014e-12   2.8304547228e+07   9.6581671422e-02 
  4.1762835435e+19   2.4381795798e+18   5.0379535068e+58   4.2188792535e-29   4.5567687420e-12   2.9725425566e+07   9.6581671422e-02 
  4.3545723215e+19   1.7828877796e+18   4.0768273071e+58   5.7308617818e-29   4.5505815022e-12   3.1379633104e+07   9.6581671422e-02 
  4.4315582481e+19   7.6985926614e+17   1.8671002383e+58   7.2811309096e-29   4.5441450636e-12   3.2364422176e+07   9.6581671422e-02 
  4.6377167979e+19   2.0615854978e+18   5.3280852641e+58   9.1544391690e-29   4.5423818471e-12   3.3319646374e+07   9.6581671422e-02 
  5.0071874699e+19   3.6947067205e+18   1.0802843126e+59   1.2668317210e-28   4.5269374637e-12   3.5573557309e+07   9.6581671422e-02 
  5.8663040275e+19   8.5911655753e+18   3.1977372173e+59   1.8025173490e-28   4.4833632738e-12   4.0192898324e+07   9.6581671422e-02 
  6.2502626023e+19   3.8395857487e+18   1.7714901360e+59   2.3027823558e-28   4.4370041076e-12   4.4246699531e+07   9.6581671422e-02 
  6.5103589185e+19   2.6009631615e+18   1.3307236289e+59   2.4430684593e-28   4.4279933059e-12   4.5983090475e+07   9.6581671422e-02 
  7.3904111932e+19   8.8005227470e+18   5.3495334847e+59   2.4283050346e-28   4.4093530286e-12   4.8501499239e+07   9.6581671422e-02 
  8.3693180998e+19   9.7890690666e+18   7.6479835552e+59   2.3270317772e-28   4.2179947553e-12   5.1839738851e+07   9.6581671422e-02 
  8.6564534978e+19   2.8713539798e+18   2.6151185795e+59   2.2699631386e-28   4.0507001548e-12   5.1441249854e+07   9.6581671422e-02 
  8.9328733463e+19   2.7641984847e+18   2.6869110294e+59   2.1758646960e-28   3.9404082292e-12   5.0642723137e+07   9.6581671422e-02 
  1.0083961007e+20   1.1510876608e+19   1.3093772610e+60   1.8210353046e-28   3.3284257507e-12   3.5670712998e+07   9.6581671422e-02 
  1.0856683261e+20   7.7272225382e+18   1.0650020551e+60   1.5017063166e-28   2.5269543149e-12   1.5507980301e+07   9.6581671422e-02 
  1.1431265462e+20   5.7458220075e+18   8.9688847178e+59   1.3922078793e-28   2.2274611327e-12   8.0355265444e+06   9.6581671422e-02 
  1.1950221492e+20   5.1895602994e+18   8.9144796485e+59   1.3321977618e-28   2.0958265743e-12   5.8587538515e+06   9.6581671422e-02 
  1.2383816889e+20   4.3359539729e+18   8.0669408703e+59   1.2732845936e-28   2.0273810290e-12   5.4928173450e+06   9.6581671422e-02 
  1.3334442619e+20   9.5062573005e+18   1.9762429271e+60   1.2030941722e-28   1.9765085983e-12   7.6454581157e+06   9.6581671422e-02 
  1.4134348321e+20   7.9990570161e+18   1.8966644194e+60   1.1631119851e-28   1.9448425758e-12   1.1375090123e+07   9.6581671422e-02 
  1.4788572431e+20   6.5422411088e+18   1.7196290594e+60   1.1433410770e-28   1.9126805575e-12   1.3793827009e+07   9.6581671422e-02 
  1.5382520453e+20   5.9394802156e+18   1.6987774788e+60   1.1123712408e-28   1.8707802895e-12   1.4860188776e+07   9.6581671422e-02 
  1.6050213312e+20   6.6769285923e+18   2.0727944087e+60   1.0573632790e-28   1.8118134297e-12   1.4839989192e+07   9.6581671422e-02 
  1.6737613575e+20   6.8740026233e+18   2.3219264444e+60   9.7485531474e-29   1.7397472186e-12   1.3927895394e+07   9.6581671421e-02 
  1.8026116372e+20   1.2885027979e+19   4.8942573714e+60   8.4344380318e-29   1.6071353615e-12   9.5205937292e+06   9.6581671421e-02 
  1.8359310629e+20   3.3319425697e+18   1.3858443998e+60   7.4697334818e-29   1.4934963142e-12   5.3923661016e+06   9.6581671420e-02 
  1.8781413052e+20   4.2210242239e+18   1.8293092829e+60   6.9760345029e-29   1.4420678775e-12   2.9918999072e+06   9.6581671419e-02 
  1.9992905428e+20   1.2114923765e+19   5.7240076520e+60   6.3228069125e-29   1.3509312804e-12  -1.1375490552e+06   9.6581671416e-02 
  2.0694725648e+20   7.0182022015e+18   3.6504266689e+60   5.9621838859e-29   1.2795413658e-12  -3.4831914551e+06   9.6581671413e-02 
  2.1275581757e+20   5.8085610808e+18   3.2146260560e+60   5.8281783336e-29   1.2414745723e-12  -4.3747892827e+06   9.6581671412e-02 
  2.1848300490e+20   5.7271873370e+18   3.3462046438e+60   5.7193611401e-29   1.2122019316e-12  -4.7510241640e+06   9.6581671412e-02 
  2.2460593698e+20   6.1229320771e+18   3.7767547195e+60   5.6088672990e-29   1.1854154551e-12  -4.8713209800e+06   9.6581671411e-02 
  2.3650003596e+20   1.1894098979e+19   7.9465611160e+60   5.5417417318e-29   1.1487618085e-12  -4.7405160935e+06   9.6581671409e-02 
  2.4387112731e+20   7.3710913517e+18   5.3440388682e+60   5.6907000622e-29   1.1114718193e-12  -4.4550172242e+06   9.6581671404e-02 
  2.4684288295e+20   2.9717556382e+18   2.2481495227e+60   5.9501521173e-29   1.0917692007e-12  -4.2735079942e+06   9.6581671399e-02 
  2.4966931968e+20   2.8264367319e+18   2.1890399388e+60   6.2078973793e-29   1.0804397282e-12  -4.1550228410e+06   9.6581671389e-02 
  2.5303037982e+20   3.3610601415e+18   2.6683935298e+60   6.3589807125e-29   1.0684101737e-12  -4.0246506703e+06   9.6581671359e-02 
  2.5502360391e+20   1.9932240932e+18   1.6163222492e+60   6.4332128046e-29   1.0578569592e-12  -3.9040230078e+06   9.6581671266e-02 
  2.6073769537e+20   5.7140914521e+18   4.7754283194e+60   6.4729087423e-29   1.0431658197e-12  -3.7439757190e+06   9.6581670895e-02 
  2.6227661428e+20   1.5389189119e+18   1.3224948984e+60   6.5623506250e-29   1.0295196259e-12  -3.5868590487e+06   9.6581670038e-02 
  2.6638059687e+20   4.1039825904e+18   3.6033996144e+60   6.7948900499e-29   1.0192132850e-12  -3.4501371580e+06   9.6581665108e-02 
  2.6856869733e+20   2.1881004583e+18   1.9671831215e+60   7.4424098980e-29   1.0071362917e-12  -3.2985250362e+06   9.6581648273e-02 
  2.7225437742e+20   3.6856800904e+18   3.3867618459e+60   8.2102951456e-29   9.9542627222e-13  -3.1664432619e+06   9.6581558399e-02 
  2.8004987871e+20   7.7955012964e+18   7.4710138190e+60   9.5885439367e-29   9.6732367104e-13  -2.7893094896e+06   9.6581224198e-02 
  2.9267627377e+20   1.2626395057e+19   1.3013485439e+61   1.0626939243e-28   9.1135292962e-13  -2.2070545396e+06   9.6580180269e-02 
  3.0700438122e+20   1.4328107449e+19   1.6190543020e+61   1.0688351645e-28   8.3172082274e-13  -1.5596447322e+06   9.6576917558e-02 
  3.1971842179e+20   1.2714040573e+19   1.5690761887e+61   9.8958189529e-29   7.4314163716e-13  -1.5283192135e+06   9.6566011287e-02 
  3.2869569251e+20   8.9772707192e+18   1.1858420934e+61   8.6873779967e-29   6.7147287083e-13  -2.2535042262e+06   9.6529541799e-02 
  3.3614108474e+20   7.4453922256e+18   1.0339170103e+61   7.2196891214e-29   6.1770395515e-13  -3.5602353265e+06   9.6377180870e-02 
  3.4296007673e+20   6.8189919930e+18   9.8799238088e+60   5.4666106518e-29   5.7354261007e-13  -5.4422442693e+06   9.5689674992e-02 
  3.4579445378e+20   2.8343770483e+18   4.2241456465e+60   4.2304986943e-29   5.5085318703e-13  -6.4761686895e+06   9.4110146872e-02 
  3.4756708542e+20   1.7726316394e+18   2.6772492827e+60   3.5929997643e-29   5.4212419381e-13  -7.0002005037e+06   8.5570557693e-02 
  3.4961225486e+20   2.0451694450e+18   3.1229816489e+60   3.1334819676e-29   5.3627804897e-13  -7.3813488597e+06   7.4742929277e-02 
  3.5078778693e+20   1.1755320628e+18   1.8116616296e+60   2.8468042161e-29   5.3179445392e-13  -7.7250566603e+06   7.3487234842e-02 
  3.5348387601e+20   2.6960890835e+18   4.2011352290e+60   2.7521792012e-29   5.2704921463e-13  -8.1477507413e+06   7.3321235615e-02 
  3.6190197714e+20   8.4181011320e+18   1.3535202315e+61   2.6699401623e-29   5.1444411634e-13  -9.1616236867e+06   7.3314099720e-02 
  3.6716212517e+20   5.2601480267e+18   8.7838882944e+60   2.6382938364e-29   5.0077038143e-13  -1.0084518226e+07   7.3313099131e-02 
  3.7271160186e+20   5.5494766918e+18   9.5438863728e+60   2.6656651993e-29   4.9057492908e-13  -1.0725900289e+07   7.3313012906e-02 
  3.8030348656e+20   7.5918847001e+18   1.3524510263e+61   2.7858975152e-29   4.7925378605e-13  -1.1245032637e+07   7.3313011882e-02 
  3.8589341820e+20   5.5899316347e+18   1.0309672294e+61   2.9419363706e-29   4.6843504642e-13  -1.1584894793e+07   7.3313011778e-02 
  3.9065821246e+20   4.7647942612e+18   9.0269315200e+60   3.0418215470e-29   4.6018078253e-13  -1.1765730155e+07   7.3313011756e-02 
  3.9548906751e+20   4.8308550571e+18   9.3796617828e+60   3.0748276177e-29   4.5285524031e-13  -1.1864758506e+07   7.3313011752e-02 
  3.9854007773e+20   3.0510102193e+18   6.0432221571e+60   3.0730622439e-29   4.4698301619e-13  -1.1968447277e+07   7.3313011751e-02 
  4.0495334823e+20   6.4132704926e+18   1.3007783753e+61   3.0416356561e-29   4.4054703231e-13  -1.2057192764e+07   7.3313011751e-02 
  4.1200630677e+20   7.0529585414e+18   1.4788809428e+61   2.9782079348e-29   4.3247302020e-13  -1.2025344950e+07   7.3313011751e-02 
  4.2256941953e+20   1.0563112768e+19   2.3115137287e+61   2.9286138077e-29   4.2359968770e-13  -1.1747609985e+07   7.3313011751e-02 
  4.2770316726e+20   5.1337477205e+18   1.1660200758e+61   2.9102066232e-29   4.1664165569e-13  -1.1412894211e+07   7.3313011751e-02 
  4.3495778387e+20   7.2546166113e+18   1.6961132866e+61   2.8956759416e-29   4.1179281503e-13  -1.1119766317e+07   7.3313011751e-02 
  4.4225458635e+20   7.2968024843e+18   1.7640137842e+61   2.8778096169e-29   4.0609506474e-13  -1.0840817242e+07   7.3313011751e-02 
  4.5533262403e+20   1.3078037676e+19   3.3103697103e+61   2.8733724678e-29   3.9865924664e-13  -1.0441834217e+07   7.3313011751e-02 
  4.6241999426e+20   7.0873702306e+18   1.8754042266e+61   2.9184019664e-29   3.9162120581e-13  -1.0033344237e+07   7.3313011751e-02 
  4.6527329602e+20   2.8533017634e+18   7.7144999032e+60   2.9664485090e-29   3.8833408133e-13  -9.8342737457e+06   7.3313011750e-02 
  4.7028090748e+20   5.0076114567e+18   1.3769638966e+61   2.9781580444e-29   3.8583102768e-13  -9.6768533479e+06   7.3313011736e-02 
  4.8215338789e+20   1.1872480415e+19   3.3836378835e+61   2.9599253697e-29   3.8069619100e-13  -9.3143551338e+06   7.3313011656e-02 
  4.9153658638e+20   9.3831984842e+18   2.7948314132e+61   2.9136618349e-29   3.7457253585e-13  -8.8278968531e+06   7.3313011047e-02 
  5.0281537796e+20   1.1278791584e+19   3.5035743762e+61   2.8560243735e-29   3.6917696413e-13  -8.3322281506e+06   7.3313006234e-02 
  5.1967757186e+20   1.6862193896e+19   5.5389056145e+61   2.8043991288e-29   3.6254699447e-13  -7.5676824720e+06   7.3312981767e-02 
  5.3703047861e+20   1.7352906749e+19   6.0879513741e+61   2.8298036590e-29   3.5533806977e-13  -6.4951369169e+06   7.3312853273e-02 
  5.4498260829e+20   7.9521296896e+18   2.9248673416e+61   2.9019048472e-29   3.5056517340e-13  -5.6562283027e+06   7.3312608328e-02 
  5.5290804939e+20   7.9254410997e+18   3.0012283367e+61   2.9909750320e-29   3.4781473711e-13  -5.0994891079e+06   7.3312142519e-02 
  5.6578694643e+20   1.2878897037e+19   5.0637367613e+61   3.1178749823e-29   3.4432409432e-13  -4.2969178840e+06   7.3309644646e-02 
  5.7023218666e+20   4.4452402281e+18   1.8022648683e+61   3.2190850587e-29   3.4147757167e-13  -3.6116688178e+06   7.3303738320e-02 
  5.7498305901e+20   4.7508723468e+18   1.9574918711e+61   3.2265422967e-29   3.4018685200e-13  -3.2164117308e+06   7.3251691496e-02 
  5.7803995789e+20   3.0568988841e+18   1.2767560291e+61   3.1916882930e-29   3.3904834325e-13  -2.9112345248e+06   7.3063922370e-02 
  5.8289234548e+20   4.8523875865e+18   2.0545734719e+61   3.0941380079e-29   3.3808484658e-13  -2.5841526703e+06   7.2247623766e-02 
  5.8603719356e+20   3.1448480806e+18   1.3499797626e+61   2.9248936056e-29   3.3714860581e-13  -2.2423884497e+06   7.0422111526e-02 
  5.8978308160e+20   3.7458880451e+18   1.6270017666e+61   2.7086373480e-29   3.3652176020e-13  -1.9242206533e+06   6.8900628626e-02 
  5.9102208447e+20   1.2390028624e+18   5.4272375478e+60   2.5038931688e-29   3.3612876244e-13  -1.6773985874e+06   6.8555939408e-02 
  5.9204136496e+20   1.0192804984e+18   4.4818753052e+60   2.4151418162e-29   3.3601041404e-13  -1.5654504290e+06   6.8455266502e-02 
  5.9520722882e+20   3.1658638576e+18   1.4019304367e+61   2.3674285997e-29   3.3553940530e-13  -1.4064212803e+06   6.8448194418e-02 
  6.0294958030e+20   7.7423514791e+18   3.4918543541e+61   2.3218207654e-29   3.3461925781e-13  -9.2495872765e+05   6.8446208599e-02 
  6.0877598282e+20   5.8264025170e+18   2.6875852217e+61   2.3089427404e-29   3.3358172395e-13  -3.1548673247e+05   6.8445303473e-02 
  6.1725486308e+20   8.4788802584e+18   4.0040370920e+61   2.3270137086e-29   3.3248142195e-13   3.0598796285e+05   6.8445122049e-02 
  6.2139510895e+20   4.1402458768e+18   1.9956060771e+61   2.3717628143e-29   3.3149524328e-13   8.3267790480e+05   6.8445089913e-02 
  6.2497969500e+20   3.5845860456e+18   1.7493930701e+61   2.4331423961e-29   3.3088238014e-13   1.1391065256e+06   6.8445083044e-02 
  6.2885436275e+20   3.8746677535e+18   1.9136647107e+61   2.5104073109e-29   3.3027707631e-13   1.4270624480e+06   6.8445082515e-02 
  6.3167885266e+20   2.8244899063e+18   1.4099353992e+61   2.5672881396e-29   3.2972953879e-13   1.6799553703e+06   6.8445082501e-02 
  6.3731908959e+20   5.6402369285e+18   2.8534608342e+61   2.6143202267e-29   3.2901033603e-13   1.9857337409e+06   6.8445082619e-02 
  6.4027143292e+20   2.9523433295e+18   1.5139128283e+61   2.6531214098e-29   3.2825295626e-13   2.2862004114e+06   6.8445083117e-02 
  6.4124517605e+20   9.7374313720e+17   5.0239214962e+60   2.6619945516e-29   3.2790211078e-13   2.4174430115e+06   6.8445084784e-02 
  6.4254944671e+20   1.3042706532e+18   6.7531881418e+60   2.6627636471e-29   3.2770072607e-13   2.4908556146e+06   6.8445115817e-02 
  6.4728504845e+20   4.7356017429e+18   2.4751126554e+61   2.6520684739e-29   3.2716525613e-13   2.6768041869e+06   6.8445259179e-02 
  6.5342509717e+20   6.1400487175e+18   3.2635176898e+61   2.6264492551e-29   3.2619986716e-13   2.9995587662e+06   6.8446636858e-02 
  6.6943138253e+20   1.6006285366e+19   8.8000893108e+61   2.6149577466e-29   3.2388447448e-13   3.5760471982e+06   6.8451426793e-02 
  6.8007436505e+20   1.0642982518e+19   6.0893607367e+61   2.6583727595e-29   3.2054748774e-13   4.2102523646e+06   6.8459965866e-02 
  6.8893235510e+20   8.8579900489e+18   5.2155760383e+61   2.7306484424e-29   3.1767488915e-13   4.6284700400e+06   6.8475684660e-02 
  7.0266638630e+20   1.3734031198e+19   8.3558388771e+61   2.8343584349e-29   3.1392870653e-13   5.0387434071e+06   6.8522235491e-02 
  7.0985251062e+20   7.1861243188e+18   4.5043992642e+61   2.9407723177e-29   3.1042563665e-13   5.3552647305e+06   6.8634800438e-02 
  7.1637993181e+20   6.5274211919e+18   4.1713359106e+61   2.9842370700e-29   3.0816594718e-13   5.4952212067e+06   6.9299783014e-02 
  7.2259047199e+20   6.2105401783e+18   4.0400400302e+61   2.9850617089e-29   3.0604849605e-13   5.5679887623e+06   7.1839054469e-02 
  7.2575477311e+20   3.1643011179e+18   2.0853193068e+61   2.9578496780e-29   3.0450596156e-13   5.5865140382e+06   7.5927221245e-02 
  7.2741255284e+20   1.6577797369e+18   1.0997858727e+61   2.9081495193e-29   3.0369185301e-13   5.5771730874e+06   8.4325207079e-02 
  7.3106896532e+20   3.6564124765e+18   2.4434745781e+61   2.8393516930e-29   3.0285013079e-13   5.5311627489e+06   9.1328667545e-02 
  7.4027595000e+20   9.2069846799e+18   6.2618397213e+61   2.7366961731e-29   3.0076245209e-13   5.3233565004e+06   9.4419782326e-02 
  7.4717770591e+20   6.9017559067e+18   4.7973286525e+61   2.6378301124e-29   2.9817749158e-13   4.9370610793e+06   9.6597927156e-02 
  7.5332484379e+20   6.1471378885e+18   4.3480920817e+61   2.5625266404e-29   2.9591421044e-13   4.5168966541e+06   9.7268407061e-02 
  7.5711523101e+20   3.7903872188e+18   2.7166979984e+61   2.5107161181e-29   2.9414457106e-13   4.0951321630e+06   9.7331663194e-02 
  7.6692525328e+20   9.8100222711e+18   7.1584479479e+61   2.4738387194e-29   2.9081825393e-13   3.3425908392e+06   9.7337877094e-02 
  7.7591715472e+20   8.9919014364e+18   6.7243368863e+61   2.4485687065e-29   2.8533442120e-13   1.9207039129e+06   9.7338413724e-02 
  7.8774382012e+20   1.1826665397e+19   9.0845968357e+61   2.4567654033e-29   2.7815843413e-13  -3.0073758332e+04   9.7337147690e-02 
  7.9578293383e+20   8.0391137118e+18   6.3330451746e+61   2.5216661752e-29   2.7329349440e-13  -1.3218412269e+06   9.7333567347e-02 
  8.0008943714e+20   4.3065033101e+18   3.4456568489e+61   2.5974979705e-29   2.7138591734e-13  -1.7925654409e+06   9.7324972602e-02 
  8.0426349481e+20   4.1740576723e+18   3.3752746879e+61   2.6310368039e-29   2.7038028470e-13  -1.9976703199e+06   9.7266366502e-02 
  8.0951017738e+20   5.2466825647e+18   4.2926101090e+61   2.6439151687e-29   2.6921591942e-13  -2.2413244454e+06   9.7194030557e-02 
  8.2581845543e+20   1.6308278050e+19   1.3701952525e+62   2.6734732996e-29   2.6867811112e-13  -2.2834205000e+06   9.7211409242e-02 
  8.4350778657e+20   1.7689331140e+19   1.5486739068e+62   2.8182053017e-29   2.6950354798e-13  -1.8698958803e+06   9.7508537550e-02 
  8.4819479135e+20   4.6870047796e+18   4.2139987509e+61   2.9695830671e-29   2.7030524868e-13  -1.4627267715e+06   9.7863422955e-02 
  8.5202372727e+20   3.8289359272e+18   3.4772682105e+61   3.0817765199e-29   2.7075244603e-13  -1.2365769007e+06   1.0009216486e-01 
  8.5986307164e+20   7.8393443702e+18   7.2174326024e+61   3.1896703240e-29   2.7121803829e-13  -9.6596630083e+05   1.0085834019e-01 
  8.7212116935e+20   1.2258097710e+19   1.1552289801e+62   3.2942518204e-29   2.7133673679e-13  -6.7587350581e+05   1.0102477844e-01 
  8.7909152632e+20   6.9703569643e+18   6.7156024662e+61   3.3902419385e-29   2.7138081694e-13  -4.3239866823e+05   1.0060531314e-01 
  8.9205681798e+20   1.2965291658e+19   1.2777614926e+62   3.5059557164e-29   2.7137657007e-13  -2.7824007055e+05   9.9131654867e-02 
  9.0313647900e+20   1.1079661025e+19   1.1217712277e+62   3.7077110640e-29   2.7153338174e-13  -1.2971840634e+05   9.7491157750e-02 
  9.1259838752e+20   9.4619085210e+18   9.8002558794e+61   3.9503794930e-29   2.7173920733e-13   1.0318652850e+04   9.8479056456e-02 
  9.1921835999e+20   6.6199724702e+18   6.9786593128e+61   4.1984840545e-29   2.7152005530e-13   1.9375982438e+05   1.0420032492e-01 
  9.2375171806e+20   4.5333580638e+18   4.8373480899e+61   4.3896800100e-29   2.7150439411e-13   3.2724954960e+05   1.2692237484e-01 
  9.3076203965e+20   7.0103215971e+18   7.5744307938e+61   4.6116322554e-29   2.7194484331e-13   3.6540374538e+05   1.6371944968e-01 
  9.3557938732e+20   4.8173476627e+18   5.2715826445e+61   4.9596800388e-29   2.7276849134e-13   3.0516746244e+05   1.9366758140e-01 
  9.4078066312e+20   5.2012758038e+18   5.7529847667e+61   5.5314061378e-29   2.7364453278e-13   2.6928061654e+05   2.0344578296e-01 
  9.4564057141e+20   4.8599082893e+18   5.4332071079e+61   6.8033203614e-29   2.7380401089e-13   3.8397045404e+05   2.0286803435e-01 
  9.4852728626e+20   2.8867148511e+18   3.2538012446e+61   9.3541312443e-29   2.7364572012e-13   5.0002329275e+05   1.7684994678e-01 
  9.5276996892e+20   4.2426826606e+18   4.8182705806e+61   1.9847651967e-28   2.7392112121e-13   5.6606636922e+05   9.9066705742e-02 
  9.5852923979e+20   5.7592708691e+18   6.6096133043e+61   6.9440692970e-28   2.7430288392e-13   6.2164516572e+05   4.0635752360e-02 
  9.6137082229e+20   2.8415825048e+18   3.2905440223e+61   1.4861496469e-23   1.8641089146e-13   5.3982134064e+05   2.0037203163e-02 
  9.6283603840e+20   1.4652161017e+18   1.7043357617e+61   2.5723409419e-23   2.7738000024e-13   4.6417638112e+05   2.0025610755e-02 
  9.6457076814e+20   1.7347297430e+18   2.0245503939e+61   2.3746931284e-23   2.6159977268e-13   4.4985010914e+05   2.0019638248e-02 
  9.6663106213e+20   2.0602939897e+18   2.4139849700e+61   2.5170665661e-23   2.7285328988e-13   4.4644141131e+05   2.0015808791e-02 
  9.6801183297e+20   1.3807708379e+18   1.6235780755e+61   2.7535540501e-23   2.9136621901e-13   4.4862039687e+05   2.0006397148e-02 
  9.6906213418e+20   1.0503012086e+18   1.2381013286e+61   2.9840067858e-23   3.0914516536e-13   4.5206559186e+05   2.0002730376e-02 
  9.7001072652e+20   9.4859234398e+17   1.1205152679e+61   3.2324457117e-23   3.2809637297e-13   4.5550553033e+05   2.0001141688e-02 
  9.7103384507e+20   1.0231185519e+18   1.2110076559e+61   3.5165258044e-23   3.4929861130e-13   4.5917545619e+05   2.0000440638e-02 
  9.7208102382e+20   1.0471787523e+18   1.2421318174e+61   3.8188999139e-23   3.7138141223e-13   4.6268460189e+05   2.0000163316e-02 
  9.7308429736e+20   1.0032735378e+18   1.1925656754e+61   4.1114302417e-23   3.9230521683e-13   4.6539628711e+05   2.0000052732e-02 
  9.7402278458e+20   9.3848722237e+17   1.1177841397e+61   4.4006854647e-23   4.1260434078e-13   4.6742470065e+05   2.0000016567e-02 
  9.7490087950e+20   8.7809491537e+17   1.0478063408e+61   4.6878617172e-23   4.3255046014e-13   4.6892882326e+05   2.0000005167e-02 
  9.7568868210e+20   7.8780260339e+17   9.4167079099e+60   4.9717736932e-23   4.5208342976e-13   4.7023794414e+05   2.0000001531e-02 
  9.7647130363e+20   7.8262152612e+17   9.3698469757e+60   5.2439979621e-23   4.7051596213e-13   4.7185616727e+05   2.0000000430e-02 
  9.7717502729e+20   7.0372366631e+17   8.4380858621e+60   5.5335366894e-23   4.8985872481e-13   4.7345937066e+05   2.0000000113e-02 
  9.7786166446e+20   6.8663716851e+17   8.2449309775e+60   5.8689532988e-23   5.1189659731e-13   4.7466462684e+05   2.0000000028e-02 
  9.7844842144e+20   5.8675697988e+17   7.0547810260e+60   6.3288211851e-23   5.4154863041e-13   4.7720130186e+05   2.0000000007e-02 
  9.7904503473e+20   5.9661328673e+17   7.1819676557e+60   6.4791242932e-23   5.5128546959e-13   4.7634930938e+05   2.0000000002e-02 
  9.7953982837e+20   4.9479364445e+17   5.9629172428e+60   4.3114102912e-23   4.0865956064e-13   4.5024568240e+05   2.0000000001e-02 
  9.8039677049e+20   8.5694211065e+17   1.0341545112e+61   1.1746765669e-23   1.6514790803e-13   3.0097702162e+05   2.0000000000e-02 
  9.8196620839e+20   1.5694379017e+18   1.8986844166e+61   2.8224006351e-24   6.3748030465e-14   5.1031429810e+04   2.0000000000e-02 
  9.8386265940e+20   1.8964510166e+18   2.3024120728e+61   2.2597162838e-24   5.2549410275e-14   3.0138921993e+03   2.0000000001e-02 
  9.8579335205e+20   1.9306926463e+18   2.3531191920e+61   2.2262762670e-24   5.1903797690e-14   1.3879219696e+02   2.0000000000e-02 
  9.8772580775e+20   1.9324556989e+18   2.3645159736e+61   2.2246643641e-24   5.1872868450e-14   6.3155979476e+00   2.0000000000e-02 
  9.8965834379e+20   1.9325360386e+18   2.3738851875e+61   2.2245908001e-24   5.1871457768e-14   2.8974325151e-01   2.0000000000e-02 
  9.9159088351e+20   1.9325397259e+18   2.3831789871e+61   2.2245874245e-24   5.1871393234e-14   1.3411739536e-02   2.0000000000e-02 
  9.9352342341e+20   1.9325398986e+18   2.3924866199e+61   2.2245872662e-24   5.1871390207e-14   6.1441070559e-04   2.0000000000e-02 
  9.9545596332e+20   1.9325399057e+18   2.4018121885e+61   2.2245872599e-24   5.1871390088e-14   2.4813070711e-05   2.0000000000e-02 
  9.9738850322e+20   1.9325399057e+18   2.4111558878e+61   2.2245872600e-24   5.1871390089e-14   1.2482669883e-06   2.0000000000e-02 
  9.9932104313e+20   1.9325399057e+18   2.4205177266e+61   2.2245872600e-24   5.1871390089e-14   8.5440643572e-07   2.0000000000e-02 
  1.0012535830e+21   1.9325399057e+18   2.4298977049e+61   2.2245872600e-24   5.1871390089e-14   8.5260741717e-07   2.0000000000e-02 
  1.0031861229e+21   1.9325399057e+18   2.4392958227e+61   2.2245872600e-24   5.1871390089e-14   8.0564071692e-07   2.0000000000e-02 
  1.0051186628e+21   1.9325399057e+18   2.4487120800e+61   2.2245872600e-24   5.1871390089e-14   6.6672574193e-07   2.0000000000e-02 
  1.0070512028e+21   1.9325399057e+18   2.4581464767e+61   2.2245872600e-24   5.1871390088e-14   3.9070597388e-07   2.0000000000e-02 
  1.0089837427e+21   1.9325399057e+18   2.4675990130e+61   2.2245872600e-24   5.1871390088e-14   1.0688438995e-07   2.0000000000e-02 
  1.0109162826e+21   1.9325399057e+18   2.4770696888e+61   2.2245872600e-24   5.1871390088e-14  -5.3404991683e-08   2.0000000000e-02 
  1.0128488225e+21   1.9325399057e+18   2.4865585041e+61   2.2245872600e-24   5.1871390088e-14  -1.3842389384e-07   2.0000000000e-02 
  1.0147813624e+21   1.9325399057e+18   2.4960654589e+61   2.2245872600e-24   5.1871390088e-14  -1.5545030619e-07   2.0000000000e-02 
  1.0167139023e+21   1.9325399057e+18   2.5055905532e+61   2.2245872600e-24   5.1871390088e-14  -5.8684003840e-09   2.0000000000e-02 
  1.0186464422e+21   1.9325399057e+18   2.5151337870e+61   2.2245872600e-24   5.1871390088e-14   7.1910058009e-07   2.0000000000e-02 
  1.0205789821e+21   1.9325399057e+18   2.5246951602e+61   2.2245872600e-24   5.1871390088e-14   1.5448885869e-06   2.0000000000e-02 
  1.0225115220e+21   1.9325399057e+18   2.5342746730e+61   2.2245872600e-24   5.1871390088e-14   1.7389505724e-06   2.0000000000e-02 
  1.0244440619e+21   1.9325399057e+18   2.5438723253e+61   2.2245872600e-24   5.1871390088e-14   1.9446477743e-06   2.0000000000e-02 
  1.0263766018e+21   1.9325399057e+18   2.5534881171e+61   2.2245872600e-24   5.1871390088e-14   2.1295644234e-06   2.0000000000e-02 
  1.0283091417e+21   1.9325399057e+18   2.5631220483e+61   2.2245872600e-24   5.1871390088e-14   2.2447035310e-06   2.0000000000e-02 
  1.0302416816e+21   1.9325399057e+18   2.5727741191e+61   2.2245872600e-24   5.1871390088e-14   2.2400841741e-06   2.0000000000e-02 
  1.0321742215e+21   1.9325399057e+18   2.5824443294e+61   2.2245872600e-24   5.1871390088e-14   2.1762891215e-06   2.0000000000e-02 
  1.0341067614e+21   1.9325399057e+18   2.5921326791e+61   2.2245872600e-24   5.1871390088e-14   2.1329822042e-06   2.0000000000e-02 
  1.0360393013e+21   1.9325399057e+18   2.6018391684e+61   2.2245872600e-24   5.1871390088e-14   2.0445843503e-06   2.0000000000e-02 
  1.0379718412e+21   1.9325399057e+18   2.6115637972e+61   2.2245872600e-24   5.1871390088e-14   1.7370437193e-06   2.0000000000e-02 
  1.0399043811e+21   1.9325399057e+18   2.6213065654e+61   2.2245872600e-24   5.1871390088e-14   1.3124963458e-06   2.0000000000e-02 
  1.0418369211e+21   1.9325399057e+18   2.6310674732e+61   2.2245872600e-24   5.1871390088e-14   9.7139900042e-07   2.0000000000e-02 
  1.0437694610e+21   1.9325399057e+18   2.6408465205e+61   2.2245872600e-24   5.1871390088e-14  -1.5992393822e-07   2.0000000000e-02 
  1.0457020009e+21   1.9325399057e+18   2.6506437072e+61   2.2245872600e-24   5.1871390089e-14  -2.8703647456e-06   2.0000000000e-02 
  1.0476345408e+21   1.9325399057e+18   2.6604590335e+61   2.2245872600e-24   5.1871390089e-14  -4.9076634353e-06   2.0000000000e-02 
  1.0495670807e+21   1.9325399057e+18   2.6702924992e+61   2.2245872600e-24   5.1871390090e-14  -5.6197670655e-06   2.0000000000e-02 
  1.0514996206e+21   1.9325399057e+18   2.6801441045e+61   2.2245872600e-24   5.1871390090e-14  -5.7479014171e-06   2.0000000000e-02 
  1.0534321605e+21   1.9325399057e+18   2.6900138492e+61   2.2245872600e-24   5.1871390090e-14  -5.6995624799e-06   2.0000000000e-02 
  1.0553647004e+21   1.9325399057e+18   2.6999017335e+61   2.2245872600e-24   5.1871390090e-14  -5.8091140957e-06   2.0000000000e-02 
  1.0572972403e+21   1.9325399057e+18   2.7098077572e+61   2.2245872600e-24   5.1871390090e-14  -5.9950561147e-06   2.0000000000e-02 
  1.0592297802e+21   1.9325399057e+18   2.7197319205e+61   2.2245872600e-24   5.1871390090e-14  -6.0337315171e-06   2.0000000000e-02 
  1.0611623201e+21   1.9325399057e+18   2.7296742232e+61   2.2245872600e-24   5.1871390090e-14  -5.9710337656e-06   2.0000000000e-02 
  1.0630948600e+21   1.9325399057e+18   2.7396346655e+61   2.2245872600e-24   5.1871390090e-14  -5.9864640673e-06   2.0000000000e-02 
  1.0650273999e+21   1.9325399057e+18   2.7496132472e+61   2.2245872600e-24   5.1871390090e-14  -6.1689277317e-06   2.0000000000e-02 
  1.0669599398e+21   1.9325399057e+18   2.7596099684e+61   2.2245872600e-24   5.1871390090e-14  -6.4901426062e-06   2.0000000000e-02 
  1.0688924797e+21   1.9325399057e+18   2.7696248292e+61   2.2245872600e-24   5.1871390090e-14  -6.8142033667e-06   2.0000000000e-02 
  1.0708250196e+21   1.9325399057e+18   2.7796578294e+61   2.2245872600e-24   5.1871390090e-14  -6.9826163539e-06   2.0000000000e-02 
  1.0727575595e+21   1.9325399057e+18   2.7897089691e+61   2.2245872600e-24   5.1871390090e-14  -6.9581468334e-06   2.0000000000e-02 
  1.0746900995e+21   1.9325399057e+18   2.7997782484e+61   2.2245872600e-24   5.1871390090e-14  -6.8105402048e-06   2.0000000000e-02 
  1.0766226394e+21   1.9325399057e+18   2.8098656671e+61   2.2245872600e-24   5.1871390090e-14  -6.5448233668e-06   2.0000000000e-02 
  1.0785551793e+21   1.9325399057e+18   2.8199712253e+61   2.2245872600e-24   5.1871390090e-14  -6.2544681597e-06   2.0000000000e-02 
  1.0804877192e+21   1.9325399057e+18   2.8300949231e+61   2.2245872600e-24   5.1871390090e-14  -6.0186310318e-06   2.0000000000e-02 
  1.0824202591e+21   1.9325399057e+18   2.8402367603e+61   2.2245872600e-24   5.1871390090e-14  -5.9255406152e-06   2.0000000000e-02 
  1.0843527990e+21   1.9325399057e+18   2.8503967370e+61   2.2245872600e-24   5.1871390090e-14  -5.9926251595e-06   2.0000000000e-02 
  1.0862853389e+21   1.9325399057e+18   2.8605748532e+61   2.2245872600e-24   5.1871390090e-14  -6.0715164416e-06   2.0000000000e-02 
  1.0882178788e+21   1.9325399057e+18   2.8707711089e+61   2.2245872600e-24   5.1871390090e-14  -6.1502598756e-06   2.0000000000e-02 
  1.0901504187e+21   1.9325399057e+18   2.8809855042e+61   2.2245872600e-24   5.1871390090e-14  -6.2662009050e-06   2.0000000000e-02 
  1.0920829586e+21   1.9325399057e+18   2.8912180389e+61   2.2245872600e-24   5.1871390090e-14  -6.3236877262e-06   2.0000000000e-02 
  1.0940154985e+21   1.9325399057e+18   2.9014687131e+61   2.2245872600e-24   5.1871390090e-14  -6.3491454400e-06   2.0000000000e-02 
  1.0959480384e+21   1.9325399057e+18   2.9117375268e+61   2.2245872600e-24   5.1871390090e-14  -6.4330866294e-06   2.0000000000e-02 
  1.0978805783e+21   1.9325399057e+18   2.9220244800e+61   2.2245872600e-24   5.1871390090e-14  -6.5956551378e-06   2.0000000000e-02 
  1.0998131182e+21   1.9325399057e+18   2.9323295727e+61   2.2245872600e-24   5.1871390090e-14  -6.7340768103e-06   2.0000000000e-02 
  1.1017456581e+21   1.9325399057e+18   2.9426528049e+61   2.2245872600e-24   5.1871390090e-14  -6.8227654782e-06   2.0000000000e-02 
  1.1036781980e+21   1.9325399057e+18   2.9529941766e+61   2.2245872600e-24   5.1871390090e-14  -6.8149247501e-06   2.0000000000e-02 
  1.1056107379e+21   1.9325399057e+18   2.9633536878e+61   2.2245872600e-24   5.1871390090e-14  -6.7175815656e-06   2.0000000000e-02 
  1.1075432778e+21   1.9325399057e+18   2.9737313386e+61   2.2245872600e-24   5.1871390090e-14  -6.5487595837e-06   2.0000000000e-02 
  1.1094758178e+21   1.9325399057e+18   2.9841271288e+61   2.2245872600e-24   5.1871390091e-14  -6.2775011414e-06   2.0000000000e-02 
  1.1114083577e+21   1.9325399057e+18   2.9945410585e+61   2.2245872600e-24   5.1871390091e-14  -5.9260041560e-06   2.0000000000e-02 
  1.1133408976e+21   1.9325399057e+18   3.0049731276e+61   2.2245872600e-24   5.1871390091e-14  -5.6252242799e-06   2.0000000000e-02 
  1.1152734375e+21   1.9325399057e+18   3.0154233363e+61   2.2245872600e-24   5.1871390091e-14  -5.4338989784e-06   2.0000000000e-02 
  1.1172059774e+21   1.9325399057e+18   3.0258916845e+61   2.2245872600e-24   5.1871390091e-14  -5.3166587344e-06   2.0000000000e-02 
  1.1191385173e+21   1.9325399057e+18   3.0363781722e+61   2.2245872600e-24   5.1871390091e-14  -5.2255641906e-06   2.0000000000e-02 
  1.1210710572e+21   1.9325399057e+18   3.0468827994e+61   2.2245872600e-24   5.1871390091e-14  -5.1565998125e-06   2.0000000000e-02 
  1.1230035971e+21   1.9325399057e+18   3.0574055661e+61   2.2245872600e-24   5.1871390091e-14  -5.1728675636e-06   2.0000000000e-02 
  1.1249361370e+21   1.9325399057e+18   3.0679464723e+61   2.2245872600e-24   5.1871390091e-14  -5.1789010954e-06   2.0000000000e-02 
  1.1268686769e+21   1.9325399057e+18   3.0785055180e+61   2.2245872600e-24   5.1871390091e-14  -4.6682773950e-06   2.0000000000e-02 
  1.1288012168e+21   1.9325399057e+18   3.0890827032e+61   2.2245872600e-24   5.1871390092e-14  -3.6453224933e-06   2.0000000000e-02 
  1.1307337567e+21   1.9325399057e+18   3.0996780279e+61   2.2245872600e-24   5.1871390092e-14  -1.4496107430e-06   2.0000000000e-02 
  1.1326662966e+21   1.9325399057e+18   3.1102914920e+61   2.2245872600e-24   5.1871390092e-14   2.7041854913e-07   2.0000000000e-02 
  1.1345988365e+21   1.9325399057e+18   3.1209230957e+61   2.2245872600e-24   5.1871390092e-14   8.7541605043e-07   2.0000000000e-02 
  1.1365313764e+21   1.9325399057e+18   3.1315728389e+61   2.2245872600e-24   5.1871390092e-14   1.2374348720e-06   2.0000000000e-02 
  1.1384639163e+21   1.9325399057e+18   3.1422407216e+61   2.2245872600e-24   5.1871390093e-14   1.8120924127e-06   2.0000000000e-02 
  1.1403964562e+21   1.9325399057e+18   3.1529267437e+61   2.2245872600e-24   5.1871390093e-14   2.3238932462e-06   2.0000000000e-02 
  1.1423289962e+21   1.9325399057e+18   3.1636309054e+61   2.2245872600e-24   5.1871390093e-14   2.5254060978e-06   2.0000000000e-02 
  1.1442615361e+21   1.9325399057e+18   3.1743532066e+61   2.2245872600e-24   5.1871390093e-14   2.6269067005e-06   2.0000000000e-02 
  1.1461940760e+21   1.9325399057e+18   3.1850936473e+61   2.2245872600e-24   5.1871390093e-14   2.7711381614e-06   2.0000000000e-02 
  1.1481266159e+21   1.9325399057e+18   3.1958522274e+61   2.2245872600e-24   5.1871390092e-14   2.9281883002e-06   2.0000000000e-02 
  1.1500591558e+21   1.9325399057e+18   3.2066289471e+61   2.2245872600e-24   5.1871390092e-14   2.9958603249e-06   2.0000000000e-02 
  1.1519916957e+21   1.9325399057e+18   3.2174238063e+61   2.2245872600e-24   5.1871390092e-14   2.8397274702e-06   2.0000000000e-02 
  1.1539242356e+21   1.9325399057e+18   3.2282368049e+61   2.2245872600e-24   5.1871390092e-14   2.5285810753e-06   2.0000000000e-02 
  1.1558567755e+21   1.9325399057e+18   3.2390679431e+61   2.2245872600e-24   5.1871390092e-14   2.2281497815e-06   2.0000000000e-02 
  1.1577893154e+21   1.9325399057e+18   3.2499172207e+61   2.2245872600e-24   5.1871390092e-14   2.0109594855e-06   2.0000000000e-02 
  1.1597218553e+21   1.9325399057e+18   3.2607846379e+61   2.2245872600e-24   5.1871390092e-14   1.7367284802e-06   2.0000000000e-02 
  1.1616543952e+21   1.9325399057e+18   3.2716701946e+61   2.2245872600e-24   5.1871390092e-14   1.2980776772e-06   2.0000000000e-02 
  1.1635869351e+21   1.9325399057e+18   3.2825738907e+61   2.2245872600e-24   5.1871390092e-14   8.8117388508e-07   2.0000000000e-02 
  1.1655194750e+21   1.9325399057e+18   3.2934957264e+61   2.2245872600e-24   5.1871390092e-14   6.9890854282e-07   2.0000000000e-02 
  1.1674520149e+21   1.9325399057e+18   3.3044357015e+61   2.2245872600e-24   5.1871390092e-14   6.4065281851e-07   2.0000000000e-02 
  1.1693845548e+21   1.9325399057e+18   3.3153938162e+61   2.2245872600e-24   5.1871390092e-14   6.3867253279e-07   2.0000000000e-02 
  1.1713170947e+21   1.9325399057e+18   3.3263700703e+61   2.2245872600e-24   5.1871390092e-14   6.0573048552e-07   2.0000000000e-02 
  1.1732496346e+21   1.9325399057e+18   3.3373644640e+61   2.2245872600e-24   5.1871390092e-14   5.2028737280e-07   2.0000000000e-02 
  1.1751821745e+21   1.9325399057e+18   3.3483769971e+61   2.2245872600e-24   5.1871390092e-14   2.8354913366e-07   2.0000000000e-02 
  1.1771147145e+21   1.9325399057e+18   3.3594076697e+61   2.2245872600e-24   5.1871390092e-14  -3.9380462735e-07   2.0000000000e-02 
  1.1790472544e+21   1.9325399057e+18   3.3704564819e+61   2.2245872600e-24   5.1871390092e-14  -1.0415797313e-06   2.0000000000e-02 
  1.1809797943e+21   1.9325399057e+18   3.3815234335e+61   2.2245872600e-24   5.1871390092e-14  -1.1160985560e-06   2.0000000000e-02 
  1.1829123342e+21   1.9325399057e+18   3.3926085247e+61   2.2245872600e-24   5.1871390092e-14  -1.2181441959e-06   2.0000000000e-02 
  1.1848448741e+21   1.9325399057e+18   3.4037117553e+61   2.2245872600e-24   5.1871390092e-14  -1.2615289934e-06   2.0000000000e-02 
  1.1867774140e+21   1.9325399057e+18   3.4148331254e+61   2.2245872600e-24   5.1871390092e-14  -1.1876680279e-06   2.0000000000e-02 
  1.1887099539e+21   1.9325399057e+18   3.4259726351e+61   2.2245872600e-24   5.1871390092e-14  -1.0891924370e-06   2.0000000000e-02 
  1.1906424938e+21   1.9325399057e+18   3.4371302842e+61   2.2245872600e-24   5.1871390092e-14  -1.0087159164e-06   2.0000000000e-02 
  1.1925750337e+21   1.9325399057e+18   3.4483060728e+61   2.2245872600e-24   5.1871390092e-14  -8.9504018027e-07   2.0000000000e-02 
  1.1945075736e+21   1.9325399057e+18   3.4595000009e+61   2.2245872600e-24   5.1871390092e-14  -5.5010976933e-07   2.0000000000e-02 
  1.1964401135e+21   1.9325399057e+18   3.4707120686e+61   2.2245872600e-24   5.1871390092e-14   4.9836406167e-07   2.0000000000e-02 
  1.1983726534e+21   1.9325399057e+18   3.4819422757e+61   2.2245872600e-24   5.1871390092e-14   2.6617477767e-06   2.0000000000e-02 
  1.2003051933e+21   1.9325399057e+18   3.4931906223e+61   2.2245872600e-24   5.1871390091e-14   4.3642773560e-06   2.0000000000e-02 
  1.2022377332e+21   1.9325399057e+18   3.5044571084e+61   2.2245872600e-24   5.1871390091e-14   5.0403967981e-06   2.0000000000e-02 
  1.2041702731e+21   1.9325399057e+18   3.5157417341e+61   2.2245872600e-24   5.1871390091e-14   5.3854965747e-06   2.0000000000e-02 
  1.2061028130e+21   1.9325399057e+18   3.5270444992e+61   2.2245872600e-24   5.1871390090e-14   5.6609963665e-06   2.0000000000e-02 
  1.2080353529e+21   1.9325399057e+18   3.5383654038e+61   2.2245872600e-24   5.1871390090e-14   5.8061788154e-06   2.0000000000e-02 
  1.2099678929e+21   1.9325399057e+18   3.5497044479e+61   2.2245872600e-24   5.1871390090e-14   5.9275793763e-06   2.0000000000e-02 
  1.2119004328e+21   1.9325399057e+18   3.5610616315e+61   2.2245872600e-24   5.1871390090e-14   6.0739335759e-06   2.0000000000e-02 
  1.2138329727e+21   1.9325399057e+18   3.5724369546e+61   2.2245872600e-24   5.1871390090e-14   6.1791378027e-06   2.0000000000e-02 
  1.2157655126e+21   1.9325399057e+18   3.5838304172e+61   2.2245872600e-24   5.1871390090e-14   6.2067197174e-06   2.0000000000e-02 
  1.2176980525e+21   1.9325399057e+18   3.5952420193e+61   2.2245872600e-24   5.1871390090e-14   6.1452457276e-06   2.0000000000e-02 
  1.2196305924e+21   1.9325399057e+18   3.6066717609e+61   2.2245872600e-24   5.1871390090e-14   6.0597762804e-06   2.0000000000e-02 
  1.2215631323e+21   1.9325399057e+18   3.6181196420e+61   2.2245872600e-24   5.1871390090e-14   6.0123144458e-06   2.0000000000e-02 
  1.2234956722e+21   1.9325399057e+18   3.6295856626e+61   2.2245872600e-24   5.1871390090e-14   5.9729350125e-06   2.0000000000e-02 
  1.2254282121e+21   1.9325399057e+18   3.6410698227e+61   2.2245872600e-24   5.1871390090e-14   5.8760140860e-06   2.0000000000e-02 
  1.2273607520e+21   1.9325399057e+18   3.6525721223e+61   2.2245872600e-24   5.1871390090e-14   5.7025949593e-06   2.0000000000e-02 
  1.2292932919e+21   1.9325399057e+18   3.6640925614e+61   2.2245872600e-24   5.1871390090e-14   5.4637710381e-06   2.0000000000e-02 
  1.2312258318e+21   1.9325399057e+18   3.6756311400e+61   2.2245872600e-24   5.1871390090e-14   5.1285075647e-06   2.0000000000e-02 
  1.2331583717e+21   1.9325399057e+18   3.6871878581e+61   2.2245872600e-24   5.1871390090e-14   4.6690497679e-06   2.0000000000e-02 
  1.2350909116e+21   1.9325399057e+18   3.6987627157e+61   2.2245872600e-24   5.1871390090e-14   4.2743538685e-06   2.0000000000e-02 
  1.2370234515e+21   1.9325399057e+18   3.7103557128e+61   2.2245872600e-24   5.1871390090e-14   4.0078407104e-06   2.0000000000e-02 
  1.2389559914e+21   1.9325399057e+18   3.7219668494e+61   2.2245872600e-24   5.1871390090e-14   3.8956676356e-06   2.0000000000e-02 
  1.2408885313e+21   1.9325399057e+18   3.7335961255e+61   2.2245872600e-24   5.1871390090e-14   3.9072572188e-06   2.0000000000e-02 
  1.2428210712e+21   1.9325399057e+18   3.7452435411e+61   2.2245872600e-24   5.1871390090e-14   3.9482273013e-06   2.0000000000e-02 
  1.2447536112e+21   1.9325399057e+18   3.7569090962e+61   2.2245872600e-24   5.1871390090e-14   4.0946182964e-06   2.0000000000e-02 
  1.2466861511e+21   1.9325399057e+18   3.7685927907e+61   2.2245872600e-24   5.1871390090e-14   4.2306369633e-06   2.0000000000e-02 
  1.2486186910e+21   1.9325399057e+18   3.7802946248e+61   2.2245872600e-24   5.1871390090e-14   4.3838018360e-06   2.0000000000e-02 
  1.2505512309e+21   1.9325399057e+18   3.7920145984e+61   2.2245872600e-24   5.1871390090e-14   4.6704739288e-06   2.0000000000e-02 
  1.2524837708e+21   1.9325399057e+18   3.8037527115e+61   2.2245872600e-24   5.1871390090e-14   5.0707001960e-06   2.0000000000e-02 
  1.2544163107e+21   1.9325399057e+18   3.8155089640e+61   2.2245872600e-24   5.1871390090e-14   5.2613190473e-06   2.0000000000e-02 
  1.2563488506e+21   1.9325399057e+18   3.8272833561e+61   2.2245872600e-24   5.1871390090e-14   5.3616360883e-06   2.0000000000e-02 
  1.2582813905e+21   1.9325399057e+18   3.8390758877e+61   2.2245872600e-24   5.1871390090e-14   5.3863259573e-06   2.0000000000e-02 
  1.2602139304e+21   1.9325399057e+18   3.8508865588e+61   2.2245872600e-24   5.1871390090e-14   5.2203614953e-06   2.0000000000e-02 
  1.2621464703e+21   1.9325399057e+18   3.8627153693e+61   2.2245872600e-24   5.1871390090e-14   4.9737292887e-06   2.0000000000e-02 
  1.2640790102e+21   1.9325399057e+18   3.8745623194e+61   2.2245872600e-24   5.1871390090e-14   4.8749940679e-06   2.0000000000e-02 
  1.2660115501e+21   1.9325399057e+18   3.8864274090e+61   2.2245872600e-24   5.1871390090e-14   4.9674247320e-06   2.0000000000e-02 
  1.2679440900e+21   1.9325399057e+18   3.8983106380e+61   2.2245872600e-24   5.1871390090e-14   5.1676198179e-06   2.0000000000e-02 
  1.2698766299e+21   1.9325399057e+18   3.9102120066e+61   2.2245872600e-24   5.1871390090e-14   5.2555113001e-06   2.0000000000e-02 
  1.2718091698e+21   1.9325399057e+18   3.9221315146e+61   2.2245872600e-24   5.1871390090e-14   5.1774652550e-06   2.0000000000e-02 
  1.2737417097e+21   1.9325399057e+18   3.9340691622e+61   2.2245872600e-24   5.1871390090e-14   4.8759001134e-06   2.0000000000e-02 
  1.2756742496e+21   1.9325399057e+18   3.9460249492e+61   2.2245872600e-24   5.1871390089e-14   4.1100187882e-06   2.0000000000e-02 
  1.2776067896e+21   1.9325399057e+18   3.9579988758e+61   2.2245872600e-24   5.1871390089e-14   3.1249250969e-06   2.0000000000e-02 
  1.2795393295e+21   1.9325399057e+18   3.9699909419e+61   2.2245872600e-24   5.1871390089e-14   1.7214253265e-06   2.0000000000e-02 
  1.2814718694e+21   1.9325399057e+18   3.9820011474e+61   2.2245872600e-24   5.1871390089e-14  -1.9713096827e-07   2.0000000000e-02 
  1.2834044093e+21   1.9325399057e+18   3.9940294925e+61   2.2245872600e-24   5.1871390089e-14  -1.0740599923e-06   2.0000000000e-02 
  1.2853369492e+21   1.9325399057e+18   4.0060759770e+61   2.2245872600e-24   5.1871390088e-14  -1.3928379717e-06   2.0000000000e-02 
  1.2872694891e+21   1.9325399057e+18   4.0181406010e+61   2.2245872600e-24   5.1871390088e-14  -1.6742294221e-06   2.0000000000e-02 
  1.2892020290e+21   1.9325399057e+18   4.0302233646e+61   2.2245872600e-24   5.1871390088e-14  -2.1886599239e-06   2.0000000000e-02 
  1.2911345689e+21   1.9325399057e+18   4.0423242676e+61   2.2245872600e-24   5.1871390088e-14  -2.5369312515e-06   2.0000000000e-02 
  1.2930671088e+21   1.9325399057e+18   4.0544433102e+61   2.2245872600e-24   5.1871390088e-14  -2.5940607091e-06   2.0000000000e-02 
  1.2949996487e+21   1.9325399057e+18   4.0665804922e+61   2.2245872600e-24   5.1871390088e-14  -2.5285065168e-06   2.0000000000e-02 
  1.2969321886e+21   1.9325399057e+18   4.0787358138e+61   2.2245872600e-24   5.1871390088e-14  -2.4650603522e-06   2.0000000000e-02 
  1.2988647285e+21   1.9325399057e+18   4.0909092748e+61   2.2245872600e-24   5.1871390088e-14  -2.3200908578e-06   2.0000000000e-02 
  1.3007972684e+21   1.9325399057e+18   4.1031008753e+61   2.2245872600e-24   5.1871390089e-14  -1.6245555592e-06   2.0000000000e-02 
  1.3027298083e+21   1.9325399057e+18   4.1153106154e+61   2.2245872600e-24   5.1871390089e-14  -5.7914380850e-07   2.0000000000e-02 
  1.3046623482e+21   1.9325399057e+18   4.1275384949e+61   2.2245872600e-24   5.1871390089e-14  -1.7235462091e-07   2.0000000000e-02 
  1.3065948881e+21   1.9325399057e+18   4.1397845139e+61   2.2245872600e-24   5.1871390089e-14  -1.0812813970e-07   2.0000000000e-02 
  1.3085274280e+21   1.9325399057e+18   4.1520486724e+61   2.2245872600e-24   5.1871390089e-14  -9.3110894966e-08   2.0000000000e-02 
  1.3104599679e+21   1.9325399057e+18   4.1643309705e+61   2.2245872600e-24   5.1871390089e-14  -4.0134463254e-08   2.0000000000e-02 
  1.3123925079e+21   1.9325399057e+18   4.1766314080e+61   2.2245872600e-24   5.1871390089e-14   2.7498966621e-08   2.0000000000e-02 
  1.3143250478e+21   1.9325399057e+18   4.1889499850e+61   2.2245872600e-24   5.1871390089e-14   7.8246834786e-08   2.0000000000e-02 
  1.3162575877e+21   1.9325399057e+18   4.2012867015e+61   2.2245872600e-24   5.1871390089e-14   1.1294224108e-07   2.0000000000e-02 
  1.3181901276e+21   1.9325399057e+18   4.2136415576e+61   2.2245872600e-24   5.1871390089e-14   1.1448492139e-07   2.0000000000e-02 
  1.3201226675e+21   1.9325399057e+18   4.2260145531e+61   2.2245872600e-24   5.1871390089e-14   1.1077833042e-07   2.0000000000e-02 
  1.3220552074e+21   1.9325399057e+18   4.2384056881e+61   2.2245872600e-24   5.1871390089e-14   1.0376927937e-07   2.0000000000e-02 
  1.3239877473e+21   1.9325399057e+18   4.2508149626e+61   2.2245872600e-24   5.1871390089e-14   1.0758465856e-07   2.0000000000e-02 
  1.3259202872e+21   1.9325399057e+18   4.2632423766e+61   2.2245872600e-24   5.1871390089e-14   1.5144608457e-07   2.0000000000e-02 
  1.3278528271e+21   1.9325399057e+18   4.2756879301e+61   2.2245872600e-24   5.1871390089e-14   2.3383951274e-07   2.0000000000e-02 
  1.3297853670e+21   1.9325399057e+18   4.2881516231e+61   2.2245872600e-24   5.1871390089e-14   4.1203606547e-07   2.0000000000e-02 
  1.3317179069e+21   1.9325399057e+18   4.3006334556e+61   2.2245872600e-24   5.1871390089e-14   5.7789347546e-07   2.0000000000e-02 
  1.3336504468e+21   1.9325399057e+18   4.3131334276e+61   2.2245872600e-24   5.1871390089e-14   5.5313086711e-07   2.0000000000e-02 
  1.3355829867e+21   1.9325399057e+18   4.3256515391e+61   2.2245872600e-24   5.1871390089e-14   3.6572073937e-07   2.0000000000e-02 
  1.3375155266e+21   1.9325399057e+18   4.3381877901e+61   2.2245872600e-24   5.1871390089e-14   1.6761152568e-07   2.0000000000e-02 
  1.3394480665e+21   1.9325399057e+18   4.3507421806e+61   2.2245872600e-24   5.1871390089e-14   6.4297717311e-08   2.0000000000e-02 
  1.3413806064e+21   1.9325399057e+18   4.3633147106e+61   2.2245872600e-24   5.1871390089e-14   1.8686283361e-08   2.0000000000e-02 
  1.3433131463e+21   1.9325399057e+18   4.3759053801e+61   2.2245872600e-24   5.1871390089e-14   6.6956814717e-08   2.0000000000e-02 
  1.3452456863e+21   1.9325399057e+18   4.3885141891e+61   2.2245872600e-24   5.1871390089e-14   2.5036303633e-07   2.0000000000e-02 
  1.3471782262e+21   1.9325399057e+18   4.4011411376e+61   2.2245872600e-24   5.1871390089e-14   5.7858266248e-07   2.0000000000e-02 
  1.3491107661e+21   1.9325399057e+18   4.4137862256e+61   2.2245872600e-24   5.1871390089e-14   8.4499413243e-07   2.0000000000e-02 
  1.3510433060e+21   1.9325399057e+18   4.4264494531e+61   2.2245872600e-24   5.1871390089e-14   8.5751245127e-07   2.0000000000e-02 
  1.3529758459e+21   1.9325399057e+18   4.4391308201e+61   2.2245872600e-24   5.1871390089e-14   7.5624829574e-07   2.0000000000e-02 
  1.3549083858e+21   1.9325399057e+18   4.4518303266e+61   2.2245872600e-24   5.1871390089e-14   6.1412431715e-07   2.0000000000e-02 
  1.3568409257e+21   1.9325399057e+18   4.4645479726e+61   2.2245872600e-24   5.1871390089e-14   5.9667937855e-07   2.0000000000e-02 
  1.3587734656e+21   1.9325399057e+18   4.4772837581e+61   2.2245872600e-24   5.1871390089e-14   6.7535106865e-07   2.0000000000e-02 
  1.3607060055e+21   1.9325399057e+18   4.4900376830e+61   2.2245872600e-24   5.1871390089e-14   6.7195219355e-07   2.0000000000e-02 
  1.3626385454e+21   1.9325399057e+18   4.5028097475e+61   2.2245872600e-24   5.1871390089e-14   5.3013992002e-07   2.0000000000e-02 
  1.3645710853e+21   1.9325399057e+18   4.5155999515e+61   2.2245872600e-24   5.1871390089e-14   2.3668954565e-07   2.0000000000e-02 
  1.3665036252e+21   1.9325399057e+18   4.5284082950e+61   2.2245872600e-24   5.1871390089e-14  -2.3233755271e-08   2.0000000000e-02 
  1.3684361651e+21   1.9325399057e+18   4.5412347779e+61   2.2245872600e-24   5.1871390089e-14  -1.2956699202e-07   2.0000000000e-02 
  1.3703687050e+21   1.9325399057e+18   4.5540794004e+61   2.2245872600e-24   5.1871390089e-14  -1.7316799884e-07   2.0000000000e-02 
  1.3723012449e+21   1.9325399057e+18   4.5669421624e+61   2.2245872600e-24   5.1871390089e-14  -2.0396569347e-07   2.0000000000e-02 
  1.3742337848e+21   1.9325399057e+18   4.5798230639e+61   2.2245872600e-24   5.1871390089e-14  -2.2251415016e-07   2.0000000000e-02 
  1.3761663247e+21   1.9325399057e+18   4.5927221048e+61   2.2245872600e-24   5.1871390089e-14  -2.0047569579e-07   2.0000000000e-02 
  1.3780988646e+21   1.9325399057e+18   4.6056392853e+61   2.2245872600e-24   5.1871390089e-14  -1.3089407646e-07   2.0000000000e-02 
  1.3800314046e+21   1.9325399057e+18   4.6185746053e+61   2.2245872600e-24   5.1871390089e-14  -7.4191849438e-08   2.0000000000e-02 
  1.3819639445e+21   1.9325399057e+18   4.6315280647e+61   2.2245872600e-24   5.1871390089e-14  -9.6509404772e-09   2.0000000000e-02 
  1.3838964844e+21   1.9325399057e+18   4.6444996637e+61   2.2245872600e-24   5.1871390089e-14   5.5982743746e-08   2.0000000000e-02 
  1.3858290243e+21   1.9325399057e+18   4.6574894021e+61   2.2245872600e-24   5.1871390089e-14   1.2633856030e-07   2.0000000000e-02 
  1.3877615642e+21   1.9325399057e+18   4.6704972801e+61   2.2245872600e-24   5.1871390089e-14   2.8452519390e-07   2.0000000000e-02 
  1.3896941041e+21   1.9325399057e+18   4.6835232976e+61   2.2245872600e-24   5.1871390089e-14   5.8990851802e-07   2.0000000000e-02 
  1.3916266440e+21   1.9325399057e+18   4.6965674545e+61   2.2245872600e-24   5.1871390089e-14   8.2958103720e-07   2.0000000000e-02 
  1.3935591839e+21   1.9325399057e+18   4.7096297510e+61   2.2245872600e-24   5.1871390089e-14   8.7010023336e-07   2.0000000000e-02 
  1.3954917238e+21   1.9325399057e+18   4.7227101869e+61   2.2245872600e-24   5.1871390089e-14   8.8077256823e-07   2.0000000000e-02 
  1.3974242637e+21   1.9325399057e+18   4.7358087624e+61   2.2245872600e-24   5.1871390089e-14   8.2622114348e-07   2.0000000000e-02 
  1.3993568036e+21   1.9325399057e+18   4.7489254773e+61   2.2245872600e-24   5.1871390089e-14   7.2848516657e-07   2.0000000000e-02 
  1.4012893435e+21   1.9325399057e+18   4.7620603318e+61   2.2245872600e-24   5.1871390089e-14   6.0967941655e-07   2.0000000000e-02 
  1.4032218834e+21   1.9325399057e+18   4.7752133257e+61   2.2245872600e-24   5.1871390089e-14   4.7237070911e-07   2.0000000000e-02 
  1.4051544233e+21   1.9325399057e+18   4.7883844591e+61   2.2245872600e-24   5.1871390089e-14   5.5720627822e-07   2.0000000000e-02 
  1.4070869632e+21   1.9325399057e+18   4.8015737321e+61   2.2245872600e-24   5.1871390089e-14   7.3800451363e-07   2.0000000000e-02 
  1.4090195031e+21   1.9325399057e+18   4.8147811445e+61   2.2245872600e-24   5.1871390089e-14   8.1396101384e-07   2.0000000000e-02 
  1.4109520430e+21   1.9325399057e+18   4.8280066965e+61   2.2245872600e-24   5.1871390089e-14   8.4864096641e-07   2.0000000000e-02 
  1.4128845830e+21   1.9325399057e+18   4.8412503879e+61   2.2245872600e-24   5.1871390089e-14   8.4712092391e-07   2.0000000000e-02 
  1.4148171229e+21   1.9325399057e+18   4.8545122188e+61   2.2245872600e-24   5.1871390089e-14   8.3535815784e-07   2.0000000000e-02 
  1.4167496628e+21   1.9325399057e+18   4.8677921893e+61   2.2245872600e-24   5.1871390089e-14   7.8327383131e-07   2.0000000000e-02 
  1.4186822027e+21   1.9325399057e+18   4.8810902992e+61   2.2245872600e-24   5.1871390088e-14   5.1955000384e-07   2.0000000000e-02 
  1.4206147426e+21   1.9325399057e+18   4.8944065486e+61   2.2245872600e-24   5.1871390088e-14   1.4125895021e-07   2.0000000000e-02 
  1.4225472825e+21   1.9325399057e+18   4.9077409376e+61   2.2245872600e-24   5.1871390088e-14  -6.6478539964e-08   2.0000000000e-02 
  1.4244798224e+21   1.9325399057e+18   4.9210934660e+61   2.2245872600e-24   5.1871390088e-14  -1.0637221137e-07   2.0000000000e-02 
  1.4264123623e+21   1.9325399057e+18   4.9344641339e+61   2.2245872600e-24   5.1871390088e-14  -9.9144654794e-08   2.0000000000e-02 
  1.4283449022e+21   1.9325399057e+18   4.9478529413e+61   2.2245872600e-24   5.1871390088e-14  -6.3335115978e-08   2.0000000000e-02 
  1.4302774421e+21   1.9325399057e+18   4.9612598883e+61   2.2245872600e-24   5.1871390088e-14  -2.1787661420e-08   2.0000000000e-02 
  1.4322099820e+21   1.9325399057e+18   4.9746849747e+61   2.2245872600e-24   5.1871390088e-14  -1.7779892289e-08   2.0000000000e-02 
  1.4341425219e+21   1.9325399057e+18   4.9881282006e+61   2.2245872600e-24   5.1871390088e-14  -5.8542903408e-08   2.0000000000e-02 
  1.4360750618e+21   1.9325399057e+18   5.0015895660e+61   2.2245872600e-24   5.1871390088e-14  -1.1780085897e-07   2.0000000000e-02 
  1.4380076017e+21   1.9325399057e+18   5.0150690709e+61   2.2245872600e-24   5.1871390088e-14  -1.6493949189e-07   2.0000000000e-02 
  1.4399401416e+21   1.9325399057e+18   5.0285667153e+61   2.2245872600e-24   5.1871390088e-14  -1.9705085597e-07   2.0000000000e-02 
  1.4418726815e+21   1.9325399057e+18   5.0420824992e+61   2.2245872600e-24   5.1871390088e-14  -2.2428163328e-07   2.0000000000e-02 
  1.4438052214e+21   1.9325399057e+18   5.0556164226e+61   2.2245872600e-24   5.1871390088e-14  -2.4526167017e-07   2.0000000000e-02 
  1.4457377613e+21   1.9325399057e+18   5.0691684856e+61   2.2245872600e-24   5.1871390088e-14  -2.4891534209e-07   2.0000000000e-02 
  1.4476703013e+21   1.9325399057e+18   5.0827386880e+61   2.2245872600e-24   5.1871390088e-14  -2.3698051925e-07   2.0000000000e-02 
  1.4496028412e+21   1.9325399057e+18   5.0963270299e+61   2.2245872600e-24   5.1871390088e-14  -2.2763620770e-07   2.0000000000e-02 
  1.4515353811e+21   1.9325399057e+18   5.1099335113e+61   2.2245872600e-24   5.1871390088e-14  -2.1342789004e-07   2.0000000000e-02 
  1.4534679210e+21   1.9325399057e+18   5.1235581322e+61   2.2245872600e-24   5.1871390088e-14  -1.7799179908e-07   2.0000000000e-02 
  1.4554004609e+21   1.9325399057e+18   5.1372008926e+61   2.2245872600e-24   5.1871390088e-14  -1.2901231119e-07   2.0000000000e-02 
  1.4573330008e+21   1.9325399057e+18   5.1508617925e+61   2.2245872600e-24   5.1871390088e-14  -6.3542002195e-08   2.0000000000e-02 
  1.4592655407e+21   1.9325399057e+18   5.1645408319e+61   2.2245872600e-24   5.1871390088e-14   9.2519042343e-09   2.0000000000e-02 
  1.4611980806e+21   1.9325399057e+18   5.1782380108e+61   2.2245872600e-24   5.1871390088e-14   9.3767939947e-08   2.0000000000e-02 
  1.4631306205e+21   1.9325399057e+18   5.1919533291e+61   2.2245872600e-24   5.1871390088e-14   1.5152168572e-07   2.0000000000e-02 
  1.4650631604e+21   1.9325399057e+18   5.2056867870e+61   2.2245872600e-24   5.1871390088e-14   1.8615494292e-07   2.0000000000e-02 
  1.4669957003e+21   1.9325399057e+18   5.2194383844e+61   2.2245872600e-24   5.1871390088e-14   4.7743788553e-07   2.0000000000e-02 
  1.4689282402e+21   1.9325399057e+18   5.2332081213e+61   2.2245872600e-24   5.1871390088e-14   1.2328009505e-06   2.0000000000e-02 
  1.4708607801e+21   1.9325399057e+18   5.2469959977e+61   2.2245872600e-24   5.1871390088e-14   1.7491444295e-06   2.0000000000e-02 
  1.4727933200e+21   1.9325399057e+18   5.2608020136e+61   2.2245872600e-24   5.1871390088e-14   1.9195889424e-06   2.0000000000e-02 
  1.4747258599e+21   1.9325399057e+18   5.2746261690e+61   2.2245872600e-24   5.1871390088e-14   2.0527348958e-06   2.0000000000e-02 
  1.4766583998e+21   1.9325399057e+18   5.2884684638e+61   2.2245872600e-24   5.1871390088e-14   2.2133908045e-06   2.0000000000e-02 
  1.4785909397e+21   1.9325399057e+18   5.3023288982e+61   2.2245872600e-24   5.1871390088e-14   2.3417320973e-06   2.0000000000e-02 
  1.4805234797e+21   1.9325399057e+18   5.3162074721e+61   2.2245872600e-24   5.1871390088e-14   2.3762058144e-06   2.0000000000e-02 
  1.4824560196e+21   1.9325399057e+18   5.3301041855e+61   2.2245872600e-24   5.1871390088e-14   2.2682206014e-06   2.0000000000e-02 
  1.4843885595e+21   1.9325399057e+18   5.3440190383e+61   2.2245872600e-24   5.1871390088e-14   2.1936898469e-06   2.0000000000e-02 
  1.4863210994e+21   1.9325399057e+18   5.3579520307e+61   2.2245872600e-24   5.1871390088e-14   2.1062502818e-06   2.0000000000e-02 
  1.4882536393e+21   1.9325399057e+18   5.3719031626e+61   2.2245872600e-24   5.1871390088e-14   1.8345392774e-06   2.0000000000e-02 
  1.4901861792e+21   1.9325399057e+18   5.3858724340e+61   2.2245872600e-24   5.1871390088e-14   1.3655617796e-06   2.0000000000e-02 
  1.4921187191e+21   1.9325399057e+18   5.3998598448e+61   2.2245872600e-24   5.1871390088e-14   9.8028236427e-07   2.0000000000e-02 
  1.4940512590e+21   1.9325399057e+18   5.4138653952e+61   2.2245872600e-24   5.1871390088e-14  -2.0662536948e-07   2.0000000000e-02 
  1.4959837989e+21   1.9325399057e+18   5.4278890850e+61   2.2245872600e-24   5.1871390089e-14  -2.8761120897e-06   2.0000000000e-02 
  1.4979163388e+21   1.9325399057e+18   5.4419309144e+61   2.2245872600e-24   5.1871390089e-14  -4.7827188647e-06   2.0000000000e-02 
  1.4998488787e+21   1.9325399057e+18   5.4559908833e+61   2.2245872600e-24   5.1871390089e-14  -5.5391176422e-06   2.0000000000e-02 
  1.5017814186e+21   1.9325399057e+18   5.4700689916e+61   2.2245872600e-24   5.1871390090e-14  -5.7044895098e-06   2.0000000000e-02 
  1.5037139585e+21   1.9325399057e+18   5.4841652395e+61   2.2245872600e-24   5.1871390090e-14  -5.7267347385e-06   2.0000000000e-02 
  1.5056464984e+21   1.9325399057e+18   5.4982796268e+61   2.2245872600e-24   5.1871390090e-14  -5.8806717208e-06   2.0000000000e-02 
  1.5075790383e+21   1.9325399057e+18   5.5124121537e+61   2.2245872600e-24   5.1871390090e-14  -6.0267672735e-06   2.0000000000e-02 
  1.5095115782e+21   1.9325399057e+18   5.5265628200e+61   2.2245872600e-24   5.1871390090e-14  -6.0026523372e-06   2.0000000000e-02 
  1.5114441181e+21   1.9325399057e+18   5.5407316259e+61   2.2245872600e-24   5.1871390090e-14  -5.9753546419e-06   2.0000000000e-02 
  1.5133766580e+21   1.9325399057e+18   5.5549185712e+61   2.2245872600e-24   5.1871390090e-14  -6.0455316252e-06   2.0000000000e-02 
  1.5153091980e+21   1.9325399057e+18   5.5691236561e+61   2.2245872600e-24   5.1871390090e-14  -6.2713364769e-06   2.0000000000e-02 
  1.5172417379e+21   1.9325399057e+18   5.5833468804e+61   2.2245872600e-24   5.1871390090e-14  -6.6024523886e-06   2.0000000000e-02 
  1.5191742778e+21   1.9325399057e+18   5.5975882443e+61   2.2245872600e-24   5.1871390090e-14  -6.8940841465e-06   2.0000000000e-02 
  1.5211068177e+21   1.9325399057e+18   5.6118477476e+61   2.2245872600e-24   5.1871390090e-14  -7.0551155029e-06   2.0000000000e-02 
  1.5230393576e+21   1.9325399057e+18   5.6261253905e+61   2.2245872600e-24   5.1871390090e-14  -7.0385397270e-06   2.0000000000e-02 
  1.5249718975e+21   1.9325399057e+18   5.6404211728e+61   2.2245872600e-24   5.1871390090e-14  -6.8888308341e-06   2.0000000000e-02 
  1.5269044374e+21   1.9325399057e+18   5.6547350946e+61   2.2245872600e-24   5.1871390090e-14  -6.6197923665e-06   2.0000000000e-02 
  1.5288369773e+21   1.9325399057e+18   5.6690671560e+61   2.2245872600e-24   5.1871390090e-14  -6.3324308423e-06   2.0000000000e-02 
  1.5307695172e+21   1.9325399057e+18   5.6834173568e+61   2.2245872600e-24   5.1871390090e-14  -6.1029450066e-06   2.0000000000e-02 
  1.5327020571e+21   1.9325399057e+18   5.6977856971e+61   2.2245872600e-24   5.1871390090e-14  -6.0331138981e-06   2.0000000000e-02 
  1.5346345970e+21   1.9325399057e+18   5.7121721770e+61   2.2245872600e-24   5.1871390090e-14  -6.0977761568e-06   2.0000000000e-02 
  1.5365671369e+21   1.9325399057e+18   5.7265767963e+61   2.2245872600e-24   5.1871390090e-14  -6.1513497131e-06   2.0000000000e-02 
  1.5384996768e+21   1.9325399057e+18   5.7409995551e+61   2.2245872600e-24   5.1871390090e-14  -6.2156794698e-06   2.0000000000e-02 
  1.5404322167e+21   1.9325399057e+18   5.7554404534e+61   2.2245872600e-24   5.1871390090e-14  -6.3310929735e-06   2.0000000000e-02 
  1.5423647566e+21   1.9325399057e+18   5.7698994913e+61   2.2245872600e-24   5.1871390090e-14  -6.4239625185e-06   2.0000000000e-02 
  1.5442972965e+21   1.9325399057e+18   5.7843766686e+61   2.2245872600e-24   5.1871390090e-14  -6.4724142583e-06   2.0000000000e-02 
  1.5462298364e+21   1.9325399057e+18   5.7988719854e+61   2.2245872600e-24   5.1871390090e-14  -6.5749241842e-06   2.0000000000e-02 
  1.5481623764e+21   1.9325399057e+18   5.8133854417e+61   2.2245872600e-24   5.1871390090e-14  -6.7501793273e-06   2.0000000000e-02 
  1.5500949163e+21   1.9325399057e+18   5.8279170375e+61   2.2245872600e-24   5.1871390090e-14  -6.8940642333e-06   2.0000000000e-02 
  1.5520274562e+21   1.9325399057e+18   5.8424667728e+61   2.2245872600e-24   5.1871390090e-14  -6.9913277135e-06   2.0000000000e-02 
  1.5539599961e+21   1.9325399057e+18   5.8570346477e+61   2.2245872600e-24   5.1871390090e-14  -7.0028610080e-06   2.0000000000e-02 
  1.5558925360e+21   1.9325399057e+18   5.8716206620e+61   2.2245872600e-24   5.1871390090e-14  -6.9090842934e-06   2.0000000000e-02 
  1.5578250759e+21   1.9325399057e+18   5.8862248158e+61   2.2245872600e-24   5.1871390091e-14  -6.7381569346e-06   2.0000000000e-02 
  1.5597576158e+21   1.9325399057e+18   5.9008471091e+61   2.2245872600e-24   5.1871390091e-14  -6.5261681770e-06   2.0000000000e-02 
  1.5616901557e+21   1.9325399057e+18   5.9154875419e+61   2.2245872600e-24   5.1871390091e-14  -6.2159640689e-06   2.0000000000e-02 
  1.5636226956e+21   1.9325399057e+18   5.9301461142e+61   2.2245872600e-24   5.1871390091e-14  -5.9134611127e-06   2.0000000000e-02 
  1.5655552355e+21   1.9325399057e+18   5.9448228260e+61   2.2245872600e-24   5.1871390091e-14  -5.6886209853e-06   2.0000000000e-02 
  1.5674877754e+21   1.9325399057e+18   5.9595176773e+61   2.2245872600e-24   5.1871390091e-14  -5.5233169902e-06   2.0000000000e-02 
  1.5694203153e+21   1.9325399057e+18   5.9742306681e+61   2.2245872600e-24   5.1871390091e-14  -5.4066965985e-06   2.0000000000e-02 
  1.5713528552e+21   1.9325399057e+18   5.9889617984e+61   2.2245872600e-24   5.1871390091e-14  -5.3186215991e-06   2.0000000000e-02 
  1.5732853951e+21   1.9325399057e+18   6.0037110682e+61   2.2245872600e-24   5.1871390091e-14  -5.2571448790e-06   2.0000000000e-02 
  1.5752179350e+21   1.9325399057e+18   6.0184784775e+61   2.2245872600e-24   5.1871390091e-14  -5.2158816301e-06   2.0000000000e-02 
  1.5771504749e+21   1.9325399057e+18   6.0332640263e+61   2.2245872600e-24   5.1871390091e-14  -4.7358815129e-06   2.0000000000e-02 
  1.5790830148e+21   1.9325399057e+18   6.0480677146e+61   2.2245872600e-24   5.1871390092e-14  -3.7549853109e-06   2.0000000000e-02 
  1.5810155547e+21   1.9325399057e+18   6.0628895424e+61   2.2245872600e-24   5.1871390092e-14  -1.6143520681e-06   2.0000000000e-02 
  1.5829480947e+21   1.9325399057e+18   6.0777295096e+61   2.2245872600e-24   5.1871390092e-14   2.3605537974e-07   2.0000000000e-02 
  1.5848806346e+21   1.9325399057e+18   6.0925876164e+61   2.2245872600e-24   5.1871390092e-14   9.0380457698e-07   2.0000000000e-02 
  1.5868131745e+21   1.9325399057e+18   6.1074638627e+61   2.2245872600e-24   5.1871390093e-14   1.2955111985e-06   2.0000000000e-02 
  1.5887457144e+21   1.9325399057e+18   6.1223582485e+61   2.2245872600e-24   5.1871390093e-14   1.8326506979e-06   2.0000000000e-02 
  1.5906782543e+21   1.9325399057e+18   6.1372707738e+61   2.2245872600e-24   5.1871390093e-14   2.3149444360e-06   2.0000000000e-02 
  1.5926107942e+21   1.9325399057e+18   6.1522014386e+61   2.2245872600e-24   5.1871390093e-14   2.4697923065e-06   2.0000000000e-02 
  1.5945433341e+21   1.9325399057e+18   6.1671502428e+61   2.2245872600e-24   5.1871390093e-14   2.4861941222e-06   2.0000000000e-02 
  1.5964758740e+21   1.9325399057e+18   6.1821171866e+61   2.2245872600e-24   5.1871390093e-14   2.5431857578e-06   2.0000000000e-02 
  1.5984084139e+21   1.9325399057e+18   6.1971022699e+61   2.2245872600e-24   5.1871390093e-14   2.6415305949e-06   2.0000000000e-02 
  1.6003409538e+21   1.9325399057e+18   6.2121054927e+61   2.2245872600e-24   5.1871390093e-14   2.6200375789e-06   2.0000000000e-02 
  1.6022734937e+21   1.9325399057e+18   6.2271268549e+61   2.2245872600e-24   5.1871390092e-14   2.3662323486e-06   2.0000000000e-02 
  1.6042060336e+21   1.9325399057e+18   6.2421663567e+61   2.2245872600e-24   5.1871390092e-14   2.1044617894e-06   2.0000000000e-02 
  1.6061385735e+21   1.9325399057e+18   6.2572239980e+61   2.2245872600e-24   5.1871390092e-14   1.9716434794e-06   2.0000000000e-02 
  1.6080711134e+21   1.9325399057e+18   6.2722997787e+61   2.2245872600e-24   5.1871390092e-14   1.7756224933e-06   2.0000000000e-02 
  1.6100036533e+21   1.9325399057e+18   6.2873936990e+61   2.2245872600e-24   5.1871390092e-14   1.4534743653e-06   2.0000000000e-02 
  1.6119361932e+21   1.9325399057e+18   6.3025057587e+61   2.2245872600e-24   5.1871390092e-14   9.1282040521e-07   2.0000000000e-02 
  1.6138687331e+21   1.9325399057e+18   6.3176359580e+61   2.2245872600e-24   5.1871390092e-14   5.0562736010e-07   2.0000000000e-02 
  1.6158012731e+21   1.9325399057e+18   6.3327842968e+61   2.2245872600e-24   5.1871390092e-14   3.7138763164e-07   2.0000000000e-02 
  1.6177338130e+21   1.9325399057e+18   6.3479507750e+61   2.2245872600e-24   5.1871390092e-14   3.2585841065e-07   2.0000000000e-02 
  1.6196663529e+21   1.9325399057e+18   6.3631353928e+61   2.2245872600e-24   5.1871390092e-14   3.2237416075e-07   2.0000000000e-02 
  1.6215988928e+21   1.9325399057e+18   6.3783381500e+61   2.2245872600e-24   5.1871390092e-14   3.2935611259e-07   2.0000000000e-02 
  1.6235314327e+21   1.9325399057e+18   6.3935590468e+61   2.2245872600e-24   5.1871390092e-14   3.0129284967e-07   2.0000000000e-02 
  1.6254639726e+21   1.9325399057e+18   6.4087980830e+61   2.2245872600e-24   5.1871390092e-14   2.7568467605e-07   2.0000000000e-02 
  1.6273965125e+21   1.9325399057e+18   6.4240552588e+61   2.2245872600e-24   5.1871390092e-14   2.8822230039e-07   2.0000000000e-02 
  1.6293290524e+21   1.9325399057e+18   6.4393305740e+61   2.2245872600e-24   5.1871390092e-14   3.0961897498e-07   2.0000000000e-02 
  1.6312615923e+21   1.9325399057e+18   6.4546240288e+61   2.2245872600e-24   5.1871390092e-14   3.3752533246e-07   2.0000000000e-02 
  1.6331941322e+21   1.9325399057e+18   6.4699356230e+61   2.2245872600e-24   5.1871390092e-14   3.7704735819e-07   2.0000000000e-02 
  1.6351266721e+21   1.9325399057e+18   6.4852653568e+61   2.2245872600e-24   5.1871390092e-14   4.2383357186e-07   2.0000000000e-02 
  1.6370592120e+21   1.9325399057e+18   6.5006132300e+61   2.2245872600e-24   5.1871390092e-14   5.0679947843e-07   2.0000000000e-02 
  1.6389917519e+21   1.9325399057e+18   6.5159792427e+61   2.2245872600e-24   5.1871390092e-14   6.4455588483e-07   2.0000000000e-02 
  1.6409242918e+21   1.9325399057e+18   6.5313633950e+61   2.2245872600e-24   5.1871390092e-14   7.6342407165e-07   2.0000000000e-02 
  1.6428568317e+21   1.9325399057e+18   6.5467656867e+61   2.2245872600e-24   5.1871390092e-14   7.5817602244e-07   2.0000000000e-02 
  1.6447893716e+21   1.9325399057e+18   6.5621861179e+61   2.2245872600e-24   5.1871390092e-14   7.6493718431e-07   2.0000000000e-02 
  1.6467219115e+21   1.9325399057e+18   6.5776246887e+61   2.2245872600e-24   5.1871390092e-14   7.8927592158e-07   2.0000000000e-02 
  1.6486544514e+21   1.9325399057e+18   6.5930813989e+61   2.2245872600e-24   5.1871390092e-14   8.0297102434e-07   2.0000000000e-02 
  1.6505869914e+21   1.9325399057e+18   6.6085562486e+61   2.2245872600e-24   5.1871390092e-14   7.6080349633e-07   2.0000000000e-02 
  1.6525195313e+21   1.9325399057e+18   6.6240492379e+61   2.2245872600e-24   5.1871390092e-14   7.1762604289e-07   2.0000000000e-02 
  1.6544520712e+21   1.9325399057e+18   6.6395603666e+61   2.2245872600e-24   5.1871390092e-14   7.1773289854e-07   2.0000000000e-02 
  1.6563846111e+21   1.9325399057e+18   6.6550896348e+61   2.2245872600e-24   5.1871390092e-14   7.3052106798e-07   2.0000000000e-02 
  1.6583171510e+21   1.9325399057e+18   6.6706370425e+61   2.2245872600e-24   5.1871390092e-14   7.3710114077e-07   2.0000000000e-02 
  1.6602496909e+21   1.9325399057e+18   6.6862025897e+61   2.2245872600e-24   5.1871390092e-14   7.4463485575e-07   2.0000000000e-02 
  1.6621822308e+21   1.9325399057e+18   6.7017862765e+61   2.2245872600e-24   5.1871390092e-14   7.2730852754e-07   2.0000000000e-02 
  1.6641147707e+21   1.9325399057e+18   6.7173881027e+61   2.2245872600e-24   5.1871390092e-14   7.1596680614e-07   2.0000000000e-02 
  1.6660473106e+21   1.9325399057e+18   6.7330080684e+61   2.2245872600e-24   5.1871390092e-14   7.2110773478e-07   2.0000000000e-02 
  1.6679798505e+21   1.9325399057e+18   6.7486461736e+61   2.2245872600e-24   5.1871390092e-14   7.4846577517e-07   2.0000000000e-02 
  1.6699123904e+21   1.9325399057e+18   6.7643024183e+61   2.2245872600e-24   5.1871390092e-14   7.8739337158e-07   2.0000000000e-02 
  1.6718449303e+21   1.9325399057e+18   6.7799768025e+61   2.2245872600e-24   5.1871390092e-14   7.8608623521e-07   2.0000000000e-02 
  1.6737774702e+21   1.9325399057e+18   6.7956693262e+61   2.2245872600e-24   5.1871390092e-14   7.6387358143e-07   2.0000000000e-02 
  1.6757100101e+21   1.9325399057e+18   6.8113799894e+61   2.2245872600e-24   5.1871390092e-14   7.5326924366e-07   2.0000000000e-02 
  1.6776425500e+21   1.9325399057e+18   6.8271087921e+61   2.2245872600e-24   5.1871390092e-14   7.4530292362e-07   2.0000000000e-02 
  1.6795750899e+21   1.9325399057e+18   6.8428557343e+61   2.2245872600e-24   5.1871390092e-14   6.7091319408e-07   2.0000000000e-02 
  1.6815076298e+21   1.9325399057e+18   6.8586208160e+61   2.2245872600e-24   5.1871390092e-14   6.1577579969e-07   2.0000000000e-02 
  1.6834401697e+21   1.9325399057e+18   6.8744040372e+61   2.2245872600e-24   5.1871390092e-14   6.2233222174e-07   2.0000000000e-02 
  1.6853727097e+21   1.9325399057e+18   6.8902053979e+61   2.2245872600e-24   5.1871390092e-14   6.3448774364e-07   2.0000000000e-02 
  1.6873052496e+21   1.9325399057e+18   6.9060248981e+61   2.2245872600e-24   5.1871390092e-14   4.5802312030e-07   2.0000000000e-02 
  1.6892377895e+21   1.9325399057e+18   6.9218625378e+61   2.2245872600e-24   5.1871390092e-14  -2.1782254238e-07   2.0000000000e-02 
  1.6911703294e+21   1.9325399057e+18   6.9377183170e+61   2.2245872600e-24   5.1871390092e-14  -1.0243451300e-06   2.0000000000e-02 
  1.6931028693e+21   1.9325399057e+18   6.9535922357e+61   2.2245872600e-24   5.1871390092e-14  -1.2506644403e-06   2.0000000000e-02 
  1.6950354092e+21   1.9325399057e+18   6.9694842939e+61   2.2245872600e-24   5.1871390092e-14  -1.3829144579e-06   2.0000000000e-02 
  1.6969679491e+21   1.9325399057e+18   6.9853944916e+61   2.2245872600e-24   5.1871390092e-14  -1.5141072269e-06   2.0000000000e-02 
  1.6989004890e+21   1.9325399057e+18   7.0013228288e+61   2.2245872600e-24   5.1871390092e-14  -1.5817897513e-06   2.0000000000e-02 
  1.7008330289e+21   1.9325399057e+18   7.0172693055e+61   2.2245872600e-24   5.1871390092e-14  -1.5122262144e-06   2.0000000000e-02 
  1.7027655688e+21   1.9325399057e+18   7.0332339216e+61   2.2245872600e-24   5.1871390092e-14  -1.3791428011e-06   2.0000000000e-02 
  1.7046981087e+21   1.9325399057e+18   7.0492166773e+61   2.2245872600e-24   5.1871390092e-14  -1.1567129273e-06   2.0000000000e-02 
  1.7066306486e+21   1.9325399057e+18   7.0652175725e+61   2.2245872600e-24   5.1871390092e-14  -9.5343375553e-07   2.0000000000e-02 
  1.7085631885e+21   1.9325399057e+18   7.0812366072e+61   2.2245872600e-24   5.1871390092e-14  -8.9583388421e-07   2.0000000000e-02 
  1.7104957284e+21   1.9325399057e+18   7.0972737814e+61   2.2245872600e-24   5.1871390092e-14  -7.4113987527e-07   2.0000000000e-02 
  1.7124282683e+21   1.9325399057e+18   7.1133290950e+61   2.2245872600e-24   5.1871390092e-14  -9.6411785356e-08   2.0000000000e-02 
  1.7143608082e+21   1.9325399057e+18   7.1294025482e+61   2.2245872600e-24   5.1871390092e-14   1.8871449576e-06   2.0000000000e-02 
  1.7162933481e+21   1.9325399057e+18   7.1454941409e+61   2.2245872600e-24   5.1871390091e-14   3.8095900883e-06   2.0000000000e-02 
  1.7182258881e+21   1.9325399057e+18   7.1616038730e+61   2.2245872600e-24   5.1871390091e-14   4.6692606683e-06   2.0000000000e-02 
  1.7201584280e+21   1.9325399057e+18   7.1777317447e+61   2.2245872600e-24   5.1871390091e-14   5.1948693244e-06   2.0000000000e-02 
  1.7220909679e+21   1.9325399057e+18   7.1938777559e+61   2.2245872600e-24   5.1871390090e-14   5.5427373816e-06   2.0000000000e-02 
  1.7240235078e+21   1.9325399057e+18   7.2100419065e+61   2.2245872600e-24   5.1871390090e-14   5.7804907025e-06   2.0000000000e-02 
  1.7259560477e+21   1.9325399057e+18   7.2262241967e+61   2.2245872600e-24   5.1871390090e-14   5.9131990933e-06   2.0000000000e-02 
  1.7278885876e+21   1.9325399057e+18   7.2424246264e+61   2.2245872600e-24   5.1871390090e-14   6.0537508787e-06   2.0000000000e-02 
  1.7298211275e+21   1.9325399057e+18   7.2586431955e+61   2.2245872600e-24   5.1871390090e-14   6.1380023521e-06   2.0000000000e-02 
  1.7317536674e+21   1.9325399057e+18   7.2748799042e+61   2.2245872600e-24   5.1871390090e-14   6.1363407624e-06   2.0000000000e-02 
  1.7336862073e+21   1.9325399057e+18   7.2911347523e+61   2.2245872600e-24   5.1871390090e-14   6.0677636741e-06   2.0000000000e-02 
  1.7356187472e+21   1.9325399057e+18   7.3074077400e+61   2.2245872600e-24   5.1871390090e-14   5.9659561001e-06   2.0000000000e-02 
  1.7375512871e+21   1.9325399057e+18   7.3236988671e+61   2.2245872600e-24   5.1871390090e-14   5.8610957207e-06   2.0000000000e-02 
  1.7394838270e+21   1.9325399057e+18   7.3400081338e+61   2.2245872600e-24   5.1871390090e-14   5.7759819768e-06   2.0000000000e-02 
  1.7414163669e+21   1.9325399057e+18   7.3563355399e+61   2.2245872600e-24   5.1871390090e-14   5.6334849583e-06   2.0000000000e-02 
  1.7433489068e+21   1.9325399057e+18   7.3726810856e+61   2.2245872600e-24   5.1871390090e-14   5.4462100677e-06   2.0000000000e-02 
  1.7452814467e+21   1.9325399057e+18   7.3890447707e+61   2.2245872600e-24   5.1871390090e-14   5.1793004973e-06   2.0000000000e-02 
  1.7472139866e+21   1.9325399057e+18   7.4054265954e+61   2.2245872600e-24   5.1871390090e-14   4.7623274381e-06   2.0000000000e-02 
  1.7491465265e+21   1.9325399057e+18   7.4218265595e+61   2.2245872600e-24   5.1871390090e-14   4.2607504125e-06   2.0000000000e-02 
  1.7510790664e+21   1.9325399057e+18   7.4382446632e+61   2.2245872600e-24   5.1871390090e-14   3.8521963852e-06   2.0000000000e-02 
  1.7530116064e+21   1.9325399057e+18   7.4546809063e+61   2.2245872600e-24   5.1871390090e-14   3.5825823557e-06   2.0000000000e-02 
  1.7549441463e+21   1.9325399057e+18   7.4711352889e+61   2.2245872600e-24   5.1871390090e-14   3.5028898960e-06   2.0000000000e-02 
  1.7568766862e+21   1.9325399057e+18   7.4876078111e+61   2.2245872600e-24   5.1871390090e-14   3.5911926511e-06   2.0000000000e-02 
  1.7588092261e+21   1.9325399057e+18   7.5040984727e+61   2.2245872600e-24   5.1871390090e-14   3.7332960030e-06   2.0000000000e-02 
  1.7607417660e+21   1.9325399057e+18   7.5206072738e+61   2.2245872600e-24   5.1871390090e-14   3.9610268562e-06   2.0000000000e-02 
  1.7626743059e+21   1.9325399057e+18   7.5371342145e+61   2.2245872600e-24   5.1871390090e-14   4.1340557715e-06   2.0000000000e-02 
  1.7646068458e+21   1.9325399057e+18   7.5536792946e+61   2.2245872600e-24   5.1871390090e-14   4.3309286777e-06   2.0000000000e-02 
  1.7665393857e+21   1.9325399057e+18   7.5702425142e+61   2.2245872600e-24   5.1871390090e-14   4.6327682128e-06   2.0000000000e-02 
  1.7684719256e+21   1.9325399057e+18   7.5868238733e+61   2.2245872600e-24   5.1871390090e-14   4.9832118423e-06   2.0000000000e-02 
  1.7704044655e+21   1.9325399057e+18   7.6034233720e+61   2.2245872600e-24   5.1871390090e-14   5.1352892269e-06   2.0000000000e-02 
  1.7723370054e+21   1.9325399057e+18   7.6200410101e+61   2.2245872600e-24   5.1871390090e-14   5.2263179674e-06   2.0000000000e-02 
  1.7742695453e+21   1.9325399057e+18   7.6366767877e+61   2.2245872600e-24   5.1871390090e-14   5.2575685269e-06   2.0000000000e-02 
  1.7762020852e+21   1.9325399057e+18   7.6533307048e+61   2.2245872600e-24   5.1871390090e-14   5.0986397898e-06   2.0000000000e-02 
  1.7781346251e+21   1.9325399057e+18   7.6700027614e+61   2.2245872600e-24   5.1871390090e-14   4.9327982245e-06   2.0000000000e-02 
  1.7800671650e+21   1.9325399057e+18   7.6866929575e+61   2.2245872600e-24   5.1871390090e-14   4.9180802778e-06   2.0000000000e-02 
  1.7819997049e+21   1.9325399057e+18   7.7034012932e+61   2.2245872600e-24   5.1871390090e-14   5.0125913479e-06   2.0000000000e-02 
  1.7839322448e+21   1.9325399057e+18   7.7201277683e+61   2.2245872600e-24   5.1871390090e-14   5.2219348130e-06   2.0000000000e-02 
  1.7858647848e+21   1.9325399057e+18   7.7368723829e+61   2.2245872600e-24   5.1871390090e-14   5.3053445276e-06   2.0000000000e-02 
  1.7877973247e+21   1.9325399057e+18   7.7536351370e+61   2.2245872600e-24   5.1871390090e-14   5.2031658193e-06   2.0000000000e-02 
  1.7897298646e+21   1.9325399057e+18   7.7704160306e+61   2.2245872600e-24   5.1871390090e-14   4.7771733164e-06   2.0000000000e-02 
  1.7916624045e+21   1.9325399057e+18   7.7872150637e+61   2.2245872600e-24   5.1871390089e-14   4.0893226085e-06   2.0000000000e-02 
  1.7935949444e+21   1.9325399057e+18   7.8040322363e+61   2.2245872600e-24   5.1871390089e-14   3.4306035559e-06   2.0000000000e-02 
  1.7955274843e+21   1.9325399057e+18   7.8208675484e+61   2.2245872600e-24   5.1871390089e-14   1.9559079553e-06   2.0000000000e-02 
  1.7974600242e+21   1.9325399057e+18   7.8377210000e+61   2.2245872600e-24   5.1871390089e-14  -8.2692465850e-08   2.0000000000e-02 
  1.7993925641e+21   1.9325399057e+18   7.8545925911e+61   2.2245872600e-24   5.1871390088e-14  -1.1760687666e-06   2.0000000000e-02 
  1.8013251040e+21   1.9325399057e+18   7.8714823217e+61   2.2245872600e-24   5.1871390088e-14  -1.5756090403e-06   2.0000000000e-02 
  1.8032576439e+21   1.9325399057e+18   7.8883901918e+61   2.2245872600e-24   5.1871390088e-14  -1.7907621728e-06   2.0000000000e-02 
  1.8051901838e+21   1.9325399057e+18   7.9053162014e+61   2.2245872600e-24   5.1871390088e-14  -1.9940512633e-06   2.0000000000e-02 
  1.8071227237e+21   1.9325399057e+18   7.9222603505e+61   2.2245872600e-24   5.1871390088e-14  -2.2857157229e-06   2.0000000000e-02 
  1.8090552636e+21   1.9325399057e+18   7.9392226391e+61   2.2245872600e-24   5.1871390088e-14  -2.4466873437e-06   2.0000000000e-02 
  1.8109878035e+21   1.9325399057e+18   7.9562030672e+61   2.2245872600e-24   5.1871390088e-14  -2.4685729585e-06   2.0000000000e-02 
  1.8129203434e+21   1.9325399057e+18   7.9732016347e+61   2.2245872600e-24   5.1871390088e-14  -2.4882976233e-06   2.0000000000e-02 
  1.8148528833e+21   1.9325399057e+18   7.9902183418e+61   2.2245872600e-24   5.1871390088e-14  -2.4113383850e-06   2.0000000000e-02 
  1.8167854232e+21   1.9325399057e+18   8.0072531884e+61   2.2245872600e-24   5.1871390089e-14  -1.7738115393e-06   2.0000000000e-02 
  1.8187179631e+21   1.9325399057e+18   8.0243061745e+61   2.2245872600e-24   5.1871390089e-14  -7.2649866416e-07   2.0000000000e-02 
  1.8206505031e+21   1.9325399057e+18   8.0413773001e+61   2.2245872600e-24   5.1871390089e-14  -2.4564949466e-07   2.0000000000e-02 
  1.8225830430e+21   1.9325399057e+18   8.0584665651e+61   2.2245872600e-24   5.1871390089e-14  -1.3537871444e-07   2.0000000000e-02 
  1.8245155829e+21   1.9325399057e+18   8.0755739697e+61   2.2245872600e-24   5.1871390089e-14  -1.1908010013e-07   2.0000000000e-02 
  1.8264481228e+21   1.9325399057e+18   8.0926995138e+61   2.2245872600e-24   5.1871390089e-14  -1.1775701555e-07   2.0000000000e-02 
  1.8283806627e+21   1.9325399057e+18   8.1098431974e+61   2.2245872600e-24   5.1871390089e-14  -9.5647643960e-08   2.0000000000e-02 
  1.8303132026e+21   1.9325399057e+18   8.1270050204e+61   2.2245872600e-24   5.1871390089e-14  -4.7709876963e-08   2.0000000000e-02 
  1.8322457425e+21   1.9325399057e+18   8.1441849830e+61   2.2245872600e-24   5.1871390089e-14   6.3991846133e-09   2.0000000000e-02 
  1.8341782824e+21   1.9325399057e+18   8.1613830851e+61   2.2245872600e-24   5.1871390089e-14   3.7603038277e-08   2.0000000000e-02 
  1.8361108223e+21   1.9325399057e+18   8.1785993266e+61   2.2245872600e-24   5.1871390089e-14   9.9252724227e-08   2.0000000000e-02 
  1.8380433622e+21   1.9325399057e+18   8.1958337077e+61   2.2245872600e-24   5.1871390089e-14   1.3735680578e-07   2.0000000000e-02 
  1.8399759021e+21   1.9325399057e+18   8.2130862283e+61   2.2245872600e-24   5.1871390089e-14   6.6586877846e-08   2.0000000000e-02 
  1.8419084420e+21   1.9325399057e+18   8.2303568883e+61   2.2245872600e-24   5.1871390089e-14  -2.5797760770e-08   2.0000000000e-02 
  1.8438409819e+21   1.9325399057e+18   8.2476456879e+61   2.2245872600e-24   5.1871390089e-14  -9.2648080575e-08   2.0000000000e-02 
  1.8457735218e+21   1.9325399057e+18   8.2649526269e+61   2.2245872600e-24   5.1871390089e-14  -1.2799541255e-07   2.0000000000e-02 
  1.8477060617e+21   1.9325399057e+18   8.2822777055e+61   2.2245872600e-24   5.1871390089e-14  -1.2732455219e-07   2.0000000000e-02 
  1.8496386016e+21   1.9325399057e+18   8.2996209236e+61   2.2245872600e-24   5.1871390089e-14  -1.1514576936e-07   2.0000000000e-02 
  1.8515711415e+21   1.9325399057e+18   8.3169822811e+61   2.2245872600e-24   5.1871390089e-14  -6.4297047215e-08   2.0000000000e-02 
  1.8535036815e+21   1.9325399057e+18   8.3343617782e+61   2.2245872600e-24   5.1871390089e-14  -1.4053131305e-08   2.0000000000e-02 
  1.8554362214e+21   1.9325399057e+18   8.3517594147e+61   2.2245872600e-24   5.1871390089e-14   7.4282664022e-09   2.0000000000e-02 
  1.8573687613e+21   1.9325399057e+18   8.3691751907e+61   2.2245872600e-24   5.1871390089e-14   3.0441769670e-08   2.0000000000e-02 
  1.8593013012e+21   1.9325399057e+18   8.3866091063e+61   2.2245872600e-24   5.1871390089e-14   6.5915162239e-08   2.0000000000e-02 
  1.8612338411e+21   1.9325399057e+18   8.4040611613e+61   2.2245872600e-24   5.1871390089e-14   1.1429466045e-07   2.0000000000e-02 
  1.8631663810e+21   1.9325399057e+18   8.4215313559e+61   2.2245872600e-24   5.1871390089e-14   1.3849932639e-07   2.0000000000e-02 
  1.8650989209e+21   1.9325399057e+18   8.4390196899e+61   2.2245872600e-24   5.1871390089e-14   1.3023887606e-07   2.0000000000e-02 
  1.8670314608e+21   1.9325399057e+18   8.4565261635e+61   2.2245872600e-24   5.1871390089e-14   8.0562098214e-08   2.0000000000e-02 
  1.8689640007e+21   1.9325399057e+18   8.4740507765e+61   2.2245872600e-24   5.1871390089e-14   3.6830099276e-08   2.0000000000e-02 
  1.8708965406e+21   1.9325399057e+18   8.4915935290e+61   2.2245872600e-24   5.1871390089e-14   2.0709965228e-08   2.0000000000e-02 
  1.8728290805e+21   1.9325399057e+18   8.5091544211e+61   2.2245872600e-24   5.1871390089e-14   4.0152421496e-08   2.0000000000e-02 
  1.8747616204e+21   1.9325399057e+18   8.5267334526e+61   2.2245872600e-24   5.1871390089e-14   1.0064837076e-07   2.0000000000e-02 
  1.8766941603e+21   1.9325399057e+18   8.5443306236e+61   2.2245872600e-24   5.1871390089e-14   1.7405069183e-07   2.0000000000e-02 
  1.8786267002e+21   1.9325399057e+18   8.5619459342e+61   2.2245872600e-24   5.1871390089e-14   2.9424937006e-07   2.0000000000e-02 
  1.8805592401e+21   1.9325399057e+18   8.5795793842e+61   2.2245872600e-24   5.1871390089e-14   4.8386907938e-07   2.0000000000e-02 
  1.8824917800e+21   1.9325399057e+18   8.5972309737e+61   2.2245872600e-24   5.1871390089e-14   6.3426965211e-07   2.0000000000e-02 
  1.8844243199e+21   1.9325399057e+18   8.6149007027e+61   2.2245872600e-24   5.1871390089e-14   6.2112408988e-07   2.0000000000e-02 
  1.8863568598e+21   1.9325399057e+18   8.6325885712e+61   2.2245872600e-24   5.1871390089e-14   4.8478643405e-07   2.0000000000e-02 
  1.8882893998e+21   1.9325399057e+18   8.6502945793e+61   2.2245872600e-24   5.1871390089e-14   2.7884242607e-07   2.0000000000e-02 
  1.8902219397e+21   1.9325399057e+18   8.6680187268e+61   2.2245872600e-24   5.1871390089e-14   8.1102116055e-08   2.0000000000e-02 
  1.8921544796e+21   1.9325399057e+18   8.6857610138e+61   2.2245872600e-24   5.1871390089e-14  -4.9405814469e-08   2.0000000000e-02 
  1.8940870195e+21   1.9325399057e+18   8.7035214403e+61   2.2245872600e-24   5.1871390089e-14  -1.2616870293e-07   2.0000000000e-02 
  1.8960195594e+21   1.9325399057e+18   8.7213000063e+61   2.2245872600e-24   5.1871390089e-14  -1.5461104421e-07   2.0000000000e-02 
  1.8979520993e+21   1.9325399057e+18   8.7390967118e+61   2.2245872600e-24   5.1871390089e-14  -1.6093678478e-07   2.0000000000e-02 
  1.8998846392e+21   1.9325399057e+18   8.7569115569e+61   2.2245872600e-24   5.1871390089e-14  -1.5089138526e-07   2.0000000000e-02 
  1.9018171791e+21   1.9325399057e+18   8.7747445414e+61   2.2245872600e-24   5.1871390089e-14  -1.2755223033e-07   2.0000000000e-02 
  1.9037497190e+21   1.9325399057e+18   8.7925956654e+61   2.2245872600e-24   5.1871390089e-14  -5.8800882846e-08   2.0000000000e-02 
  1.9056822589e+21   1.9325399057e+18   8.8104649289e+61   2.2245872600e-24   5.1871390089e-14   1.3532504936e-07   2.0000000000e-02 
  1.9076147988e+21   1.9325399057e+18   8.8283523319e+61   2.2245872600e-24   5.1871390089e-14   5.2110613102e-07   2.0000000000e-02 
  1.9095473387e+21   1.9325399057e+18   8.8462578744e+61   2.2245872600e-24   5.1871390089e-14   8.6056614836e-07   2.0000000000e-02 
  1.9114798786e+21   1.9325399057e+18   8.8641815564e+61   2.2245872600e-24   5.1871390089e-14   9.1253658747e-07   2.0000000000e-02 
  1.9134124185e+21   1.9325399057e+18   8.8821233779e+61   2.2245872600e-24   5.1871390089e-14   8.3503922581e-07   2.0000000000e-02 
  1.9153449584e+21   1.9325399057e+18   8.9000833389e+61   2.2245872600e-24   5.1871390089e-14   5.7738287417e-07   2.0000000000e-02 
  1.9172774983e+21   1.9325399057e+18   8.9180614394e+61   2.2245872600e-24   5.1871390089e-14   3.5223567039e-07   2.0000000000e-02 
  1.9192100382e+21   1.9325399057e+18   8.9360576794e+61   2.2245872600e-24   5.1871390089e-14   4.0791074426e-07   2.0000000000e-02 
  1.9211425782e+21   1.9325399057e+18   8.9540720589e+61   2.2245872600e-24   5.1871390089e-14   6.4204424692e-07   2.0000000000e-02 
  1.9230751181e+21   1.9325399057e+18   8.9721045778e+61   2.2245872600e-24   5.1871390089e-14   7.7743617137e-07   2.0000000000e-02 
  1.9250076580e+21   1.9325399057e+18   8.9901552363e+61   2.2245872600e-24   5.1871390089e-14   7.0030572248e-07   2.0000000000e-02 
  1.9269401979e+21   1.9325399057e+18   9.0082240343e+61   2.2245872600e-24   5.1871390089e-14   4.6555445610e-07   2.0000000000e-02 
  1.9288727378e+21   1.9325399057e+18   9.0263109718e+61   2.2245872600e-24   5.1871390089e-14   1.6468172547e-07   2.0000000000e-02 
  1.9308052777e+21   1.9325399057e+18   9.0444160488e+61   2.2245872600e-24   5.1871390089e-14  -3.8720269823e-08   2.0000000000e-02 
  1.9327378176e+21   1.9325399057e+18   9.0625392653e+61   2.2245872600e-24   5.1871390089e-14  -1.5254688813e-07   2.0000000000e-02 
  1.9346703575e+21   1.9325399057e+18   9.0806806212e+61   2.2245872600e-24   5.1871390089e-14  -1.9836440756e-07   2.0000000000e-02 
  1.9366028974e+21   1.9325399057e+18   9.0988401167e+61   2.2245872600e-24   5.1871390089e-14  -1.9134622164e-07   2.0000000000e-02 
  1.9385354373e+21   1.9325399057e+18   9.1170177517e+61   2.2245872600e-24   5.1871390089e-14  -1.7180825808e-07   2.0000000000e-02 
  1.9404679772e+21   1.9325399057e+18   9.1352135262e+61   2.2245872600e-24   5.1871390089e-14  -1.6567750436e-07   2.0000000000e-02 
  1.9424005171e+21   1.9325399057e+18   9.1534274401e+61   2.2245872600e-24   5.1871390089e-14  -1.6670252869e-07   2.0000000000e-02 
  1.9443330570e+21   1.9325399057e+18   9.1716594936e+61   2.2245872600e-24   5.1871390089e-14  -1.5116717007e-07   2.0000000000e-02 
  1.9462655969e+21   1.9325399057e+18   9.1899096866e+61   2.2245872600e-24   5.1871390089e-14  -1.2798199430e-07   2.0000000000e-02 
  1.9481981368e+21   1.9325399057e+18   9.2081780190e+61   2.2245872600e-24   5.1871390089e-14  -1.1090124115e-07   2.0000000000e-02 
  1.9501306767e+21   1.9325399057e+18   9.2264644910e+61   2.2245872600e-24   5.1871390089e-14  -6.0043997346e-08   2.0000000000e-02 
  1.9520632166e+21   1.9325399057e+18   9.2447691025e+61   2.2245872600e-24   5.1871390089e-14  -3.7032583316e-09   2.0000000000e-02 
  1.9539957565e+21   1.9325399057e+18   9.2630918534e+61   2.2245872600e-24   5.1871390089e-14   1.3593355457e-08   2.0000000000e-02 
  1.9559282965e+21   1.9325399057e+18   9.2814327439e+61   2.2245872600e-24   5.1871390089e-14   2.8776038585e-08   2.0000000000e-02 
  1.9578608364e+21   1.9325399057e+18   9.2997917739e+61   2.2245872600e-24   5.1871390089e-14   1.4325587216e-08   2.0000000000e-02 
  1.9597933763e+21   1.9325399057e+18   9.3181689433e+61   2.2245872600e-24   5.1871390089e-14  -5.2202183387e-08   2.0000000000e-02 
  1.9617259162e+21   1.9325399057e+18   9.3365642523e+61   2.2245872600e-24   5.1871390089e-14  -1.1067136457e-07   2.0000000000e-02 
  1.9636584561e+21   1.9325399057e+18   9.3549777007e+61   2.2245872600e-24   5.1871390089e-14  -1.1677422022e-07   2.0000000000e-02 
  1.9655909960e+21   1.9325399057e+18   9.3734092887e+61   2.2245872600e-24   5.1871390089e-14  -1.0597230736e-07   2.0000000000e-02 
  1.9675235359e+21   1.9325399057e+18   9.3918590161e+61   2.2245872600e-24   5.1871390089e-14  -1.4085843625e-07   2.0000000000e-02 
  1.9694560758e+21   1.9325399057e+18   9.4103268831e+61   2.2245872600e-24   5.1871390089e-14  -1.7331017611e-07   2.0000000000e-02 
  1.9713886157e+21   1.9325399057e+18   9.4288128895e+61   2.2245872600e-24   5.1871390089e-14  -1.6143928966e-07   2.0000000000e-02 
  1.9733211556e+21   1.9325399057e+18   9.4473170355e+61   2.2245872600e-24   5.1871390089e-14  -1.3760113994e-07   2.0000000000e-02 
  1.9752536955e+21   1.9325399057e+18   9.4658393209e+61   2.2245872600e-24   5.1871390089e-14  -1.0187639629e-07   2.0000000000e-02 
  1.9771862354e+21   1.9325399057e+18   9.4843797459e+61   2.2245872600e-24   5.1871390089e-14  -4.3701066864e-08   2.0000000000e-02 
  1.9791187753e+21   1.9325399057e+18   9.5029383103e+61   2.2245872600e-24   5.1871390089e-14   0.0000000000e+00   2.0000000000e-02 
