# time = 2.806042e+15 [s] 
# r                  dr                 dV                 Density            Pressure           Velocity           Z
  2.1304517832e+18   2.1304517832e+18   4.0504543152e+55   3.2180279375e-31   3.5828956049e-14   0.0000000000e+00   9.9248591688e-02 
  2.7608246244e+18   6.3037284117e+17   4.7641956098e+55   3.2180279375e-31   3.5828956049e-14  -1.9838281580e+04   9.9248591688e-02 
  3.7137353054e+18   9.5291068096e+17   1.2640000786e+56   3.2182198167e-31   3.5828622299e-14  -3.7330319180e+04   9.9248591688e-02 
  4.7034329950e+18   9.8969768966e+17   2.2129992353e+56   3.2189090697e-31   3.5828735060e-14  -5.9779658148e+04   9.9248591688e-02 
  5.2249809785e+18   5.2154798345e+17   1.6166022949e+56   3.2199104251e-31   3.5828787147e-14  -7.4659218407e+04   9.9248591688e-02 
  5.6786513887e+18   4.5367041022e+17   1.6954432856e+56   3.2212016791e-31   3.5828793093e-14  -8.3762240147e+04   9.9248591688e-02 
  6.4309791139e+18   7.5232772524e+17   3.4703806370e+56   3.2238094724e-31   3.5828799340e-14  -9.4644364009e+04   9.9248591688e-02 
  7.1287820295e+18   6.9780291555e+17   4.0343162341e+56   3.2277877977e-31   3.5828808432e-14  -1.0746519089e+05   9.9248591688e-02 
  8.0529711314e+18   9.2418910191e+17   6.7002452721e+56   3.2333737801e-31   3.5828818451e-14  -1.2151245324e+05   9.9248591688e-02 
  8.9611737114e+18   9.0820258002e+17   8.2673275509e+56   3.2407890697e-31   3.5828829885e-14  -1.3718623212e+05   9.9248591688e-02 
  1.0088312677e+19   1.1271389655e+18   1.2864721820e+57   3.2504257383e-31   3.5828840566e-14  -1.5442795623e+05   9.9248591688e-02 
  1.1262520059e+19   1.1742073816e+18   1.6833016244e+57   3.2627715213e-31   3.5828855058e-14  -1.7379369592e+05   9.9248591688e-02 
  1.2644294979e+19   1.3817749202e+18   2.4837847786e+57   3.2782284911e-31   3.5828866532e-14  -1.9525271243e+05   9.9248591688e-02 
  1.4130086945e+19   1.4857919667e+18   3.3495954523e+57   3.2974668553e-31   3.5828880442e-14  -2.1927781414e+05   9.9248591688e-02 
  1.5824594930e+19   1.6945079848e+18   4.7817396285e+57   3.3210158760e-31   3.5828897413e-14  -2.4585690114e+05   9.9248591688e-02 
  1.7727954510e+19   1.9033595798e+18   6.7388745767e+57   3.3501681498e-31   3.5828922335e-14  -2.7585896043e+05   9.9248591688e-02 
  1.9848754478e+19   2.1207999678e+18   9.4177671980e+57   3.3856169103e-31   3.5828950617e-14  -3.0931666369e+05   9.9248591688e-02 
  2.2237462539e+19   2.3887080607e+18   1.3306346409e+58   3.4285967184e-31   3.5828977931e-14  -3.4672976367e+05   9.9248591688e-02 
  2.4829111859e+19   2.5916493204e+18   1.8054688234e+58   3.4797049368e-31   3.5829001817e-14  -3.8794792505e+05   9.9248591688e-02 
  2.7767710092e+19   2.9385982326e+18   2.5565879611e+58   3.5406898318e-31   3.5829049287e-14  -4.3358412812e+05   9.9248591688e-02 
  3.0930531276e+19   3.1628211846e+18   3.4268475990e+58   3.6126479505e-31   3.5829117683e-14  -4.8387597974e+05   9.9248591688e-02 
  3.4585514713e+19   3.6549834372e+18   4.9337933579e+58   3.6985655377e-31   3.5829219052e-14  -5.4019100821e+05   9.9248591688e-02 
  3.8466924674e+19   3.8814099610e+18   6.5135434072e+58   3.7995626664e-31   3.5829327791e-14  -6.0227012045e+05   9.9248591688e-02 
  4.2853503584e+19   4.3865789098e+18   9.1221278648e+58   3.9174575894e-31   3.5829451497e-14  -6.7032074800e+05   9.9248591688e-02 
  4.7510716144e+19   4.6572125602e+18   1.1957855232e+59   4.0542945865e-31   3.5829622482e-14  -7.4492740774e+05   9.9248591688e-02 
  5.2815629178e+19   5.3049130332e+18   1.6790463678e+59   4.2143417135e-31   3.5829814777e-14  -8.2703423647e+05   9.9248591688e-02 
  5.8066139184e+19   5.2505100060e+18   2.0295330448e+59   4.3939261627e-31   3.5829997625e-14  -9.1409026553e+05   9.9248591688e-02 
  6.5869071270e+19   7.8029320860e+18   3.7702537106e+59   4.6303198618e-31   3.5830307090e-14  -1.0220608516e+06   9.9248591688e-02 
  7.7355689369e+19   1.1486618099e+19   7.4183684578e+59   4.9968949463e-31   3.5830811728e-14  -1.1814727172e+06   9.9248591688e-02 
  8.1759291864e+19   4.4036024949e+18   3.5034102195e+59   5.3108677986e-31   3.5831237226e-14  -1.3129138191e+06   9.9248591688e-02 
  8.5728198963e+19   3.9689070998e+18   3.4983788748e+59   5.4943101086e-31   3.5831500229e-14  -1.3824359598e+06   9.9248591688e-02 
  8.9861631560e+19   4.1334325967e+18   4.0044204010e+59   5.6928604068e-31   3.5831747422e-14  -1.4497793039e+06   9.9248591688e-02 
  9.4241986064e+19   4.3803545045e+18   4.6651511673e+59   5.9248168315e-31   3.5832031507e-14  -1.5207490893e+06   9.9248591688e-02 
  9.8311449337e+19   4.0694632731e+18   4.7408280516e+59   6.1792830981e-31   3.5832320819e-14  -1.5912771839e+06   9.9248591688e-02 
  1.0347138070e+20   5.1599313648e+18   6.6017164697e+59   6.4886627947e-31   3.5832647739e-14  -1.6683907045e+06   9.9248591688e-02 
  1.0850935833e+20   5.0379776313e+18   7.1134563613e+59   6.8612906738e-31   3.5833015605e-14  -1.7536194730e+06   9.9248591688e-02 
  1.1335642806e+20   4.8470697276e+18   7.4968513489e+59   7.2563571617e-31   3.5833370792e-14  -1.8362829739e+06   9.9248591688e-02 
  1.1801022604e+20   4.6537979787e+18   7.8273994561e+59   7.6733718096e-31   3.5833718777e-14  -1.9158681313e+06   9.9248591688e-02 
  1.2371135420e+20   5.7011281624e+18   1.0466995758e+60   8.1745751587e-31   3.5834096081e-14  -2.0027828434e+06   9.9248591688e-02 
  1.2943953327e+20   5.7281790704e+18   1.1534518802e+60   8.7757713003e-31   3.5834567210e-14  -2.0989438316e+06   9.9248591688e-02 
  1.3493089926e+20   5.4913659853e+18   1.2059199504e+60   9.4191276216e-31   3.5835073431e-14  -2.1932868199e+06   9.9248591688e-02 
  1.4040957660e+20   5.4786773458e+18   1.3050376058e+60   1.0108974968e-30   3.5835643054e-14  -2.2854659723e+06   9.9248591688e-02 
  1.4687369130e+20   6.4641146937e+18   1.6763043708e+60   1.0934299603e-30   3.5836379578e-14  -2.3857692105e+06   9.9248591688e-02 
  1.5334831687e+20   6.4746255748e+18   1.8336519594e+60   1.1906872742e-30   3.5837355849e-14  -2.4944021097e+06   9.9248591688e-02 
  1.5952701977e+20   6.1787028950e+18   1.9004055846e+60   1.2945471896e-30   3.5838540648e-14  -2.6004659519e+06   9.9248591688e-02 
  1.6616280895e+20   6.6357891781e+18   2.2116221717e+60   1.4101801449e-30   3.5840055836e-14  -2.7075837647e+06   9.9248591688e-02 
  1.7370041076e+20   7.5376018105e+18   2.7356630188e+60   1.5503223554e-30   3.5842259156e-14  -2.8257017564e+06   9.9248591688e-02 
  1.8104290112e+20   7.3424903674e+18   2.9032451204e+60   1.7106570528e-30   3.5845318915e-14  -2.9492877115e+06   9.9248591688e-02 
  1.8748452884e+20   6.4416277200e+18   2.7487127648e+60   1.8737312518e-30   3.5848887104e-14  -3.0633117952e+06   9.9248591688e-02 
  1.9594792452e+20   8.4633956762e+18   3.9096941016e+60   2.0705545355e-30   3.5853773583e-14  -3.1859451006e+06   9.9248591688e-02 
  2.0617909688e+20   1.0231172365e+19   5.1987087597e+60   2.3409997983e-30   3.5861614400e-14  -3.3390294693e+06   9.9248591688e-02 
  2.1649093400e+20   1.0311837114e+19   5.7886192544e+60   2.6645029662e-30   3.5872656922e-14  -3.5064972581e+06   9.9248591688e-02 
  2.2592045292e+20   9.4295189237e+18   5.7990621234e+60   3.0044254068e-30   3.5885850598e-14  -3.6665382672e+06   9.9248591688e-02 
  2.3758499865e+20   1.1664545729e+19   7.8744289564e+60   3.4045691258e-30   3.5903060090e-14  -3.8361681062e+06   9.9248591688e-02 
  2.4771462126e+20   1.0129622610e+19   7.4959400923e+60   3.8557500926e-30   3.5924083250e-14  -4.0101412399e+06   9.9248591688e-02 
  2.6270462412e+20   1.4990002859e+19   1.2272428471e+61   4.4351612912e-30   3.5955162865e-14  -4.2045982350e+06   9.9248591688e-02 
  2.7326697878e+20   1.0562354657e+19   9.5334566664e+60   5.0731486971e-30   3.5993294226e-14  -4.3980275421e+06   9.9248591688e-02 
  2.8274836109e+20   9.4813823171e+18   9.2095237407e+60   5.6357620595e-30   3.6028799937e-14  -4.5475325257e+06   9.9248591688e-02 
  2.9267230393e+20   9.9239428389e+18   1.0324002298e+61   6.2029224418e-30   3.6067881707e-14  -4.6893989307e+06   9.9248591688e-02 
  3.0168376858e+20   9.0114646448e+18   1.0001656646e+61   6.7040640695e-30   3.6109199407e-14  -4.8254562480e+06   9.9248591688e-02 
  3.1537671551e+20   1.3692946932e+19   1.6382249974e+61   7.1970552134e-30   3.6159505320e-14  -4.9870297469e+06   9.9248591688e-02 
  3.2948071166e+20   1.4103996148e+19   1.8428445826e+61   7.7154164178e-30   3.6222282744e-14  -5.1893906588e+06   9.9248591688e-02 
  3.4806213677e+20   1.8581425111e+19   2.6804720892e+61   8.2204457122e-30   3.6294529255e-14  -5.4276980396e+06   9.9248591688e-02 
  3.6246463390e+20   1.4402497136e+19   2.2845887730e+61   8.6576382992e-30   3.6372695739e-14  -5.6633084266e+06   9.9248591688e-02 
  3.7843426655e+20   1.5969632650e+19   2.7544186532e+61   8.9821876481e-30   3.6452305146e-14  -5.8605779254e+06   9.9248591688e-02 
  3.9570461837e+20   1.7270351813e+19   3.2520773411e+61   9.2790330991e-30   3.6546086787e-14  -6.0512735669e+06   9.9248591688e-02 
  4.0546150122e+20   9.7568828539e+18   1.9675581820e+61   9.4855218491e-30   3.6625116864e-14  -6.1870388920e+06   9.9248591688e-02 
  4.1474543490e+20   9.2839336827e+18   1.9622183118e+61   9.5930544912e-30   3.6678042518e-14  -6.2742109824e+06   9.9248591688e-02 
  4.3078843294e+20   1.6042998040e+19   3.6037074868e+61   9.6900256827e-30   3.6742663299e-14  -6.3900110962e+06   9.9248591688e-02 
  4.4878453330e+20   1.7996100357e+19   4.3745423063e+61   9.7896538999e-30   3.6832637852e-14  -6.5398402345e+06   9.9248591688e-02 
  4.6471348657e+20   1.5928953268e+19   4.1763447948e+61   9.8693142713e-30   3.6934584476e-14  -6.6808379954e+06   9.9248591688e-02 
  4.7324801803e+20   8.5345314586e+18   2.3589110823e+61   9.9145466861e-30   3.7013128065e-14  -6.7727569697e+06   9.9248591688e-02 
  4.8167705608e+20   8.4290380566e+18   2.4147810583e+61   9.9316376760e-30   3.7067720588e-14  -6.8211033736e+06   9.9248591688e-02 
  4.9864440406e+20   1.6967347978e+19   5.1232343658e+61   9.9370863691e-30   3.7155237321e-14  -6.8689568363e+06   9.9248591688e-02 
  5.1290945396e+20   1.4265049900e+19   4.5859569957e+61   9.9298205123e-30   3.7262606997e-14  -6.9117917666e+06   9.9248591688e-02 
  5.2230535309e+20   9.3958991260e+18   3.1634508707e+61   9.9131017726e-30   3.7335543175e-14  -6.9472792337e+06   9.9248591688e-02 
  5.3007722500e+20   7.7718719181e+18   2.7041495264e+61   9.8931300346e-30   3.7387569088e-14  -6.9770483245e+06   9.9248591687e-02 
  5.3661440071e+20   6.5371757026e+18   2.3368091191e+61   9.8700109128e-30   3.7433611925e-14  -7.0073499400e+06   9.9248591685e-02 
  5.5320675767e+20   1.6592356961e+19   6.1915870071e+61   9.8193204319e-30   3.7506451319e-14  -7.0551316493e+06   9.9248591676e-02 
  5.6387818326e+20   1.0671425595e+19   4.1836747955e+61   9.7550924897e-30   3.7588741008e-14  -7.1042414730e+06   9.9248591647e-02 
  5.6660176445e+20   2.7235811874e+18   1.0934949086e+61   9.7216084675e-30   3.7626894997e-14  -7.1154347473e+06   9.9248591585e-02 
  5.6878493116e+20   2.1831667106e+18   8.8414788056e+60   9.7067169140e-30   3.7638129958e-14  -7.1178906057e+06   9.9248590901e-02 
  5.7673800829e+20   7.9530771244e+18   3.2786844849e+61   9.6710490546e-30   3.7661321710e-14  -7.1190401492e+06   9.9248588852e-02 
  5.8408291103e+20   7.3449027409e+18   3.1093683218e+61   9.6166356298e-30   3.7696941827e-14  -7.1120327563e+06   9.9248580098e-02 
  5.9188450047e+20   7.8015894438e+18   3.3894552895e+61   9.5612097563e-30   3.7731710405e-14  -7.0943577502e+06   9.9248543124e-02 
  6.0831916747e+20   1.6434666998e+19   7.4378569942e+61   9.4684293437e-30   3.7803961852e-14  -7.0617733073e+06   9.9248436061e-02 
  6.2186398383e+20   1.3544816363e+19   6.4399143687e+61   9.3487882365e-30   3.7907534010e-14  -7.0255263003e+06   9.9248192199e-02 
  6.3461831671e+20   1.2754332883e+19   6.3260888481e+61   9.2293275763e-30   3.8001731543e-14  -6.9972056731e+06   9.9247939651e-02 
  6.5117294191e+20   1.6554625197e+19   8.5987269776e+61   9.0733116368e-30   3.8090693383e-14  -6.9504267275e+06   9.9247146520e-02 
  6.6634566141e+20   1.5172719497e+19   8.2745810152e+61   8.8758010057e-30   3.8151790926e-14  -6.8670344220e+06   9.9245080797e-02 
  6.8101963277e+20   1.4673971363e+19   8.3692284594e+61   8.6552005484e-30   3.8179779915e-14  -6.7636282069e+06   9.9239669846e-02 
  6.9520792965e+20   1.4188296874e+19   8.4425964134e+61   8.4102702196e-30   3.8223563166e-14  -6.6674321917e+06   9.9225072442e-02 
  7.1119257227e+20   1.5984642620e+19   9.9332079859e+61   8.1169812897e-30   3.8302009759e-14  -6.6118267869e+06   9.9161831870e-02 
  7.2462867896e+20   1.3436106698e+19   8.7023540260e+61   7.7976043226e-30   3.8388956548e-14  -6.5686787073e+06   9.8893865201e-02 
  7.3230994134e+20   7.6812623726e+18   5.1223471461e+61   7.5364165993e-30   3.8437239032e-14  -6.5076649157e+06   9.8450219151e-02 
  7.3887769979e+20   6.5677584562e+18   4.4658698881e+61   7.3217171089e-30   3.8446815688e-14  -6.4399082349e+06   9.7555405343e-02 
  7.4777693061e+20   8.8992308139e+18   6.1791353281e+61   7.0444599397e-30   3.8447238012e-14  -6.3486712065e+06   9.6967322189e-02 
  7.5131747044e+20   3.5405398379e+18   2.4996438222e+61   6.8013305658e-30   3.8443856855e-14  -6.2697880110e+06   9.6700549503e-02 
  7.5295702298e+20   1.6395525397e+18   1.1655463970e+61   6.6910636691e-30   3.8441883707e-14  -6.2364694990e+06   9.6615609860e-02 
  7.5549837778e+20   2.5413547971e+18   1.8166887761e+61   6.5992611412e-30   3.8441504556e-14  -6.2106500645e+06   9.6588052039e-02 
  7.6195837558e+20   6.4599978028e+18   4.6732338320e+61   6.4771902866e-30   3.8441477629e-14  -6.1574218653e+06   9.6583649282e-02 
  7.6713782586e+20   5.1794502771e+18   3.8045633567e+61   6.3352589179e-30   3.8444416772e-14  -6.0927594334e+06   9.6581891625e-02 
  7.7085593473e+20   3.7181088721e+18   2.7630068932e+61   6.2481528312e-30   3.8450322991e-14  -6.0516689001e+06   9.6581699470e-02 
  7.7428716465e+20   3.4312299144e+18   2.5735808686e+61   6.1931754903e-30   3.8458613111e-14  -6.0242374128e+06   9.6581672854e-02 
  7.7800240137e+20   3.7152367208e+18   2.8124361344e+61   6.1598208038e-30   3.8470231651e-14  -6.0009732161e+06   9.6581671484e-02 
  7.8132690521e+20   3.3245038415e+18   2.5395282734e+61   6.1426782476e-30   3.8484521570e-14  -5.9822177332e+06   9.6581671424e-02 
  7.9406661164e+20   1.2739706430e+19   9.9333758355e+61   6.1302885340e-30   3.8521524233e-14  -5.9497772223e+06   9.6581671421e-02 
  8.0634386855e+20   1.2277256907e+19   9.8792166366e+61   6.1242325317e-30   3.8578127456e-14  -5.9046325836e+06   9.6581671417e-02 
  8.1082440329e+20   4.4805347419e+18   3.6812156295e+61   6.1241600392e-30   3.8612229685e-14  -5.8698523550e+06   9.6581671415e-02 
  8.1383822105e+20   3.0138177604e+18   2.4991581391e+61   6.1275070476e-30   3.8619535947e-14  -5.8485686611e+06   9.6581671414e-02 
  8.1671898071e+20   2.8807596571e+18   2.4061872925e+61   6.1352957084e-30   3.8622534927e-14  -5.8274307672e+06   9.6581671409e-02 
  8.1968019791e+20   2.9612172073e+18   2.4911456303e+61   6.1483809820e-30   3.8623896819e-14  -5.8024496608e+06   9.6581671374e-02 
  8.3055119371e+20   1.0870995794e+19   9.3006900395e+61   6.1932673346e-30   3.8624514068e-14  -5.7319678256e+06   9.6581671250e-02 
  8.3760919068e+20   7.0579969723e+18   6.1703462972e+61   6.2586946968e-30   3.8621332980e-14  -5.6326838761e+06   9.6581670651e-02 
  8.4052145298e+20   2.9122623048e+18   2.5765129727e+61   6.3009928292e-30   3.8610632071e-14  -5.5625020033e+06   9.6581669084e-02 
  8.4424708369e+20   3.7256307096e+18   3.3222390001e+61   6.3308668948e-30   3.8604546074e-14  -5.5169346564e+06   9.6581652491e-02 
  8.5091379581e+20   6.6667121125e+18   6.0184638429e+61   6.3649400468e-30   3.8595862844e-14  -5.4487302815e+06   9.6581603426e-02 
  8.5761831605e+20   6.7045202407e+18   6.1484564280e+61   6.3971856572e-30   3.8587692305e-14  -5.3653932110e+06   9.6581138183e-02 
  8.6669813154e+20   9.0798154940e+18   8.4813473877e+61   6.4236275749e-30   3.8586067856e-14  -5.2762837855e+06   9.6579854320e-02 
  8.7648291825e+20   9.7847867076e+18   9.3409444448e+61   6.4473520728e-30   3.8601218955e-14  -5.1899148359e+06   9.6577101289e-02 
  8.8602882641e+20   9.5459081628e+18   9.3161272151e+61   6.4647860183e-30   3.8632443061e-14  -5.1312220397e+06   9.6576623822e-02 
  9.0123578071e+20   1.5206954299e+19   1.5260905530e+62   6.4790827784e-30   3.8687110445e-14  -5.0698435240e+06   9.6571230817e-02 
  9.1484605647e+20   1.3610275755e+19   1.4102488614e+62   6.4876602330e-30   3.8742707183e-14  -4.9757681212e+06   9.6557909565e-02 
  9.2715397071e+20   1.2307914243e+19   1.3119583926e+62   6.4849572615e-30   3.8761324701e-14  -4.8538002818e+06   9.6529226872e-02 
  9.3920812813e+20   1.2054157420e+19   1.3191208445e+62   6.4737202951e-30   3.8753541891e-14  -4.7117000751e+06   9.6465718446e-02 
  9.5492366171e+20   1.5715533578e+19   1.7713702852e+62   6.4497263994e-30   3.8712721816e-14  -4.4960082837e+06   9.6208654438e-02 
  9.6652560392e+20   1.1601942214e+19   1.3456858698e+62   6.4158301961e-30   3.8658508275e-14  -4.2618861354e+06   9.5267338292e-02 
  9.7563352452e+20   9.1079206002e+18   1.0792993441e+62   6.3818820652e-30   3.8640144204e-14  -4.1244245602e+06   9.1734871474e-02 
  9.8043282207e+20   4.7992975525e+18   5.7689341721e+61   6.3518369736e-30   3.8648154927e-14  -4.0546233199e+06   8.7837773513e-02 
  9.8720687119e+20   6.7740491163e+18   8.2393144865e+61   6.3112069792e-30   3.8669512745e-14  -4.0283760191e+06   8.1467859692e-02 
  9.8987187179e+20   2.6650006038e+18   3.2726184986e+61   6.2686674218e-30   3.8691190517e-14  -4.0168383213e+06   7.6326701569e-02 
  9.9271094751e+20   2.8390757149e+18   3.5058216693e+61   6.2330950835e-30   3.8706015626e-14  -4.0125726624e+06   7.3767887493e-02 
  9.9817109121e+20   5.4601437000e+18   6.7990164385e+61   6.1570522640e-30   3.8729401668e-14  -4.0061687784e+06   7.3498742749e-02 
  1.0020629010e+21   3.8918097613e+18   4.8917429822e+61   6.0769104548e-30   3.8756542967e-14  -3.9974832656e+06   7.3359805792e-02 
  1.0055430728e+21   3.4801717888e+18   4.4066438166e+61   6.0227470141e-30   3.8776539314e-14  -3.9863038303e+06   7.3318001946e-02 
  1.0102448678e+21   4.7017950765e+18   6.0021112737e+61   5.9786998168e-30   3.8795029638e-14  -3.9676896575e+06   7.3313884411e-02 
  1.0153833652e+21   5.1384973692e+18   6.6237880278e+61   5.9353254727e-30   3.8811282166e-14  -3.9376148820e+06   7.3313071335e-02 
  1.0201905563e+21   4.8071910477e+18   6.2577155632e+61   5.9032264366e-30   3.8820555142e-14  -3.8977058299e+06   7.3313014452e-02 
  1.0306955162e+21   1.0504959959e+19   1.3881332077e+62   5.8680930316e-30   3.8825348790e-14  -3.8177660306e+06   7.3313012388e-02 
  1.0390425533e+21   8.3470370679e+18   1.1233506607e+62   5.8336814143e-30   3.8824347149e-14  -3.7102354724e+06   7.3313011823e-02 
  1.0445048618e+21   5.4623085217e+18   7.4496157099e+61   5.8145016757e-30   3.8810558456e-14  -3.6098159654e+06   7.3313011752e-02 
  1.0576831092e+21   1.3178247432e+19   1.8296006779e+62   5.7986506176e-30   3.8779668760e-14  -3.4546438974e+06   7.3313011692e-02 
  1.0684159508e+21   1.0732841529e+19   1.5241765297e+62   5.7816334124e-30   3.8708105324e-14  -3.2016518165e+06   7.3313011455e-02 
  1.0821068627e+21   1.3690911932e+19   1.9891898059e+62   5.7696799656e-30   3.8641463519e-14  -2.9507876075e+06   7.3313010298e-02 
  1.0917303120e+21   9.6234493223e+18   1.4286883260e+62   5.7635949278e-30   3.8603809335e-14  -2.7651819721e+06   7.3313005289e-02 
  1.1008908477e+21   9.1605356694e+18   1.3835678810e+62   5.7642766801e-30   3.8604605135e-14  -2.6528195391e+06   7.3312949085e-02 
  1.1181205566e+21   1.7229708892e+19   2.6653583598e+62   5.7730064712e-30   3.8650411252e-14  -2.5755908813e+06   7.3312826074e-02 
  1.1296437586e+21   1.1523201988e+19   1.8290618704e+62   5.7877002915e-30   3.8724402226e-14  -2.5529411518e+06   7.3312601601e-02 
  1.1407336104e+21   1.1089851877e+19   1.7958711361e+62   5.8040262761e-30   3.8791356417e-14  -2.5378859763e+06   7.3311988706e-02 
  1.1501733078e+21   9.4396973494e+18   1.5564145728e+62   5.8200088032e-30   3.8821109180e-14  -2.4780312124e+06   7.3307920408e-02 
  1.1579057781e+21   7.7324703328e+18   1.2941098161e+62   5.8355127391e-30   3.8824864739e-14  -2.3986014313e+06   7.3288577114e-02 
  1.1749957992e+21   1.7090021052e+19   2.9220865323e+62   5.8643193685e-30   3.8818244900e-14  -2.2491995851e+06   7.3243269038e-02 
  1.1861921090e+21   1.1196309790e+19   1.9610521146e+62   5.8986518661e-30   3.8788645015e-14  -2.0427486131e+06   7.3142418818e-02 
  1.1912724064e+21   5.0802974825e+18   9.0212717344e+61   5.9197618850e-30   3.8754513206e-14  -1.8978006201e+06   7.3004173164e-02 
  1.1972686050e+21   5.9961985784e+18   1.0747122453e+62   5.9372307120e-30   3.8736064287e-14  -1.8095871530e+06   7.2233481573e-02 
  1.2013988685e+21   4.1302634752e+18   7.4656590256e+61   5.9546339723e-30   3.8718596084e-14  -1.7284106845e+06   7.1107763230e-02 
  1.2060169878e+21   4.6181193423e+18   8.4084857125e+61   5.9705626361e-30   3.8702719638e-14  -1.6572283164e+06   6.9564550174e-02 
  1.2094018082e+21   3.3848203196e+18   6.2039838625e+61   5.9846689108e-30   3.8686445107e-14  -1.5895196579e+06   6.8826889270e-02 
  1.2167954691e+21   7.3936608853e+18   1.3672973328e+62   6.0020460324e-30   3.8661582462e-14  -1.4945011156e+06   6.8628955743e-02 
  1.2221521954e+21   5.3567263595e+18   1.0010482139e+62   6.0212182581e-30   3.8623696100e-14  -1.3687999492e+06   6.8499230973e-02 
  1.2309064680e+21   8.7542725842e+18   1.6549605663e+62   6.0415594096e-30   3.8574371479e-14  -1.2171019055e+06   6.8463962605e-02 
  1.2356464229e+21   4.7399548746e+18   9.0595260802e+61   6.0620364460e-30   3.8533274886e-14  -1.0816563144e+06   6.8450599713e-02 
  1.2392360597e+21   3.5896368116e+18   6.9073243664e+61   6.0763998568e-30   3.8516986097e-14  -1.0097705466e+06   6.8446096669e-02 
  1.2431910519e+21   3.9549922059e+18   7.6568278615e+61   6.0906542337e-30   3.8505596675e-14  -9.5595519851e+05   6.8445171803e-02 
  1.2459234906e+21   2.7324386995e+18   5.3185131707e+61   6.1052801228e-30   3.8500912537e-14  -9.1154193195e+05   6.8445107049e-02 
  1.2522336423e+21   6.3101516903e+18   1.2371720484e+62   6.1283994276e-30   3.8498356417e-14  -8.6648905395e+05   6.8445106384e-02 
  1.2569544874e+21   4.7208451066e+18   9.3376283624e+61   6.1607697419e-30   3.8506388450e-14  -8.1978399983e+05   6.8445168794e-02 
  1.2613165787e+21   4.3620913598e+18   8.6906050895e+61   6.1932261066e-30   3.8523966698e-14  -8.0504599232e+05   6.8445870106e-02 
  1.2655607155e+21   4.2441367755e+18   8.5134964349e+61   6.2312008649e-30   3.8548534426e-14  -8.0196370569e+05   6.8448230012e-02 
  1.2829460203e+21   1.7385304753e+19   3.5474026738e+62   6.3521809922e-30   3.8627593236e-14  -8.0227330798e+05   6.8455230580e-02 
  1.2965363504e+21   1.3590330101e+19   2.8408547211e+62   6.5519847330e-30   3.8742621430e-14  -8.0483815888e+05   6.8474416053e-02 
  1.3059320560e+21   9.3957055981e+18   1.9991808899e+62   6.7501839386e-30   3.8801164116e-14  -7.5222716145e+05   6.8513248163e-02 
  1.3216868886e+21   1.5754832672e+19   3.4173828906e+62   7.0903494586e-30   3.8785836227e-14  -6.1945896575e+05   6.8620408558e-02 
  1.3307399406e+21   9.0530519231e+18   2.0009369062e+62   7.5974628611e-30   3.8720208441e-14  -4.1790678573e+05   6.8885834995e-02 
  1.3373917705e+21   6.6518299207e+18   1.4876694265e+62   8.2332658392e-30   3.8680854793e-14  -3.1669077131e+05   6.9844255623e-02 
  1.3438685368e+21   6.4767663311e+18   1.4628065770e+62   9.3095896925e-30   3.8679920402e-14  -2.3873122566e+05   7.3899950646e-02 
  1.3470159801e+21   3.1474432541e+18   7.1597539747e+61   1.0767762168e-29   3.8654736789e-14  -1.4948061631e+05   7.9168192820e-02 
  1.3483275192e+21   1.3115391040e+18   2.9933630354e+61   1.2192833357e-29   3.8601227470e-14  -8.1880531848e+04   8.3648969816e-02 
  1.3532596228e+21   4.9321035789e+18   1.1308903678e+62   1.8039055457e-29   3.8628248096e-14  -9.1345303271e+04   9.0204286939e-02 
  1.3553360866e+21   2.0764638609e+18   4.7858899408e+61   2.8382795849e-29   3.8763114200e-14  -1.3491815751e+05   9.4619231801e-02 
  1.3566786280e+21   1.3425414031e+18   3.1021420395e+61   4.1104651910e-29   3.8720671724e-14  -9.2332134636e+04   9.4332716136e-02 
  1.3597016515e+21   3.0230235309e+18   7.0076550798e+61   8.9878914002e-29   3.8606661808e-14  -1.5493728117e+04   7.5015363095e-02 
  1.3625268551e+21   2.8252035412e+18   6.5773193021e+61   2.7641468390e-28   3.8435509286e-14   2.9259088524e+04   3.6645531692e-02 
  1.3639360260e+21   1.4091709494e+18   3.2908854971e+61   1.1588983009e-27   3.8026746306e-14   5.1532776165e+04   2.2892188659e-02 
  1.3658318952e+21   1.8958691391e+18   4.4382294558e+61   3.1035714432e-26   3.8498950558e-14   3.8827668192e+04   2.0736072103e-02 
  1.3660885339e+21   2.5663875336e+17   6.0173905896e+60   5.6967688967e-26   3.9188338103e-14   2.8709527089e+04   2.0068354487e-02 
  1.3750245077e+21   8.9359737427e+18   2.1093429074e+62   9.0924725899e-26   3.9427517790e-14   3.3142971589e+04   2.0049909507e-02 
  1.3804388272e+21   5.4143195069e+18   1.2914678083e+62   1.3035310616e-24   3.9331338241e-14   3.1853678144e+04   2.0035601621e-02 
  1.3860038732e+21   5.5650459951e+18   1.3380199084e+62   1.3847487990e-24   4.0375060441e-14   3.5527991803e+04   2.0032475642e-02 
  1.3997321832e+21   1.3728310016e+19   3.3469590373e+62   1.5331963717e-24   4.2478518313e-14   4.7010876704e+04   2.0029021040e-02 
  1.4175137570e+21   1.7781573781e+19   4.4337924475e+62   1.8721950502e-24   4.7207073808e-14   6.5202474321e+04   2.0022747519e-02 
  1.4292533714e+21   1.1739614400e+19   2.9888908231e+62   2.2245524236e-24   5.1811655362e-14   8.1482253588e+04   2.0014617680e-02 
  1.4364062880e+21   7.1529165963e+18   1.8453687246e+62   2.4558842336e-24   5.4831424175e-14   9.0338880871e+04   2.0004904474e-02 
  1.4420182443e+21   5.6119563725e+18   1.4607449851e+62   2.6134168133e-24   5.6835051144e-14   9.5668425875e+04   2.0001180352e-02 
  1.4476880702e+21   5.6698258656e+18   1.4873992726e+62   2.7537752136e-24   5.8673712174e-14   1.0004304872e+05   2.0000451645e-02 
  1.4536134514e+21   5.9253811847e+18   1.5669404872e+62   2.9052695087e-24   6.0620905173e-14   1.0446972112e+05   2.0000174579e-02 
  1.4594978324e+21   5.8843810273e+18   1.5687921257e+62   3.0680363633e-24   6.2673545083e-14   1.0887240010e+05   2.0000059496e-02 
  1.4651406909e+21   5.6428584815e+18   1.5163308215e+62   3.2368074164e-24   6.4761897245e-14   1.1310749340e+05   2.0000019086e-02 
  1.4704310510e+21   5.2903601271e+18   1.4322570753e+62   3.4065214535e-24   6.6824916720e-14   1.1713378351e+05   2.0000005956e-02 
  1.4753482352e+21   4.9171841264e+18   1.3405010394e+62   3.5692871920e-24   6.8774153729e-14   1.2091068268e+05   2.0000001749e-02 
  1.4800210560e+21   4.6728208378e+18   1.2821914517e+62   3.7338145228e-24   7.0815645833e-14   1.2437453707e+05   2.0000000500e-02 
  1.4844135492e+21   4.3924932468e+18   1.2126767236e+62   3.8969976622e-24   7.2818034420e-14   1.2799973018e+05   2.0000000134e-02 
  1.4885920121e+21   4.1784628132e+18   1.1602675423e+62   4.0737405919e-24   7.4959369646e-14   1.3157879797e+05   2.0000000035e-02 
  1.4924266013e+21   3.8345892620e+18   1.0705287608e+62   4.2517464581e-24   7.7086611715e-14   1.3523726976e+05   2.0000000008e-02 
  1.4958995972e+21   3.4729959068e+18   9.7433957832e+61   4.4307259379e-24   7.9198949985e-14   1.3873614736e+05   2.0000000002e-02 
  1.4991933940e+21   3.2937968153e+18   9.2825537953e+61   4.6100484359e-24   8.1289281724e-14   1.4213239483e+05   2.0000000000e-02 
  1.5023515702e+21   3.1581761233e+18   8.9387354892e+61   4.7944261221e-24   8.3413280505e-14   1.4543270059e+05   2.0000000000e-02 
  1.5052553847e+21   2.9038145727e+18   8.2520347643e+61   4.9672085219e-24   8.5381778349e-14   1.4840532852e+05   2.0000000000e-02 
  1.5080151744e+21   2.7597896613e+18   7.8723108448e+61   5.1236077985e-24   8.7142641307e-14   1.5094565927e+05   2.0000000000e-02 
  1.5106716067e+21   2.6564322986e+18   7.6047482704e+61   5.2719201768e-24   8.8864708400e-14   1.5326271806e+05   2.0000000000e-02 
  1.5132008967e+21   2.5292900550e+18   7.2656682178e+61   5.4183245328e-24   9.0552968400e-14   1.5546563378e+05   2.0000000000e-02 
  1.5159646868e+21   2.7637900970e+18   7.9671148410e+61   5.5712371112e-24   9.2302747139e-14   1.5767977398e+05   2.0000000000e-02 
  1.5188506958e+21   2.8860089975e+18   8.3504953359e+61   5.7366203530e-24   9.4180718619e-14   1.5998279639e+05   2.0000000000e-02 
  1.5215666888e+21   2.7159929788e+18   7.8876030329e+61   5.9022279973e-24   9.6045918469e-14   1.6219177363e+05   2.0000000000e-02 
  1.5242086170e+21   2.6419282035e+18   7.6995743177e+61   6.0621316684e-24   9.7832938292e-14   1.6423255787e+05   2.0000000000e-02 
  1.5268389868e+21   2.6303698246e+18   7.6924514070e+61   6.2211017042e-24   9.9596401814e-14   1.6618102483e+05   2.0000000000e-02 
  1.5294542727e+21   2.6152858039e+18   7.6746606666e+61   6.3816726426e-24   1.0136473941e-13   1.6807438181e+05   2.0000000000e-02 
  1.5320039918e+21   2.5497190988e+18   7.5075631973e+61   6.5437420318e-24   1.0313678997e-13   1.6991406885e+05   2.0000000000e-02 
  1.5343327574e+21   2.3287656111e+18   6.8788435367e+61   6.7022436450e-24   1.0485839844e-13   1.7165075439e+05   2.0000000000e-02 
  1.5365724440e+21   2.2396866394e+18   6.6354446218e+61   6.8569680258e-24   1.0652892824e-13   1.7331071188e+05   2.0000000000e-02 
  1.5387236219e+21   2.1511778509e+18   6.3914607531e+61   7.0160826334e-24   1.0821745691e-13   1.7496993866e+05   2.0000000000e-02 
  1.5406379626e+21   1.9143407776e+18   5.7028316893e+61   7.1702328906e-24   1.0981302874e-13   1.7653262796e+05   2.0000000000e-02 
  1.5424746153e+21   1.8366526430e+18   5.4847358728e+61   7.3082585911e-24   1.1123555524e-13   1.7786816451e+05   2.0000000000e-02 
  1.5442909044e+21   1.8162891553e+18   5.4367854314e+61   7.4352696105e-24   1.1253860868e-13   1.7902455360e+05   2.0000000000e-02 
  1.5460898522e+21   1.7989477834e+18   5.3974976396e+61   7.5535516307e-24   1.1374723122e-13   1.8003481624e+05   2.0000000000e-02 
  1.5478293506e+21   1.7394984200e+18   5.2310863982e+61   7.6647817689e-24   1.1489702698e-13   1.8095880263e+05   2.0000000000e-02 
  1.5493370928e+21   1.5077421566e+18   4.5436626099e+61   7.7672386171e-24   1.1597814673e-13   1.8178950755e+05   2.0000000000e-02 
  1.5507829413e+21   1.4458485029e+18   4.3654569843e+61   7.8620944547e-24   1.1697539706e-13   1.8255748356e+05   2.0000000000e-02 
  1.5522181996e+21   1.4352582638e+18   4.3415402358e+61   7.9569993213e-24   1.1796973349e-13   1.8331266699e+05   2.0000000000e-02 
  1.5536500889e+21   1.4318893440e+18   4.3393574847e+61   8.0533206462e-24   1.1897549028e-13   1.8407220926e+05   2.0000000000e-02 
  1.5550789449e+21   1.4288559947e+18   4.3381453903e+61   8.1520252392e-24   1.2000259468e-13   1.8482937134e+05   2.0000000000e-02 
  1.5565048586e+21   1.4259137289e+18   4.3371671328e+61   8.2524723130e-24   1.2104412227e-13   1.8558945372e+05   2.0000000000e-02 
  1.5579274355e+21   1.4225768988e+18   4.3349435141e+61   8.3550411543e-24   1.2210377882e-13   1.8634872554e+05   2.0000000000e-02 
  1.5593464888e+21   1.4190533012e+18   4.3321007120e+61   8.4592012296e-24   1.2317606831e-13   1.8711097120e+05   2.0000000000e-02 
  1.5607568399e+21   1.4103510699e+18   4.3133538589e+61   8.5651748802e-24   1.2426310358e-13   1.8787388736e+05   2.0000000000e-02 
  1.5621181474e+21   1.3613074619e+18   4.1707611902e+61   8.6701561428e-24   1.2533618419e-13   1.8863454827e+05   2.0000000000e-02 
  1.5632359859e+21   1.1178385510e+18   3.4302631894e+61   8.7663026543e-24   1.2631572644e-13   1.8931676439e+05   2.0000000000e-02 
  1.5642960632e+21   1.0600772599e+18   3.2575489116e+61   8.8520229700e-24   1.2718643712e-13   1.8992456477e+05   2.0000000000e-02 
  1.5653487679e+21   1.0527046905e+18   3.2392655750e+61   8.9369820703e-24   1.2804703267e-13   1.9051889376e+05   2.0000000000e-02 
  1.5663951435e+21   1.0463756453e+18   3.2241110729e+61   9.0226820148e-24   1.2891276498e-13   1.9111856089e+05   2.0000000000e-02 
  1.5673990292e+21   1.0038857276e+18   3.0972417493e+61   9.1082985103e-24   1.2977529618e-13   1.9170952448e+05   2.0000000000e-02 
  1.5681961230e+21   7.9709374113e+17   2.4620634997e+61   9.1844322552e-24   1.3054035688e-13   1.9223705718e+05   2.0000000000e-02 
  1.5691425224e+21   9.4639943840e+17   2.9264907653e+61   9.2599103175e-24   1.3129702342e-13   1.9275266398e+05   2.0000000000e-02 
  1.5699289048e+21   7.8638239893e+17   2.4343670547e+61   9.3356541704e-24   1.3205459857e-13   1.9327462507e+05   2.0000000000e-02 
  1.5708738985e+21   9.4499364391e+17   2.9286003705e+61   9.4132910507e-24   1.3282929621e-13   1.9380021301e+05   2.0000000000e-02 
  1.5716552818e+21   7.8138333857e+17   2.4242235525e+61   9.4915721863e-24   1.3360857020e-13   1.9433355181e+05   2.0000000000e-02 
  1.5725925203e+21   9.3723850808e+17   2.9109419284e+61   9.5714386492e-24   1.3440175000e-13   1.9486951068e+05   2.0000000000e-02 
  1.5733679343e+21   7.7541395990e+17   2.4109600560e+61   9.6520476505e-24   1.3520037500e-13   1.9541252348e+05   2.0000000000e-02 
  1.5743014187e+21   9.3348448725e+17   2.9055958185e+61   9.7342866036e-24   1.3601321631e-13   1.9596091953e+05   2.0000000000e-02 
  1.5750295583e+21   7.2813956556e+17   2.2688256357e+61   9.8154605814e-24   1.3681359920e-13   1.9650118840e+05   2.0000000000e-02 
  1.5757039529e+21   6.7439454665e+17   2.1032324484e+61   9.8851454826e-24   1.3749921264e-13   1.9696244328e+05   2.0000000000e-02 
  1.5763873889e+21   6.8343601029e+17   2.1332675425e+61   9.9537154591e-24   1.3817228698e-13   1.9741392152e+05   2.0000000000e-02 
  1.5770579137e+21   6.7052483855e+17   2.0947652189e+61   1.0022983437e-23   1.3885086528e-13   1.9786921483e+05   2.0000000000e-02 
  1.5776969420e+21   6.3902826582e+17   1.9980262152e+61   1.0091036126e-23   1.3951625562e-13   1.9831267778e+05   2.0000000000e-02 
  1.5780789483e+21   3.8200629067e+17   1.1951782943e+61   1.0144539820e-23   1.4003850701e-13   1.9866107946e+05   2.0000000000e-02 
  1.5784148413e+21   3.3589301853e+17   1.0513824658e+61   1.0182576218e-23   1.4040931520e-13   1.9890715324e+05   2.0000000000e-02 
  1.5787444936e+21   3.2965236424e+17   1.0322837000e+61   1.0218056333e-23   1.4075485094e-13   1.9913677174e+05   2.0000000000e-02 
  1.5790779161e+21   3.3342243326e+17   1.0445280226e+61   1.0253699879e-23   1.4110164157e-13   1.9936619834e+05   2.0000000000e-02 
  1.5794126283e+21   3.3471222299e+17   1.0490123681e+61   1.0289802984e-23   1.4145255975e-13   1.9959857708e+05   2.0000000000e-02 
  1.5797472569e+21   3.3462861258e+17   1.0491948721e+61   1.0326257377e-23   1.4180654182e-13   1.9983191159e+05   2.0000000000e-02 
  1.5800811997e+21   3.3394281389e+17   1.0474878362e+61   1.0362847724e-23   1.4216149450e-13   2.0006612520e+05   2.0000000000e-02 
  1.5804146326e+21   3.3343283240e+17   1.0463300058e+61   1.0399664128e-23   1.4251828290e-13   2.0030034863e+05   2.0000000000e-02 
  1.5807475848e+21   3.3295226086e+17   1.0452625910e+61   1.0436587074e-23   1.4287575302e-13   2.0053539209e+05   2.0000000000e-02 
  1.5810801260e+21   3.3254120591e+17   1.0444117386e+61   1.0473766999e-23   1.4323534997e-13   2.0077038559e+05   2.0000000000e-02 
  1.5814122643e+21   3.3213830187e+17   1.0435849650e+61   1.0511046560e-23   1.4359555281e-13   2.0100630687e+05   2.0000000000e-02 
  1.5817439818e+21   3.3171750800e+17   1.0427004424e+61   1.0548589100e-23   1.4395793560e-13   2.0124212348e+05   2.0000000000e-02 
  1.5820752692e+21   3.3128735855e+17   1.0417849209e+61   1.0586229803e-23   1.4432090148e-13   2.0147880306e+05   2.0000000000e-02 
  1.5824061228e+21   3.3085363876e+17   1.0408565564e+61   1.0624123360e-23   1.4468594259e-13   2.0171536784e+05   2.0000000000e-02 
  1.5827365483e+21   3.3042547481e+17   1.0399440606e+61   1.0662124947e-23   1.4505165222e-13   2.0195272043e+05   2.0000000000e-02 
  1.5830665455e+21   3.2999714992e+17   1.0390294604e+61   1.0700358793e-23   1.4541923694e-13   2.0219006068e+05   2.0000000000e-02 
  1.5833961122e+21   3.2956672279e+17   1.0381066405e+61   1.0738744593e-23   1.4578789722e-13   2.0242797586e+05   2.0000000000e-02 
  1.5837252492e+21   3.2913704372e+17   1.0371845748e+61   1.0777314440e-23   1.4615796366e-13   2.0266625100e+05   2.0000000000e-02 
  1.5840539550e+21   3.2870579611e+17   1.0362559644e+61   1.0816105577e-23   1.4652976300e-13   2.0290483338e+05   2.0000000000e-02 
  1.5843822232e+21   3.2826816678e+17   1.0353056192e+61   1.0855057353e-23   1.4690260139e-13   2.0314416202e+05   2.0000000000e-02 
  1.5847100569e+21   3.2783372695e+17   1.0343637125e+61   1.0894249371e-23   1.4727731789e-13   2.0338360100e+05   2.0000000000e-02 
  1.5850374506e+21   3.2739364219e+17   1.0334023710e+61   1.0933585904e-23   1.4765303967e-13   2.0362367288e+05   2.0000000000e-02 
  1.5853644045e+21   3.2695390559e+17   1.0324404957e+61   1.0973141375e-23   1.4803048241e-13   2.0386392860e+05   2.0000000000e-02 
  1.5856909200e+21   3.2651552516e+17   1.0314812749e+61   1.1012870267e-23   1.4840919696e-13   2.0410471379e+05   2.0000000000e-02 
  1.5860169938e+21   3.2607384748e+17   1.0305100078e+61   1.1052808761e-23   1.4878953200e-13   2.0434587307e+05   2.0000000000e-02 
  1.5863426258e+21   3.2563197335e+17   1.0295364845e+61   1.1092943866e-23   1.4917135609e-13   2.0458755151e+05   2.0000000000e-02 
  1.5866678132e+21   3.2518741852e+17   1.0285528466e+61   1.1133291497e-23   1.4955481977e-13   2.0482969428e+05   2.0000000000e-02 
  1.5869925544e+21   3.2474115221e+17   1.0275621491e+61   1.1173846315e-23   1.4993986628e-13   2.0507237409e+05   2.0000000000e-02 
  1.5873168464e+21   3.2429198867e+17   1.0265606306e+61   1.1214628030e-23   1.5032667277e-13   2.0531563264e+05   2.0000000000e-02 
  1.5876406875e+21   3.2384115465e+17   1.0255521636e+61   1.1255678161e-23   1.5071560209e-13   2.0555983197e+05   2.0000000000e-02 
  1.5879640655e+21   3.2337793916e+17   1.0245028003e+61   1.1297114349e-23   1.5110770600e-13   2.0580603956e+05   2.0000000000e-02 
  1.5882869732e+21   3.2290777883e+17   1.0234297131e+61   1.1339266072e-23   1.5150596451e-13   2.0605537126e+05   2.0000000000e-02 
  1.5886094250e+21   3.2245175796e+17   1.0223997338e+61   1.1381217821e-23   1.5190288791e-13   2.0630258990e+05   2.0000000000e-02 
  1.5889314821e+21   3.2205707854e+17   1.0215626917e+61   1.1420854160e-23   1.5227817289e-13   2.0653005165e+05   2.0000000000e-02 
  1.5892532356e+21   3.2175347786e+17   1.0210132877e+61   1.1457416260e-23   1.5262428520e-13   2.0673130836e+05   2.0000000000e-02 
  1.5895747569e+21   3.2152136067e+17   1.0206897717e+61   1.1491396383e-23   1.5294521220e-13   2.0690906294e+05   2.0000000000e-02 
  1.5898960860e+21   3.2132911445e+17   1.0204920945e+61   1.1523993216e-23   1.5325785801e-13   2.0707767073e+05   2.0000000000e-02 
  1.5902172300e+21   3.2114396902e+17   1.0203163250e+61   1.1556526936e-23   1.5357361897e-13   2.0724502472e+05   2.0000000000e-02 
  1.5905381859e+21   3.2095587033e+17   1.0201305373e+61   1.1589277202e-23   1.5389123043e-13   2.0741366092e+05   2.0000000000e-02 
  1.5908589468e+21   3.2076093917e+17   1.0199223792e+61   1.1622314421e-23   1.5421137909e-13   2.0758384923e+05   2.0000000000e-02 
  1.5911795100e+21   3.2056321390e+17   1.0197046643e+61   1.1655663584e-23   1.5453430928e-13   2.0775607890e+05   2.0000000000e-02 
  1.5914998639e+21   3.2035384067e+17   1.0194491976e+61   1.1689396967e-23   1.5486071509e-13   2.0793050192e+05   2.0000000000e-02 
  1.5918200006e+21   3.2013669303e+17   1.0191682536e+61   1.1723502700e-23   1.5519048433e-13   2.0810756106e+05   2.0000000000e-02 
  1.5921399111e+21   3.1991053367e+17   1.0188578514e+61   1.1758044894e-23   1.5552423420e-13   2.0828709541e+05   2.0000000000e-02 
  1.5924595758e+21   3.1966475745e+17   1.0184841491e+61   1.1792966983e-23   1.5586142052e-13   2.0846936434e+05   2.0000000000e-02 
  1.5927789865e+21   3.1941065401e+17   1.0180830383e+61   1.1828311264e-23   1.5620244970e-13   2.0865387144e+05   2.0000000000e-02 
  1.5930981373e+21   3.1915076991e+17   1.0176625986e+61   1.1863984221e-23   1.5654641853e-13   2.0884068713e+05   2.0000000000e-02 
  1.5934170250e+21   3.1888774934e+17   1.0172312373e+61   1.1900013118e-23   1.5689358534e-13   2.0902911548e+05   2.0000000000e-02 
  1.5937356441e+21   3.1861910154e+17   1.0167809887e+61   1.1936289992e-23   1.5724290422e-13   2.0921916816e+05   2.0000000000e-02 
  1.5940539877e+21   3.1834358726e+17   1.0163078673e+61   1.1972846921e-23   1.5759467573e-13   2.0941015226e+05   2.0000000000e-02 
  1.5943720707e+21   3.1808303522e+17   1.0158815684e+61   1.2009587476e-23   1.5794796321e-13   2.0960220611e+05   2.0000000000e-02 
  1.5946899158e+21   3.1784501019e+17   1.0155263431e+61   1.2046569212e-23   1.5830331079e-13   2.0979481181e+05   2.0000000000e-02 
  1.5950075229e+21   3.1760717572e+17   1.0151708981e+61   1.2083718917e-23   1.5866000604e-13   2.0998830733e+05   2.0000000000e-02 
  1.5953248727e+21   3.1734974702e+17   1.0147519587e+61   1.2121108617e-23   1.5901873506e-13   2.1018233641e+05   2.0000000000e-02 
  1.5956419444e+21   3.1707171285e+17   1.0142661901e+61   1.2158680515e-23   1.5937893626e-13   2.1037730552e+05   2.0000000000e-02 
  1.5959587176e+21   3.1677323230e+17   1.0137139971e+61   1.2196499122e-23   1.5974122855e-13   2.1057295394e+05   2.0000000000e-02 
  1.5962751840e+21   3.1646635559e+17   1.0131338617e+61   1.2234519766e-23   1.6010517831e-13   2.1076959374e+05   2.0000000000e-02 
  1.5965913394e+21   3.1615538761e+17   1.0125395315e+61   1.2272782298e-23   1.6047114652e-13   2.1096700037e+05   2.0000000000e-02 
  1.5969071795e+21   3.1584009600e+17   1.0119302421e+61   1.2311247811e-23   1.6083877027e-13   2.1116526097e+05   2.0000000000e-02 
  1.5972227038e+21   3.1552436551e+17   1.0113184260e+61   1.2349925787e-23   1.6120815274e-13   2.1136414651e+05   2.0000000000e-02 
  1.5975379110e+21   3.1520719602e+17   1.0107008742e+61   1.2388786914e-23   1.6157901511e-13   2.1156362583e+05   2.0000000000e-02 
  1.5978527972e+21   3.1488619484e+17   1.0100699036e+61   1.2427833610e-23   1.6195137958e-13   2.1176352297e+05   2.0000000000e-02 
  1.5981673624e+21   3.1456516523e+17   1.0094377026e+61   1.2467043228e-23   1.6232501663e-13   2.1196382260e+05   2.0000000000e-02 
  1.5984816035e+21   3.1424115005e+17   1.0087947767e+61   1.2506424952e-23   1.6270000863e-13   2.1216438288e+05   2.0000000000e-02 
  1.5987955178e+21   3.1391428372e+17   1.0081415435e+61   1.2545953376e-23   1.6307611181e-13   2.1236526329e+05   2.0000000000e-02 
  1.5991091056e+21   3.1358776246e+17   1.0074882602e+61   1.2585650010e-23   1.6345352623e-13   2.1256631926e+05   2.0000000000e-02 
  1.5994223641e+21   3.1325849352e+17   1.0068249869e+61   1.2625484865e-23   1.6383196563e-13   2.1276767851e+05   2.0000000000e-02 
  1.5997352910e+21   3.1292693184e+17   1.0061531740e+61   1.2665487391e-23   1.6421170699e-13   2.1296917171e+05   2.0000000000e-02 
  1.6000478873e+21   3.1259627920e+17   1.0054831112e+61   1.2705624938e-23   1.6459243865e-13   2.1317094708e+05   2.0000000000e-02 
  1.6003601498e+21   3.1226252307e+17   1.0048018900e+61   1.2745927920e-23   1.6497444776e-13   2.1337282409e+05   2.0000000000e-02 
  1.6006720786e+21   3.1192881876e+17   1.0041196547e+61   1.2786365670e-23   1.6535744070e-13   2.1357493318e+05   2.0000000000e-02 
  1.6009836740e+21   3.1159538548e+17   1.0034371126e+61   1.2826962985e-23   1.6574165156e-13   2.1377711651e+05   2.0000000000e-02 
  1.6012949334e+21   3.1125935472e+17   1.0027450228e+61   1.2867694370e-23   1.6612683562e-13   2.1397947404e+05   2.0000000000e-02 
  1.6016058571e+21   3.1092377527e+17   1.0020532009e+61   1.2908576591e-23   1.6651315100e-13   2.1418188428e+05   2.0000000000e-02 
  1.6019164452e+21   3.1058808460e+17   1.0013598361e+61   1.2949590826e-23   1.6690041660e-13   2.1438441230e+05   2.0000000000e-02 
  1.6022266954e+21   3.1025013651e+17   1.0006580051e+61   1.2990746759e-23   1.6728872346e-13   2.1458697158e+05   2.0000000000e-02 
  1.6025366089e+21   3.0991358029e+17   9.9995947444e+60   1.3032032086e-23   1.6767795292e-13   2.1478959096e+05   2.0000000000e-02 
  1.6028461850e+21   3.0957608043e+17   9.9925671196e+60   1.3073452589e-23   1.6806815871e-13   2.1499220695e+05   2.0000000000e-02 
  1.6031554221e+21   3.0923711879e+17   9.9854804039e+60   1.3115000704e-23   1.6845926708e-13   2.1519482688e+05   2.0000000000e-02 
  1.6034643219e+21   3.0889972786e+17   9.9784325114e+60   1.3156679031e-23   1.6885130135e-13   2.1539741084e+05   2.0000000000e-02 
  1.6037728828e+21   3.0856095906e+17   9.9713282254e+60   1.3198483542e-23   1.6924422143e-13   2.1559995878e+05   2.0000000000e-02 
  1.6040811043e+21   3.0822151155e+17   9.9641900937e+60   1.3240415302e-23   1.6963803572e-13   2.1580244934e+05   2.0000000000e-02 
  1.6043889880e+21   3.0788366291e+17   9.9570917631e+60   1.3282471647e-23   1.7003271711e-13   2.1600488954e+05   2.0000000000e-02 
  1.6046965319e+21   3.0754388972e+17   9.9499193078e+60   1.3324652688e-23   1.7042826534e-13   2.1620727631e+05   2.0000000000e-02 
  1.6050037362e+21   3.0720433289e+17   9.9427419456e+60   1.3366958175e-23   1.7082467665e-13   2.1640961156e+05   2.0000000000e-02 
  1.6053106020e+21   3.0686576934e+17   9.9355848560e+60   1.3409389828e-23   1.7122196556e-13   2.1661189349e+05   2.0000000000e-02 
  1.6056171271e+21   3.0652512246e+17   9.9283484269e+60   1.3451948046e-23   1.7162013384e-13   2.1681413065e+05   2.0000000000e-02 
  1.6059233125e+21   3.0618541554e+17   9.9211305450e+60   1.3494632989e-23   1.7201918255e-13   2.1701633385e+05   2.0000000000e-02 
  1.6062291583e+21   3.0584578522e+17   9.9139032748e+60   1.3537450310e-23   1.7241916662e-13   2.1721846628e+05   2.0000000000e-02 
  1.6065346625e+21   3.0550414179e+17   9.9065988532e+60   1.3580421800e-23   1.7282027136e-13   2.1742048169e+05   2.0000000000e-02 
  1.6068398268e+21   3.0516435259e+17   9.8993426680e+60   1.3623479846e-23   1.7322185402e-13   2.1762289091e+05   2.0000000000e-02 
  1.6071446501e+21   3.0482331175e+17   9.8920340106e+60   1.3666698736e-23   1.7362473372e-13   2.1782515297e+05   2.0000000000e-02 
  1.6074491285e+21   3.0447835778e+17   9.8845864087e+60   1.3710193529e-23   1.7402980073e-13   2.1802623856e+05   2.0000000000e-02 
  1.6077532647e+21   3.0413623313e+17   9.8772186914e+60   1.3753750096e-23   1.7443494323e-13   2.1822884356e+05   2.0000000000e-02 
  1.6080570610e+21   3.0379629244e+17   9.8699100359e+60   1.3797054264e-23   1.7483765141e-13   2.1843357172e+05   2.0000000000e-02 
  1.6083605102e+21   3.0344921289e+17   9.8623575023e+60   1.3841049361e-23   1.7524682317e-13   2.1863528041e+05   2.0000000000e-02 
  1.6086636037e+21   3.0309348572e+17   9.8545116859e+60   1.3885730958e-23   1.7566162448e-13   2.1883201961e+05   2.0000000000e-02 
  1.6089663491e+21   3.0274541879e+17   9.8469026923e+60   1.3929961591e-23   1.7607092457e-13   2.1903815892e+05   2.0000000000e-02 
  1.6092687615e+21   3.0241240204e+17   9.8397714023e+60   1.3972595617e-23   1.7646641398e-13   2.1925288083e+05   2.0000000000e-02 
  1.6095708114e+21   3.0204985311e+17   9.8316671418e+60   1.4017998734e-23   1.7688890793e-13   2.1945351671e+05   2.0000000000e-02 
  1.6098724478e+21   3.0163646640e+17   9.8218945940e+60   1.4066244172e-23   1.7733539849e-13   2.1962981126e+05   2.0000000000e-02 
  1.6101737115e+21   3.0126365711e+17   9.8134296269e+60   1.4112342080e-23   1.7775693327e-13   2.1984891002e+05   2.0000000000e-02 
  1.6104746911e+21   3.0097955710e+17   9.8078429702e+60   1.4149289341e-23   1.7809845643e-13   2.2010936376e+05   2.0000000000e-02 
  1.6107751201e+21   3.0042903494e+17   9.7935600114e+60   1.4194426069e-23   1.7852559229e-13   2.2032281902e+05   2.0000000000e-02 
  1.6110748859e+21   2.9976583630e+17   9.7755825027e+60   1.4271490972e-23   1.7924043956e-13   2.2044300368e+05   2.0000000000e-02 
  1.6113785618e+21   3.0367584907e+17   9.9068008497e+60   1.4296578295e-23   1.7946603083e-13   2.2023066048e+05   2.0000000000e-02 
  1.6117653618e+21   3.8679999095e+17   1.2623963412e+61   1.3386225196e-23   1.7125407737e-13   2.1813856148e+05   2.0000000000e-02 
  1.6125575528e+21   7.9219105105e+17   2.5873600787e+61   8.3548391240e-24   1.2430742787e-13   1.6637974377e+05   2.0000000000e-02 
  1.6139902791e+21   1.4327262961e+18   4.6858604272e+61   3.1429667193e-24   6.5344968609e-14   5.3396885791e+04   2.0000000000e-02 
  1.6158173042e+21   1.8270250908e+18   5.9875303860e+61   2.3383037966e-24   5.3644953978e-14   8.2215453067e+03   2.0000000000e-02 
  1.6177356881e+21   1.9183839176e+18   6.3015213781e+61   2.2381826504e-24   5.2084551888e-14   9.8531292270e+02   2.0000000000e-02 
  1.6196665684e+21   1.9308803180e+18   6.3576791978e+61   2.2261585919e-24   5.1896051552e-14   1.1384631273e+02   2.0000000000e-02 
  1.6215989175e+21   1.9323490168e+18   6.3777090675e+61   2.2247676724e-24   5.1874222664e-14   1.3074028742e+01   2.0000000000e-02 
  1.6235314355e+21   1.9325180320e+18   6.3934867889e+61   2.2246079265e-24   5.1871714657e-14   1.4980777759e+00   2.0000000000e-02 
  1.6254639729e+21   1.9325374038e+18   6.4087897985e+61   2.2245896234e-24   5.1871427215e-14   1.7136130031e-01   2.0000000000e-02 
  1.6273965125e+21   1.9325396201e+18   6.4240543109e+61   2.2245875298e-24   5.1871394328e-14   1.9573415323e-02   2.0000000000e-02 
  1.6293290524e+21   1.9325398736e+18   6.4393304671e+61   2.2245872902e-24   5.1871390565e-14   2.2300597477e-03   2.0000000000e-02 
  1.6312615923e+21   1.9325399027e+18   6.4546240188e+61   2.2245872627e-24   5.1871390134e-14   2.3194247405e-04   2.0000000000e-02 
  1.6331941322e+21   1.9325399057e+18   6.4699356230e+61   2.2245872599e-24   5.1871390087e-14   1.7726302401e-05   2.0000000000e-02 
  1.6351266721e+21   1.9325399057e+18   6.4852653568e+61   2.2245872600e-24   5.1871390088e-14   2.1330686290e-06   2.0000000000e-02 
  1.6370592120e+21   1.9325399057e+18   6.5006132300e+61   2.2245872600e-24   5.1871390089e-14   1.9813910999e-06   2.0000000000e-02 
  1.6389917519e+21   1.9325399057e+18   6.5159792427e+61   2.2245872600e-24   5.1871390089e-14   2.0583721064e-06   2.0000000000e-02 
  1.6409242918e+21   1.9325399057e+18   6.5313633950e+61   2.2245872600e-24   5.1871390089e-14   2.0575753275e-06   2.0000000000e-02 
  1.6428568317e+21   1.9325399057e+18   6.5467656867e+61   2.2245872600e-24   5.1871390089e-14   2.0072541050e-06   2.0000000000e-02 
  1.6447893716e+21   1.9325399057e+18   6.5621861179e+61   2.2245872600e-24   5.1871390089e-14   1.9220070188e-06   2.0000000000e-02 
  1.6467219115e+21   1.9325399057e+18   6.5776246887e+61   2.2245872600e-24   5.1871390089e-14   1.8292692495e-06   2.0000000000e-02 
  1.6486544514e+21   1.9325399057e+18   6.5930813989e+61   2.2245872600e-24   5.1871390089e-14   1.7428447753e-06   2.0000000000e-02 
  1.6505869914e+21   1.9325399057e+18   6.6085562486e+61   2.2245872600e-24   5.1871390089e-14   1.6877145251e-06   2.0000000000e-02 
  1.6525195313e+21   1.9325399057e+18   6.6240492379e+61   2.2245872600e-24   5.1871390089e-14   1.6426587106e-06   2.0000000000e-02 
  1.6544520712e+21   1.9325399057e+18   6.6395603666e+61   2.2245872600e-24   5.1871390089e-14   1.6055727282e-06   2.0000000000e-02 
  1.6563846111e+21   1.9325399057e+18   6.6550896348e+61   2.2245872600e-24   5.1871390089e-14   1.5570737954e-06   2.0000000000e-02 
  1.6583171510e+21   1.9325399057e+18   6.6706370425e+61   2.2245872600e-24   5.1871390089e-14   1.4380293511e-06   2.0000000000e-02 
  1.6602496909e+21   1.9325399057e+18   6.6862025897e+61   2.2245872600e-24   5.1871390089e-14   1.1970839768e-06   2.0000000000e-02 
  1.6621822308e+21   1.9325399057e+18   6.7017862765e+61   2.2245872600e-24   5.1871390089e-14   9.9408772042e-07   2.0000000000e-02 
  1.6641147707e+21   1.9325399057e+18   6.7173881027e+61   2.2245872600e-24   5.1871390089e-14   8.2445066311e-07   2.0000000000e-02 
  1.6660473106e+21   1.9325399057e+18   6.7330080684e+61   2.2245872600e-24   5.1871390089e-14   4.3026095077e-07   2.0000000000e-02 
  1.6679798505e+21   1.9325399057e+18   6.7486461736e+61   2.2245872600e-24   5.1871390089e-14   2.8885402267e-09   2.0000000000e-02 
  1.6699123904e+21   1.9325399057e+18   6.7643024183e+61   2.2245872600e-24   5.1871390089e-14  -3.3537073792e-08   2.0000000000e-02 
  1.6718449303e+21   1.9325399057e+18   6.7799768025e+61   2.2245872600e-24   5.1871390089e-14   1.9686327018e-07   2.0000000000e-02 
  1.6737774702e+21   1.9325399057e+18   6.7956693262e+61   2.2245872600e-24   5.1871390089e-14   3.4345066812e-07   2.0000000000e-02 
  1.6757100101e+21   1.9325399057e+18   6.8113799894e+61   2.2245872600e-24   5.1871390088e-14   4.8664067684e-07   2.0000000000e-02 
  1.6776425500e+21   1.9325399057e+18   6.8271087921e+61   2.2245872600e-24   5.1871390088e-14   7.3581719221e-07   2.0000000000e-02 
  1.6795750899e+21   1.9325399057e+18   6.8428557343e+61   2.2245872600e-24   5.1871390088e-14   9.2842588080e-07   2.0000000000e-02 
  1.6815076298e+21   1.9325399057e+18   6.8586208160e+61   2.2245872600e-24   5.1871390088e-14   9.7357237037e-07   2.0000000000e-02 
  1.6834401697e+21   1.9325399057e+18   6.8744040372e+61   2.2245872600e-24   5.1871390088e-14   9.5543778121e-07   2.0000000000e-02 
  1.6853727097e+21   1.9325399057e+18   6.8902053979e+61   2.2245872600e-24   5.1871390088e-14   9.6872449726e-07   2.0000000000e-02 
  1.6873052496e+21   1.9325399057e+18   6.9060248981e+61   2.2245872600e-24   5.1871390088e-14   1.0036672933e-06   2.0000000000e-02 
  1.6892377895e+21   1.9325399057e+18   6.9218625378e+61   2.2245872600e-24   5.1871390088e-14   9.5921314550e-07   2.0000000000e-02 
  1.6911703294e+21   1.9325399057e+18   6.9377183170e+61   2.2245872600e-24   5.1871390088e-14   8.5584234111e-07   2.0000000000e-02 
  1.6931028693e+21   1.9325399057e+18   6.9535922357e+61   2.2245872600e-24   5.1871390088e-14   6.9295141915e-07   2.0000000000e-02 
  1.6950354092e+21   1.9325399057e+18   6.9694842939e+61   2.2245872600e-24   5.1871390088e-14   5.8052890569e-07   2.0000000000e-02 
  1.6969679491e+21   1.9325399057e+18   6.9853944916e+61   2.2245872600e-24   5.1871390088e-14   6.4853159514e-07   2.0000000000e-02 
  1.6989004890e+21   1.9325399057e+18   7.0013228288e+61   2.2245872600e-24   5.1871390088e-14   8.4748056100e-07   2.0000000000e-02 
  1.7008330289e+21   1.9325399057e+18   7.0172693055e+61   2.2245872600e-24   5.1871390088e-14   1.0683491664e-06   2.0000000000e-02 
  1.7027655688e+21   1.9325399057e+18   7.0332339216e+61   2.2245872600e-24   5.1871390088e-14   1.1312960615e-06   2.0000000000e-02 
  1.7046981087e+21   1.9325399057e+18   7.0492166773e+61   2.2245872600e-24   5.1871390088e-14   1.1802880270e-06   2.0000000000e-02 
  1.7066306486e+21   1.9325399057e+18   7.0652175725e+61   2.2245872600e-24   5.1871390088e-14   1.3135084580e-06   2.0000000000e-02 
  1.7085631885e+21   1.9325399057e+18   7.0812366072e+61   2.2245872600e-24   5.1871390088e-14   1.3981755686e-06   2.0000000000e-02 
  1.7104957284e+21   1.9325399057e+18   7.0972737814e+61   2.2245872600e-24   5.1871390088e-14   1.1852048291e-06   2.0000000000e-02 
  1.7124282683e+21   1.9325399057e+18   7.1133290950e+61   2.2245872600e-24   5.1871390088e-14   9.4292987964e-07   2.0000000000e-02 
  1.7143608082e+21   1.9325399057e+18   7.1294025482e+61   2.2245872600e-24   5.1871390088e-14   9.0241564102e-07   2.0000000000e-02 
  1.7162933481e+21   1.9325399057e+18   7.1454941409e+61   2.2245872600e-24   5.1871390088e-14   8.7115579734e-07   2.0000000000e-02 
  1.7182258881e+21   1.9325399057e+18   7.1616038730e+61   2.2245872600e-24   5.1871390088e-14   8.0746410958e-07   2.0000000000e-02 
  1.7201584280e+21   1.9325399057e+18   7.1777317447e+61   2.2245872600e-24   5.1871390087e-14   5.7749776510e-07   2.0000000000e-02 
  1.7220909679e+21   1.9325399057e+18   7.1938777559e+61   2.2245872600e-24   5.1871390087e-14   4.9169607405e-07   2.0000000000e-02 
  1.7240235078e+21   1.9325399057e+18   7.2100419065e+61   2.2245872600e-24   5.1871390087e-14   6.6064508173e-07   2.0000000000e-02 
  1.7259560477e+21   1.9325399057e+18   7.2262241967e+61   2.2245872600e-24   5.1871390087e-14   9.5190741059e-07   2.0000000000e-02 
  1.7278885876e+21   1.9325399057e+18   7.2424246264e+61   2.2245872600e-24   5.1871390087e-14   1.1880524068e-06   2.0000000000e-02 
  1.7298211275e+21   1.9325399057e+18   7.2586431955e+61   2.2245872600e-24   5.1871390087e-14   1.3663562541e-06   2.0000000000e-02 
  1.7317536674e+21   1.9325399057e+18   7.2748799042e+61   2.2245872600e-24   5.1871390087e-14   1.4579710879e-06   2.0000000000e-02 
  1.7336862073e+21   1.9325399057e+18   7.2911347523e+61   2.2245872600e-24   5.1871390087e-14   1.3089064329e-06   2.0000000000e-02 
  1.7356187472e+21   1.9325399057e+18   7.3074077400e+61   2.2245872600e-24   5.1871390087e-14   1.1913362014e-06   2.0000000000e-02 
  1.7375512871e+21   1.9325399057e+18   7.3236988671e+61   2.2245872600e-24   5.1871390086e-14   1.1766727509e-06   2.0000000000e-02 
  1.7394838270e+21   1.9325399057e+18   7.3400081338e+61   2.2245872600e-24   5.1871390086e-14   9.5371467040e-07   2.0000000000e-02 
  1.7414163669e+21   1.9325399057e+18   7.3563355399e+61   2.2245872600e-24   5.1871390086e-14   6.7668142790e-07   2.0000000000e-02 
  1.7433489068e+21   1.9325399057e+18   7.3726810856e+61   2.2245872600e-24   5.1871390086e-14   3.2226104301e-07   2.0000000000e-02 
  1.7452814467e+21   1.9325399057e+18   7.3890447707e+61   2.2245872600e-24   5.1871390086e-14  -1.2051274013e-08   2.0000000000e-02 
  1.7472139866e+21   1.9325399057e+18   7.4054265954e+61   2.2245872600e-24   5.1871390086e-14  -1.8254229458e-07   2.0000000000e-02 
  1.7491465265e+21   1.9325399057e+18   7.4218265595e+61   2.2245872600e-24   5.1871390086e-14  -2.4375516180e-07   2.0000000000e-02 
  1.7510790664e+21   1.9325399057e+18   7.4382446632e+61   2.2245872600e-24   5.1871390086e-14   9.9152445955e-08   2.0000000000e-02 
  1.7530116064e+21   1.9325399057e+18   7.4546809063e+61   2.2245872600e-24   5.1871390086e-14   4.7006997395e-07   2.0000000000e-02 
  1.7549441463e+21   1.9325399057e+18   7.4711352889e+61   2.2245872600e-24   5.1871390086e-14   5.2545669907e-07   2.0000000000e-02 
  1.7568766862e+21   1.9325399057e+18   7.4876078111e+61   2.2245872600e-24   5.1871390086e-14   6.1405289576e-07   2.0000000000e-02 
  1.7588092261e+21   1.9325399057e+18   7.5040984727e+61   2.2245872600e-24   5.1871390086e-14   8.2658246871e-07   2.0000000000e-02 
  1.7607417660e+21   1.9325399057e+18   7.5206072738e+61   2.2245872600e-24   5.1871390086e-14   1.1075612211e-06   2.0000000000e-02 
  1.7626743059e+21   1.9325399057e+18   7.5371342145e+61   2.2245872600e-24   5.1871390086e-14   1.3212371762e-06   2.0000000000e-02 
  1.7646068458e+21   1.9325399057e+18   7.5536792946e+61   2.2245872600e-24   5.1871390086e-14   1.3905505539e-06   2.0000000000e-02 
  1.7665393857e+21   1.9325399057e+18   7.5702425142e+61   2.2245872600e-24   5.1871390086e-14   1.4348632516e-06   2.0000000000e-02 
  1.7684719256e+21   1.9325399057e+18   7.5868238733e+61   2.2245872600e-24   5.1871390086e-14   1.5645379039e-06   2.0000000000e-02 
  1.7704044655e+21   1.9325399057e+18   7.6034233720e+61   2.2245872600e-24   5.1871390086e-14   1.9611792164e-06   2.0000000000e-02 
  1.7723370054e+21   1.9325399057e+18   7.6200410101e+61   2.2245872600e-24   5.1871390086e-14   2.3306181849e-06   2.0000000000e-02 
  1.7742695453e+21   1.9325399057e+18   7.6366767877e+61   2.2245872600e-24   5.1871390086e-14   2.4061056001e-06   2.0000000000e-02 
  1.7762020852e+21   1.9325399057e+18   7.6533307048e+61   2.2245872600e-24   5.1871390086e-14   2.4868909283e-06   2.0000000000e-02 
  1.7781346251e+21   1.9325399057e+18   7.6700027614e+61   2.2245872600e-24   5.1871390086e-14   2.5484837885e-06   2.0000000000e-02 
  1.7800671650e+21   1.9325399057e+18   7.6866929575e+61   2.2245872600e-24   5.1871390086e-14   2.5599027212e-06   2.0000000000e-02 
  1.7819997049e+21   1.9325399057e+18   7.7034012932e+61   2.2245872600e-24   5.1871390086e-14   2.5589644730e-06   2.0000000000e-02 
  1.7839322448e+21   1.9325399057e+18   7.7201277683e+61   2.2245872600e-24   5.1871390086e-14   2.5324590630e-06   2.0000000000e-02 
  1.7858647848e+21   1.9325399057e+18   7.7368723829e+61   2.2245872600e-24   5.1871390086e-14   2.4180012454e-06   2.0000000000e-02 
  1.7877973247e+21   1.9325399057e+18   7.7536351370e+61   2.2245872600e-24   5.1871390086e-14   1.9911372938e-06   2.0000000000e-02 
  1.7897298646e+21   1.9325399057e+18   7.7704160306e+61   2.2245872600e-24   5.1871390086e-14   1.4853940342e-06   2.0000000000e-02 
  1.7916624045e+21   1.9325399057e+18   7.7872150637e+61   2.2245872600e-24   5.1871390087e-14   1.7168974902e-06   2.0000000000e-02 
  1.7935949444e+21   1.9325399057e+18   7.8040322363e+61   2.2245872600e-24   5.1871390087e-14   2.1459289520e-06   2.0000000000e-02 
  1.7955274843e+21   1.9325399057e+18   7.8208675484e+61   2.2245872600e-24   5.1871390087e-14   2.5518080815e-06   2.0000000000e-02 
  1.7974600242e+21   1.9325399057e+18   7.8377210000e+61   2.2245872600e-24   5.1871390087e-14   2.8993040728e-06   2.0000000000e-02 
  1.7993925641e+21   1.9325399057e+18   7.8545925911e+61   2.2245872600e-24   5.1871390087e-14   3.4409841298e-06   2.0000000000e-02 
  1.8013251040e+21   1.9325399057e+18   7.8714823217e+61   2.2245872600e-24   5.1871390087e-14   4.3326799915e-06   2.0000000000e-02 
  1.8032576439e+21   1.9325399057e+18   7.8883901918e+61   2.2245872600e-24   5.1871390087e-14   4.5458875223e-06   2.0000000000e-02 
  1.8051901838e+21   1.9325399057e+18   7.9053162014e+61   2.2245872600e-24   5.1871390087e-14   4.4645133152e-06   2.0000000000e-02 
  1.8071227237e+21   1.9325399057e+18   7.9222603505e+61   2.2245872600e-24   5.1871390087e-14   4.3754599956e-06   2.0000000000e-02 
  1.8090552636e+21   1.9325399057e+18   7.9392226391e+61   2.2245872600e-24   5.1871390087e-14   4.3185633956e-06   2.0000000000e-02 
  1.8109878035e+21   1.9325399057e+18   7.9562030672e+61   2.2245872600e-24   5.1871390087e-14   4.3102322800e-06   2.0000000000e-02 
  1.8129203434e+21   1.9325399057e+18   7.9732016347e+61   2.2245872600e-24   5.1871390087e-14   4.2955622135e-06   2.0000000000e-02 
  1.8148528833e+21   1.9325399057e+18   7.9902183418e+61   2.2245872600e-24   5.1871390087e-14   4.3170183529e-06   2.0000000000e-02 
  1.8167854232e+21   1.9325399057e+18   8.0072531884e+61   2.2245872600e-24   5.1871390087e-14   4.5309266104e-06   2.0000000000e-02 
  1.8187179631e+21   1.9325399057e+18   8.0243061745e+61   2.2245872600e-24   5.1871390087e-14   4.9030522740e-06   2.0000000000e-02 
  1.8206505031e+21   1.9325399057e+18   8.0413773001e+61   2.2245872600e-24   5.1871390087e-14   5.0248505966e-06   2.0000000000e-02 
  1.8225830430e+21   1.9325399057e+18   8.0584665651e+61   2.2245872600e-24   5.1871390087e-14   5.1759322353e-06   2.0000000000e-02 
  1.8245155829e+21   1.9325399057e+18   8.0755739697e+61   2.2245872600e-24   5.1871390087e-14   5.2925655339e-06   2.0000000000e-02 
  1.8264481228e+21   1.9325399057e+18   8.0926995138e+61   2.2245872600e-24   5.1871390087e-14   5.3283487197e-06   2.0000000000e-02 
  1.8283806627e+21   1.9325399057e+18   8.1098431974e+61   2.2245872600e-24   5.1871390087e-14   5.4667123954e-06   2.0000000000e-02 
  1.8303132026e+21   1.9325399057e+18   8.1270050204e+61   2.2245872600e-24   5.1871390087e-14   5.6728435554e-06   2.0000000000e-02 
  1.8322457425e+21   1.9325399057e+18   8.1441849830e+61   2.2245872600e-24   5.1871390087e-14   5.6996172379e-06   2.0000000000e-02 
  1.8341782824e+21   1.9325399057e+18   8.1613830851e+61   2.2245872600e-24   5.1871390087e-14   5.2643656199e-06   2.0000000000e-02 
  1.8361108223e+21   1.9325399057e+18   8.1785993266e+61   2.2245872600e-24   5.1871390087e-14   4.7440914919e-06   2.0000000000e-02 
  1.8380433622e+21   1.9325399057e+18   8.1958337077e+61   2.2245872600e-24   5.1871390087e-14   4.6035163719e-06   2.0000000000e-02 
  1.8399759021e+21   1.9325399057e+18   8.2130862283e+61   2.2245872600e-24   5.1871390087e-14   4.4400764852e-06   2.0000000000e-02 
  1.8419084420e+21   1.9325399057e+18   8.2303568883e+61   2.2245872600e-24   5.1871390087e-14   4.2115893092e-06   2.0000000000e-02 
  1.8438409819e+21   1.9325399057e+18   8.2476456879e+61   2.2245872600e-24   5.1871390087e-14   3.8538378462e-06   2.0000000000e-02 
  1.8457735218e+21   1.9325399057e+18   8.2649526269e+61   2.2245872600e-24   5.1871390087e-14   3.5919859900e-06   2.0000000000e-02 
  1.8477060617e+21   1.9325399057e+18   8.2822777055e+61   2.2245872600e-24   5.1871390087e-14   3.5220131639e-06   2.0000000000e-02 
  1.8496386016e+21   1.9325399057e+18   8.2996209236e+61   2.2245872600e-24   5.1871390087e-14   3.6135807080e-06   2.0000000000e-02 
  1.8515711415e+21   1.9325399057e+18   8.3169822811e+61   2.2245872600e-24   5.1871390087e-14   3.7218239782e-06   2.0000000000e-02 
  1.8535036815e+21   1.9325399057e+18   8.3343617782e+61   2.2245872600e-24   5.1871390087e-14   3.7393716814e-06   2.0000000000e-02 
  1.8554362214e+21   1.9325399057e+18   8.3517594147e+61   2.2245872600e-24   5.1871390087e-14   3.6849528473e-06   2.0000000000e-02 
  1.8573687613e+21   1.9325399057e+18   8.3691751907e+61   2.2245872600e-24   5.1871390087e-14   3.5477782984e-06   2.0000000000e-02 
  1.8593013012e+21   1.9325399057e+18   8.3866091063e+61   2.2245872600e-24   5.1871390087e-14   3.4389337066e-06   2.0000000000e-02 
  1.8612338411e+21   1.9325399057e+18   8.4040611613e+61   2.2245872600e-24   5.1871390087e-14   3.3365568691e-06   2.0000000000e-02 
  1.8631663810e+21   1.9325399057e+18   8.4215313559e+61   2.2245872600e-24   5.1871390087e-14   3.2985436486e-06   2.0000000000e-02 
  1.8650989209e+21   1.9325399057e+18   8.4390196899e+61   2.2245872600e-24   5.1871390087e-14   3.3522288476e-06   2.0000000000e-02 
  1.8670314608e+21   1.9325399057e+18   8.4565261635e+61   2.2245872600e-24   5.1871390087e-14   3.3863664929e-06   2.0000000000e-02 
  1.8689640007e+21   1.9325399057e+18   8.4740507765e+61   2.2245872600e-24   5.1871390087e-14   3.3596363030e-06   2.0000000000e-02 
  1.8708965406e+21   1.9325399057e+18   8.4915935290e+61   2.2245872600e-24   5.1871390087e-14   3.3480835460e-06   2.0000000000e-02 
  1.8728290805e+21   1.9325399057e+18   8.5091544211e+61   2.2245872600e-24   5.1871390087e-14   3.2730286516e-06   2.0000000000e-02 
  1.8747616204e+21   1.9325399057e+18   8.5267334526e+61   2.2245872600e-24   5.1871390087e-14   3.2257696748e-06   2.0000000000e-02 
  1.8766941603e+21   1.9325399057e+18   8.5443306236e+61   2.2245872600e-24   5.1871390087e-14   3.2276325364e-06   2.0000000000e-02 
  1.8786267002e+21   1.9325399057e+18   8.5619459342e+61   2.2245872600e-24   5.1871390086e-14   3.1482014316e-06   2.0000000000e-02 
  1.8805592401e+21   1.9325399057e+18   8.5795793842e+61   2.2245872600e-24   5.1871390086e-14   3.0505274967e-06   2.0000000000e-02 
  1.8824917800e+21   1.9325399057e+18   8.5972309737e+61   2.2245872600e-24   5.1871390086e-14   3.0011691340e-06   2.0000000000e-02 
  1.8844243199e+21   1.9325399057e+18   8.6149007027e+61   2.2245872600e-24   5.1871390086e-14   2.9775587998e-06   2.0000000000e-02 
  1.8863568598e+21   1.9325399057e+18   8.6325885712e+61   2.2245872600e-24   5.1871390086e-14   3.0016857810e-06   2.0000000000e-02 
  1.8882893998e+21   1.9325399057e+18   8.6502945793e+61   2.2245872600e-24   5.1871390086e-14   3.0377983304e-06   2.0000000000e-02 
  1.8902219397e+21   1.9325399057e+18   8.6680187268e+61   2.2245872600e-24   5.1871390086e-14   3.0555067309e-06   2.0000000000e-02 
  1.8921544796e+21   1.9325399057e+18   8.6857610138e+61   2.2245872600e-24   5.1871390087e-14   3.0565862831e-06   2.0000000000e-02 
  1.8940870195e+21   1.9325399057e+18   8.7035214403e+61   2.2245872600e-24   5.1871390087e-14   3.0984924572e-06   2.0000000000e-02 
  1.8960195594e+21   1.9325399057e+18   8.7213000063e+61   2.2245872600e-24   5.1871390087e-14   3.1094865165e-06   2.0000000000e-02 
  1.8979520993e+21   1.9325399057e+18   8.7390967118e+61   2.2245872600e-24   5.1871390087e-14   3.0904915914e-06   2.0000000000e-02 
  1.8998846392e+21   1.9325399057e+18   8.7569115569e+61   2.2245872600e-24   5.1871390087e-14   3.3567247316e-06   2.0000000000e-02 
  1.9018171791e+21   1.9325399057e+18   8.7747445414e+61   2.2245872600e-24   5.1871390087e-14   3.5261881804e-06   2.0000000000e-02 
  1.9037497190e+21   1.9325399057e+18   8.7925956654e+61   2.2245872600e-24   5.1871390087e-14   3.5467418605e-06   2.0000000000e-02 
  1.9056822589e+21   1.9325399057e+18   8.8104649289e+61   2.2245872600e-24   5.1871390087e-14   3.5278379301e-06   2.0000000000e-02 
  1.9076147988e+21   1.9325399057e+18   8.8283523319e+61   2.2245872600e-24   5.1871390087e-14   3.5114838781e-06   2.0000000000e-02 
  1.9095473387e+21   1.9325399057e+18   8.8462578744e+61   2.2245872600e-24   5.1871390087e-14   3.4670963393e-06   2.0000000000e-02 
  1.9114798786e+21   1.9325399057e+18   8.8641815564e+61   2.2245872600e-24   5.1871390087e-14   3.4117541059e-06   2.0000000000e-02 
  1.9134124185e+21   1.9325399057e+18   8.8821233779e+61   2.2245872600e-24   5.1871390087e-14   3.3870506117e-06   2.0000000000e-02 
  1.9153449584e+21   1.9325399057e+18   8.9000833389e+61   2.2245872600e-24   5.1871390087e-14   3.3156575370e-06   2.0000000000e-02 
  1.9172774983e+21   1.9325399057e+18   8.9180614394e+61   2.2245872600e-24   5.1871390087e-14   3.2200339455e-06   2.0000000000e-02 
  1.9192100382e+21   1.9325399057e+18   8.9360576794e+61   2.2245872600e-24   5.1871390087e-14   3.1410488523e-06   2.0000000000e-02 
  1.9211425782e+21   1.9325399057e+18   8.9540720589e+61   2.2245872600e-24   5.1871390087e-14   3.0635785239e-06   2.0000000000e-02 
  1.9230751181e+21   1.9325399057e+18   8.9721045778e+61   2.2245872600e-24   5.1871390087e-14   3.0611752146e-06   2.0000000000e-02 
  1.9250076580e+21   1.9325399057e+18   8.9901552363e+61   2.2245872600e-24   5.1871390087e-14   3.0638196463e-06   2.0000000000e-02 
  1.9269401979e+21   1.9325399057e+18   9.0082240343e+61   2.2245872600e-24   5.1871390087e-14   3.0566343579e-06   2.0000000000e-02 
  1.9288727378e+21   1.9325399057e+18   9.0263109718e+61   2.2245872600e-24   5.1871390087e-14   3.0495862418e-06   2.0000000000e-02 
  1.9308052777e+21   1.9325399057e+18   9.0444160488e+61   2.2245872600e-24   5.1871390087e-14   3.0480935801e-06   2.0000000000e-02 
  1.9327378176e+21   1.9325399057e+18   9.0625392653e+61   2.2245872600e-24   5.1871390087e-14   3.0234008164e-06   2.0000000000e-02 
  1.9346703575e+21   1.9325399057e+18   9.0806806212e+61   2.2245872600e-24   5.1871390087e-14   2.9987471490e-06   2.0000000000e-02 
  1.9366028974e+21   1.9325399057e+18   9.0988401167e+61   2.2245872600e-24   5.1871390087e-14   2.9845180555e-06   2.0000000000e-02 
  1.9385354373e+21   1.9325399057e+18   9.1170177517e+61   2.2245872600e-24   5.1871390087e-14   2.9664705396e-06   2.0000000000e-02 
  1.9404679772e+21   1.9325399057e+18   9.1352135262e+61   2.2245872600e-24   5.1871390087e-14   2.9896274473e-06   2.0000000000e-02 
  1.9424005171e+21   1.9325399057e+18   9.1534274401e+61   2.2245872600e-24   5.1871390087e-14   3.0190714578e-06   2.0000000000e-02 
  1.9443330570e+21   1.9325399057e+18   9.1716594936e+61   2.2245872600e-24   5.1871390087e-14   3.0884924488e-06   2.0000000000e-02 
  1.9462655969e+21   1.9325399057e+18   9.1899096866e+61   2.2245872600e-24   5.1871390087e-14   3.3349188552e-06   2.0000000000e-02 
  1.9481981368e+21   1.9325399057e+18   9.2081780190e+61   2.2245872600e-24   5.1871390087e-14   3.5644175651e-06   2.0000000000e-02 
  1.9501306767e+21   1.9325399057e+18   9.2264644910e+61   2.2245872600e-24   5.1871390087e-14   3.6328019090e-06   2.0000000000e-02 
  1.9520632166e+21   1.9325399057e+18   9.2447691025e+61   2.2245872600e-24   5.1871390087e-14   3.6363629895e-06   2.0000000000e-02 
  1.9539957565e+21   1.9325399057e+18   9.2630918534e+61   2.2245872600e-24   5.1871390087e-14   3.6238550633e-06   2.0000000000e-02 
  1.9559282965e+21   1.9325399057e+18   9.2814327439e+61   2.2245872600e-24   5.1871390087e-14   3.6005701110e-06   2.0000000000e-02 
  1.9578608364e+21   1.9325399057e+18   9.2997917739e+61   2.2245872600e-24   5.1871390087e-14   3.5738898770e-06   2.0000000000e-02 
  1.9597933763e+21   1.9325399057e+18   9.3181689433e+61   2.2245872600e-24   5.1871390087e-14   3.5587045631e-06   2.0000000000e-02 
  1.9617259162e+21   1.9325399057e+18   9.3365642523e+61   2.2245872600e-24   5.1871390087e-14   3.4965518799e-06   2.0000000000e-02 
  1.9636584561e+21   1.9325399057e+18   9.3549777007e+61   2.2245872600e-24   5.1871390087e-14   3.2594121901e-06   2.0000000000e-02 
  1.9655909960e+21   1.9325399057e+18   9.3734092887e+61   2.2245872600e-24   5.1871390087e-14   2.7656728359e-06   2.0000000000e-02 
  1.9675235359e+21   1.9325399057e+18   9.3918590161e+61   2.2245872600e-24   5.1871390087e-14   2.4106208190e-06   2.0000000000e-02 
  1.9694560758e+21   1.9325399057e+18   9.4103268831e+61   2.2245872600e-24   5.1871390087e-14   2.3220527797e-06   2.0000000000e-02 
  1.9713886157e+21   1.9325399057e+18   9.4288128895e+61   2.2245872600e-24   5.1871390087e-14   2.1982229148e-06   2.0000000000e-02 
  1.9733211556e+21   1.9325399057e+18   9.4473170355e+61   2.2245872600e-24   5.1871390087e-14   1.8032137176e-06   2.0000000000e-02 
  1.9752536955e+21   1.9325399057e+18   9.4658393209e+61   2.2245872600e-24   5.1871390087e-14   1.2536157081e-06   2.0000000000e-02 
  1.9771862354e+21   1.9325399057e+18   9.4843797459e+61   2.2245872600e-24   5.1871390087e-14   6.0608363655e-07   2.0000000000e-02 
  1.9791187753e+21   1.9325399057e+18   9.5029383103e+61   2.2245872600e-24   5.1871390087e-14   0.0000000000e+00   2.0000000000e-02 
