# time = 1.148731e+15 [s] 
# r                  dr                 dV                 Density            Pressure           Velocity           Z
  2.1304517832e+18   2.1304517832e+18   4.0504543152e+55   4.8702563565e-31   1.6510127949e-12   0.0000000000e+00   9.9248591688e-02 
  2.6120722972e+18   4.8162051397e+17   3.4147928104e+55   4.8702563565e-31   1.6510127949e-12   5.8314676289e+04   9.9248591688e-02 
  2.8768248433e+18   2.6475254613e+17   2.5078229541e+55   4.8714053343e-31   1.6510952829e-12   1.4677772192e+04   9.9248591688e-02 
  3.3529716981e+18   4.7614685475e+17   5.8167896594e+55   4.8773101709e-31   1.6511951053e-12   7.6234951913e+03   9.9248591688e-02 
  3.7545751934e+18   4.0160349528e+17   6.3804126286e+55   4.8874689373e-31   1.6513630794e-12  -4.2183963147e+04   9.9248591688e-02 
  4.0134148048e+18   2.5883961140e+17   4.9086111701e+55   4.8990325830e-31   1.6514807900e-12  -3.3288658108e+04   9.9248591688e-02 
  4.5337825341e+18   5.2036772932e+17   1.1957597808e+56   4.9189268435e-31   1.6515420064e-12   9.1957272908e+03   9.9248591688e-02 
  4.9442716584e+18   4.1048912428e+17   1.1592079594e+56   4.9504976845e-31   1.6516055728e-12   8.1932686553e+04   9.9248591688e-02 
  5.5843486853e+18   6.4007702691e+17   2.2318230192e+56   4.9929269981e-31   1.6516614041e-12   1.8784039389e+05   9.9248591688e-02 
  6.1481937460e+18   5.6384506068e+17   2.4402152627e+56   5.0508343628e-31   1.6517261763e-12   3.1954332235e+05   9.9248591688e-02 
  6.9218671928e+18   7.7367344685e+17   4.1569016047e+56   5.1255814502e-31   1.6517777404e-12   4.7588685960e+05   9.9248591688e-02 
  7.6567361396e+18   7.3486894674e+17   4.9108795814e+56   5.2210924740e-31   1.6518136150e-12   6.5524109588e+05   9.9248591688e-02 
  8.5888439690e+18   9.3210782944e+17   7.7368251759e+56   5.3401458772e-31   1.6518203402e-12   8.6118928439e+05   9.9248591688e-02 
  9.5292526787e+18   9.4040870967e+17   9.7069208924e+56   5.4877704203e-31   1.6517687000e-12   1.1033078376e+06   9.9248591688e-02 
  1.0641415473e+19   1.1121627939e+18   1.4229796484e+57   5.6680703781e-31   1.6516846549e-12   1.3487979583e+06   9.9248591688e-02 
  1.1804272651e+19   1.1628571785e+18   1.8421732784e+57   5.8863330173e-31   1.6515483339e-12   1.5449100566e+06   9.9248591688e-02 
  1.3106838097e+19   1.3025654463e+18   2.5417406281e+57   6.1465135985e-31   1.6514154188e-12   1.7265561078e+06   9.9248591688e-02 
  1.4518802883e+19   1.4119647855e+18   3.3882579791e+57   6.4594374180e-31   1.6513778195e-12   1.9181658566e+06   9.9248591688e-02 
  1.6044441555e+19   1.5256386716e+18   4.4808565330e+57   6.8287823787e-31   1.6513705488e-12   2.1351702771e+06   9.9248591688e-02 
  1.7730157078e+19   1.6857155233e+18   6.0460957931e+57   7.2669691546e-31   1.6514296851e-12   2.4142430153e+06   9.9248591688e-02 
  1.9506786703e+19   1.7766296246e+18   7.7450503591e+57   7.7786409160e-31   1.6513461910e-12   2.8017190668e+06   9.9248591688e-02 
  2.1499231659e+19   1.9924449566e+18   1.0533508487e+58   8.3847618074e-31   1.6511766207e-12   3.1821799543e+06   9.9248591688e-02 
  2.3548137124e+19   2.0489054647e+18   1.3071036525e+58   9.0926753033e-31   1.6511332721e-12   3.5241795503e+06   9.9248591688e-02 
  2.5890055982e+19   2.3419188577e+18   1.7995819273e+58   9.9203818851e-31   1.6508202117e-12   3.9420421007e+06   9.9248591688e-02 
  2.8250155316e+19   2.3600993346e+18   2.1746784783e+58   1.0888390482e-30   1.6505014547e-12   4.2908222274e+06   9.9248591688e-02 
  3.0900381029e+19   2.6502257130e+18   2.9150138544e+58   1.2011783168e-30   1.6502789416e-12   4.6209549356e+06   9.9248591688e-02 
  3.3543817730e+19   2.6434367008e+18   3.4508807500e+58   1.3288083322e-30   1.6500873823e-12   4.9587899822e+06   9.9248591688e-02 
  3.6606557359e+19   3.0627396287e+18   4.7380081498e+58   1.4820281971e-30   1.6500982486e-12   5.3192323539e+06   9.9248591688e-02 
  3.9291266254e+19   2.6847088958e+18   4.8605656732e+58   1.6492654888e-30   1.6503137876e-12   5.6957614128e+06   9.9248591688e-02 
  4.2952146943e+19   3.6608806887e+18   7.7843873723e+58   1.8513123205e-30   1.6503121691e-12   6.1350874989e+06   9.9248591688e-02 
  4.9827483485e+19   6.8753365415e+18   1.8627018445e+59   2.2154374666e-30   1.6504506813e-12   6.8681771606e+06   9.9248591688e-02 
  5.1440249963e+19   1.6127664786e+18   5.1963722579e+58   2.5239182013e-30   1.6500942314e-12   7.5555157747e+06   9.9248591688e-02 
  5.3546898852e+19   2.1066488889e+18   7.2957945872e+58   2.6845080542e-30   1.6497690442e-12   7.8379772864e+06   9.9248591688e-02 
  5.5581453726e+19   2.0345548742e+18   7.6128065505e+58   2.8929174640e-30   1.6497069140e-12   8.0980007594e+06   9.9248591688e-02 
  5.7762909803e+19   2.1814560764e+18   8.8054148570e+58   3.1358280400e-30   1.6495873258e-12   8.4049713447e+06   9.9248591688e-02 
  5.9533190613e+19   1.7702808107e+18   7.6523029610e+58   3.3899268665e-30   1.6493119160e-12   8.7655474160e+06   9.9248591688e-02 
  6.2060543733e+19   2.5273531196e+18   1.1740882151e+59   3.7107559354e-30   1.6491020687e-12   9.1081811926e+06   9.9248591688e-02 
  6.4319567610e+19   2.2590238765e+18   1.1336380451e+59   4.1041946317e-30   1.6491086616e-12   9.4477305523e+06   9.9248591688e-02 
  6.6507877107e+19   2.1883094971e+18   1.1767842210e+59   4.5087649155e-30   1.6490221665e-12   9.7914160573e+06   9.9248591688e-02 
  6.8436576221e+19   1.9286991142e+18   1.1034534107e+59   4.9243874708e-30   1.6487249507e-12   1.0170375953e+07   9.9248591688e-02 
  7.1065344227e+19   2.6287680062e+18   1.6073627816e+59   5.4399930021e-30   1.6483725133e-12   1.0486441896e+07   9.9248591688e-02 
  7.3543839759e+19   2.4784955323e+18   1.6284419709e+59   6.0621733433e-30   1.6482230263e-12   1.0839760024e+07   9.9248591688e-02 
  7.5863406321e+19   2.3195665615e+18   1.6268028510e+59   6.6904629214e-30   1.6475811687e-12   1.1229721451e+07   9.9248591688e-02 
  7.8082216752e+19   2.2188104311e+18   1.6520943061e+59   7.3317784513e-30   1.6469707584e-12   1.1550482287e+07   9.9248591688e-02 
  8.0962481141e+19   2.8802643893e+18   2.2891175435e+59   8.1018055862e-30   1.6465203701e-12   1.1902275757e+07   9.9248591688e-02 
  8.3754391473e+19   2.7919103323e+18   2.3799569574e+59   9.0023409923e-30   1.6456756593e-12   1.2322151719e+07   9.9248591688e-02 
  8.6302287470e+19   2.5478959965e+18   2.3150024311e+59   9.8909583747e-30   1.6447990227e-12   1.2719114404e+07   9.9248591688e-02 
  8.9116051669e+19   2.8137641991e+18   2.7203501447e+59   1.0828280157e-29   1.6437651877e-12   1.3094965492e+07   9.9248591688e-02 
  9.2514681099e+19   3.3986294299e+18   3.5227598678e+59   1.1932010370e-29   1.6423945417e-12   1.3518445641e+07   9.9248591688e-02 
  9.5846248392e+19   3.3315672934e+18   3.7138588813e+59   1.3177743571e-29   1.6406356382e-12   1.3979974655e+07   9.9248591688e-02 
  9.8413206433e+19   2.5669580404e+18   3.0433944935e+59   1.4318500077e-29   1.6389276400e-12   1.4370669499e+07   9.9248591688e-02 
  1.0228241261e+20   3.8692061736e+18   4.8966755878e+59   1.5623988664e-29   1.6367238118e-12   1.4777569776e+07   9.9248591688e-02 
  1.0715092672e+20   4.8685141176e+18   6.7099017738e+59   1.7494538473e-29   1.6334482653e-12   1.5307627319e+07   9.9248591688e-02 
  1.1210316133e+20   4.9522346051e+18   7.4803226305e+59   1.9749339951e-29   1.6289449321e-12   1.5932067596e+07   9.9248591688e-02 
  1.1618929473e+20   4.0861334030e+18   6.6910135536e+59   2.2207019647e-29   1.6241367116e-12   1.6460885365e+07   9.9248591688e-02 
  1.2205061238e+20   5.8613176459e+18   1.0453501077e+60   2.5166839457e-29   1.6183228628e-12   1.7022318658e+07   9.9248591688e-02 
  1.2592429752e+20   3.8736851453e+18   7.4838486830e+59   2.8927613926e-29   1.6112632218e-12   1.7620646105e+07   9.9248591688e-02 
  1.3192604866e+20   6.0017511419e+18   1.2538388356e+60   3.3351146556e-29   1.6036650549e-12   1.8151516842e+07   9.9248591688e-02 
  1.4006200071e+20   8.1359520499e+18   1.8914175372e+60   4.1482294038e-29   1.5893269635e-12   1.9017990214e+07   9.9248591688e-02 
  1.4769490500e+20   7.6329042838e+18   1.9860631060e+60   5.2217658910e-29   1.5696445094e-12   1.9889753542e+07   9.9248591688e-02 
  1.6049003037e+20   1.2795125371e+19   3.8200292827e+60   6.7489669414e-29   1.5351397266e-12   2.0926679840e+07   9.9248591688e-02 
  1.6790924452e+20   7.4192141460e+18   2.5141202156e+60   8.2498598261e-29   1.4926055122e-12   2.1993904901e+07   9.9248591688e-02 
  1.7357243824e+20   5.6631937249e+18   2.0748462974e+60   9.0113347942e-29   1.4605090551e-12   2.2563214428e+07   9.9248591688e-02 
  1.8058358940e+20   7.0111511611e+18   2.7630275188e+60   9.4405051812e-29   1.4261662081e-12   2.3015517823e+07   9.9248591688e-02 
  1.8738753868e+20   6.8039492817e+18   2.8945957524e+60   9.6721076370e-29   1.3871926956e-12   2.3420830577e+07   9.9248591688e-02 
  1.9637364809e+20   8.9861094071e+18   4.1583691425e+60   9.7103812909e-29   1.3409464279e-12   2.3704573549e+07   9.9248591688e-02 
  2.0353002409e+20   7.1563759956e+18   3.5958383861e+60   9.5939935499e-29   1.2908333320e-12   2.3794385868e+07   9.9248591688e-02 
  2.1263395217e+20   9.1039280865e+18   4.9542387494e+60   9.3441961854e-29   1.2401851817e-12   2.3449651334e+07   9.9248591688e-02 
  2.2119262515e+20   8.5586729787e+18   5.0611004153e+60   8.9699778442e-29   1.1805657826e-12   2.2854067803e+07   9.9248591688e-02 
  2.2571427484e+20   4.5216496842e+18   2.8372377119e+60   8.6396457354e-29   1.1365368266e-12   2.2037252029e+07   9.9248591688e-02 
  2.3016056203e+20   4.4462871943e+18   2.9030358333e+60   8.3482669202e-29   1.1048510438e-12   2.1253784870e+07   9.9248591688e-02 
  2.4057115661e+20   1.0410594582e+19   7.2484163626e+60   7.7380498393e-29   1.0493571022e-12   1.9314200170e+07   9.9248591688e-02 
  2.4875988139e+20   8.1887247781e+18   6.1604468297e+60   6.9930822973e-29   9.9218425248e-13   1.7683397546e+07   9.9248591688e-02 
  2.5440216789e+20   5.6422865041e+18   4.4878565371e+60   6.4882003513e-29   9.5707588981e-13   1.6757026585e+07   9.9248591688e-02 
  2.5963546078e+20   5.2332928890e+18   4.3443993624e+60   6.1945297032e-29   9.3431980207e-13   1.6275871172e+07   9.9248591688e-02 
  2.6375868553e+20   4.1232247518e+18   3.5485717218e+60   6.0035332365e-29   9.1558841188e-13   1.5862966710e+07   9.9248591687e-02 
  2.7559430554e+20   1.1835620002e+19   1.0818244035e+61   5.8437780943e-29   8.8740084268e-13   1.5447832753e+07   9.9248591684e-02 
  2.8236727566e+20   6.7729701224e+18   6.6245892533e+60   5.7255384231e-29   8.5861470169e-13   1.5345823426e+07   9.9248591674e-02 
  2.8412594049e+20   1.7586648343e+18   1.7730613973e+60   5.7190839057e-29   8.4606750570e-13   1.5309775143e+07   9.9248591649e-02 
  2.8523720508e+20   1.1112645896e+18   1.1317398398e+60   5.8245141502e-29   8.4213590586e-13   1.5309689370e+07   9.9248591379e-02 
  2.9052688833e+20   5.2896832505e+18   5.5091032655e+60   6.0396410307e-29   8.3276040354e-13   1.5325695052e+07   9.9248590317e-02 
  2.9508339143e+20   4.5565030939e+18   4.9091656824e+60   6.3621897453e-29   8.1859330014e-13   1.5376712384e+07   9.9248584976e-02 
  3.0034510843e+20   5.2617170061e+18   5.8606785267e+60   6.5215380034e-29   8.0475661248e-13   1.5487102962e+07   9.9248565480e-02 
  3.1165990322e+20   1.1314794791e+19   1.3315454373e+61   6.5310387682e-29   7.8168173867e-13   1.5615068250e+07   9.9248499804e-02 
  3.2694793483e+20   1.5288031603e+19   1.9590832495e+61   6.3578935570e-29   7.4243791125e-13   1.5590792228e+07   9.9248215280e-02 
  3.4442434998e+20   1.7476415155e+19   2.4752959210e+61   5.9891649642e-29   6.9596427229e-13   1.5059133324e+07   9.9246932630e-02 
  3.6064458573e+20   1.6220235744e+19   2.5336510701e+61   5.4986282402e-29   6.5108938506e-13   1.4262926827e+07   9.9240099585e-02 
  3.6907560625e+20   8.4310205196e+18   1.4104642101e+61   5.0430862887e-29   6.2158324458e-13   1.3621117942e+07   9.9213131127e-02 
  3.7669387596e+20   7.6182697162e+18   1.3311608562e+61   4.6329624631e-29   6.0463584755e-13   1.3197510667e+07   9.9026182297e-02 
  3.8115698608e+20   4.4631101212e+18   8.0530425529e+60   4.2183634871e-29   5.9299060491e-13   1.2866111060e+07   9.8427157462e-02 
  3.8572439904e+20   4.5674129546e+18   8.4388191399e+60   3.8331139837e-29   5.8535244614e-13   1.2606074948e+07   9.7307295906e-02 
  3.9277740247e+20   7.0530034332e+18   1.3429353121e+61   3.3332552536e-29   5.7671366320e-13   1.2303679831e+07   9.6758436684e-02 
  3.9543706029e+20   2.6596578202e+18   5.1911799708e+60   2.9677183399e-29   5.7025895046e-13   1.2056414788e+07   9.6616100111e-02 
  3.9680623030e+20   1.3691700054e+18   2.6997579038e+60   2.8481975567e-29   5.6786511077e-13   1.1947784118e+07   9.6586378251e-02 
  3.9877569610e+20   1.9694658030e+18   3.9162374949e+60   2.7825996258e-29   5.6594700520e-13   1.1851849113e+07   9.6581947031e-02 
  4.0452701629e+20   5.7513201883e+18   1.1659590733e+61   2.6790180746e-29   5.6164877193e-13   1.1633411929e+07   9.6581717813e-02 
  4.0914803843e+20   4.6210221381e+18   9.6115757832e+60   2.5603925730e-29   5.5603450913e-13   1.1346055516e+07   9.6581673696e-02 
  4.1239911754e+20   3.2510791089e+18   6.8935776222e+60   2.4869892104e-29   5.5194167704e-13   1.1123610399e+07   9.6581671553e-02 
  4.1538339895e+20   2.9842814118e+18   6.4242735762e+60   2.4428032459e-29   5.4877589533e-13   1.0943519453e+07   9.6581671425e-02 
  4.1868518146e+20   3.3017825142e+18   7.2161263286e+60   2.4106433870e-29   5.4562657193e-13   1.0758897702e+07   9.6581671422e-02 
  4.2176861164e+20   3.0834301772e+18   6.8424813571e+60   2.3878481353e-29   5.4245785754e-13   1.0568034127e+07   9.6581671421e-02 
  4.3328428206e+20   1.1515670422e+19   2.6451561744e+61   2.3584241856e-29   5.3528794981e-13   1.0114937333e+07   9.6581671420e-02 
  4.4370915382e+20   1.0424871763e+19   2.5190322915e+61   2.3245578909e-29   5.2458571469e-13   9.3969078378e+06   9.6581671417e-02 
  4.4731007661e+20   3.6009227851e+18   8.9813206239e+60   2.3143908245e-29   5.1789033625e-13   8.9141841937e+06   9.6581671415e-02 
  4.4993750930e+20   2.6274326909e+18   6.6451885832e+60   2.3179304243e-29   5.1494482235e-13   8.6846025383e+06   9.6581671413e-02 
  4.5241752370e+20   2.4800144016e+18   6.3439544933e+60   2.3344376880e-29   5.1250890923e-13   8.4934312325e+06   9.6581671412e-02 
  4.5443032473e+20   2.0128010267e+18   5.2002028510e+60   2.3662037385e-29   5.1035989756e-13   8.3271534932e+06   9.6581671411e-02 
  4.6324116779e+20   8.8108430591e+18   2.3310691900e+61   2.4741765421e-29   5.0492318560e-13   7.9281710965e+06   9.6581671406e-02 
  4.6879766065e+20   5.5564928579e+18   1.5164349625e+61   2.6407082538e-29   4.9757288851e-13   7.3830886799e+06   9.6581671383e-02 
  4.7098874650e+20   2.1910858583e+18   6.0795071539e+60   2.7577672607e-29   4.9350638281e-13   7.1137195242e+06   9.6581671265e-02 
  4.7332224499e+20   2.3334984827e+18   6.5371487772e+60   2.8633190373e-29   4.9103380411e-13   6.9595656016e+06   9.6581668689e-02 
  4.7784061818e+20   4.5183731961e+18   1.2842365003e+61   3.0101313825e-29   4.8714866664e-13   6.7307203261e+06   9.6581655886e-02 
  4.8205432747e+20   4.2137092879e+18   1.2197326284e+61   3.1450865412e-29   4.8212600178e-13   6.4548533561e+06   9.6581531347e-02 
  4.8775504054e+20   5.7007130717e+18   1.6844448919e+61   3.2190251205e-29   4.7636156498e-13   6.1656676930e+06   9.6580876028e-02 
  5.0115323897e+20   1.3398198430e+19   4.1165640453e+61   3.2515520268e-29   4.6555320740e-13   5.6650023949e+06   9.6578749485e-02 
  5.1935703621e+20   1.8203797236e+19   5.9565211252e+61   3.2439062353e-29   4.4957136468e-13   5.1688994362e+06   9.6570491243e-02 
  5.3533657954e+20   1.5979543336e+19   5.5847032371e+61   3.1822968447e-29   4.3418847209e-13   4.8787185480e+06   9.6540956005e-02 
  5.4508897619e+20   9.7523966467e+18   3.5765369839e+61   3.1061612564e-29   4.2359918453e-13   4.7055718635e+06   9.6460061999e-02 
  5.5202393392e+20   6.9349577311e+18   2.6224192636e+61   3.0278036548e-29   4.1729941683e-13   4.6351110665e+06   9.6021351612e-02 
  5.5798664010e+20   5.9627061813e+18   2.3080844302e+61   2.9339916219e-29   4.1277565908e-13   4.6249224590e+06   9.2635143722e-02 
  5.6078611255e+20   2.7994724435e+18   1.1008058718e+61   2.8172973231e-29   4.0976085017e-13   4.5706429633e+06   8.6435730855e-02 
  5.6599148866e+20   5.2053761088e+18   2.0762588044e+61   2.6707064691e-29   4.0726105945e-13   4.5174641124e+06   7.8539018157e-02 
  5.6772438438e+20   1.7328957242e+18   6.9973096881e+60   2.4839242243e-29   4.0527181196e-13   4.5157034926e+06   7.4677560833e-02 
  5.6982210179e+20   2.0977174132e+18   8.5277734601e+60   2.4106518331e-29   4.0435039187e-13   4.5242283511e+06   7.3427163877e-02 
  5.7438988337e+20   4.5677815811e+18   1.8787564896e+61   2.3186717963e-29   4.0258117560e-13   4.5055845133e+06   7.3335329876e-02 
  5.7755479640e+20   3.1649130298e+18   1.3193985195e+61   2.2321022879e-29   4.0062676557e-13   4.4815812219e+06   7.3315406278e-02 
  5.8038607306e+20   2.8312766585e+18   1.1926302261e+61   2.1874804174e-29   3.9920818206e-13   4.4641963790e+06   7.3313127749e-02 
  5.8432031186e+20   3.9342387955e+18   1.6766605797e+61   2.1569550933e-29   3.9766333449e-13   4.4494099428e+06   7.3313026149e-02 
  5.8860289341e+20   4.2825815526e+18   1.8509581587e+61   2.1308496021e-29   3.9579336948e-13   4.4212846432e+06   7.3313012791e-02 
  5.9261124004e+20   4.0083466289e+18   1.7570093800e+61   2.1157063400e-29   3.9398383794e-13   4.4002087012e+06   7.3313011833e-02 
  6.0168041074e+20   9.0691707036e+18   4.0639334678e+61   2.1012088988e-29   3.9119486287e-13   4.3700302061e+06   7.3313011777e-02 
  6.0830872821e+20   6.6283174647e+18   3.0487405123e+61   2.0909065818e-29   3.8790811051e-13   4.3262040508e+06   7.3313011755e-02 
  6.1245121957e+20   4.1424913638e+18   1.9394281515e+61   2.0905663461e-29   3.8572532008e-13   4.2879105900e+06   7.3313011751e-02 
  6.2356252424e+20   1.1111304665e+19   5.3330201811e+61   2.0972918203e-29   3.8273401674e-13   4.2377193970e+06   7.3313011744e-02 
  6.3171201518e+20   8.1494909452e+18   4.0342601114e+61   2.1123146071e-29   3.7907205576e-13   4.1910939514e+06   7.3313011698e-02 
  6.4259995276e+20   1.0887937575e+19   5.5546613532e+61   2.1321197697e-29   3.7556315991e-13   4.1426225186e+06   7.3313011415e-02 
  6.4936032179e+20   6.7603690366e+18   3.5450515969e+61   2.1544758837e-29   3.7242984882e-13   4.1076899853e+06   7.3313010450e-02 
  6.5593754167e+20   6.5772198793e+18   3.5205876676e+61   2.1742798545e-29   3.7012659208e-13   4.0805719494e+06   7.3312997926e-02 
  6.6947693136e+20   1.3539389687e+19   7.4725268485e+61   2.2072687216e-29   3.6674001515e-13   4.0320362837e+06   7.3312962983e-02 
  6.8592028134e+20   1.6443349979e+19   9.4906215423e+61   2.2593231353e-29   3.6183738162e-13   3.9677344230e+06   7.3312800583e-02 
  6.9178327701e+20   5.8629956713e+18   3.4960982435e+61   2.2990853710e-29   3.5835202159e-13   3.9337454843e+06   7.3312539121e-02 
  6.9691347749e+20   5.1302004762e+18   3.1081432460e+61   2.3080850699e-29   3.5666368828e-13   3.9138376599e+06   7.3307074603e-02 
  7.1013485940e+20   1.3221381913e+19   8.2235159539e+61   2.3126939943e-29   3.5400152592e-13   3.8914439931e+06   7.3289071768e-02 
  7.1744785617e+20   7.3129967732e+18   4.6822178417e+61   2.3117909175e-29   3.5109624479e-13   3.8607842548e+06   7.3223861811e-02 
  7.2032941734e+20   2.8815611716e+18   1.8713780312e+61   2.3071075044e-29   3.4970951691e-13   3.8342892590e+06   7.3065556366e-02 
  7.2473365149e+20   4.4042341422e+18   2.8893171853e+61   2.3004458466e-29   3.4874440196e-13   3.8073653606e+06   7.2290313412e-02 
  7.2746018059e+20   2.7265291001e+18   1.8063824115e+61   2.2882772662e-29   3.4779355482e-13   3.7754861584e+06   7.0999912846e-02 
  7.3087534697e+20   3.4151663787e+18   2.2817993132e+61   2.2741830677e-29   3.4699884604e-13   3.7457072634e+06   6.9417084166e-02 
  7.3303068836e+20   2.1553413900e+18   1.4510843492e+61   2.2572134057e-29   3.4628068891e-13   3.7142139522e+06   6.8637477335e-02 
  7.3886546036e+20   5.8347720071e+18   3.9712787889e+61   2.2349536122e-29   3.4528799521e-13   3.6682356739e+06   6.8507287321e-02 
  7.4252868093e+20   3.6632205705e+18   2.5255447763e+61   2.2115503303e-29   3.4411986126e-13   3.6084090786e+06   6.8454712918e-02 
  7.4949467370e+20   6.9659927715e+18   4.8717757590e+61   2.1958253372e-29   3.4289098008e-13   3.5465724583e+06   6.8446855127e-02 
  7.5272085927e+20   3.2261855681e+18   2.2872012573e+61   2.1821489642e-29   3.4172253810e-13   3.4863475809e+06   6.8445391752e-02 
  7.5530308289e+20   2.5822236157e+18   1.8448481249e+61   2.1775643585e-29   3.4108578843e-13   3.4557888160e+06   6.8445101043e-02 
  7.5835994727e+20   3.0568643807e+18   2.2003159258e+61   2.1744951440e-29   3.4046446106e-13   3.4255975650e+06   6.8445084113e-02 
  7.6016590750e+20   1.8059602330e+18   1.3082858429e+61   2.1742113040e-29   3.3993904140e-13   3.4004784848e+06   6.8445083893e-02 
  7.6528719942e+20   5.1212919229e+18   3.7439389642e+61   2.1751588833e-29   3.3918311259e-13   3.3635942305e+06   6.8445085922e-02 
  7.6875604476e+20   3.4688453386e+18   2.5645475427e+61   2.1793761804e-29   3.3829308202e-13   3.3314549467e+06   6.8445098706e-02 
  7.7202095506e+20   3.2649102926e+18   2.4350133657e+61   2.1850941264e-29   3.3760242454e-13   3.3097982133e+06   6.8445379477e-02 
  7.7486762789e+20   2.8466728342e+18   2.1399616379e+61   2.1931620673e-29   3.3698890884e-13   3.2935970751e+06   6.8446607889e-02 
  7.8925960690e+20   1.4391979005e+19   1.1061825464e+62   2.2253726928e-29   3.3526238796e-13   3.2472882740e+06   6.8450721197e-02 
  7.9931871979e+20   1.0059112890e+19   7.9750355085e+61   2.2764990613e-29   3.3282452484e-13   3.1661433842e+06   6.8460403448e-02 
  8.0616357146e+20   6.8448516791e+18   5.5427792832e+61   2.3178308317e-29   3.3114620799e-13   3.0914279167e+06   6.8485254861e-02 
  8.1930879651e+20   1.3145225042e+19   1.0911552535e+62   2.3723801474e-29   3.2919267760e-13   2.9716972324e+06   6.8549115468e-02 
  8.2626222607e+20   6.9534295614e+18   5.9154090211e+61   2.4243069831e-29   3.2729712964e-13   2.8532674389e+06   6.8666634866e-02 
  8.3208637219e+20   5.8241461180e+18   5.0319414185e+61   2.4464794928e-29   3.2616850409e-13   2.7748781178e+06   6.9400531879e-02 
  8.3829216432e+20   6.2057921310e+18   5.4397494509e+61   2.4589068688e-29   3.2516070100e-13   2.6978214947e+06   7.2430629295e-02 
  8.4152657225e+20   3.2344079372e+18   2.8672796048e+61   2.4646747682e-29   3.2440507600e-13   2.6367056598e+06   7.6797674000e-02 
  8.4408609437e+20   2.5595221153e+18   2.2846762398e+61   2.4649459648e-29   3.2395862598e-13   2.5967475336e+06   8.7805996349e-02 
  8.5209076128e+20   8.0046669106e+18   7.2350015335e+61   2.4618827241e-29   3.2318009638e-13   2.5190849746e+06   9.1785871583e-02 
  8.5818563076e+20   6.0948694845e+18   5.6007826994e+61   2.4538533349e-29   3.2217065250e-13   2.4111213275e+06   9.5489126908e-02 
  8.6435346205e+20   6.1678312887e+18   5.7493981965e+61   2.4462509704e-29   3.2135727363e-13   2.3127415171e+06   9.7050152859e-02 
  8.7252622760e+20   8.1727655432e+18   7.7457163977e+61   2.4401002618e-29   3.2045887133e-13   2.1956070564e+06   9.7274455234e-02 
  8.7908295256e+20   6.5567249598e+18   6.3199449125e+61   2.4376285294e-29   3.1958154157e-13   2.0762648405e+06   9.7330170399e-02 
  8.8915582342e+20   1.0072870868e+19   9.8944044053e+61   2.4395696628e-29   3.1863516676e-13   1.9502196121e+06   9.7335127267e-02 
  8.9670639947e+20   7.5505760474e+18   7.5653399446e+61   2.4472387896e-29   3.1769477304e-13   1.8402789715e+06   9.7330532400e-02 
  9.0040111217e+20   3.6947126993e+18   3.7486878350e+61   2.4596380532e-29   3.1711894833e-13   1.7815404007e+06   9.7320964275e-02 
  9.0440633271e+20   4.0052205345e+18   4.0986304977e+61   2.4797858921e-29   3.1673966677e-13   1.7384563075e+06   9.7289893395e-02 
  9.1827166255e+20   1.3865329842e+19   1.4471326973e+62   2.5544247089e-29   3.1598032893e-13   1.6250121137e+06   9.7331814313e-02 
  9.3634785464e+20   1.8076192092e+19   1.9533507065e+62   2.7093723397e-29   3.1484480653e-13   1.4345269413e+06   9.7735081237e-02 
  9.4240749998e+20   6.0596453392e+18   6.7195323297e+61   2.8396803221e-29   3.1425675034e-13   1.2774194279e+06   9.8230643017e-02 
  9.4895963232e+20   6.5521323396e+18   7.3635280598e+61   2.9329385319e-29   3.1398551769e-13   1.1914347699e+06   1.0018442862e-01 
  9.6007661169e+20   1.1116979374e+19   1.2728286119e+62   3.1086275965e-29   3.1361353335e-13   1.1057279343e+06   1.0056075668e-01 
  9.6497774519e+20   4.9011335021e+18   5.7060206296e+61   3.2918982831e-29   3.1327226480e-13   1.0419354535e+06   1.0040595060e-01 
  9.7556069507e+20   1.0582949874e+19   1.2520031386e+62   3.5445140648e-29   3.1305376467e-13   9.6021200187e+05   9.9535276169e-02 
  9.8457177452e+20   9.0110794555e+18   1.0876786326e+62   3.9513381022e-29   3.1291054347e-13   8.6078978082e+05   9.8381388612e-02 
  9.9205471396e+20   7.4829394337e+18   9.1848781562e+61   4.4092315267e-29   3.1292904596e-13   7.6722991722e+05   9.9991206320e-02 
  9.9714812414e+20   5.0934101791e+18   6.3316604111e+61   4.9609551583e-29   3.1297918882e-13   6.8941168541e+05   1.0703419867e-01 
  9.9956800783e+20   2.4198836958e+18   3.0309392533e+61   5.5577869616e-29   3.1297849795e-13   6.4874097551e+05   1.1983982111e-01 
  1.0041197862e+21   4.5517784076e+18   5.7410567024e+61   6.8020996814e-29   3.1298611489e-13   6.1078209728e+05   1.5217530209e-01 
  1.0063267340e+21   2.2069477867e+18   2.8023808433e+61   8.7084166042e-29   3.1301634249e-13   5.7556317482e+05   1.8345116939e-01 
  1.0086565569e+21   2.3298228586e+18   2.9717746001e+61   1.1411068883e-28   3.1302415783e-13   5.5012772976e+05   1.9244983472e-01 
  1.0109431575e+21   2.2866005790e+18   2.9300225892e+61   1.6676574575e-28   3.1304577215e-13   5.2157283838e+05   1.5810635330e-01 
  1.0126930173e+21   1.7498598146e+18   2.2512208752e+61   2.5888011103e-28   3.1286329488e-13   4.8827409797e+05   7.9389221616e-02 
  1.0157639058e+21   3.0708884727e+18   3.9695915944e+61   5.4121826725e-28   3.1318498268e-13   4.8065574908e+05   2.8682158096e-02 
  1.0260383441e+21   1.0274438304e+19   1.3456712782e+62   2.0650563521e-27   3.1277997907e-13   4.7826900700e+05   2.3011991953e-02 
  1.0311942394e+21   5.1558953168e+18   6.8552241779e+61   3.0886956765e-23   3.1731195727e-13   4.9278665831e+05   2.0023499368e-02 
  1.0316843943e+21   4.9015492040e+17   6.5528556751e+60   5.1918983731e-23   4.6692984394e-13   4.6292026357e+05   2.0007240474e-02 
  1.0321789364e+21   4.9454213918e+17   6.6178215748e+60   5.3345965713e-23   4.7656264803e-13   4.6398595868e+05   2.0002841118e-02 
  1.0326393735e+21   4.6043706111e+17   6.1671404411e+60   5.5725861937e-23   4.9238451399e-13   4.6524509206e+05   2.0001237386e-02 
  1.0331730349e+21   5.3366136680e+17   7.1547985438e+60   5.8647110860e-23   5.1155812977e-13   4.6699191340e+05   2.0000501939e-02 
  1.0337420308e+21   5.6899596124e+17   7.6366753641e+60   6.2358840732e-23   5.3554438847e-13   4.6946057267e+05   2.0000187975e-02 
  1.0343031546e+21   5.6112382932e+17   7.5392586484e+60   6.5072563535e-23   5.5295389978e-13   4.7111455339e+05   2.0000061795e-02 
  1.0348673878e+21   5.6423316503e+17   7.5892885861e+60   6.5940724270e-23   5.5857693263e-13   4.6967919719e+05   2.0000019402e-02 
  1.0354796300e+21   6.1224214364e+17   8.2444064897e+60   6.2669395222e-23   5.3811547500e-13   4.6393153604e+05   2.0000005834e-02 
  1.0361735233e+21   6.9389331270e+17   9.3557084971e+60   5.2549329268e-23   4.7230376260e-13   4.4763025285e+05   2.0000001605e-02 
  1.0370368745e+21   8.6335121053e+17   1.1658002837e+61   4.1888273133e-23   3.9839214224e-13   4.2608659125e+05   2.0000000420e-02 
  1.0379226115e+21   8.8573699246e+17   1.1980471908e+61   3.9053248269e-23   3.7785797547e-13   4.1686559535e+05   2.0000000111e-02 
  1.0388354367e+21   9.1282523016e+17   1.2368280908e+61   3.8990430585e-23   3.7727779937e-13   4.1430262680e+05   2.0000000028e-02 
  1.0396690939e+21   8.3365719244e+17   1.1314603732e+61   3.9990536152e-23   3.8437676545e-13   4.1385160859e+05   2.0000000007e-02 
  1.0404100716e+21   7.4097768646e+17   1.0071977551e+61   4.1145177214e-23   3.9255335063e-13   4.1482050823e+05   2.0000000002e-02 
  1.0411335458e+21   7.2347418920e+17   9.8479075591e+60   4.3052002192e-23   4.0593969472e-13   4.1588234982e+05   2.0000000000e-02 
  1.0418506456e+21   7.1709984289e+17   9.7746556143e+60   4.4959709551e-23   4.1916344385e-13   4.1799442346e+05   2.0000000000e-02 
  1.0424589848e+21   6.0833916943e+17   8.3027151013e+60   4.6659209345e-23   4.3096876390e-13   4.2060928637e+05   2.0000000000e-02 
  1.0430717300e+21   6.1274519654e+17   8.3726508552e+60   4.9437293517e-23   4.5018559017e-13   4.2326605304e+05   2.0000000000e-02 
  1.0434982542e+21   4.2652426516e+17   5.8339074281e+60   4.9965204682e-23   4.5391091903e-13   4.2081140965e+05   2.0000000000e-02 
  1.0437007350e+21   2.0248076084e+17   2.7711583924e+60   4.1879972974e-23   3.9872346845e-13   4.1495659962e+05   2.0000000000e-02 
  1.0443695738e+21   6.6883882062e+17   9.1613947361e+60   1.7647063143e-23   2.1719897320e-13   3.1338982248e+05   2.0000000000e-02 
  1.0457823608e+21   1.4127870200e+18   1.9390202645e+61   3.4350494209e-24   7.2381468045e-14   8.2244317066e+04   2.0000000000e-02 
  1.0476398994e+21   1.8575385655e+18   2.5574167285e+61   2.3022308603e-24   5.3309398194e-14   6.6121200417e+03   2.0000000000e-02 
  1.0495673784e+21   1.9274789744e+18   2.6633139055e+61   2.2292262227e-24   5.1956003567e-14   3.7457270299e+02   2.0000000000e-02 
  1.0514996370e+21   1.9322585785e+18   2.6797547467e+61   2.2248444861e-24   5.1876084194e-14   2.0685034638e+01   2.0000000000e-02 
  1.0534321614e+21   1.9325244216e+18   2.6899923401e+61   2.2246014175e-24   5.1871648535e-14   1.1381104737e+00   2.0000000000e-02 
  1.0553647004e+21   1.9325390565e+18   2.6999005495e+61   2.2245880365e-24   5.1871404275e-14   6.2567741763e-02   2.0000000000e-02 
  1.0572972403e+21   1.9325398564e+18   2.7098076882e+61   2.2245873054e-24   5.1871390910e-14   3.4319627773e-03   2.0000000000e-02 
  1.0592297802e+21   1.9325399057e+18   2.7197319205e+61   2.2245872595e-24   5.1871390089e-14   1.6781753705e-04   2.0000000000e-02 
  1.0611623201e+21   1.9325399057e+18   2.7296742232e+61   2.2245872599e-24   5.1871390088e-14  -2.3903842562e-06   2.0000000000e-02 
  1.0630948600e+21   1.9325399057e+18   2.7396346655e+61   2.2245872600e-24   5.1871390089e-14  -7.5765308434e-06   2.0000000000e-02 
  1.0650273999e+21   1.9325399057e+18   2.7496132472e+61   2.2245872600e-24   5.1871390089e-14  -7.5805798833e-06   2.0000000000e-02 
  1.0669599398e+21   1.9325399057e+18   2.7596099684e+61   2.2245872600e-24   5.1871390089e-14  -7.5501320823e-06   2.0000000000e-02 
  1.0688924797e+21   1.9325399057e+18   2.7696248292e+61   2.2245872600e-24   5.1871390089e-14  -7.4902299015e-06   2.0000000000e-02 
  1.0708250196e+21   1.9325399057e+18   2.7796578294e+61   2.2245872600e-24   5.1871390089e-14  -7.5002073678e-06   2.0000000000e-02 
  1.0727575595e+21   1.9325399057e+18   2.7897089691e+61   2.2245872600e-24   5.1871390089e-14  -7.9065896062e-06   2.0000000000e-02 
  1.0746900995e+21   1.9325399057e+18   2.7997782484e+61   2.2245872600e-24   5.1871390089e-14  -9.3503947315e-06   2.0000000000e-02 
  1.0766226394e+21   1.9325399057e+18   2.8098656671e+61   2.2245872600e-24   5.1871390090e-14  -1.1883812333e-05   2.0000000000e-02 
  1.0785551793e+21   1.9325399057e+18   2.8199712253e+61   2.2245872600e-24   5.1871390090e-14  -1.3758663151e-05   2.0000000000e-02 
  1.0804877192e+21   1.9325399057e+18   2.8300949231e+61   2.2245872600e-24   5.1871390090e-14  -1.4151211825e-05   2.0000000000e-02 
  1.0824202591e+21   1.9325399057e+18   2.8402367603e+61   2.2245872600e-24   5.1871390090e-14  -1.3502473823e-05   2.0000000000e-02 
  1.0843527990e+21   1.9325399057e+18   2.8503967370e+61   2.2245872600e-24   5.1871390090e-14  -1.1882829188e-05   2.0000000000e-02 
  1.0862853389e+21   1.9325399057e+18   2.8605748532e+61   2.2245872600e-24   5.1871390089e-14  -1.0414500556e-05   2.0000000000e-02 
  1.0882178788e+21   1.9325399057e+18   2.8707711089e+61   2.2245872600e-24   5.1871390088e-14  -1.0168872539e-05   2.0000000000e-02 
  1.0901504187e+21   1.9325399057e+18   2.8809855042e+61   2.2245872600e-24   5.1871390088e-14  -1.1069832989e-05   2.0000000000e-02 
  1.0920829586e+21   1.9325399057e+18   2.8912180389e+61   2.2245872600e-24   5.1871390088e-14  -1.1758410503e-05   2.0000000000e-02 
  1.0940154985e+21   1.9325399057e+18   2.9014687131e+61   2.2245872600e-24   5.1871390088e-14  -1.1981232625e-05   2.0000000000e-02 
  1.0959480384e+21   1.9325399057e+18   2.9117375268e+61   2.2245872600e-24   5.1871390088e-14  -1.1842956247e-05   2.0000000000e-02 
  1.0978805783e+21   1.9325399057e+18   2.9220244800e+61   2.2245872600e-24   5.1871390088e-14  -1.1586028393e-05   2.0000000000e-02 
  1.0998131182e+21   1.9325399057e+18   2.9323295727e+61   2.2245872600e-24   5.1871390088e-14  -1.0310419059e-05   2.0000000000e-02 
  1.1017456581e+21   1.9325399057e+18   2.9426528049e+61   2.2245872600e-24   5.1871390089e-14  -8.8978308676e-06   2.0000000000e-02 
  1.1036781980e+21   1.9325399057e+18   2.9529941766e+61   2.2245872600e-24   5.1871390089e-14  -8.0123785889e-06   2.0000000000e-02 
  1.1056107379e+21   1.9325399057e+18   2.9633536878e+61   2.2245872600e-24   5.1871390089e-14  -7.5639184704e-06   2.0000000000e-02 
  1.1075432778e+21   1.9325399057e+18   2.9737313386e+61   2.2245872600e-24   5.1871390089e-14  -7.3723177950e-06   2.0000000000e-02 
  1.1094758178e+21   1.9325399057e+18   2.9841271288e+61   2.2245872600e-24   5.1871390090e-14  -7.2860466385e-06   2.0000000000e-02 
  1.1114083577e+21   1.9325399057e+18   2.9945410585e+61   2.2245872600e-24   5.1871390090e-14  -7.2491235107e-06   2.0000000000e-02 
  1.1133408976e+21   1.9325399057e+18   3.0049731276e+61   2.2245872600e-24   5.1871390090e-14  -7.2478602852e-06   2.0000000000e-02 
  1.1152734375e+21   1.9325399057e+18   3.0154233363e+61   2.2245872600e-24   5.1871390090e-14  -7.2503838008e-06   2.0000000000e-02 
  1.1172059774e+21   1.9325399057e+18   3.0258916845e+61   2.2245872600e-24   5.1871390090e-14  -7.2734514916e-06   2.0000000000e-02 
  1.1191385173e+21   1.9325399057e+18   3.0363781722e+61   2.2245872600e-24   5.1871390090e-14  -7.2560237844e-06   2.0000000000e-02 
  1.1210710572e+21   1.9325399057e+18   3.0468827994e+61   2.2245872600e-24   5.1871390090e-14  -7.1740822124e-06   2.0000000000e-02 
  1.1230035971e+21   1.9325399057e+18   3.0574055661e+61   2.2245872600e-24   5.1871390090e-14  -7.0036308761e-06   2.0000000000e-02 
  1.1249361370e+21   1.9325399057e+18   3.0679464723e+61   2.2245872600e-24   5.1871390090e-14  -6.8614063072e-06   2.0000000000e-02 
  1.1268686769e+21   1.9325399057e+18   3.0785055180e+61   2.2245872600e-24   5.1871390090e-14  -6.7308502344e-06   2.0000000000e-02 
  1.1288012168e+21   1.9325399057e+18   3.0890827032e+61   2.2245872600e-24   5.1871390090e-14  -6.3827352422e-06   2.0000000000e-02 
  1.1307337567e+21   1.9325399057e+18   3.0996780279e+61   2.2245872600e-24   5.1871390090e-14  -5.9429333397e-06   2.0000000000e-02 
  1.1326662966e+21   1.9325399057e+18   3.1102914920e+61   2.2245872600e-24   5.1871390090e-14  -5.4872613884e-06   2.0000000000e-02 
  1.1345988365e+21   1.9325399057e+18   3.1209230957e+61   2.2245872600e-24   5.1871390090e-14  -4.9976532391e-06   2.0000000000e-02 
  1.1365313764e+21   1.9325399057e+18   3.1315728389e+61   2.2245872600e-24   5.1871390090e-14  -4.5854148400e-06   2.0000000000e-02 
  1.1384639163e+21   1.9325399057e+18   3.1422407216e+61   2.2245872600e-24   5.1871390090e-14  -4.0559324722e-06   2.0000000000e-02 
  1.1403964562e+21   1.9325399057e+18   3.1529267437e+61   2.2245872600e-24   5.1871390090e-14  -3.1189863018e-06   2.0000000000e-02 
  1.1423289962e+21   1.9325399057e+18   3.1636309054e+61   2.2245872600e-24   5.1871390091e-14  -7.0012673147e-07   2.0000000000e-02 
  1.1442615361e+21   1.9325399057e+18   3.1743532066e+61   2.2245872600e-24   5.1871390091e-14   1.3910292976e-06   2.0000000000e-02 
  1.1461940760e+21   1.9325399057e+18   3.1850936473e+61   2.2245872600e-24   5.1871390091e-14   2.0633026775e-06   2.0000000000e-02 
  1.1481266159e+21   1.9325399057e+18   3.1958522274e+61   2.2245872600e-24   5.1871390091e-14   2.5456598597e-06   2.0000000000e-02 
  1.1500591558e+21   1.9325399057e+18   3.2066289471e+61   2.2245872600e-24   5.1871390091e-14   3.0538417932e-06   2.0000000000e-02 
  1.1519916957e+21   1.9325399057e+18   3.2174238063e+61   2.2245872600e-24   5.1871390091e-14   3.4550181177e-06   2.0000000000e-02 
  1.1539242356e+21   1.9325399057e+18   3.2282368049e+61   2.2245872600e-24   5.1871390091e-14   3.6379287590e-06   2.0000000000e-02 
  1.1558567755e+21   1.9325399057e+18   3.2390679431e+61   2.2245872600e-24   5.1871390091e-14   3.6597470991e-06   2.0000000000e-02 
  1.1577893154e+21   1.9325399057e+18   3.2499172207e+61   2.2245872600e-24   5.1871390091e-14   3.6384519658e-06   2.0000000000e-02 
  1.1597218553e+21   1.9325399057e+18   3.2607846379e+61   2.2245872600e-24   5.1871390091e-14   3.6058502772e-06   2.0000000000e-02 
  1.1616543952e+21   1.9325399057e+18   3.2716701946e+61   2.2245872600e-24   5.1871390091e-14   3.4920183593e-06   2.0000000000e-02 
  1.1635869351e+21   1.9325399057e+18   3.2825738907e+61   2.2245872600e-24   5.1871390091e-14   3.2018028692e-06   2.0000000000e-02 
  1.1655194750e+21   1.9325399057e+18   3.2934957264e+61   2.2245872600e-24   5.1871390091e-14   2.8607290255e-06   2.0000000000e-02 
  1.1674520149e+21   1.9325399057e+18   3.3044357015e+61   2.2245872600e-24   5.1871390091e-14   2.6062152882e-06   2.0000000000e-02 
  1.1693845548e+21   1.9325399057e+18   3.3153938162e+61   2.2245872600e-24   5.1871390091e-14   2.2311348147e-06   2.0000000000e-02 
  1.1713170947e+21   1.9325399057e+18   3.3263700703e+61   2.2245872600e-24   5.1871390091e-14   1.4046266259e-06   2.0000000000e-02 
  1.1732496346e+21   1.9325399057e+18   3.3373644640e+61   2.2245872600e-24   5.1871390091e-14   3.1655025218e-07   2.0000000000e-02 
  1.1751821745e+21   1.9325399057e+18   3.3483769971e+61   2.2245872600e-24   5.1871390091e-14  -7.7031995906e-07   2.0000000000e-02 
  1.1771147145e+21   1.9325399057e+18   3.3594076697e+61   2.2245872600e-24   5.1871390091e-14  -1.6405011806e-06   2.0000000000e-02 
  1.1790472544e+21   1.9325399057e+18   3.3704564819e+61   2.2245872600e-24   5.1871390091e-14  -1.8995735907e-06   2.0000000000e-02 
  1.1809797943e+21   1.9325399057e+18   3.3815234335e+61   2.2245872600e-24   5.1871390091e-14  -1.5795262439e-06   2.0000000000e-02 
  1.1829123342e+21   1.9325399057e+18   3.3926085247e+61   2.2245872600e-24   5.1871390091e-14   2.0130529126e-08   2.0000000000e-02 
  1.1848448741e+21   1.9325399057e+18   3.4037117553e+61   2.2245872600e-24   5.1871390090e-14   3.2781372555e-06   2.0000000000e-02 
  1.1867774140e+21   1.9325399057e+18   3.4148331254e+61   2.2245872600e-24   5.1871390090e-14   5.1242017619e-06   2.0000000000e-02 
  1.1887099539e+21   1.9325399057e+18   3.4259726351e+61   2.2245872600e-24   5.1871390089e-14   5.7263361700e-06   2.0000000000e-02 
  1.1906424938e+21   1.9325399057e+18   3.4371302842e+61   2.2245872600e-24   5.1871390089e-14   6.0352864756e-06   2.0000000000e-02 
  1.1925750337e+21   1.9325399057e+18   3.4483060728e+61   2.2245872600e-24   5.1871390089e-14   6.4150228356e-06   2.0000000000e-02 
  1.1945075736e+21   1.9325399057e+18   3.4595000009e+61   2.2245872600e-24   5.1871390089e-14   6.7174802896e-06   2.0000000000e-02 
  1.1964401135e+21   1.9325399057e+18   3.4707120686e+61   2.2245872600e-24   5.1871390089e-14   6.8600804099e-06   2.0000000000e-02 
  1.1983726534e+21   1.9325399057e+18   3.4819422757e+61   2.2245872600e-24   5.1871390089e-14   6.9619630084e-06   2.0000000000e-02 
  1.2003051933e+21   1.9325399057e+18   3.4931906223e+61   2.2245872600e-24   5.1871390089e-14   7.0902959266e-06   2.0000000000e-02 
  1.2022377332e+21   1.9325399057e+18   3.5044571084e+61   2.2245872600e-24   5.1871390089e-14   7.2053604064e-06   2.0000000000e-02 
  1.2041702731e+21   1.9325399057e+18   3.5157417341e+61   2.2245872600e-24   5.1871390089e-14   7.2293959678e-06   2.0000000000e-02 
  1.2061028130e+21   1.9325399057e+18   3.5270444992e+61   2.2245872600e-24   5.1871390089e-14   7.1875431369e-06   2.0000000000e-02 
  1.2080353529e+21   1.9325399057e+18   3.5383654038e+61   2.2245872600e-24   5.1871390089e-14   7.1226557809e-06   2.0000000000e-02 
  1.2099678929e+21   1.9325399057e+18   3.5497044479e+61   2.2245872600e-24   5.1871390089e-14   6.9988913938e-06   2.0000000000e-02 
  1.2119004328e+21   1.9325399057e+18   3.5610616315e+61   2.2245872600e-24   5.1871390089e-14   6.7714751642e-06   2.0000000000e-02 
  1.2138329727e+21   1.9325399057e+18   3.5724369546e+61   2.2245872600e-24   5.1871390089e-14   6.5540498428e-06   2.0000000000e-02 
  1.2157655126e+21   1.9325399057e+18   3.5838304172e+61   2.2245872600e-24   5.1871390090e-14   6.3808334063e-06   2.0000000000e-02 
  1.2176980525e+21   1.9325399057e+18   3.5952420193e+61   2.2245872600e-24   5.1871390090e-14   6.2409363576e-06   2.0000000000e-02 
  1.2196305924e+21   1.9325399057e+18   3.6066717609e+61   2.2245872600e-24   5.1871390090e-14   6.1190025670e-06   2.0000000000e-02 
  1.2215631323e+21   1.9325399057e+18   3.6181196420e+61   2.2245872600e-24   5.1871390090e-14   6.0262309107e-06   2.0000000000e-02 
  1.2234956722e+21   1.9325399057e+18   3.6295856626e+61   2.2245872600e-24   5.1871390090e-14   6.0213334455e-06   2.0000000000e-02 
  1.2254282121e+21   1.9325399057e+18   3.6410698227e+61   2.2245872600e-24   5.1871390089e-14   6.1395582439e-06   2.0000000000e-02 
  1.2273607520e+21   1.9325399057e+18   3.6525721223e+61   2.2245872600e-24   5.1871390089e-14   6.5129849686e-06   2.0000000000e-02 
  1.2292932919e+21   1.9325399057e+18   3.6640925614e+61   2.2245872600e-24   5.1871390089e-14   7.4004573493e-06   2.0000000000e-02 
  1.2312258318e+21   1.9325399057e+18   3.6756311400e+61   2.2245872600e-24   5.1871390088e-14   8.8688691676e-06   2.0000000000e-02 
  1.2331583717e+21   1.9325399057e+18   3.6871878581e+61   2.2245872600e-24   5.1871390088e-14   1.0104102167e-05   2.0000000000e-02 
  1.2350909116e+21   1.9325399057e+18   3.6987627157e+61   2.2245872600e-24   5.1871390088e-14   1.0692068509e-05   2.0000000000e-02 
  1.2370234515e+21   1.9325399057e+18   3.7103557128e+61   2.2245872600e-24   5.1871390088e-14   1.0759122170e-05   2.0000000000e-02 
  1.2389559914e+21   1.9325399057e+18   3.7219668494e+61   2.2245872600e-24   5.1871390088e-14   1.0596622169e-05   2.0000000000e-02 
  1.2408885313e+21   1.9325399057e+18   3.7335961255e+61   2.2245872600e-24   5.1871390088e-14   9.8774513321e-06   2.0000000000e-02 
  1.2428210712e+21   1.9325399057e+18   3.7452435411e+61   2.2245872600e-24   5.1871390088e-14   9.1768470163e-06   2.0000000000e-02 
  1.2447536112e+21   1.9325399057e+18   3.7569090962e+61   2.2245872600e-24   5.1871390089e-14   9.3145270090e-06   2.0000000000e-02 
  1.2466861511e+21   1.9325399057e+18   3.7685927907e+61   2.2245872600e-24   5.1871390089e-14   1.0107658561e-05   2.0000000000e-02 
  1.2486186910e+21   1.9325399057e+18   3.7802946248e+61   2.2245872600e-24   5.1871390089e-14   1.0685587122e-05   2.0000000000e-02 
  1.2505512309e+21   1.9325399057e+18   3.7920145984e+61   2.2245872600e-24   5.1871390089e-14   1.0677769100e-05   2.0000000000e-02 
  1.2524837708e+21   1.9325399057e+18   3.8037527115e+61   2.2245872600e-24   5.1871390089e-14   9.9458190495e-06   2.0000000000e-02 
  1.2544163107e+21   1.9325399057e+18   3.8155089640e+61   2.2245872600e-24   5.1871390088e-14   8.2123768611e-06   2.0000000000e-02 
  1.2563488506e+21   1.9325399057e+18   3.8272833561e+61   2.2245872600e-24   5.1871390088e-14   6.6603874944e-06   2.0000000000e-02 
  1.2582813905e+21   1.9325399057e+18   3.8390758877e+61   2.2245872600e-24   5.1871390088e-14   6.3159841088e-06   2.0000000000e-02 
  1.2602139304e+21   1.9325399057e+18   3.8508865588e+61   2.2245872600e-24   5.1871390088e-14   6.2334354697e-06   2.0000000000e-02 
  1.2621464703e+21   1.9325399057e+18   3.8627153693e+61   2.2245872600e-24   5.1871390088e-14   6.2265195060e-06   2.0000000000e-02 
  1.2640790102e+21   1.9325399057e+18   3.8745623194e+61   2.2245872600e-24   5.1871390088e-14   6.2271268446e-06   2.0000000000e-02 
  1.2660115501e+21   1.9325399057e+18   3.8864274090e+61   2.2245872600e-24   5.1871390088e-14   6.2585181012e-06   2.0000000000e-02 
  1.2679440900e+21   1.9325399057e+18   3.8983106380e+61   2.2245872600e-24   5.1871390088e-14   6.5535206572e-06   2.0000000000e-02 
  1.2698766299e+21   1.9325399057e+18   3.9102120066e+61   2.2245872600e-24   5.1871390088e-14   6.9788800929e-06   2.0000000000e-02 
  1.2718091698e+21   1.9325399057e+18   3.9221315146e+61   2.2245872600e-24   5.1871390088e-14   7.0764182211e-06   2.0000000000e-02 
  1.2737417097e+21   1.9325399057e+18   3.9340691622e+61   2.2245872600e-24   5.1871390087e-14   7.1650637275e-06   2.0000000000e-02 
  1.2756742496e+21   1.9325399057e+18   3.9460249492e+61   2.2245872600e-24   5.1871390087e-14   7.2185211747e-06   2.0000000000e-02 
  1.2776067896e+21   1.9325399057e+18   3.9579988758e+61   2.2245872600e-24   5.1871390087e-14   7.2683357704e-06   2.0000000000e-02 
  1.2795393295e+21   1.9325399057e+18   3.9699909419e+61   2.2245872600e-24   5.1871390087e-14   7.3427811984e-06   2.0000000000e-02 
  1.2814718694e+21   1.9325399057e+18   3.9820011474e+61   2.2245872600e-24   5.1871390087e-14   7.4220262401e-06   2.0000000000e-02 
  1.2834044093e+21   1.9325399057e+18   3.9940294925e+61   2.2245872600e-24   5.1871390087e-14   7.3257497388e-06   2.0000000000e-02 
  1.2853369492e+21   1.9325399057e+18   4.0060759770e+61   2.2245872600e-24   5.1871390087e-14   6.0743132633e-06   2.0000000000e-02 
  1.2872694891e+21   1.9325399057e+18   4.0181406010e+61   2.2245872600e-24   5.1871390086e-14   2.8897882613e-06   2.0000000000e-02 
  1.2892020290e+21   1.9325399057e+18   4.0302233646e+61   2.2245872600e-24   5.1871390086e-14   3.5463532451e-08   2.0000000000e-02 
  1.2911345689e+21   1.9325399057e+18   4.0423242676e+61   2.2245872600e-24   5.1871390086e-14  -1.8655301715e-06   2.0000000000e-02 
  1.2930671088e+21   1.9325399057e+18   4.0544433102e+61   2.2245872600e-24   5.1871390086e-14  -3.1085890025e-06   2.0000000000e-02 
  1.2949996487e+21   1.9325399057e+18   4.0665804922e+61   2.2245872600e-24   5.1871390086e-14  -3.6626600405e-06   2.0000000000e-02 
  1.2969321886e+21   1.9325399057e+18   4.0787358138e+61   2.2245872600e-24   5.1871390086e-14  -3.7952923609e-06   2.0000000000e-02 
  1.2988647285e+21   1.9325399057e+18   4.0909092748e+61   2.2245872600e-24   5.1871390086e-14  -3.7104514651e-06   2.0000000000e-02 
  1.3007972684e+21   1.9325399057e+18   4.1031008753e+61   2.2245872600e-24   5.1871390086e-14  -3.5951267985e-06   2.0000000000e-02 
  1.3027298083e+21   1.9325399057e+18   4.1153106154e+61   2.2245872600e-24   5.1871390086e-14  -3.4102394407e-06   2.0000000000e-02 
  1.3046623482e+21   1.9325399057e+18   4.1275384949e+61   2.2245872600e-24   5.1871390086e-14  -3.1344564033e-06   2.0000000000e-02 
  1.3065948881e+21   1.9325399057e+18   4.1397845139e+61   2.2245872600e-24   5.1871390087e-14  -1.9004546161e-06   2.0000000000e-02 
  1.3085274280e+21   1.9325399057e+18   4.1520486724e+61   2.2245872600e-24   5.1871390087e-14  -6.4602966064e-07   2.0000000000e-02 
  1.3104599679e+21   1.9325399057e+18   4.1643309705e+61   2.2245872600e-24   5.1871390087e-14  -1.9711957501e-07   2.0000000000e-02 
  1.3123925079e+21   1.9325399057e+18   4.1766314080e+61   2.2245872600e-24   5.1871390087e-14  -2.0105068463e-08   2.0000000000e-02 
  1.3143250478e+21   1.9325399057e+18   4.1889499850e+61   2.2245872600e-24   5.1871390087e-14   9.1505665399e-08   2.0000000000e-02 
  1.3162575877e+21   1.9325399057e+18   4.2012867015e+61   2.2245872600e-24   5.1871390087e-14   1.8757597548e-07   2.0000000000e-02 
  1.3181901276e+21   1.9325399057e+18   4.2136415576e+61   2.2245872600e-24   5.1871390087e-14   1.9035042658e-07   2.0000000000e-02 
  1.3201226675e+21   1.9325399057e+18   4.2260145531e+61   2.2245872600e-24   5.1871390087e-14   1.5428858612e-07   2.0000000000e-02 
  1.3220552074e+21   1.9325399057e+18   4.2384056881e+61   2.2245872600e-24   5.1871390087e-14   1.3275777181e-07   2.0000000000e-02 
  1.3239877473e+21   1.9325399057e+18   4.2508149626e+61   2.2245872600e-24   5.1871390087e-14   1.4329764760e-07   2.0000000000e-02 
  1.3259202872e+21   1.9325399057e+18   4.2632423766e+61   2.2245872600e-24   5.1871390087e-14   2.0682308861e-07   2.0000000000e-02 
  1.3278528271e+21   1.9325399057e+18   4.2756879301e+61   2.2245872600e-24   5.1871390087e-14   3.0963110826e-07   2.0000000000e-02 
  1.3297853670e+21   1.9325399057e+18   4.2881516231e+61   2.2245872600e-24   5.1871390087e-14   4.8238854940e-07   2.0000000000e-02 
  1.3317179069e+21   1.9325399057e+18   4.3006334556e+61   2.2245872600e-24   5.1871390087e-14   6.1589200098e-07   2.0000000000e-02 
  1.3336504468e+21   1.9325399057e+18   4.3131334276e+61   2.2245872600e-24   5.1871390087e-14   6.1234610340e-07   2.0000000000e-02 
  1.3355829867e+21   1.9325399057e+18   4.3256515391e+61   2.2245872600e-24   5.1871390087e-14   4.7960165351e-07   2.0000000000e-02 
  1.3375155266e+21   1.9325399057e+18   4.3381877901e+61   2.2245872600e-24   5.1871390087e-14   3.2575707977e-07   2.0000000000e-02 
  1.3394480665e+21   1.9325399057e+18   4.3507421806e+61   2.2245872600e-24   5.1871390087e-14   2.3867268705e-07   2.0000000000e-02 
  1.3413806064e+21   1.9325399057e+18   4.3633147106e+61   2.2245872600e-24   5.1871390087e-14   2.1168012126e-07   2.0000000000e-02 
  1.3433131463e+21   1.9325399057e+18   4.3759053801e+61   2.2245872600e-24   5.1871390087e-14   2.8517680493e-07   2.0000000000e-02 
  1.3452456863e+21   1.9325399057e+18   4.3885141891e+61   2.2245872600e-24   5.1871390087e-14   5.0394443213e-07   2.0000000000e-02 
  1.3471782262e+21   1.9325399057e+18   4.4011411376e+61   2.2245872600e-24   5.1871390087e-14   7.2032797805e-07   2.0000000000e-02 
  1.3491107661e+21   1.9325399057e+18   4.4137862256e+61   2.2245872600e-24   5.1871390087e-14   8.1582614365e-07   2.0000000000e-02 
  1.3510433060e+21   1.9325399057e+18   4.4264494531e+61   2.2245872600e-24   5.1871390087e-14   8.3520235721e-07   2.0000000000e-02 
  1.3529758459e+21   1.9325399057e+18   4.4391308201e+61   2.2245872600e-24   5.1871390087e-14   9.0141081410e-07   2.0000000000e-02 
  1.3549083858e+21   1.9325399057e+18   4.4518303266e+61   2.2245872600e-24   5.1871390087e-14   1.0206744391e-06   2.0000000000e-02 
  1.3568409257e+21   1.9325399057e+18   4.4645479726e+61   2.2245872600e-24   5.1871390087e-14   9.8425158098e-07   2.0000000000e-02 
  1.3587734656e+21   1.9325399057e+18   4.4772837581e+61   2.2245872600e-24   5.1871390087e-14   8.7126765630e-07   2.0000000000e-02 
  1.3607060055e+21   1.9325399057e+18   4.4900376830e+61   2.2245872600e-24   5.1871390087e-14   7.2890930792e-07   2.0000000000e-02 
  1.3626385454e+21   1.9325399057e+18   4.5028097475e+61   2.2245872600e-24   5.1871390087e-14   5.6934629980e-07   2.0000000000e-02 
  1.3645710853e+21   1.9325399057e+18   4.5155999515e+61   2.2245872600e-24   5.1871390087e-14   3.5540406039e-07   2.0000000000e-02 
  1.3665036252e+21   1.9325399057e+18   4.5284082950e+61   2.2245872600e-24   5.1871390087e-14   1.0407086408e-07   2.0000000000e-02 
  1.3684361651e+21   1.9325399057e+18   4.5412347779e+61   2.2245872600e-24   5.1871390087e-14  -5.8819726526e-08   2.0000000000e-02 
  1.3703687050e+21   1.9325399057e+18   4.5540794004e+61   2.2245872600e-24   5.1871390087e-14  -1.4944602460e-07   2.0000000000e-02 
  1.3723012449e+21   1.9325399057e+18   4.5669421624e+61   2.2245872600e-24   5.1871390087e-14  -2.0795799937e-07   2.0000000000e-02 
  1.3742337848e+21   1.9325399057e+18   4.5798230639e+61   2.2245872600e-24   5.1871390087e-14  -2.3735127601e-07   2.0000000000e-02 
  1.3761663247e+21   1.9325399057e+18   4.5927221048e+61   2.2245872600e-24   5.1871390087e-14  -2.2372739249e-07   2.0000000000e-02 
  1.3780988646e+21   1.9325399057e+18   4.6056392853e+61   2.2245872600e-24   5.1871390087e-14  -1.5180003498e-07   2.0000000000e-02 
  1.3800314046e+21   1.9325399057e+18   4.6185746053e+61   2.2245872600e-24   5.1871390087e-14  -6.5716727833e-08   2.0000000000e-02 
  1.3819639445e+21   1.9325399057e+18   4.6315280647e+61   2.2245872600e-24   5.1871390087e-14   5.2661828489e-08   2.0000000000e-02 
  1.3838964844e+21   1.9325399057e+18   4.6444996637e+61   2.2245872600e-24   5.1871390087e-14   2.1114128074e-07   2.0000000000e-02 
  1.3858290243e+21   1.9325399057e+18   4.6574894021e+61   2.2245872600e-24   5.1871390087e-14   4.1812638096e-07   2.0000000000e-02 
  1.3877615642e+21   1.9325399057e+18   4.6704972801e+61   2.2245872600e-24   5.1871390087e-14   7.0916735845e-07   2.0000000000e-02 
  1.3896941041e+21   1.9325399057e+18   4.6835232976e+61   2.2245872600e-24   5.1871390087e-14   9.5482970286e-07   2.0000000000e-02 
  1.3916266440e+21   1.9325399057e+18   4.6965674545e+61   2.2245872600e-24   5.1871390087e-14   1.0395850716e-06   2.0000000000e-02 
  1.3935591839e+21   1.9325399057e+18   4.7096297510e+61   2.2245872600e-24   5.1871390087e-14   9.6686149539e-07   2.0000000000e-02 
  1.3954917238e+21   1.9325399057e+18   4.7227101869e+61   2.2245872600e-24   5.1871390087e-14   8.2546787632e-07   2.0000000000e-02 
  1.3974242637e+21   1.9325399057e+18   4.7358087624e+61   2.2245872600e-24   5.1871390087e-14   7.1791599864e-07   2.0000000000e-02 
  1.3993568036e+21   1.9325399057e+18   4.7489254773e+61   2.2245872600e-24   5.1871390087e-14   7.4494442353e-07   2.0000000000e-02 
  1.4012893435e+21   1.9325399057e+18   4.7620603318e+61   2.2245872600e-24   5.1871390087e-14   8.9348564369e-07   2.0000000000e-02 
  1.4032218834e+21   1.9325399057e+18   4.7752133257e+61   2.2245872600e-24   5.1871390087e-14   1.0684846372e-06   2.0000000000e-02 
  1.4051544233e+21   1.9325399057e+18   4.7883844591e+61   2.2245872600e-24   5.1871390087e-14   1.0756073505e-06   2.0000000000e-02 
  1.4070869632e+21   1.9325399057e+18   4.8015737321e+61   2.2245872600e-24   5.1871390087e-14   9.1237557694e-07   2.0000000000e-02 
  1.4090195031e+21   1.9325399057e+18   4.8147811445e+61   2.2245872600e-24   5.1871390087e-14   8.1271621356e-07   2.0000000000e-02 
  1.4109520430e+21   1.9325399057e+18   4.8280066965e+61   2.2245872600e-24   5.1871390087e-14   8.2903799754e-07   2.0000000000e-02 
  1.4128845830e+21   1.9325399057e+18   4.8412503879e+61   2.2245872600e-24   5.1871390087e-14   8.7836828662e-07   2.0000000000e-02 
  1.4148171229e+21   1.9325399057e+18   4.8545122188e+61   2.2245872600e-24   5.1871390087e-14   9.2051543614e-07   2.0000000000e-02 
  1.4167496628e+21   1.9325399057e+18   4.8677921893e+61   2.2245872600e-24   5.1871390087e-14   9.0053297642e-07   2.0000000000e-02 
  1.4186822027e+21   1.9325399057e+18   4.8810902992e+61   2.2245872600e-24   5.1871390087e-14   8.2805818010e-07   2.0000000000e-02 
  1.4206147426e+21   1.9325399057e+18   4.8944065486e+61   2.2245872600e-24   5.1871390087e-14   5.8025581242e-07   2.0000000000e-02 
  1.4225472825e+21   1.9325399057e+18   4.9077409376e+61   2.2245872600e-24   5.1871390087e-14   2.2563989139e-07   2.0000000000e-02 
  1.4244798224e+21   1.9325399057e+18   4.9210934660e+61   2.2245872600e-24   5.1871390087e-14   4.2768547153e-08   2.0000000000e-02 
  1.4264123623e+21   1.9325399057e+18   4.9344641339e+61   2.2245872600e-24   5.1871390087e-14  -1.6792064304e-08   2.0000000000e-02 
  1.4283449022e+21   1.9325399057e+18   4.9478529413e+61   2.2245872600e-24   5.1871390087e-14  -2.3856594804e-08   2.0000000000e-02 
  1.4302774421e+21   1.9325399057e+18   4.9612598883e+61   2.2245872600e-24   5.1871390087e-14   3.2408444540e-09   2.0000000000e-02 
  1.4322099820e+21   1.9325399057e+18   4.9746849747e+61   2.2245872600e-24   5.1871390087e-14  -3.7974031378e-09   2.0000000000e-02 
  1.4341425219e+21   1.9325399057e+18   4.9881282006e+61   2.2245872600e-24   5.1871390087e-14  -8.6850482083e-08   2.0000000000e-02 
  1.4360750618e+21   1.9325399057e+18   5.0015895660e+61   2.2245872600e-24   5.1871390087e-14  -1.7844274947e-07   2.0000000000e-02 
  1.4380076017e+21   1.9325399057e+18   5.0150690709e+61   2.2245872600e-24   5.1871390087e-14  -2.2912482115e-07   2.0000000000e-02 
  1.4399401416e+21   1.9325399057e+18   5.0285667153e+61   2.2245872600e-24   5.1871390087e-14  -2.5910132496e-07   2.0000000000e-02 
  1.4418726815e+21   1.9325399057e+18   5.0420824992e+61   2.2245872600e-24   5.1871390087e-14  -2.8765273454e-07   2.0000000000e-02 
  1.4438052214e+21   1.9325399057e+18   5.0556164226e+61   2.2245872600e-24   5.1871390087e-14  -3.1105233619e-07   2.0000000000e-02 
  1.4457377613e+21   1.9325399057e+18   5.0691684856e+61   2.2245872600e-24   5.1871390087e-14  -3.1395006479e-07   2.0000000000e-02 
  1.4476703013e+21   1.9325399057e+18   5.0827386880e+61   2.2245872600e-24   5.1871390087e-14  -2.9247733001e-07   2.0000000000e-02 
  1.4496028412e+21   1.9325399057e+18   5.0963270299e+61   2.2245872600e-24   5.1871390087e-14  -2.7238618654e-07   2.0000000000e-02 
  1.4515353811e+21   1.9325399057e+18   5.1099335113e+61   2.2245872600e-24   5.1871390087e-14  -2.4989451522e-07   2.0000000000e-02 
  1.4534679210e+21   1.9325399057e+18   5.1235581322e+61   2.2245872600e-24   5.1871390087e-14  -2.0437678701e-07   2.0000000000e-02 
  1.4554004609e+21   1.9325399057e+18   5.1372008926e+61   2.2245872600e-24   5.1871390087e-14  -1.4264178584e-07   2.0000000000e-02 
  1.4573330008e+21   1.9325399057e+18   5.1508617925e+61   2.2245872600e-24   5.1871390087e-14  -5.1707378046e-08   2.0000000000e-02 
  1.4592655407e+21   1.9325399057e+18   5.1645408319e+61   2.2245872600e-24   5.1871390087e-14   8.2679532553e-08   2.0000000000e-02 
  1.4611980806e+21   1.9325399057e+18   5.1782380108e+61   2.2245872600e-24   5.1871390087e-14   4.0285534979e-07   2.0000000000e-02 
  1.4631306205e+21   1.9325399057e+18   5.1919533291e+61   2.2245872600e-24   5.1871390087e-14   1.3388900727e-06   2.0000000000e-02 
  1.4650631604e+21   1.9325399057e+18   5.2056867870e+61   2.2245872600e-24   5.1871390087e-14   2.4020907638e-06   2.0000000000e-02 
  1.4669957003e+21   1.9325399057e+18   5.2194383844e+61   2.2245872600e-24   5.1871390086e-14   2.6509656156e-06   2.0000000000e-02 
  1.4689282402e+21   1.9325399057e+18   5.2332081213e+61   2.2245872600e-24   5.1871390086e-14   2.7975822488e-06   2.0000000000e-02 
  1.4708607801e+21   1.9325399057e+18   5.2469959977e+61   2.2245872600e-24   5.1871390086e-14   2.9106719315e-06   2.0000000000e-02 
  1.4727933200e+21   1.9325399057e+18   5.2608020136e+61   2.2245872600e-24   5.1871390086e-14   3.0328935770e-06   2.0000000000e-02 
  1.4747258599e+21   1.9325399057e+18   5.2746261690e+61   2.2245872600e-24   5.1871390086e-14   3.1444202648e-06   2.0000000000e-02 
  1.4766583998e+21   1.9325399057e+18   5.2884684638e+61   2.2245872600e-24   5.1871390086e-14   3.1661052548e-06   2.0000000000e-02 
  1.4785909397e+21   1.9325399057e+18   5.3023288982e+61   2.2245872600e-24   5.1871390086e-14   2.9069164402e-06   2.0000000000e-02 
  1.4805234797e+21   1.9325399057e+18   5.3162074721e+61   2.2245872600e-24   5.1871390086e-14   2.4310345274e-06   2.0000000000e-02 
  1.4824560196e+21   1.9325399057e+18   5.3301041855e+61   2.2245872600e-24   5.1871390086e-14   1.5491412442e-06   2.0000000000e-02 
  1.4843885595e+21   1.9325399057e+18   5.3440190383e+61   2.2245872600e-24   5.1871390086e-14  -1.3623634503e-06   2.0000000000e-02 
  1.4863210994e+21   1.9325399057e+18   5.3579520307e+61   2.2245872600e-24   5.1871390087e-14  -5.2964819717e-06   2.0000000000e-02 
  1.4882536393e+21   1.9325399057e+18   5.3719031626e+61   2.2245872600e-24   5.1871390088e-14  -6.9046255270e-06   2.0000000000e-02 
  1.4901861792e+21   1.9325399057e+18   5.3858724340e+61   2.2245872600e-24   5.1871390088e-14  -7.8127917793e-06   2.0000000000e-02 
  1.4921187191e+21   1.9325399057e+18   5.3998598448e+61   2.2245872600e-24   5.1871390088e-14  -8.0628835632e-06   2.0000000000e-02 
  1.4940512590e+21   1.9325399057e+18   5.4138653952e+61   2.2245872600e-24   5.1871390088e-14  -7.9930986803e-06   2.0000000000e-02 
  1.4959837989e+21   1.9325399057e+18   5.4278890850e+61   2.2245872600e-24   5.1871390088e-14  -7.8493775626e-06   2.0000000000e-02 
  1.4979163388e+21   1.9325399057e+18   5.4419309144e+61   2.2245872600e-24   5.1871390088e-14  -7.7561017955e-06   2.0000000000e-02 
  1.4998488787e+21   1.9325399057e+18   5.4559908833e+61   2.2245872600e-24   5.1871390088e-14  -7.7268038781e-06   2.0000000000e-02 
  1.5017814186e+21   1.9325399057e+18   5.4700689916e+61   2.2245872600e-24   5.1871390088e-14  -7.8579360398e-06   2.0000000000e-02 
  1.5037139585e+21   1.9325399057e+18   5.4841652395e+61   2.2245872600e-24   5.1871390088e-14  -8.0705613600e-06   2.0000000000e-02 
  1.5056464984e+21   1.9325399057e+18   5.4982796268e+61   2.2245872600e-24   5.1871390088e-14  -8.1154466800e-06   2.0000000000e-02 
  1.5075790383e+21   1.9325399057e+18   5.5124121537e+61   2.2245872600e-24   5.1871390089e-14  -8.0398747158e-06   2.0000000000e-02 
  1.5095115782e+21   1.9325399057e+18   5.5265628200e+61   2.2245872600e-24   5.1871390089e-14  -7.9391679174e-06   2.0000000000e-02 
  1.5114441181e+21   1.9325399057e+18   5.5407316259e+61   2.2245872600e-24   5.1871390089e-14  -7.8459618385e-06   2.0000000000e-02 
  1.5133766580e+21   1.9325399057e+18   5.5549185712e+61   2.2245872600e-24   5.1871390089e-14  -7.7828158679e-06   2.0000000000e-02 
  1.5153091980e+21   1.9325399057e+18   5.5691236561e+61   2.2245872600e-24   5.1871390089e-14  -7.7388639033e-06   2.0000000000e-02 
  1.5172417379e+21   1.9325399057e+18   5.5833468804e+61   2.2245872600e-24   5.1871390089e-14  -7.7087268979e-06   2.0000000000e-02 
  1.5191742778e+21   1.9325399057e+18   5.5975882443e+61   2.2245872600e-24   5.1871390089e-14  -7.6966003588e-06   2.0000000000e-02 
  1.5211068177e+21   1.9325399057e+18   5.6118477476e+61   2.2245872600e-24   5.1871390089e-14  -7.7219412563e-06   2.0000000000e-02 
  1.5230393576e+21   1.9325399057e+18   5.6261253905e+61   2.2245872600e-24   5.1871390089e-14  -8.1028713638e-06   2.0000000000e-02 
  1.5249718975e+21   1.9325399057e+18   5.6404211728e+61   2.2245872600e-24   5.1871390089e-14  -9.4676024256e-06   2.0000000000e-02 
  1.5269044374e+21   1.9325399057e+18   5.6547350946e+61   2.2245872600e-24   5.1871390090e-14  -1.2026680537e-05   2.0000000000e-02 
  1.5288369773e+21   1.9325399057e+18   5.6690671560e+61   2.2245872600e-24   5.1871390090e-14  -1.3861811127e-05   2.0000000000e-02 
  1.5307695172e+21   1.9325399057e+18   5.6834173568e+61   2.2245872600e-24   5.1871390090e-14  -1.4272375669e-05   2.0000000000e-02 
  1.5327020571e+21   1.9325399057e+18   5.6977856971e+61   2.2245872600e-24   5.1871390090e-14  -1.3747415905e-05   2.0000000000e-02 
  1.5346345970e+21   1.9325399057e+18   5.7121721770e+61   2.2245872600e-24   5.1871390090e-14  -1.2262852039e-05   2.0000000000e-02 
  1.5365671369e+21   1.9325399057e+18   5.7265767963e+61   2.2245872600e-24   5.1871390089e-14  -1.0787821818e-05   2.0000000000e-02 
  1.5384996768e+21   1.9325399057e+18   5.7409995551e+61   2.2245872600e-24   5.1871390088e-14  -1.0549054131e-05   2.0000000000e-02 
  1.5404322167e+21   1.9325399057e+18   5.7554404534e+61   2.2245872600e-24   5.1871390088e-14  -1.1430970615e-05   2.0000000000e-02 
  1.5423647566e+21   1.9325399057e+18   5.7698994913e+61   2.2245872600e-24   5.1871390088e-14  -1.2152289181e-05   2.0000000000e-02 
  1.5442972965e+21   1.9325399057e+18   5.7843766686e+61   2.2245872600e-24   5.1871390088e-14  -1.2381008424e-05   2.0000000000e-02 
  1.5462298364e+21   1.9325399057e+18   5.7988719854e+61   2.2245872600e-24   5.1871390088e-14  -1.2179105987e-05   2.0000000000e-02 
  1.5481623764e+21   1.9325399057e+18   5.8133854417e+61   2.2245872600e-24   5.1871390088e-14  -1.1860315809e-05   2.0000000000e-02 
  1.5500949163e+21   1.9325399057e+18   5.8279170375e+61   2.2245872600e-24   5.1871390088e-14  -1.0646110477e-05   2.0000000000e-02 
  1.5520274562e+21   1.9325399057e+18   5.8424667728e+61   2.2245872600e-24   5.1871390089e-14  -9.0943469521e-06   2.0000000000e-02 
  1.5539599961e+21   1.9325399057e+18   5.8570346477e+61   2.2245872600e-24   5.1871390089e-14  -8.1816858752e-06   2.0000000000e-02 
  1.5558925360e+21   1.9325399057e+18   5.8716206620e+61   2.2245872600e-24   5.1871390089e-14  -7.7310326115e-06   2.0000000000e-02 
  1.5578250759e+21   1.9325399057e+18   5.8862248158e+61   2.2245872600e-24   5.1871390089e-14  -7.5741129419e-06   2.0000000000e-02 
  1.5597576158e+21   1.9325399057e+18   5.9008471091e+61   2.2245872600e-24   5.1871390090e-14  -7.5003484037e-06   2.0000000000e-02 
  1.5616901557e+21   1.9325399057e+18   5.9154875419e+61   2.2245872600e-24   5.1871390090e-14  -7.4560810306e-06   2.0000000000e-02 
  1.5636226956e+21   1.9325399057e+18   5.9301461142e+61   2.2245872600e-24   5.1871390090e-14  -7.4689643500e-06   2.0000000000e-02 
  1.5655552355e+21   1.9325399057e+18   5.9448228260e+61   2.2245872600e-24   5.1871390090e-14  -7.4824276830e-06   2.0000000000e-02 
  1.5674877754e+21   1.9325399057e+18   5.9595176773e+61   2.2245872600e-24   5.1871390090e-14  -7.5038711011e-06   2.0000000000e-02 
  1.5694203153e+21   1.9325399057e+18   5.9742306681e+61   2.2245872600e-24   5.1871390090e-14  -7.4731947222e-06   2.0000000000e-02 
  1.5713528552e+21   1.9325399057e+18   5.9889617984e+61   2.2245872600e-24   5.1871390090e-14  -7.3708993018e-06   2.0000000000e-02 
  1.5732853951e+21   1.9325399057e+18   6.0037110682e+61   2.2245872600e-24   5.1871390089e-14  -7.1875912086e-06   2.0000000000e-02 
  1.5752179350e+21   1.9325399057e+18   6.0184784775e+61   2.2245872600e-24   5.1871390090e-14  -7.0285962030e-06   2.0000000000e-02 
  1.5771504749e+21   1.9325399057e+18   6.0332640263e+61   2.2245872600e-24   5.1871390090e-14  -6.9074244896e-06   2.0000000000e-02 
  1.5790830148e+21   1.9325399057e+18   6.0480677146e+61   2.2245872600e-24   5.1871390090e-14  -6.7202758831e-06   2.0000000000e-02 
  1.5810155547e+21   1.9325399057e+18   6.0628895424e+61   2.2245872600e-24   5.1871390090e-14  -6.3774927552e-06   2.0000000000e-02 
  1.5829480947e+21   1.9325399057e+18   6.0777295096e+61   2.2245872600e-24   5.1871390090e-14  -6.0049005127e-06   2.0000000000e-02 
  1.5848806346e+21   1.9325399057e+18   6.0925876164e+61   2.2245872600e-24   5.1871390090e-14  -5.6011346510e-06   2.0000000000e-02 
  1.5868131745e+21   1.9325399057e+18   6.1074638627e+61   2.2245872600e-24   5.1871390090e-14  -5.1669898739e-06   2.0000000000e-02 
  1.5887457144e+21   1.9325399057e+18   6.1223582485e+61   2.2245872600e-24   5.1871390090e-14  -4.6423992693e-06   2.0000000000e-02 
  1.5906782543e+21   1.9325399057e+18   6.1372707738e+61   2.2245872600e-24   5.1871390090e-14  -3.9911579325e-06   2.0000000000e-02 
  1.5926107942e+21   1.9325399057e+18   6.1522014386e+61   2.2245872600e-24   5.1871390091e-14  -1.4615067486e-06   2.0000000000e-02 
  1.5945433341e+21   1.9325399057e+18   6.1671502428e+61   2.2245872600e-24   5.1871390091e-14   1.3185005452e-06   2.0000000000e-02 
  1.5964758740e+21   1.9325399057e+18   6.1821171866e+61   2.2245872600e-24   5.1871390091e-14   2.2161449789e-06   2.0000000000e-02 
  1.5984084139e+21   1.9325399057e+18   6.1971022699e+61   2.2245872600e-24   5.1871390091e-14   2.4979687615e-06   2.0000000000e-02 
  1.6003409538e+21   1.9325399057e+18   6.2121054927e+61   2.2245872600e-24   5.1871390091e-14   2.8040468856e-06   2.0000000000e-02 
  1.6022734937e+21   1.9325399057e+18   6.2271268549e+61   2.2245872600e-24   5.1871390091e-14   3.0979886404e-06   2.0000000000e-02 
  1.6042060336e+21   1.9325399057e+18   6.2421663567e+61   2.2245872600e-24   5.1871390091e-14   3.2852765546e-06   2.0000000000e-02 
  1.6061385735e+21   1.9325399057e+18   6.2572239980e+61   2.2245872600e-24   5.1871390091e-14   3.3083303564e-06   2.0000000000e-02 
  1.6080711134e+21   1.9325399057e+18   6.2722997787e+61   2.2245872600e-24   5.1871390091e-14   3.2589561443e-06   2.0000000000e-02 
  1.6100036533e+21   1.9325399057e+18   6.2873936990e+61   2.2245872600e-24   5.1871390091e-14   3.1607427998e-06   2.0000000000e-02 
  1.6119361932e+21   1.9325399057e+18   6.3025057587e+61   2.2245872600e-24   5.1871390092e-14   2.9896526076e-06   2.0000000000e-02 
  1.6138687331e+21   1.9325399057e+18   6.3176359580e+61   2.2245872600e-24   5.1871390092e-14   2.7930187540e-06   2.0000000000e-02 
  1.6158012731e+21   1.9325399057e+18   6.3327842968e+61   2.2245872600e-24   5.1871390091e-14   2.6371477101e-06   2.0000000000e-02 
  1.6177338130e+21   1.9325399057e+18   6.3479507750e+61   2.2245872600e-24   5.1871390091e-14   2.4327171878e-06   2.0000000000e-02 
  1.6196663529e+21   1.9325399057e+18   6.3631353928e+61   2.2245872600e-24   5.1871390091e-14   1.8295026921e-06   2.0000000000e-02 
  1.6215988928e+21   1.9325399057e+18   6.3783381500e+61   2.2245872600e-24   5.1871390091e-14   1.0615936996e-06   2.0000000000e-02 
  1.6235314327e+21   1.9325399057e+18   6.3935590468e+61   2.2245872600e-24   5.1871390091e-14   7.5441602898e-07   2.0000000000e-02 
  1.6254639726e+21   1.9325399057e+18   6.4087980830e+61   2.2245872600e-24   5.1871390091e-14   6.9696670336e-07   2.0000000000e-02 
  1.6273965125e+21   1.9325399057e+18   6.4240552588e+61   2.2245872600e-24   5.1871390091e-14   7.0526558451e-07   2.0000000000e-02 
  1.6293290524e+21   1.9325399057e+18   6.4393305740e+61   2.2245872600e-24   5.1871390091e-14   7.3343751786e-07   2.0000000000e-02 
  1.6312615923e+21   1.9325399057e+18   6.4546240288e+61   2.2245872600e-24   5.1871390091e-14   7.8238427652e-07   2.0000000000e-02 
  1.6331941322e+21   1.9325399057e+18   6.4699356230e+61   2.2245872600e-24   5.1871390091e-14   8.9028027333e-07   2.0000000000e-02 
  1.6351266721e+21   1.9325399057e+18   6.4852653568e+61   2.2245872600e-24   5.1871390091e-14   1.0742887235e-06   2.0000000000e-02 
  1.6370592120e+21   1.9325399057e+18   6.5006132300e+61   2.2245872600e-24   5.1871390091e-14   1.2719144337e-06   2.0000000000e-02 
  1.6389917519e+21   1.9325399057e+18   6.5159792427e+61   2.2245872600e-24   5.1871390091e-14   1.3427099707e-06   2.0000000000e-02 
  1.6409242918e+21   1.9325399057e+18   6.5313633950e+61   2.2245872600e-24   5.1871390091e-14   1.3531746465e-06   2.0000000000e-02 
  1.6428568317e+21   1.9325399057e+18   6.5467656867e+61   2.2245872600e-24   5.1871390091e-14   1.3340594093e-06   2.0000000000e-02 
  1.6447893716e+21   1.9325399057e+18   6.5621861179e+61   2.2245872600e-24   5.1871390091e-14   1.2893724391e-06   2.0000000000e-02 
  1.6467219115e+21   1.9325399057e+18   6.5776246887e+61   2.2245872600e-24   5.1871390091e-14   1.2502035444e-06   2.0000000000e-02 
  1.6486544514e+21   1.9325399057e+18   6.5930813989e+61   2.2245872600e-24   5.1871390091e-14   1.2046855195e-06   2.0000000000e-02 
  1.6505869914e+21   1.9325399057e+18   6.6085562486e+61   2.2245872600e-24   5.1871390091e-14   1.1324761945e-06   2.0000000000e-02 
  1.6525195313e+21   1.9325399057e+18   6.6240492379e+61   2.2245872600e-24   5.1871390091e-14   1.0514437919e-06   2.0000000000e-02 
  1.6544520712e+21   1.9325399057e+18   6.6395603666e+61   2.2245872600e-24   5.1871390091e-14   1.0241618549e-06   2.0000000000e-02 
  1.6563846111e+21   1.9325399057e+18   6.6550896348e+61   2.2245872600e-24   5.1871390091e-14   1.0458809582e-06   2.0000000000e-02 
  1.6583171510e+21   1.9325399057e+18   6.6706370425e+61   2.2245872600e-24   5.1871390091e-14   1.1294306812e-06   2.0000000000e-02 
  1.6602496909e+21   1.9325399057e+18   6.6862025897e+61   2.2245872600e-24   5.1871390091e-14   1.2460254339e-06   2.0000000000e-02 
  1.6621822308e+21   1.9325399057e+18   6.7017862765e+61   2.2245872600e-24   5.1871390091e-14   1.2414925750e-06   2.0000000000e-02 
  1.6641147707e+21   1.9325399057e+18   6.7173881027e+61   2.2245872600e-24   5.1871390091e-14   1.1501972883e-06   2.0000000000e-02 
  1.6660473106e+21   1.9325399057e+18   6.7330080684e+61   2.2245872600e-24   5.1871390091e-14   1.1095447090e-06   2.0000000000e-02 
  1.6679798505e+21   1.9325399057e+18   6.7486461736e+61   2.2245872600e-24   5.1871390091e-14   1.1276200249e-06   2.0000000000e-02 
  1.6699123904e+21   1.9325399057e+18   6.7643024183e+61   2.2245872600e-24   5.1871390091e-14   1.1804290607e-06   2.0000000000e-02 
  1.6718449303e+21   1.9325399057e+18   6.7799768025e+61   2.2245872600e-24   5.1871390091e-14   1.2507376795e-06   2.0000000000e-02 
  1.6737774702e+21   1.9325399057e+18   6.7956693262e+61   2.2245872600e-24   5.1871390091e-14   1.3220112206e-06   2.0000000000e-02 
  1.6757100101e+21   1.9325399057e+18   6.8113799894e+61   2.2245872600e-24   5.1871390091e-14   1.4023686867e-06   2.0000000000e-02 
  1.6776425500e+21   1.9325399057e+18   6.8271087921e+61   2.2245872600e-24   5.1871390091e-14   1.4510000806e-06   2.0000000000e-02 
  1.6795750899e+21   1.9325399057e+18   6.8428557343e+61   2.2245872600e-24   5.1871390091e-14   1.4097380161e-06   2.0000000000e-02 
  1.6815076298e+21   1.9325399057e+18   6.8586208160e+61   2.2245872600e-24   5.1871390091e-14   1.2327676244e-06   2.0000000000e-02 
  1.6834401697e+21   1.9325399057e+18   6.8744040372e+61   2.2245872600e-24   5.1871390091e-14   7.7284728306e-07   2.0000000000e-02 
  1.6853727097e+21   1.9325399057e+18   6.8902053979e+61   2.2245872600e-24   5.1871390091e-14  -3.9321447618e-07   2.0000000000e-02 
  1.6873052496e+21   1.9325399057e+18   6.9060248981e+61   2.2245872600e-24   5.1871390091e-14  -1.6339749832e-06   2.0000000000e-02 
  1.6892377895e+21   1.9325399057e+18   6.9218625378e+61   2.2245872600e-24   5.1871390091e-14  -1.8816796941e-06   2.0000000000e-02 
  1.6911703294e+21   1.9325399057e+18   6.9377183170e+61   2.2245872600e-24   5.1871390091e-14  -1.9396079807e-06   2.0000000000e-02 
  1.6931028693e+21   1.9325399057e+18   6.9535922357e+61   2.2245872600e-24   5.1871390091e-14  -1.9225542982e-06   2.0000000000e-02 
  1.6950354092e+21   1.9325399057e+18   6.9694842939e+61   2.2245872600e-24   5.1871390091e-14  -1.8990579720e-06   2.0000000000e-02 
  1.6969679491e+21   1.9325399057e+18   6.9853944916e+61   2.2245872600e-24   5.1871390091e-14  -1.7614564964e-06   2.0000000000e-02 
  1.6989004890e+21   1.9325399057e+18   7.0013228288e+61   2.2245872600e-24   5.1871390091e-14  -8.0862777529e-07   2.0000000000e-02 
  1.7008330289e+21   1.9325399057e+18   7.0172693055e+61   2.2245872600e-24   5.1871390090e-14   2.1747083522e-06   2.0000000000e-02 
  1.7027655688e+21   1.9325399057e+18   7.0332339216e+61   2.2245872600e-24   5.1871390090e-14   4.7289121507e-06   2.0000000000e-02 
  1.7046981087e+21   1.9325399057e+18   7.0492166773e+61   2.2245872600e-24   5.1871390089e-14   5.4058665634e-06   2.0000000000e-02 
  1.7066306486e+21   1.9325399057e+18   7.0652175725e+61   2.2245872600e-24   5.1871390089e-14   5.8032825885e-06   2.0000000000e-02 
  1.7085631885e+21   1.9325399057e+18   7.0812366072e+61   2.2245872600e-24   5.1871390089e-14   6.2369719661e-06   2.0000000000e-02 
  1.7104957284e+21   1.9325399057e+18   7.0972737814e+61   2.2245872600e-24   5.1871390089e-14   6.5084648154e-06   2.0000000000e-02 
  1.7124282683e+21   1.9325399057e+18   7.1133290950e+61   2.2245872600e-24   5.1871390089e-14   6.5904303111e-06   2.0000000000e-02 
  1.7143608082e+21   1.9325399057e+18   7.1294025482e+61   2.2245872600e-24   5.1871390089e-14   6.6456555122e-06   2.0000000000e-02 
  1.7162933481e+21   1.9325399057e+18   7.1454941409e+61   2.2245872600e-24   5.1871390089e-14   6.7503052868e-06   2.0000000000e-02 
  1.7182258881e+21   1.9325399057e+18   7.1616038730e+61   2.2245872600e-24   5.1871390089e-14   6.8635248944e-06   2.0000000000e-02 
  1.7201584280e+21   1.9325399057e+18   7.1777317447e+61   2.2245872600e-24   5.1871390089e-14   6.8954137114e-06   2.0000000000e-02 
  1.7220909679e+21   1.9325399057e+18   7.1938777559e+61   2.2245872600e-24   5.1871390089e-14   6.8278465731e-06   2.0000000000e-02 
  1.7240235078e+21   1.9325399057e+18   7.2100419065e+61   2.2245872600e-24   5.1871390089e-14   6.7168134498e-06   2.0000000000e-02 
  1.7259560477e+21   1.9325399057e+18   7.2262241967e+61   2.2245872600e-24   5.1871390089e-14   6.5508696935e-06   2.0000000000e-02 
  1.7278885876e+21   1.9325399057e+18   7.2424246264e+61   2.2245872600e-24   5.1871390089e-14   6.3053146853e-06   2.0000000000e-02 
  1.7298211275e+21   1.9325399057e+18   7.2586431955e+61   2.2245872600e-24   5.1871390089e-14   6.0809262024e-06   2.0000000000e-02 
  1.7317536674e+21   1.9325399057e+18   7.2748799042e+61   2.2245872600e-24   5.1871390089e-14   5.9259821891e-06   2.0000000000e-02 
  1.7336862073e+21   1.9325399057e+18   7.2911347523e+61   2.2245872600e-24   5.1871390090e-14   5.8238767450e-06   2.0000000000e-02 
  1.7356187472e+21   1.9325399057e+18   7.3074077400e+61   2.2245872600e-24   5.1871390090e-14   5.7507592427e-06   2.0000000000e-02 
  1.7375512871e+21   1.9325399057e+18   7.3236988671e+61   2.2245872600e-24   5.1871390090e-14   5.6982470230e-06   2.0000000000e-02 
  1.7394838270e+21   1.9325399057e+18   7.3400081338e+61   2.2245872600e-24   5.1871390090e-14   5.7201193982e-06   2.0000000000e-02 
  1.7414163669e+21   1.9325399057e+18   7.3563355399e+61   2.2245872600e-24   5.1871390089e-14   5.8859792505e-06   2.0000000000e-02 
  1.7433489068e+21   1.9325399057e+18   7.3726810856e+61   2.2245872600e-24   5.1871390089e-14   6.3182297406e-06   2.0000000000e-02 
  1.7452814467e+21   1.9325399057e+18   7.3890447707e+61   2.2245872600e-24   5.1871390089e-14   7.2191936054e-06   2.0000000000e-02 
  1.7472139866e+21   1.9325399057e+18   7.4054265954e+61   2.2245872600e-24   5.1871390088e-14   8.6178719085e-06   2.0000000000e-02 
  1.7491465265e+21   1.9325399057e+18   7.4218265595e+61   2.2245872600e-24   5.1871390088e-14   9.8633992312e-06   2.0000000000e-02 
  1.7510790664e+21   1.9325399057e+18   7.4382446632e+61   2.2245872600e-24   5.1871390088e-14   1.0482505892e-05   2.0000000000e-02 
  1.7530116064e+21   1.9325399057e+18   7.4546809063e+61   2.2245872600e-24   5.1871390088e-14   1.0535209277e-05   2.0000000000e-02 
  1.7549441463e+21   1.9325399057e+18   7.4711352889e+61   2.2245872600e-24   5.1871390088e-14   1.0390442907e-05   2.0000000000e-02 
  1.7568766862e+21   1.9325399057e+18   7.4876078111e+61   2.2245872600e-24   5.1871390088e-14   9.7190274312e-06   2.0000000000e-02 
  1.7588092261e+21   1.9325399057e+18   7.5040984727e+61   2.2245872600e-24   5.1871390088e-14   8.9946711738e-06   2.0000000000e-02 
  1.7607417660e+21   1.9325399057e+18   7.5206072738e+61   2.2245872600e-24   5.1871390088e-14   8.9416481894e-06   2.0000000000e-02 
  1.7626743059e+21   1.9325399057e+18   7.5371342145e+61   2.2245872600e-24   5.1871390089e-14   9.6743784633e-06   2.0000000000e-02 
  1.7646068458e+21   1.9325399057e+18   7.5536792946e+61   2.2245872600e-24   5.1871390089e-14   1.0336865635e-05   2.0000000000e-02 
  1.7665393857e+21   1.9325399057e+18   7.5702425142e+61   2.2245872600e-24   5.1871390089e-14   1.0332721880e-05   2.0000000000e-02 
  1.7684719256e+21   1.9325399057e+18   7.5868238733e+61   2.2245872600e-24   5.1871390089e-14   9.5536567391e-06   2.0000000000e-02 
  1.7704044655e+21   1.9325399057e+18   7.6034233720e+61   2.2245872600e-24   5.1871390088e-14   7.7139255259e-06   2.0000000000e-02 
  1.7723370054e+21   1.9325399057e+18   7.6200410101e+61   2.2245872600e-24   5.1871390088e-14   6.3817767826e-06   2.0000000000e-02 
  1.7742695453e+21   1.9325399057e+18   7.6366767877e+61   2.2245872600e-24   5.1871390088e-14   6.1790459072e-06   2.0000000000e-02 
  1.7762020852e+21   1.9325399057e+18   7.6533307048e+61   2.2245872600e-24   5.1871390088e-14   6.1729908835e-06   2.0000000000e-02 
  1.7781346251e+21   1.9325399057e+18   7.6700027614e+61   2.2245872600e-24   5.1871390088e-14   6.2236514514e-06   2.0000000000e-02 
  1.7800671650e+21   1.9325399057e+18   7.6866929575e+61   2.2245872600e-24   5.1871390088e-14   6.3256703370e-06   2.0000000000e-02 
  1.7819997049e+21   1.9325399057e+18   7.7034012932e+61   2.2245872600e-24   5.1871390088e-14   6.4400679346e-06   2.0000000000e-02 
  1.7839322448e+21   1.9325399057e+18   7.7201277683e+61   2.2245872600e-24   5.1871390088e-14   6.5657864408e-06   2.0000000000e-02 
  1.7858647848e+21   1.9325399057e+18   7.7368723829e+61   2.2245872600e-24   5.1871390088e-14   6.8893442321e-06   2.0000000000e-02 
  1.7877973247e+21   1.9325399057e+18   7.7536351370e+61   2.2245872600e-24   5.1871390088e-14   7.0928465288e-06   2.0000000000e-02 
  1.7897298646e+21   1.9325399057e+18   7.7704160306e+61   2.2245872600e-24   5.1871390087e-14   7.2016346744e-06   2.0000000000e-02 
  1.7916624045e+21   1.9325399057e+18   7.7872150637e+61   2.2245872600e-24   5.1871390087e-14   7.2633534808e-06   2.0000000000e-02 
  1.7935949444e+21   1.9325399057e+18   7.8040322363e+61   2.2245872600e-24   5.1871390087e-14   7.3191637113e-06   2.0000000000e-02 
  1.7955274843e+21   1.9325399057e+18   7.8208675484e+61   2.2245872600e-24   5.1871390087e-14   7.3934353570e-06   2.0000000000e-02 
  1.7974600242e+21   1.9325399057e+18   7.8377210000e+61   2.2245872600e-24   5.1871390087e-14   7.4459674650e-06   2.0000000000e-02 
  1.7993925641e+21   1.9325399057e+18   7.8545925911e+61   2.2245872600e-24   5.1871390087e-14   7.1958857724e-06   2.0000000000e-02 
  1.8013251040e+21   1.9325399057e+18   7.8714823217e+61   2.2245872600e-24   5.1871390087e-14   5.7237089521e-06   2.0000000000e-02 
  1.8032576439e+21   1.9325399057e+18   7.8883901918e+61   2.2245872600e-24   5.1871390086e-14   2.4496333329e-06   2.0000000000e-02 
  1.8051901838e+21   1.9325399057e+18   7.9053162014e+61   2.2245872600e-24   5.1871390086e-14  -9.0788103748e-08   2.0000000000e-02 
  1.8071227237e+21   1.9325399057e+18   7.9222603505e+61   2.2245872600e-24   5.1871390086e-14  -1.6999198441e-06   2.0000000000e-02 
  1.8090552636e+21   1.9325399057e+18   7.9392226391e+61   2.2245872600e-24   5.1871390086e-14  -2.9158140078e-06   2.0000000000e-02 
  1.8109878035e+21   1.9325399057e+18   7.9562030672e+61   2.2245872600e-24   5.1871390086e-14  -3.6125150879e-06   2.0000000000e-02 
  1.8129203434e+21   1.9325399057e+18   7.9732016347e+61   2.2245872600e-24   5.1871390086e-14  -3.7618718868e-06   2.0000000000e-02 
  1.8148528833e+21   1.9325399057e+18   7.9902183418e+61   2.2245872600e-24   5.1871390086e-14  -3.6938475310e-06   2.0000000000e-02 
  1.8167854232e+21   1.9325399057e+18   8.0072531884e+61   2.2245872600e-24   5.1871390086e-14  -3.5598892978e-06   2.0000000000e-02 
  1.8187179631e+21   1.9325399057e+18   8.0243061745e+61   2.2245872600e-24   5.1871390086e-14  -3.3653085948e-06   2.0000000000e-02 
  1.8206505031e+21   1.9325399057e+18   8.0413773001e+61   2.2245872600e-24   5.1871390087e-14  -3.0207383714e-06   2.0000000000e-02 
  1.8225830430e+21   1.9325399057e+18   8.0584665651e+61   2.2245872600e-24   5.1871390087e-14  -1.6680916915e-06   2.0000000000e-02 
  1.8245155829e+21   1.9325399057e+18   8.0755739697e+61   2.2245872600e-24   5.1871390087e-14  -6.3793428249e-07   2.0000000000e-02 
  1.8264481228e+21   1.9325399057e+18   8.0926995138e+61   2.2245872600e-24   5.1871390087e-14  -3.0809159855e-07   2.0000000000e-02 
  1.8283806627e+21   1.9325399057e+18   8.1098431974e+61   2.2245872600e-24   5.1871390087e-14  -1.5107579096e-07   2.0000000000e-02 
  1.8303132026e+21   1.9325399057e+18   8.1270050204e+61   2.2245872600e-24   5.1871390087e-14  -5.4946944567e-08   2.0000000000e-02 
  1.8322457425e+21   1.9325399057e+18   8.1441849830e+61   2.2245872600e-24   5.1871390087e-14   9.7338264318e-09   2.0000000000e-02 
  1.8341782824e+21   1.9325399057e+18   8.1613830851e+61   2.2245872600e-24   5.1871390087e-14   5.4741094738e-08   2.0000000000e-02 
  1.8361108223e+21   1.9325399057e+18   8.1785993266e+61   2.2245872600e-24   5.1871390087e-14   1.1722906300e-07   2.0000000000e-02 
  1.8380433622e+21   1.9325399057e+18   8.1958337077e+61   2.2245872600e-24   5.1871390087e-14   1.4469492858e-07   2.0000000000e-02 
  1.8399759021e+21   1.9325399057e+18   8.2130862283e+61   2.2245872600e-24   5.1871390087e-14   7.7780917550e-08   2.0000000000e-02 
  1.8419084420e+21   1.9325399057e+18   8.2303568883e+61   2.2245872600e-24   5.1871390087e-14  -2.3875682217e-08   2.0000000000e-02 
  1.8438409819e+21   1.9325399057e+18   8.2476456879e+61   2.2245872600e-24   5.1871390087e-14  -1.0608416417e-07   2.0000000000e-02 
  1.8457735218e+21   1.9325399057e+18   8.2649526269e+61   2.2245872600e-24   5.1871390087e-14  -1.5211764832e-07   2.0000000000e-02 
  1.8477060617e+21   1.9325399057e+18   8.2822777055e+61   2.2245872600e-24   5.1871390087e-14  -1.5043865990e-07   2.0000000000e-02 
  1.8496386016e+21   1.9325399057e+18   8.2996209236e+61   2.2245872600e-24   5.1871390087e-14  -1.4148698699e-07   2.0000000000e-02 
  1.8515711415e+21   1.9325399057e+18   8.3169822811e+61   2.2245872600e-24   5.1871390087e-14  -9.3045439418e-08   2.0000000000e-02 
  1.8535036815e+21   1.9325399057e+18   8.3343617782e+61   2.2245872600e-24   5.1871390087e-14  -4.4245792357e-08   2.0000000000e-02 
  1.8554362214e+21   1.9325399057e+18   8.3517594147e+61   2.2245872600e-24   5.1871390087e-14  -2.1827084703e-08   2.0000000000e-02 
  1.8573687613e+21   1.9325399057e+18   8.3691751907e+61   2.2245872600e-24   5.1871390087e-14   8.4957692558e-09   2.0000000000e-02 
  1.8593013012e+21   1.9325399057e+18   8.3866091063e+61   2.2245872600e-24   5.1871390087e-14   6.6258718270e-08   2.0000000000e-02 
  1.8612338411e+21   1.9325399057e+18   8.4040611613e+61   2.2245872600e-24   5.1871390087e-14   1.6280293058e-07   2.0000000000e-02 
  1.8631663810e+21   1.9325399057e+18   8.4215313559e+61   2.2245872600e-24   5.1871390087e-14   1.9650849047e-07   2.0000000000e-02 
  1.8650989209e+21   1.9325399057e+18   8.4390196899e+61   2.2245872600e-24   5.1871390087e-14   1.4007997974e-07   2.0000000000e-02 
  1.8670314608e+21   1.9325399057e+18   8.4565261635e+61   2.2245872600e-24   5.1871390087e-14   7.4558364780e-08   2.0000000000e-02 
  1.8689640007e+21   1.9325399057e+18   8.4740507765e+61   2.2245872600e-24   5.1871390087e-14   5.5374878241e-08   2.0000000000e-02 
  1.8708965406e+21   1.9325399057e+18   8.4915935290e+61   2.2245872600e-24   5.1871390087e-14   5.1073542818e-08   2.0000000000e-02 
  1.8728290805e+21   1.9325399057e+18   8.5091544211e+61   2.2245872600e-24   5.1871390087e-14   8.1864511147e-08   2.0000000000e-02 
  1.8747616204e+21   1.9325399057e+18   8.5267334526e+61   2.2245872600e-24   5.1871390087e-14   1.5958701464e-07   2.0000000000e-02 
  1.8766941603e+21   1.9325399057e+18   8.5443306236e+61   2.2245872600e-24   5.1871390087e-14   2.5486835011e-07   2.0000000000e-02 
  1.8786267002e+21   1.9325399057e+18   8.5619459342e+61   2.2245872600e-24   5.1871390087e-14   3.9370694000e-07   2.0000000000e-02 
  1.8805592401e+21   1.9325399057e+18   8.5795793842e+61   2.2245872600e-24   5.1871390087e-14   5.6751365721e-07   2.0000000000e-02 
  1.8824917800e+21   1.9325399057e+18   8.5972309737e+61   2.2245872600e-24   5.1871390087e-14   6.8236993866e-07   2.0000000000e-02 
  1.8844243199e+21   1.9325399057e+18   8.6149007027e+61   2.2245872600e-24   5.1871390087e-14   6.7984959064e-07   2.0000000000e-02 
  1.8863568598e+21   1.9325399057e+18   8.6325885712e+61   2.2245872600e-24   5.1871390087e-14   5.8249089357e-07   2.0000000000e-02 
  1.8882893998e+21   1.9325399057e+18   8.6502945793e+61   2.2245872600e-24   5.1871390087e-14   3.9846614341e-07   2.0000000000e-02 
  1.8902219397e+21   1.9325399057e+18   8.6680187268e+61   2.2245872600e-24   5.1871390087e-14   1.7031633406e-07   2.0000000000e-02 
  1.8921544796e+21   1.9325399057e+18   8.6857610138e+61   2.2245872600e-24   5.1871390087e-14  -5.7936371048e-09   2.0000000000e-02 
  1.8940870195e+21   1.9325399057e+18   8.7035214403e+61   2.2245872600e-24   5.1871390087e-14  -1.0214544535e-07   2.0000000000e-02 
  1.8960195594e+21   1.9325399057e+18   8.7213000063e+61   2.2245872600e-24   5.1871390087e-14  -1.2859692436e-07   2.0000000000e-02 
  1.8979520993e+21   1.9325399057e+18   8.7390967118e+61   2.2245872600e-24   5.1871390087e-14  -1.2904324771e-07   2.0000000000e-02 
  1.8998846392e+21   1.9325399057e+18   8.7569115569e+61   2.2245872600e-24   5.1871390087e-14  -9.4986111983e-08   2.0000000000e-02 
  1.9018171791e+21   1.9325399057e+18   8.7747445414e+61   2.2245872600e-24   5.1871390087e-14  -1.9115665413e-08   2.0000000000e-02 
  1.9037497190e+21   1.9325399057e+18   8.7925956654e+61   2.2245872600e-24   5.1871390087e-14   1.3289546005e-07   2.0000000000e-02 
  1.9056822589e+21   1.9325399057e+18   8.8104649289e+61   2.2245872600e-24   5.1871390087e-14   4.5096474933e-07   2.0000000000e-02 
  1.9076147988e+21   1.9325399057e+18   8.8283523319e+61   2.2245872600e-24   5.1871390087e-14   7.6844146186e-07   2.0000000000e-02 
  1.9095473387e+21   1.9325399057e+18   8.8462578744e+61   2.2245872600e-24   5.1871390087e-14   8.9402476547e-07   2.0000000000e-02 
  1.9114798786e+21   1.9325399057e+18   8.8641815564e+61   2.2245872600e-24   5.1871390087e-14   8.5155067779e-07   2.0000000000e-02 
  1.9134124185e+21   1.9325399057e+18   8.8821233779e+61   2.2245872600e-24   5.1871390087e-14   7.6857358609e-07   2.0000000000e-02 
  1.9153449584e+21   1.9325399057e+18   8.9000833389e+61   2.2245872600e-24   5.1871390087e-14   7.4619738856e-07   2.0000000000e-02 
  1.9172774983e+21   1.9325399057e+18   8.9180614394e+61   2.2245872600e-24   5.1871390087e-14   7.8220342832e-07   2.0000000000e-02 
  1.9192100382e+21   1.9325399057e+18   8.9360576794e+61   2.2245872600e-24   5.1871390087e-14   7.4184884577e-07   2.0000000000e-02 
  1.9211425782e+21   1.9325399057e+18   8.9540720589e+61   2.2245872600e-24   5.1871390087e-14   6.9363816173e-07   2.0000000000e-02 
  1.9230751181e+21   1.9325399057e+18   8.9721045778e+61   2.2245872600e-24   5.1871390087e-14   6.7538392372e-07   2.0000000000e-02 
  1.9250076580e+21   1.9325399057e+18   8.9901552363e+61   2.2245872600e-24   5.1871390087e-14   6.5930946335e-07   2.0000000000e-02 
  1.9269401979e+21   1.9325399057e+18   9.0082240343e+61   2.2245872600e-24   5.1871390087e-14   6.1398861116e-07   2.0000000000e-02 
  1.9288727378e+21   1.9325399057e+18   9.0263109718e+61   2.2245872600e-24   5.1871390087e-14   4.3615014151e-07   2.0000000000e-02 
  1.9308052777e+21   1.9325399057e+18   9.0444160488e+61   2.2245872600e-24   5.1871390087e-14   1.5276925436e-07   2.0000000000e-02 
  1.9327378176e+21   1.9325399057e+18   9.0625392653e+61   2.2245872600e-24   5.1871390087e-14  -7.7157384214e-08   2.0000000000e-02 
  1.9346703575e+21   1.9325399057e+18   9.0806806212e+61   2.2245872600e-24   5.1871390087e-14  -1.8347029876e-07   2.0000000000e-02 
  1.9366028974e+21   1.9325399057e+18   9.0988401167e+61   2.2245872600e-24   5.1871390087e-14  -2.0054132220e-07   2.0000000000e-02 
  1.9385354373e+21   1.9325399057e+18   9.1170177517e+61   2.2245872600e-24   5.1871390087e-14  -1.9172911093e-07   2.0000000000e-02 
  1.9404679772e+21   1.9325399057e+18   9.1352135262e+61   2.2245872600e-24   5.1871390087e-14  -1.9362915384e-07   2.0000000000e-02 
  1.9424005171e+21   1.9325399057e+18   9.1534274401e+61   2.2245872600e-24   5.1871390087e-14  -2.0108292876e-07   2.0000000000e-02 
  1.9443330570e+21   1.9325399057e+18   9.1716594936e+61   2.2245872600e-24   5.1871390087e-14  -1.8400131128e-07   2.0000000000e-02 
  1.9462655969e+21   1.9325399057e+18   9.1899096866e+61   2.2245872600e-24   5.1871390087e-14  -1.5479903259e-07   2.0000000000e-02 
  1.9481981368e+21   1.9325399057e+18   9.2081780190e+61   2.2245872600e-24   5.1871390087e-14  -1.2340457648e-07   2.0000000000e-02 
  1.9501306767e+21   1.9325399057e+18   9.2264644910e+61   2.2245872600e-24   5.1871390087e-14  -6.0595536125e-08   2.0000000000e-02 
  1.9520632166e+21   1.9325399057e+18   9.2447691025e+61   2.2245872600e-24   5.1871390087e-14  -4.6071307985e-09   2.0000000000e-02 
  1.9539957565e+21   1.9325399057e+18   9.2630918534e+61   2.2245872600e-24   5.1871390087e-14   1.2329632891e-08   2.0000000000e-02 
  1.9559282965e+21   1.9325399057e+18   9.2814327439e+61   2.2245872600e-24   5.1871390087e-14   2.8391247168e-08   2.0000000000e-02 
  1.9578608364e+21   1.9325399057e+18   9.2997917739e+61   2.2245872600e-24   5.1871390087e-14   1.0379793285e-08   2.0000000000e-02 
  1.9597933763e+21   1.9325399057e+18   9.3181689433e+61   2.2245872600e-24   5.1871390087e-14  -6.3101413528e-08   2.0000000000e-02 
  1.9617259162e+21   1.9325399057e+18   9.3365642523e+61   2.2245872600e-24   5.1871390087e-14  -1.2413525858e-07   2.0000000000e-02 
  1.9636584561e+21   1.9325399057e+18   9.3549777007e+61   2.2245872600e-24   5.1871390087e-14  -1.2690072923e-07   2.0000000000e-02 
  1.9655909960e+21   1.9325399057e+18   9.3734092887e+61   2.2245872600e-24   5.1871390087e-14  -1.2180436968e-07   2.0000000000e-02 
  1.9675235359e+21   1.9325399057e+18   9.3918590161e+61   2.2245872600e-24   5.1871390087e-14  -1.5429608353e-07   2.0000000000e-02 
  1.9694560758e+21   1.9325399057e+18   9.4103268831e+61   2.2245872600e-24   5.1871390087e-14  -1.9180563773e-07   2.0000000000e-02 
  1.9713886157e+21   1.9325399057e+18   9.4288128895e+61   2.2245872600e-24   5.1871390087e-14  -1.7859095175e-07   2.0000000000e-02 
  1.9733211556e+21   1.9325399057e+18   9.4473170355e+61   2.2245872600e-24   5.1871390087e-14  -1.5513996777e-07   2.0000000000e-02 
  1.9752536955e+21   1.9325399057e+18   9.4658393209e+61   2.2245872600e-24   5.1871390087e-14  -1.2308077277e-07   2.0000000000e-02 
  1.9771862354e+21   1.9325399057e+18   9.4843797459e+61   2.2245872600e-24   5.1871390087e-14  -5.4213009522e-08   2.0000000000e-02 
  1.9791187753e+21   1.9325399057e+18   9.5029383103e+61   2.2245872600e-24   5.1871390087e-14   0.0000000000e+00   2.0000000000e-02 
