# time = 3.074311e+15 [s] 
# r                  dr                 dV                 Density            Pressure           Velocity           Z
  2.1304517832e+18   2.1304517832e+18   4.0504543150e+55   3.3512826409e-31   3.3279959374e-14   0.0000000000e+00   9.9248591688e-02 
  2.7219980685e+18   5.9154628532e+17   4.3975095469e+55   3.3512826409e-31   3.3279959374e-14  -1.2670919802e+04   9.9248591688e-02 
  3.6646942950e+18   9.4269622645e+17   1.2167915566e+56   3.3514682193e-31   3.3279739470e-14  -2.4121997996e+04   9.9248591688e-02 
  4.6566567507e+18   9.9196245571e+17   2.1681288462e+56   3.3521272413e-31   3.3279821145e-14  -3.9254458129e+04   9.9248591688e-02 
  5.1630464996e+18   5.0638974889e+17   1.5353815344e+56   3.3530832085e-31   3.3279864612e-14  -4.9144175027e+04   9.9248591688e-02 
  5.6057923369e+18   4.4274583732e+17   1.6139376226e+56   3.3543184426e-31   3.3279872750e-14  -5.5054724678e+04   9.9248591688e-02 
  6.3487188970e+18   7.4292656014e+17   3.3397822266e+56   3.3568538123e-31   3.3279877703e-14  -6.2182157293e+04   9.9248591688e-02 
  7.0361738930e+18   6.8745499597e+17   3.8726268014e+56   3.3607280806e-31   3.3279882031e-14  -7.0577787839e+04   9.9248591688e-02 
  7.9484973965e+18   9.1232350355e+17   6.4436132407e+56   3.3661573515e-31   3.3279878323e-14  -7.9764550045e+04   9.9248591688e-02 
  8.8437228207e+18   8.9522542414e+17   7.9379758337e+56   3.3733562201e-31   3.3279868126e-14  -8.9986930213e+04   9.9248591688e-02 
  9.9561864731e+18   1.1124636524e+18   1.2366699732e+57   3.3827099755e-31   3.3279847861e-14  -1.0120037169e+05   9.9248591688e-02 
  1.1114553094e+19   1.1583666208e+18   1.6173081057e+57   3.3947026183e-31   3.3279813969e-14  -1.1378946531e+05   9.9248591688e-02 
  1.2478429796e+19   1.3638767022e+18   2.3876694316e+57   3.4097347667e-31   3.3279763067e-14  -1.2770274879e+05   9.9248591688e-02 
  1.3945072793e+19   1.4666429972e+18   3.2203333057e+57   3.4284589407e-31   3.3279690195e-14  -1.4327595531e+05   9.9248591688e-02 
  1.5619176285e+19   1.6741034919e+18   4.6018220448e+57   3.4514075922e-31   3.3279592948e-14  -1.6055528440e+05   9.9248591688e-02 
  1.7501744405e+19   1.8825681202e+18   6.4949051659e+57   3.4798539501e-31   3.3279478428e-14  -1.8012694259e+05   9.9248591688e-02 
  1.9600291722e+19   2.0985473167e+18   9.0850435204e+57   3.5144793992e-31   3.3279308531e-14  -2.0203523916e+05   9.9248591688e-02 
  2.1965100201e+19   2.3648084790e+18   1.2849254815e+58   3.5564775961e-31   3.3279128426e-14  -2.2662052481e+05   9.9248591688e-02 
  2.4531556831e+19   2.5664566301e+18   1.7448901349e+58   3.6064149638e-31   3.3278890748e-14  -2.5375594208e+05   9.9248591688e-02 
  2.7442873388e+19   2.9113165573e+18   2.4732769818e+58   3.6659536106e-31   3.3278573474e-14  -2.8384860628e+05   9.9248591688e-02 
  3.0576153316e+19   3.1332799272e+18   3.3167439410e+58   3.7361374638e-31   3.3278173964e-14  -3.1717541565e+05   9.9248591688e-02 
  3.4201032114e+19   3.6248787982e+18   4.7834429128e+58   3.8198778164e-31   3.3277656286e-14  -3.5456231583e+05   9.9248591688e-02 
  3.8052558478e+19   3.8515263643e+18   6.3228484051e+58   3.9183064805e-31   3.3277018745e-14  -3.9620584198e+05   9.9248591688e-02 
  4.2407163023e+19   4.3546045445e+18   8.8650149837e+58   4.0332045661e-31   3.3276196495e-14  -4.4206156210e+05   9.9248591688e-02 
  4.7033711479e+19   4.6265484566e+18   1.1637675421e+59   4.1666180451e-31   3.3275106903e-14  -4.9224961959e+05   9.9248591688e-02 
  5.2307368060e+19   5.2736565808e+18   1.6365423467e+59   4.3227820500e-31   3.3273679737e-14  -5.4783949240e+05   9.9248591688e-02 
  5.7519390706e+19   5.2120226461e+18   1.9765072391e+59   4.4978327083e-31   3.3271901225e-14  -6.0715734949e+05   9.9248591688e-02 
  6.5296959936e+19   7.7775692294e+18   3.6905092333e+59   4.7283164635e-31   3.3269210454e-14  -6.8201310340e+05   9.9248591688e-02 
  7.6789019934e+19   1.1492059999e+19   7.3045958742e+59   5.0863374549e-31   3.3264036866e-14  -7.9706562219e+05   9.9248591688e-02 
  8.1203710287e+19   4.4146903525e+18   3.4628792052e+59   5.3931250431e-31   3.3258891124e-14  -8.9301984501e+05   9.9248591688e-02 
  8.5166286068e+19   3.9625757813e+18   3.4463516090e+59   5.5717899669e-31   3.3255789922e-14  -9.4616187690e+05   9.9248591688e-02 
  8.9293930752e+19   4.1276446837e+18   3.9475352935e+59   5.7644176497e-31   3.3252268124e-14  -9.9882744053e+05   9.9248591688e-02 
  9.3679216266e+19   4.3852855142e+18   4.6132353232e+59   5.9894349284e-31   3.3248178915e-14  -1.0568564892e+06   9.9248591688e-02 
  9.7756230788e+19   4.0770145224e+18   4.6946422193e+59   6.2362588063e-31   3.3243448561e-14  -1.1158210381e+06   9.9248591688e-02 
  1.0293151076e+20   5.1752799679e+18   6.5497039742e+59   6.5360810787e-31   3.3237498261e-14  -1.1832305390e+06   9.9248591688e-02 
  1.0799818273e+20   5.0666719785e+18   7.0832345751e+59   6.8971243186e-31   3.3229954566e-14  -1.2609271055e+06   9.9248591688e-02 
  1.1288071000e+20   4.8825272652e+18   7.4846882114e+59   7.2796575614e-31   3.3221428319e-14  -1.3386688235e+06   9.9248591688e-02 
  1.1757035138e+20   4.6896413834e+18   7.8254059612e+59   7.6826355546e-31   3.3212246981e-14  -1.4161832863e+06   9.9248591688e-02 
  1.2331418961e+20   5.7438382249e+18   1.0472544949e+60   8.1657045625e-31   3.3201037712e-14  -1.5026458611e+06   9.9248591688e-02 
  1.2909837362e+20   5.7841840090e+18   1.1579503017e+60   8.7444014996e-31   3.3187515350e-14  -1.5985232548e+06   9.9248591688e-02 
  1.3465423355e+20   5.5558599301e+18   1.2143920450e+60   9.3631637822e-31   3.3173424579e-14  -1.6912893020e+06   9.9248591688e-02 
  1.4020203220e+20   5.5477986519e+18   1.3168636851e+60   1.0025051192e-30   3.3158948691e-14  -1.7799587580e+06   9.9248591688e-02 
  1.4674796446e+20   6.5459322606e+18   1.6935934113e+60   1.0814007683e-30   3.3142403721e-14  -1.8743422726e+06   9.9248591688e-02 
  1.5332283048e+20   6.5748660214e+18   1.8601746985e+60   1.1742231131e-30   3.3123773537e-14  -1.9743766528e+06   9.9248591688e-02 
  1.5961291128e+20   6.2900808006e+18   1.9354186344e+60   1.2734052708e-30   3.3105051234e-14  -2.0696853887e+06   9.9248591688e-02 
  1.6636964673e+20   6.7567354495e+18   2.2559927727e+60   1.3838109794e-30   3.3085874786e-14  -2.1636987927e+06   9.9248591688e-02 
  1.7404503015e+20   7.6753834209e+18   2.7947315226e+60   1.5173685668e-30   3.3064613779e-14  -2.2654916324e+06   9.9248591688e-02 
  1.8153362213e+20   7.4885919825e+18   2.9749906426e+60   1.6698230063e-30   3.3042703813e-14  -2.3694473234e+06   9.9248591688e-02 
  1.8812157147e+20   6.5879493308e+18   2.8283928150e+60   1.8246719056e-30   3.3022982772e-14  -2.4633584385e+06   9.9248591688e-02 
  1.9676005157e+20   8.6384801081e+18   4.0208186058e+60   2.0110990246e-30   3.3002543111e-14  -2.5621673249e+06   9.9248591688e-02 
  2.0720649317e+20   1.0446441594e+19   5.3568051465e+60   2.2665155902e-30   3.2979197035e-14  -2.6793027124e+06   9.9248591688e-02 
  2.1777249930e+20   1.0566006136e+19   5.9963245664e+60   2.5714466574e-30   3.2957327175e-14  -2.7987636896e+06   9.9248591688e-02 
  2.2747512602e+20   9.7026267133e+18   6.0438149527e+60   2.8922011499e-30   3.2938008590e-14  -2.9155269124e+06   9.9248591688e-02 
  2.3943855408e+20   1.1963428062e+19   8.1954676548e+60   3.2705061220e-30   3.2924353688e-14  -3.0319346197e+06   9.9248591688e-02 
  2.4987222406e+20   1.0433669980e+19   7.8491449495e+60   3.7004067696e-30   3.2924019391e-14  -3.1290860358e+06   9.9248591688e-02 
  2.6521532228e+20   1.5343098217e+19   1.2792442284e+61   4.2480016302e-30   3.2939950457e-14  -3.2461691212e+06   9.9248591688e-02 
  2.7613860389e+20   1.0923281610e+19   1.0058298502e+61   4.8527004960e-30   3.2979626683e-14  -3.3701825966e+06   9.9248591688e-02 
  2.8593174363e+20   9.7931397410e+18   9.7206905373e+60   5.3765294691e-30   3.3030548383e-14  -3.4650974041e+06   9.9248591688e-02 
  2.9618940393e+20   1.0257660300e+19   1.0921188092e+61   5.8775423891e-30   3.3094916491e-14  -3.5411174630e+06   9.9248591688e-02 
  3.0557712904e+20   9.3877251088e+18   1.0680744556e+61   6.3153128735e-30   3.3164286491e-14  -3.6007956936e+06   9.9248591688e-02 
  3.1978061088e+20   1.4203481840e+19   1.7453254594e+61   6.7765626753e-30   3.3249701281e-14  -3.6512205988e+06   9.9248591688e-02 
  3.3453726233e+20   1.4756651458e+19   1.9851296877e+61   7.2942183640e-30   3.3343766215e-14  -3.7179096673e+06   9.9248591688e-02 
  3.4428941539e+20   9.7521530553e+18   1.4118808941e+61   7.6910097798e-30   3.3407236880e-14  -3.7872334793e+06   9.9248591688e-02 
  3.5341296850e+20   9.1235531160e+18   1.3953367889e+61   7.9477405862e-30   3.3442578241e-14  -3.8571410727e+06   9.9248591688e-02 
  3.6825399729e+20   1.4841028786e+19   2.4285595166e+61   8.2089059177e-30   3.3472345549e-14  -3.9808055148e+06   9.9248591688e-02 
  3.8473450895e+20   1.6480511660e+19   2.9360713093e+61   8.5014954931e-30   3.3500873809e-14  -4.1714140813e+06   9.9248591688e-02 
  4.0236492183e+20   1.7630412881e+19   3.4319754966e+61   8.7757870822e-30   3.3550079171e-14  -4.4038700338e+06   9.9248591688e-02 
  4.1228597153e+20   9.9210496985e+18   2.0685786774e+61   8.9692345874e-30   3.3624430734e-14  -4.6247235524e+06   9.9248591688e-02 
  4.2179571899e+20   9.5097474634e+18   2.0785230764e+61   9.0730461990e-30   3.3697915096e-14  -4.7965127540e+06   9.9248591688e-02 
  4.3821950744e+20   1.6423788447e+19   3.8167023139e+61   9.1697365439e-30   3.3791300565e-14  -4.9798603320e+06   9.9248591688e-02 
  4.5666189799e+20   1.8442390546e+19   4.6404439963e+61   9.2696955046e-30   3.3899933576e-14  -5.1709047139e+06   9.9248591688e-02 
  4.7288179165e+20   1.6219893668e+19   4.4033333535e+61   9.3419825945e-30   3.3975576452e-14  -5.2832281728e+06   9.9248591688e-02 
  4.8154951818e+20   8.6677265239e+18   2.4805978787e+61   9.3794562366e-30   3.4011121893e-14  -5.3075122325e+06   9.9248591688e-02 
  4.9018046240e+20   8.6309442260e+18   2.5604176221e+61   9.3908224992e-30   3.4023698015e-14  -5.2991674506e+06   9.9248591688e-02 
  5.0752260726e+20   1.7342144852e+19   5.4237421611e+61   9.3922437703e-30   3.4035047935e-14  -5.2634649915e+06   9.9248591688e-02 
  5.2208318225e+20   1.4560574996e+19   4.8495261018e+61   9.3855750411e-30   3.4061256331e-14  -5.2032618116e+06   9.9248591688e-02 
  5.3160919871e+20   9.5260164609e+18   3.3227732973e+61   9.3752834436e-30   3.4107981848e-14  -5.1750864944e+06   9.9248591688e-02 
  5.3949657247e+20   7.8873737591e+18   2.8428560038e+61   9.3626336011e-30   3.4157203462e-14  -5.1645968018e+06   9.9248591687e-02 
  5.4622575946e+20   6.7291869915e+18   2.4920432306e+61   9.3463023853e-30   3.4205032460e-14  -5.1588786044e+06   9.9248591685e-02 
  5.6308481615e+20   1.6859056688e+19   6.5181280161e+61   9.3071758699e-30   3.4288904920e-14  -5.1558668993e+06   9.9248591675e-02 
  5.7388368279e+20   1.0798866639e+19   4.3856904402e+61   9.2578180071e-30   3.4388297764e-14  -5.1658281628e+06   9.9248591643e-02 
  5.7661124806e+20   2.7275652699e+18   1.1342146624e+61   9.2325243577e-30   3.4440959365e-14  -5.1775355782e+06   9.9248591576e-02 
  5.7885071844e+20   2.2394703820e+18   9.3930589724e+60   9.2191493821e-30   3.4457951859e-14  -5.1817955348e+06   9.9248590862e-02 
  5.8693582115e+20   8.0851027119e+18   3.4520768090e+61   9.1821567703e-30   3.4492682281e-14  -5.1923099392e+06   9.9248588627e-02 
  5.9444478374e+20   7.5089625882e+18   3.2924207868e+61   9.1244661038e-30   3.4544762176e-14  -5.2102150595e+06   9.9248579017e-02 
  6.0248977586e+20   8.0449921208e+18   3.6209526784e+61   9.0638274338e-30   3.4595623978e-14  -5.2293751889e+06   9.9248540429e-02 
  6.1923928215e+20   1.6749506285e+19   7.8546872616e+61   8.9602070720e-30   3.4670159773e-14  -5.2595578070e+06   9.9248429518e-02 
  6.3306323185e+20   1.3823949699e+19   6.8111142071e+61   8.8268882305e-30   3.4755450535e-14  -5.2899537578e+06   9.9248193040e-02 
  6.4614375228e+20   1.3080520429e+19   6.7246808276e+61   8.7016416278e-30   3.4826254114e-14  -5.2880944289e+06   9.9247909586e-02 
  6.6312506248e+20   1.6981310203e+19   9.1454076252e+61   8.5437409858e-30   3.4881246590e-14  -5.2400468397e+06   9.9247078357e-02 
  6.7870386258e+20   1.5578800099e+19   8.8124707693e+61   8.3518383507e-30   3.4919454712e-14  -5.1400958967e+06   9.9244897354e-02 
  6.9373104227e+20   1.5027179688e+19   8.8925889285e+61   8.1453559483e-30   3.4941930900e-14  -5.0153364148e+06   9.9239132890e-02 
  7.0825712398e+20   1.4526081709e+19   8.9702096141e+61   7.9189719928e-30   3.4973393292e-14  -4.8901218439e+06   9.9222194771e-02 
  7.2459415341e+20   1.6337029439e+19   1.0537655922e+62   7.6479937898e-30   3.5027363179e-14  -4.7867615058e+06   9.9150462544e-02 
  7.3825223687e+20   1.3658083458e+19   9.1822624767e+61   7.3583473361e-30   3.5099747505e-14  -4.7188135648e+06   9.8884484598e-02 
  7.4601863488e+20   7.7663980117e+18   5.3752641234e+61   7.1230225649e-30   3.5160162393e-14  -4.6939838868e+06   9.8438484689e-02 
  7.5268471741e+20   6.6660825217e+18   4.7038642495e+61   6.9372792015e-30   3.5205124882e-14  -4.6801356622e+06   9.7574606077e-02 
  7.6165764559e+20   8.9729281867e+18   6.4645349919e+61   6.6976162282e-30   3.5248944080e-14  -4.6663994351e+06   9.6974171925e-02 
  7.6522723183e+20   3.5695862363e+18   2.6144547512e+61   6.4876873787e-30   3.5286919565e-14  -4.6522415183e+06   9.6703849134e-02 
  7.6687289548e+20   1.6456636535e+18   1.2135716275e+61   6.3899972437e-30   3.5299036334e-14  -4.6471016564e+06   9.6617441517e-02 
  7.6943974661e+20   2.5668511292e+18   1.9033127937e+61   6.3135800841e-30   3.5309536210e-14  -4.6413294813e+06   9.6588626754e-02 
  7.7594819558e+20   6.5084489732e+18   4.8832053011e+61   6.2035782107e-30   3.5327663956e-14  -4.6245603611e+06   9.6583867589e-02 
  7.8116073468e+20   5.2125390981e+18   3.9704415901e+61   6.0789498177e-30   3.5349231093e-14  -4.5984662628e+06   9.6581939700e-02 
  7.8489199699e+20   3.7312623087e+18   2.8748768017e+61   5.9945284399e-30   3.5361261926e-14  -4.5748303040e+06   9.6581705948e-02 
  7.8833785209e+20   3.4458551009e+18   2.6793653331e+61   5.9473182211e-30   3.5368439990e-14  -4.5536287782e+06   9.6581673381e-02 
  7.9207086344e+20   3.7330113526e+18   2.9291986353e+61   5.9154771696e-30   3.5374321816e-14  -4.5306956511e+06   9.6581671510e-02 
  7.9544608083e+20   3.3752173821e+18   2.6723234017e+61   5.8990585257e-30   3.5379413653e-14  -4.5063016012e+06   9.6581671425e-02 
  8.0828857288e+20   1.2842492050e+19   1.0377039945e+62   5.8842917261e-30   3.5390082170e-14  -4.4475968879e+06   9.6581671421e-02 
  8.2062367492e+20   1.2335102040e+19   1.0282442701e+62   5.8753087816e-30   3.5406179199e-14  -4.3564508244e+06   9.6581671417e-02 
  8.2509801124e+20   4.4743363189e+18   3.8070830599e+61   5.8731501965e-30   3.5417995477e-14  -4.2978999402e+06   9.6581671415e-02 
  8.2812109102e+20   3.0230797841e+18   2.5957376434e+61   5.8750106371e-30   3.5424256135e-14  -4.2750796628e+06   9.6581671414e-02 
  8.3102236742e+20   2.9012763975e+18   2.5090383443e+61   5.8800988131e-30   3.5429873873e-14  -4.2585484379e+06   9.6581671409e-02 
  8.3403475956e+20   3.0123921441e+18   2.6237359730e+61   5.8886362277e-30   3.5436145364e-14  -4.2434618019e+06   9.6581671370e-02 
  8.4501239048e+20   1.0977630924e+19   9.7227802454e+61   5.9193952530e-30   3.5452891001e-14  -4.2119897643e+06   9.6581671225e-02 
  8.5215626585e+20   7.1438753619e+18   6.4645204192e+61   5.9650840778e-30   3.5475612969e-14  -4.1739740884e+06   9.6581670569e-02 
  8.5511237410e+20   2.9561082546e+18   2.7069134309e+61   5.9961171017e-30   3.5489326539e-14  -4.1526111580e+06   9.6581668845e-02 
  8.5890913125e+20   3.7967571476e+18   3.5042568859e+61   6.0192249123e-30   3.5496001753e-14  -4.1359364945e+06   9.6581651204e-02 
  8.6568096473e+20   6.7718334806e+18   6.3274708107e+61   6.0474426359e-30   3.5505503624e-14  -4.1047427210e+06   9.6581593484e-02 
  8.7251514061e+20   6.8341758774e+18   6.4868791439e+61   6.0737106835e-30   3.5514379183e-14  -4.0567566321e+06   9.6581116384e-02 
  8.8176096015e+20   9.2458195414e+18   8.9391289108e+61   6.0948018126e-30   3.5518470723e-14  -3.9894384500e+06   9.6579763569e-02 
  8.9173844703e+20   9.9774868828e+18   9.8591100720e+61   6.1117938182e-30   3.5518223350e-14  -3.9038882763e+06   9.6577191678e-02 
  9.0152066899e+20   9.7822219578e+18   9.8827495063e+61   6.1215700907e-30   3.5509363842e-14  -3.8037858333e+06   9.6576358932e-02 
  9.1703646155e+20   1.5515792566e+19   1.6120862491e+62   6.1257350113e-30   3.5490298030e-14  -3.6637197347e+06   9.6571005849e-02 
  9.3095185124e+20   1.3915389686e+19   1.4929727959e+62   6.1257938754e-30   3.5474251047e-14  -3.5077952134e+06   9.6557401486e-02 
  9.4352217919e+20   1.2570327953e+19   1.3875921911e+62   6.1221006555e-30   3.5478529957e-14  -3.3792054622e+06   9.6528200197e-02 
  9.5584961957e+20   1.2327440380e+19   1.3971687147e+62   6.1151628838e-30   3.5498778025e-14  -3.2913205981e+06   9.6457432686e-02 
  9.7185499392e+20   1.6005374344e+19   1.8685583397e+62   6.1014480683e-30   3.5534312753e-14  -3.2031079799e+06   9.6174379684e-02 
  9.8369600612e+20   1.1841012200e+19   1.4225983552e+62   6.0796325588e-30   3.5566682378e-14  -3.1021656957e+06   9.5183793504e-02 
  9.9294968245e+20   9.2536763318e+18   1.1358605324e+62   6.0528338784e-30   3.5576584019e-14  -3.0055652640e+06   9.1783755072e-02 
  9.9785350082e+20   4.9038183703e+18   6.1057888333e+61   6.0262601382e-30   3.5576963990e-14  -2.9329730726e+06   8.7904763750e-02 
  1.0047143845e+21   6.8608836749e+18   8.6438281171e+61   5.9897999473e-30   3.5578667062e-14  -2.8694107762e+06   8.1531214306e-02 
  1.0074357009e+21   2.7213163743e+18   3.4613850625e+61   5.9524986518e-30   3.5581454533e-14  -2.8206891868e+06   7.6356306879e-02 
  1.0103333377e+21   2.8976368166e+18   3.7062697911e+61   5.9193325012e-30   3.5584708221e-14  -2.7944105557e+06   7.3793013844e-02 
  1.0158648123e+21   5.5314746630e+18   7.1343713014e+61   5.8521478369e-30   3.5591814178e-14  -2.7578838356e+06   7.3506569943e-02 
  1.0198183582e+21   3.9535458858e+18   5.1470403739e+61   5.7783089427e-30   3.5601821778e-14  -2.7208244560e+06   7.3362857091e-02 
  1.0233560234e+21   3.5376651886e+18   4.6395718404e+61   5.7314334165e-30   3.5611940637e-14  -2.6967189915e+06   7.3318725433e-02 
  1.0281232577e+21   4.7672342870e+18   6.3030597022e+61   5.6896092398e-30   3.5625241315e-14  -2.6735312503e+06   7.3313997328e-02 
  1.0333298357e+21   5.2065779740e+18   6.9510447980e+61   5.6529170570e-30   3.5642927573e-14  -2.6479845470e+06   7.3313085597e-02 
  1.0382242014e+21   4.8943657045e+18   6.5984150561e+61   5.6235124658e-30   3.5659716599e-14  -2.6243125718e+06   7.3313015654e-02 
  1.0488403409e+21   1.0616139476e+19   1.4527537112e+62   5.5944792071e-30   3.5685900828e-14  -2.5848591412e+06   7.3313012543e-02 
  1.0572821159e+21   8.4417750529e+18   1.1763951127e+62   5.5655300929e-30   3.5713409263e-14  -2.5354082407e+06   7.3313011843e-02 
  1.0628404274e+21   5.5583114418e+18   7.8490242873e+61   5.5502967103e-30   3.5727442716e-14  -2.4913410834e+06   7.3313011755e-02 
  1.0761401667e+21   1.3299739306e+19   1.9116671905e+62   5.5380239919e-30   3.5735759875e-14  -2.4172603248e+06   7.3313011684e-02 
  1.0870070792e+21   1.0866912552e+19   1.5974668856e+62   5.5278335866e-30   3.5739566500e-14  -2.3166334052e+06   7.3313011421e-02 
  1.1008233875e+21   1.3816308256e+19   2.0776624548e+62   5.5209441198e-30   3.5731855535e-14  -2.1986599986e+06   7.3313010056e-02 
  1.1105513227e+21   9.7279352436e+18   1.4945072364e+62   5.5154964494e-30   3.5709847911e-14  -2.0609992746e+06   7.3313003531e-02 
  1.1198589723e+21   9.3076495719e+18   1.4546614833e+62   5.5118454096e-30   3.5678895614e-14  -1.9276944515e+06   7.3312947487e-02 
  1.1372728405e+21   1.7413868180e+19   2.7871964853e+62   5.5107819993e-30   3.5641432167e-14  -1.7580476522e+06   7.3312820966e-02 
  1.1489643001e+21   1.1691459641e+19   1.9198395966e+62   5.5127755856e-30   3.5610065206e-14  -1.5948994041e+06   7.3312587898e-02 
  1.1602135663e+21   1.1249266230e+19   1.8844832237e+62   5.5192766949e-30   3.5604070672e-14  -1.4974625310e+06   7.3311839419e-02 
  1.1698104006e+21   9.5968342395e+18   1.6368206619e+62   5.5301446157e-30   3.5615220037e-14  -1.4343431542e+06   7.3307295839e-02 
  1.1777311194e+21   7.9207188514e+18   1.3713322301e+62   5.5434307431e-30   3.5632035057e-14  -1.4043545016e+06   7.3287874508e-02 
  1.1950507877e+21   1.7319668257e+19   3.0634641272e+62   5.5695763952e-30   3.5659337775e-14  -1.3488669393e+06   7.3240467828e-02 
  1.2064330930e+21   1.1382305305e+19   2.0622566229e+62   5.6012208768e-30   3.5678326654e-14  -1.2609684595e+06   7.3139270797e-02 
  1.2116400403e+21   5.2069472891e+18   9.5647272180e+61   5.6205047910e-30   3.5676127383e-14  -1.1986892534e+06   7.3001346728e-02 
  1.2177391965e+21   6.0991561795e+18   1.1308660605e+62   5.6365768306e-30   3.5673406512e-14  -1.1500826064e+06   7.2230015062e-02 
  1.2219524554e+21   4.2132589378e+18   7.8784055970e+61   5.6534513144e-30   3.5673256175e-14  -1.1051156766e+06   7.1111262607e-02 
  1.2266454648e+21   4.6930094082e+18   8.8396848487e+61   5.6700063254e-30   3.5673934287e-14  -1.0672975398e+06   6.9572212202e-02 
  1.2301105338e+21   3.4650690306e+18   6.5703136466e+61   5.6864976150e-30   3.5674529784e-14  -1.0332802070e+06   6.8839567273e-02 
  1.2375907700e+21   7.4802361561e+18   1.4310397358e+62   5.7103432502e-30   3.5675009956e-14  -9.8794081799e+05   6.8632535817e-02 
  1.2430344732e+21   5.4437031759e+18   1.0523672501e+62   5.7390111619e-30   3.5674806887e-14  -9.3347146783e+05   6.8502726058e-02 
  1.2518697338e+21   8.8352606658e+18   1.7277416623e+62   5.7714719877e-30   3.5674374945e-14  -8.7013337055e+05   6.8464939145e-02 
  1.2566722095e+21   4.8024756371e+18   9.4941984995e+61   5.8036153836e-30   3.5675423260e-14  -8.0939608409e+05   6.8451007011e-02 
  1.2603008770e+21   3.6286675311e+18   7.2219503068e+61   5.8254175833e-30   3.5677650776e-14  -7.7349896131e+05   6.8446253455e-02 
  1.2642791324e+21   3.9782554453e+18   7.9656491906e+61   5.8483193775e-30   3.5680866598e-14  -7.4202405019e+05   6.8445187736e-02 
  1.2670247504e+21   2.7456179051e+18   5.5268631598e+61   5.8727191651e-30   3.5684392889e-14  -7.1401319978e+05   6.8445110837e-02 
  1.2733383430e+21   6.3135926262e+18   1.2800263576e+62   5.9147380256e-30   3.5687277269e-14  -6.7399794754e+05   6.8445109871e-02 
  1.2780460450e+21   4.7077020421e+18   9.6274466547e+61   5.9759831734e-30   3.5689799851e-14  -6.2445599140e+05   6.8445184249e-02 
  1.2823708208e+21   4.3247758269e+18   8.9070777891e+61   6.0396085897e-30   3.5691185684e-14  -5.8373914580e+05   6.8445905050e-02 
  1.2863900760e+21   4.0192551788e+18   8.3318831425e+61   6.1210554324e-30   3.5693112955e-14  -5.4717250684e+05   6.8448266326e-02 
  1.3030897975e+21   1.6699721471e+19   3.5179543607e+62   6.4060445917e-30   3.5700509340e-14  -4.5972560666e+05   6.8455704768e-02 
  1.3156186016e+21   1.2528804136e+19   2.6992125753e+62   6.8968733858e-30   3.5703164819e-14  -3.5470157305e+05   6.8475850695e-02 
  1.3234684416e+21   7.8498399311e+18   1.7175895275e+62   7.3938580754e-30   3.5719187208e-14  -2.8045149848e+05   6.8512989762e-02 
  1.3370453563e+21   1.3576914744e+19   3.0191574670e+62   8.3219882851e-30   3.5707881829e-14  -2.0348181339e+05   6.8639736773e-02 
  1.3439437430e+21   6.8983867369e+18   1.5577166630e+62   9.6385904232e-30   3.5729652357e-14  -1.3887180160e+05   6.8974823843e-02 
  1.3486962379e+21   4.7524948304e+18   1.0825016246e+62   1.1094900681e-29   3.5717829538e-14  -8.5885070406e+04   7.0059197743e-02 
  1.3534875544e+21   4.7913165647e+18   1.0990943193e+62   1.3473785086e-29   3.5712385401e-14  -6.9363351555e+04   7.4404682676e-02 
  1.3555531154e+21   2.0655609295e+18   4.7623248573e+61   1.6449315304e-29   3.5792662427e-14  -1.0581828243e+05   8.0341316643e-02 
  1.3558886064e+21   3.3549103992e+17   7.7487446496e+60   1.8644003466e-29   3.5714217229e-14  -3.0657731601e+04   8.4359253298e-02 
  1.3591605310e+21   3.2719246237e+18   7.5772001806e+61   3.6786907450e-29   3.5694857665e-14   5.4122398104e+03   8.9636780172e-02 
  1.3598653720e+21   7.0484093717e+17   1.6370716674e+61   6.6257971287e-29   3.5608529900e-14  -8.3359967735e+03   8.6930191551e-02 
  1.3604725019e+21   6.0712989239e+17   1.4114880059e+61   9.8420182051e-29   3.5770276684e-14  -3.1177414830e+04   7.3793487301e-02 
  1.3630324668e+21   2.5599649624e+18   5.9654109315e+61   3.3770217076e-28   3.5753283268e-14  -6.1606521652e+03   4.0831182283e-02 
  1.3658215503e+21   2.7890834606e+18   6.5248741679e+61   1.7979930758e-27   3.5717282090e-14  -3.9582672507e+03   2.3310218942e-02 
  1.3669916011e+21   1.1700508354e+18   2.7452032747e+61   8.9457493527e-27   3.6315082185e-14  -6.8231653596e+03   2.1126579906e-02 
  1.3683604391e+21   1.3688379767e+18   3.2175730129e+61   4.1621853647e-26   3.5656722576e-14   1.0785451874e+04   2.0511615223e-02 
  1.3686654653e+21   3.0502623126e+17   7.1786847019e+60   6.5056220225e-26   3.6229087903e-14   5.8089538041e+03   2.0079989833e-02 
  1.3787597837e+21   1.0094318417e+19   2.3937599539e+62   7.8634332656e-26   3.6066788669e-14   3.1649262812e+03   2.0050509216e-02 
  1.3854548963e+21   6.6951125503e+18   1.6071341974e+62   1.0863478890e-24   3.6176158568e-14   2.3214966176e+03   2.0035541400e-02 
  1.3927126446e+21   7.2577483178e+18   1.7598255966e+62   1.1366526894e-24   3.6782277038e-14   6.7661755562e+03   2.0032330476e-02 
  1.4096076226e+21   1.6894978031e+19   4.1681976219e+62   1.2174633394e-24   3.7985891992e-14   1.5283500839e+04   2.0028786481e-02 
  1.4211401496e+21   1.1532526952e+19   2.9032143519e+62   1.3698883642e-24   4.0198674597e-14   2.5152920648e+04   2.0022744608e-02 
  1.4322456734e+21   1.1105523812e+19   2.8406132698e+62   1.5016600824e-24   4.2045698713e-14   3.4179262143e+04   2.0022609618e-02 
  1.4469753271e+21   1.4729653734e+19   3.8361554866e+62   1.6785318775e-24   4.4590071655e-14   4.3256408206e+04   2.0014614358e-02 
  1.4564588534e+21   9.4835262223e+18   2.5115697114e+62   1.8306574591e-24   4.6701656228e-14   5.2822971389e+04   2.0005074532e-02 
  1.4637515067e+21   7.2926533617e+18   1.9537303418e+62   1.9739445035e-24   4.8653906629e-14   5.9658149813e+04   2.0001204113e-02 
  1.4708780521e+21   7.1265454068e+18   1.9281302058e+62   2.1288753917e-24   5.0558816769e-14   6.6574297340e+04   2.0000452688e-02 
  1.4781506144e+21   7.2725622653e+18   1.9869923256e+62   2.2885250841e-24   5.2688434586e-14   7.3351619650e+04   2.0000174742e-02 
  1.4852938625e+21   7.1432480515e+18   1.9707885691e+62   2.4417002817e-24   5.4666222941e-14   7.9335852008e+04   2.0000059611e-02 
  1.4921145873e+21   6.8207248361e+18   1.8995817781e+62   2.5830498126e-24   5.6449316875e-14   8.4357509522e+04   2.0000019126e-02 
  1.4985046828e+21   6.3900955571e+18   1.7954782187e+62   2.7154786138e-24   5.8179305140e-14   8.8789938395e+04   2.0000005972e-02 
  1.5044459546e+21   5.9412717224e+18   1.6831632535e+62   2.8456601645e-24   5.9861676969e-14   9.2929170717e+04   2.0000001754e-02 
  1.5100815024e+21   5.6355478085e+18   1.6088850078e+62   2.9749247244e-24   6.1506253511e-14   9.6813652881e+04   2.0000000501e-02 
  1.5153848226e+21   5.3033202238e+18   1.5250455509e+62   3.1036884334e-24   6.3119838096e-14   1.0045387476e+05   2.0000000134e-02 
  1.5204323737e+21   5.0475511035e+18   1.4614441759e+62   3.2314433244e-24   6.4697972692e-14   1.0386286794e+05   2.0000000035e-02 
  1.5250886560e+21   4.6562822759e+18   1.3567902592e+62   3.3559383113e-24   6.6216059911e-14   1.0702023758e+05   2.0000000008e-02 
  1.5293418807e+21   4.2532247246e+18   1.2466053577e+62   3.4726010921e-24   6.7621990078e-14   1.0985022223e+05   2.0000000002e-02 
  1.5334000606e+21   4.0581798559e+18   1.1959202764e+62   3.5809139199e-24   6.8917345143e-14   1.1237106803e+05   2.0000000000e-02 
  1.5373112815e+21   3.9112209791e+18   1.1586184702e+62   3.6878196355e-24   7.0249083107e-14   1.1471415149e+05   2.0000000000e-02 
  1.5409438320e+21   3.6325504685e+18   1.0813616173e+62   3.7924217052e-24   7.1540711892e-14   1.1705917853e+05   2.0000000000e-02 
  1.5444013414e+21   3.4575093707e+18   1.0340009458e+62   3.9002351332e-24   7.2860686083e-14   1.1930070619e+05   2.0000000000e-02 
  1.5477283063e+21   3.3269649179e+18   9.9934087514e+61   4.0082657800e-24   7.4173177900e-14   1.2157969915e+05   2.0000000000e-02 
  1.5509175301e+21   3.1892238182e+18   9.6200849399e+61   4.1209529764e-24   7.5529819203e-14   1.2383199420e+05   2.0000000000e-02 
  1.5543622731e+21   3.4447430132e+18   1.0435382109e+62   4.2423802654e-24   7.6979206680e-14   1.2624820272e+05   2.0000000000e-02 
  1.5579347735e+21   3.5725003296e+18   1.0871373636e+62   4.3809127504e-24   7.8617690588e-14   1.2889002154e+05   2.0000000000e-02 
  1.5613028817e+21   3.3681082450e+18   1.0295157901e+62   4.5270467748e-24   8.0329279664e-14   1.3160515466e+05   2.0000000000e-02 
  1.5645568218e+21   3.2539401124e+18   9.9884603270e+61   4.6766359911e-24   8.2063245501e-14   1.3427940402e+05   2.0000000000e-02 
  1.5677708508e+21   3.2140290210e+18   9.9068182057e+61   4.8314610419e-24   8.3841283982e-14   1.3692282946e+05   2.0000000000e-02 
  1.5709458577e+21   3.1750068875e+18   9.8265016450e+61   4.9813875070e-24   8.5546308345e-14   1.3936861496e+05   2.0000000000e-02 
  1.5740239961e+21   3.0781383823e+18   9.5646949919e+61   5.1237563089e-24   8.7148266209e-14   1.4155798755e+05   2.0000000000e-02 
  1.5768426173e+21   2.8186212025e+18   8.7911712465e+61   5.2575985005e-24   8.8702265267e-14   1.4352772460e+05   2.0000000000e-02 
  1.5795416097e+21   2.6989923601e+18   8.4475615094e+61   5.3871507132e-24   9.0197792337e-14   1.4538910347e+05   2.0000000000e-02 
  1.5821229935e+21   2.5813838280e+18   8.1065142085e+61   5.5154599589e-24   9.1668972076e-14   1.4718870377e+05   2.0000000000e-02 
  1.5844330394e+21   2.3100459496e+18   7.2768751389e+61   5.6379333682e-24   9.3064580240e-14   1.4886078774e+05   2.0000000000e-02 
  1.5866411422e+21   2.2081027631e+18   6.9756073639e+61   5.7533755082e-24   9.4372580796e-14   1.5039542916e+05   2.0000000000e-02 
  1.5888160712e+21   2.1749289712e+18   6.8898148247e+61   5.8668662911e-24   9.5651247989e-14   1.5186366190e+05   2.0000000000e-02 
  1.5909600526e+21   2.1439814635e+18   6.8102656473e+61   5.9798058830e-24   9.6916834350e-14   1.5328589879e+05   2.0000000000e-02 
  1.5930189513e+21   2.0588986719e+18   6.5573036811e+61   6.0906165909e-24   9.8152056186e-14   1.5464560054e+05   2.0000000000e-02 
  1.5948121812e+21   1.7932298675e+18   5.7250132684e+61   6.1929947657e-24   9.9287677378e-14   1.5587128496e+05   2.0000000000e-02 
  1.5965211749e+21   1.7089937577e+18   5.4680784117e+61   6.2868884837e-24   1.0032454781e-13   1.5696944899e+05   2.0000000000e-02 
  1.5982106996e+21   1.6895246710e+18   5.4173049150e+61   6.3788969443e-24   1.0133636668e-13   1.5802352840e+05   2.0000000000e-02 
  1.5998914954e+21   1.6807958245e+18   5.4006937141e+61   6.4712435600e-24   1.0234775757e-13   1.5906140143e+05   2.0000000000e-02 
  1.6015646880e+21   1.6731926001e+18   5.3875457600e+61   6.5645525396e-24   1.0336555244e-13   1.6009105967e+05   2.0000000000e-02 
  1.6032305844e+21   1.6658964059e+18   5.3752477448e+61   6.6590200959e-24   1.0439187650e-13   1.6111790230e+05   2.0000000000e-02 
  1.6048888173e+21   1.6582328488e+18   5.3616254618e+61   6.7551268103e-24   1.0543274129e-13   1.6214643471e+05   2.0000000000e-02 
  1.6065387736e+21   1.6499563257e+18   5.3458728882e+61   6.8536012046e-24   1.0649484662e-13   1.6318998123e+05   2.0000000000e-02 
  1.6081726214e+21   1.6338478051e+18   5.3045126374e+61   6.9560078965e-24   1.0759455512e-13   1.6426505755e+05   2.0000000000e-02 
  1.6097388979e+21   1.5662765199e+18   5.0952622448e+61   7.0614907323e-24   1.0869035595e-13   1.6536311036e+05   2.0000000000e-02 
  1.6110349695e+21   1.2960715428e+18   4.2237610297e+61   7.1592960987e-24   1.0970134311e-13   1.6636223945e+05   2.0000000000e-02 
  1.6122562564e+21   1.2212869054e+18   3.9862697694e+61   7.2467183279e-24   1.1060253096e-13   1.6724251417e+05   2.0000000000e-02 
  1.6134646958e+21   1.2084394271e+18   3.9502844534e+61   7.3294938377e-24   1.1145455126e-13   1.6805435673e+05   2.0000000000e-02 
  1.6146627828e+21   1.1980869811e+18   3.9222890447e+61   7.4084274305e-24   1.1226453405e-13   1.6880274865e+05   2.0000000000e-02 
  1.6158069742e+21   1.1441913761e+18   3.7512837884e+61   7.4807853230e-24   1.1300485974e-13   1.6946231558e+05   2.0000000000e-02 
  1.6167335708e+21   9.2659663739e+17   3.0417853654e+61   7.5411302919e-24   1.1362181065e-13   1.6998976800e+05   2.0000000000e-02 
  1.6178076549e+21   1.0740841089e+18   3.5303158414e+61   7.5963379967e-24   1.1418599482e-13   1.7044837264e+05   2.0000000000e-02 
  1.6187223315e+21   9.1467659758e+17   3.0100708784e+61   7.6490973460e-24   1.1473282956e-13   1.7088243428e+05   2.0000000000e-02 
  1.6197965940e+21   1.0742624870e+18   3.5395917800e+61   7.7020577023e-24   1.1529247001e-13   1.7131380302e+05   2.0000000000e-02 
  1.6207079798e+21   9.1138577891e+17   3.0066121582e+61   7.7556807225e-24   1.1585793786e-13   1.7175212502e+05   2.0000000000e-02 
  1.6217759255e+21   1.0679456890e+18   3.5274000233e+61   7.8102420271e-24   1.1643216297e-13   1.7219644802e+05   2.0000000000e-02 
  1.6226828541e+21   9.0692860647e+17   2.9992143576e+61   7.8654107376e-24   1.1701164097e-13   1.7264683936e+05   2.0000000000e-02 
  1.6237469004e+21   1.0640463512e+18   3.5230795972e+61   7.9215594822e-24   1.1760023005e-13   1.7310124052e+05   2.0000000000e-02 
  1.6245948533e+21   8.4795283903e+17   2.8108975059e+61   7.9766016097e-24   1.1817606600e-13   1.7354773787e+05   2.0000000000e-02 
  1.6253782648e+21   7.8341157142e+17   2.5995573358e+61   8.0242895182e-24   1.1867405496e-13   1.7393119414e+05   2.0000000000e-02 
  1.6261694844e+21   7.9121960478e+17   2.6280110865e+61   8.0707794161e-24   1.1915871340e-13   1.7430520452e+05   2.0000000000e-02 
  1.6269464328e+21   7.7694834353e+17   2.5830993095e+61   8.1176536875e-24   1.1964657927e-13   1.7467996665e+05   2.0000000000e-02 
  1.6276791501e+21   7.3271731759e+17   2.4383071035e+61   8.1632295426e-24   1.2012015710e-13   1.7504342729e+05   2.0000000000e-02 
  1.6281317066e+21   4.5255647199e+17   1.5070962514e+61   8.1993278254e-24   1.2049471556e-13   1.7532989569e+05   2.0000000000e-02 
  1.6285241420e+21   3.9243539907e+17   1.3075604709e+61   8.2252242612e-24   1.2076313182e-13   1.7553530599e+05   2.0000000000e-02 
  1.6289081588e+21   3.8401680340e+17   1.2801206400e+61   8.2491964536e-24   1.2101135486e-13   1.7572456228e+05   2.0000000000e-02 
  1.6292962312e+21   3.8807241501e+17   1.2942533478e+61   8.2731232480e-24   1.2125889791e-13   1.7591362683e+05   2.0000000000e-02 
  1.6296860508e+21   3.8981964500e+17   1.3007013624e+61   8.2973930806e-24   1.2150978085e-13   1.7610426645e+05   2.0000000000e-02 
  1.6300760210e+21   3.8997015446e+17   1.3018263264e+61   8.3217906683e-24   1.2176177582e-13   1.7629619272e+05   2.0000000000e-02 
  1.6304654351e+21   3.8941407750e+17   1.3005916906e+61   8.3463343492e-24   1.2201506983e-13   1.7648804497e+05   2.0000000000e-02 
  1.6308544628e+21   3.8902775931e+17   1.2999219193e+61   8.3709148807e-24   1.2226853105e-13   1.7668037180e+05   2.0000000000e-02 
  1.6312431426e+21   3.8867981464e+17   1.2993787636e+61   8.3956187251e-24   1.2252305312e-13   1.7687252394e+05   2.0000000000e-02 
  1.6316315557e+21   3.8841302193e+17   1.2991055820e+61   8.4203722567e-24   1.2277787247e-13   1.7706510316e+05   2.0000000000e-02 
  1.6320197102e+21   3.8815451684e+17   1.2988590118e+61   8.4452457728e-24   1.2303371381e-13   1.7725755678e+05   2.0000000000e-02 
  1.6324075907e+21   3.8788048967e+17   1.2985593764e+61   8.4701733632e-24   1.2328989555e-13   1.7745037316e+05   2.0000000000e-02 
  1.6327951837e+21   3.8759299137e+17   1.2982134484e+61   8.4952145163e-24   1.2354702875e-13   1.7764305279e+05   2.0000000000e-02 
  1.6331824888e+21   3.8730514191e+17   1.2978651180e+61   8.5203091149e-24   1.2380449386e-13   1.7783604548e+05   2.0000000000e-02 
  1.6335695098e+21   3.8702094973e+17   1.2975278253e+61   8.5455157807e-24   1.2406289102e-13   1.7802889755e+05   2.0000000000e-02 
  1.6339562496e+21   3.8673985942e+17   1.2971997304e+61   8.5707764914e-24   1.2432162359e-13   1.7822205968e+05   2.0000000000e-02 
  1.6343427046e+21   3.8645502759e+17   1.2968578832e+61   8.5961514216e-24   1.2458130865e-13   1.7841507959e+05   2.0000000000e-02 
  1.6347288779e+21   3.8617322490e+17   1.2965249971e+61   8.6215803891e-24   1.2484132474e-13   1.7860842861e+05   2.0000000000e-02 
  1.6351147674e+21   3.8588954236e+17   1.2961845987e+61   8.6471277052e-24   1.2510233255e-13   1.7880163406e+05   2.0000000000e-02 
  1.6355003679e+21   3.8560049095e+17   1.2958249488e+61   8.6727283047e-24   1.2536366140e-13   1.7899520653e+05   2.0000000000e-02 
  1.6358856827e+21   3.8531478438e+17   1.2954753171e+61   8.6984532816e-24   1.2562603982e-13   1.7918863362e+05   2.0000000000e-02 
  1.6362707068e+21   3.8502414459e+17   1.2951078737e+61   8.7242303098e-24   1.2588872438e-13   1.7938248397e+05   2.0000000000e-02 
  1.6366554400e+21   3.8473320380e+17   1.2947381801e+61   8.7501393397e-24   1.2615253249e-13   1.7957618717e+05   2.0000000000e-02 
  1.6370398856e+21   3.8444551413e+17   1.2943781973e+61   8.7760991418e-24   1.2641663139e-13   1.7977037984e+05   2.0000000000e-02 
  1.6374240387e+21   3.8415312748e+17   1.2940011669e+61   8.8021999939e-24   1.2668194199e-13   1.7996442380e+05   2.0000000000e-02 
  1.6378079013e+21   3.8386259632e+17   1.2936291471e+61   8.8283504207e-24   1.2694752869e-13   1.8015902856e+05   2.0000000000e-02 
  1.6381914692e+21   3.8356793862e+17   1.2932419760e+61   8.8546514890e-24   1.2721442039e-13   1.8035348236e+05   2.0000000000e-02 
  1.6385747429e+21   3.8327365129e+17   1.2928548006e+61   8.8810006350e-24   1.2748157028e-13   1.8054857385e+05   2.0000000000e-02 
  1.6389577184e+21   3.8297554117e+17   1.2924534692e+61   8.9075105242e-24   1.2775012329e-13   1.8074351266e+05   2.0000000000e-02 
  1.6393403985e+21   3.8268010499e+17   1.2920598986e+61   8.9340668754e-24   1.2801891528e-13   1.8093917024e+05   2.0000000000e-02 
  1.6397227748e+21   3.8237630134e+17   1.2916368004e+61   8.9607945170e-24   1.2828921254e-13   1.8113467408e+05   2.0000000000e-02 
  1.6401048504e+21   3.8207556587e+17   1.2912227779e+61   8.9875665016e-24   1.2855972457e-13   1.8133098025e+05   2.0000000000e-02 
  1.6404866205e+21   3.8177010783e+17   1.2907915039e+61   9.0145213283e-24   1.2883185352e-13   1.8152712881e+05   2.0000000000e-02 
  1.6408680855e+21   3.8146501722e+17   1.2903601706e+61   9.0415189739e-24   1.2910417897e-13   1.8172416819e+05   2.0000000000e-02 
  1.6412492444e+21   3.8115887140e+17   1.2899239652e+61   9.0687120862e-24   1.2937824320e-13   1.8192104564e+05   2.0000000000e-02 
  1.6416300937e+21   3.8084929225e+17   1.2894748280e+61   9.0959462214e-24   1.2965248253e-13   1.8211891153e+05   2.0000000000e-02 
  1.6420106297e+21   3.8053606567e+17   1.2890120124e+61   9.1233889483e-24   1.2992858726e-13   1.8231661284e+05   2.0000000000e-02 
  1.6423908528e+21   3.8022311490e+17   1.2885487947e+61   9.1508707891e-24   1.3020484446e-13   1.8251539946e+05   2.0000000000e-02 
  1.6427707588e+21   3.7990594498e+17   1.2880699334e+61   9.1785740784e-24   1.3048309055e-13   1.8271401953e+05   2.0000000000e-02 
  1.6431503469e+21   3.7958807959e+17   1.2875873581e+61   9.2063142510e-24   1.3076146424e-13   1.8291381886e+05   2.0000000000e-02 
  1.6435296156e+21   3.7926870048e+17   1.2870982874e+61   9.2342880966e-24   1.3104193982e-13   1.8311345296e+05   2.0000000000e-02 
  1.6439085617e+21   3.7894610787e+17   1.2865969399e+61   9.2622975374e-24   1.3132252944e-13   1.8331434261e+05   2.0000000000e-02 
  1.6442871796e+21   3.7861792339e+17   1.2860752155e+61   9.2905516981e-24   1.3160532734e-13   1.8351505554e+05   2.0000000000e-02 
  1.6446654697e+21   3.7829005346e+17   1.2855531564e+61   9.3188403811e-24   1.3188822189e-13   1.8371709563e+05   2.0000000000e-02 
  1.6450434132e+21   3.7794350592e+17   1.2849661792e+61   9.3473833428e-24   1.3217341116e-13   1.8391895652e+05   2.0000000000e-02 
  1.6454210106e+21   3.7759747349e+17   1.2843794657e+61   9.3759591713e-24   1.3245867969e-13   1.8412219092e+05   2.0000000000e-02 
  1.6457982569e+21   3.7724624784e+17   1.2837735902e+61   9.4047976978e-24   1.3274632215e-13   1.8432523442e+05   2.0000000000e-02 
  1.6461751566e+21   3.7689972114e+17   1.2831822071e+61   9.4336690486e-24   1.3303403577e-13   1.8452971175e+05   2.0000000000e-02 
  1.6465517021e+21   3.7654550607e+17   1.2825631442e+61   9.4628077696e-24   1.3332416189e-13   1.8473401928e+05   2.0000000000e-02 
  1.6469278923e+21   3.7619018372e+17   1.2819387856e+61   9.4919873419e-24   1.3361443748e-13   1.8493974493e+05   2.0000000000e-02 
  1.6473037414e+21   3.7584908394e+17   1.2813614005e+61   9.5214299535e-24   1.3390707487e-13   1.8514537839e+05   2.0000000000e-02 
  1.6476792785e+21   3.7553713045e+17   1.2808819915e+61   9.5509315794e-24   1.3420003680e-13   1.8535237845e+05   2.0000000000e-02 
  1.6480545011e+21   3.7522254612e+17   1.2803922810e+61   9.5806884974e-24   1.3449527664e-13   1.8555941902e+05   2.0000000000e-02 
  1.6484293900e+21   3.7488896764e+17   1.2798363776e+61   9.6105249680e-24   1.3479103905e-13   1.8576772851e+05   2.0000000000e-02 
  1.6488039187e+21   3.7452869692e+17   1.2791878656e+61   9.6405983606e-24   1.3508889008e-13   1.8597620526e+05   2.0000000000e-02 
  1.6491780665e+21   3.7414778429e+17   1.2784672587e+61   9.6707712046e-24   1.3538745502e-13   1.8618580120e+05   2.0000000000e-02 
  1.6495518220e+21   3.7375551236e+17   1.2777061702e+61   9.7011587876e-24   1.3568788202e-13   1.8639570601e+05   2.0000000000e-02 
  1.6499251822e+21   3.7336013847e+17   1.2769327783e+61   9.7316701812e-24   1.3598925808e-13   1.8660657471e+05   2.0000000000e-02 
  1.6502981412e+21   3.7295906401e+17   1.2761381711e+61   9.7623756295e-24   1.3629228467e-13   1.8681791623e+05   2.0000000000e-02 
  1.6506706990e+21   3.7255780504e+17   1.2753412016e+61   9.7932324405e-24   1.3659652607e-13   1.8703007352e+05   2.0000000000e-02 
  1.6510428529e+21   3.7215386977e+17   1.2745333339e+61   9.8242649499e-24   1.3690222894e-13   1.8724288360e+05   2.0000000000e-02 
  1.6514145975e+21   3.7174456235e+17   1.2737053140e+61   9.8554773307e-24   1.3720942058e-13   1.8745639909e+05   2.0000000000e-02 
  1.6517859313e+21   3.7133379657e+17   1.2728705286e+61   9.8868541186e-24   1.3751795242e-13   1.8767076921e+05   2.0000000000e-02 
  1.6521568487e+21   3.7091746730e+17   1.2720148890e+61   9.9184382034e-24   1.3782815716e-13   1.8788579626e+05   2.0000000000e-02 
  1.6525273455e+21   3.7049679787e+17   1.2711425601e+61   9.9501693735e-24   1.3813949441e-13   1.8810170169e+05   2.0000000000e-02 
  1.6528974197e+21   3.7007414303e+17   1.2702616010e+61   9.9821024776e-24   1.3845253137e-13   1.8831803728e+05   2.0000000000e-02 
  1.6532670674e+21   3.6964770320e+17   1.2693658196e+61   1.0014165610e-23   1.3876656221e-13   1.8853520145e+05   2.0000000000e-02 
  1.6536362839e+21   3.6921648954e+17   1.2684517962e+61   1.0046430897e-23   1.3908228809e-13   1.8875268926e+05   2.0000000000e-02 
  1.6540050694e+21   3.6878554803e+17   1.2675368500e+61   1.0078820007e-23   1.3939894002e-13   1.8897096693e+05   2.0000000000e-02 
  1.6543734185e+21   3.6834912540e+17   1.2666011966e+61   1.0111410488e-23   1.3971727235e-13   1.8918951506e+05   2.0000000000e-02 
  1.6547413307e+21   3.6791219283e+17   1.2656619093e+61   1.0144121959e-23   1.4003649697e-13   1.8940882156e+05   2.0000000000e-02 
  1.6551088041e+21   3.6747338931e+17   1.2647143011e+61   1.0177033695e-23   1.4035738415e-13   1.8962836952e+05   2.0000000000e-02 
  1.6554758354e+21   3.6703127246e+17   1.2637533947e+61   1.0210064020e-23   1.4067913521e-13   1.8984865260e+05   2.0000000000e-02 
  1.6558424226e+21   3.6658725826e+17   1.2627840500e+61   1.0243295779e-23   1.4100255289e-13   1.9006913991e+05   2.0000000000e-02 
  1.6562085654e+21   3.6614278197e+17   1.2618112044e+61   1.0276641398e-23   1.4132678407e-13   1.9029035461e+05   2.0000000000e-02 
  1.6565742587e+21   3.6569330703e+17   1.2608192123e+61   1.0310193627e-23   1.4165272487e-13   1.9051171081e+05   2.0000000000e-02 
  1.6569395036e+21   3.6524489105e+17   1.2598289438e+61   1.0343851979e-23   1.4197939916e-13   1.9073380503e+05   2.0000000000e-02 
  1.6573042963e+21   3.6479264896e+17   1.2588235457e+61   1.0377722578e-23   1.4230783140e-13   1.9095596845e+05   2.0000000000e-02 
  1.6576686353e+21   3.6433898421e+17   1.2578112959e+61   1.0411692674e-23   1.4263692686e-13   1.9117887424e+05   2.0000000000e-02 
  1.6580325191e+21   3.6388384601e+17   1.2567920118e+61   1.0445874411e-23   1.4296776951e-13   1.9140180488e+05   2.0000000000e-02 
  1.6583959463e+21   3.6342723659e+17   1.2557656940e+61   1.0480156471e-23   1.4329927669e-13   1.9162543191e+05   2.0000000000e-02 
  1.6587589138e+21   3.6296744842e+17   1.2547264312e+61   1.0514639644e-23   1.4363242502e-13   1.9184909283e+05   2.0000000000e-02 
  1.6591214226e+21   3.6250881561e+17   1.2536891981e+61   1.0549233733e-23   1.4396633387e-13   1.9207333549e+05   2.0000000000e-02 
  1.6594834687e+21   3.6204605548e+17   1.2526357219e+61   1.0584010646e-23   1.4430170228e-13   1.9229767086e+05   2.0000000000e-02 
  1.6598450516e+21   3.6158297745e+17   1.2515791684e+61   1.0618914946e-23   1.4463798457e-13   1.9252243787e+05   2.0000000000e-02 
  1.6602061708e+21   3.6111918310e+17   1.2505181573e+61   1.0653982225e-23   1.4497552869e-13   1.9274738211e+05   2.0000000000e-02 
  1.6605668231e+21   3.6065232643e+17   1.2494445569e+61   1.0689193536e-23   1.4531414202e-13   1.9297263156e+05   2.0000000000e-02 
  1.6609270084e+21   3.6018526907e+17   1.2483682708e+61   1.0724553687e-23   1.4565387348e-13   1.9319814925e+05   2.0000000000e-02 
  1.6612867254e+21   3.5971700643e+17   1.2472858155e+61   1.0760072527e-23   1.4599480975e-13   1.9342391912e+05   2.0000000000e-02 
  1.6616459714e+21   3.5924602450e+17   1.2461919325e+61   1.0795738599e-23   1.4633684008e-13   1.9365006329e+05   2.0000000000e-02 
  1.6620047459e+21   3.5877443864e+17   1.2450939502e+61   1.0831581599e-23   1.4668022915e-13   1.9387650688e+05   2.0000000000e-02 
  1.6623630472e+21   3.5830127773e+17   1.2439884943e+61   1.0867577442e-23   1.4702461296e-13   1.9410336157e+05   2.0000000000e-02 
  1.6627208726e+21   3.5782545050e+17   1.2428717662e+61   1.0903735462e-23   1.4737023799e-13   1.9433035656e+05   2.0000000000e-02 
  1.6630782232e+21   3.5735058293e+17   1.2417563543e+61   1.0940027916e-23   1.4771683212e-13   1.9455759229e+05   2.0000000000e-02 
  1.6634350967e+21   3.5687346128e+17   1.2406310918e+61   1.0976474451e-23   1.4806458013e-13   1.9478493690e+05   2.0000000000e-02 
  1.6637914919e+21   3.5639528429e+17   1.2395001371e+61   1.1013060707e-23   1.4841333942e-13   1.9501251816e+05   2.0000000000e-02 
  1.6641474092e+21   3.5591726746e+17   1.2383677158e+61   1.1049808443e-23   1.4876331396e-13   1.9524031245e+05   2.0000000000e-02 
  1.6645028450e+21   3.5543581283e+17   1.2372213044e+61   1.1086720783e-23   1.4911452591e-13   1.9546850108e+05   2.0000000000e-02 
  1.6648577975e+21   3.5495251499e+17   1.2360664383e+61   1.1123828959e-23   1.4946726547e-13   1.9569722719e+05   2.0000000000e-02 
  1.6652122640e+21   3.5446644290e+17   1.2348998644e+61   1.1161166710e-23   1.4982184015e-13   1.9592683117e+05   2.0000000000e-02 
  1.6655662368e+21   3.5397278184e+17   1.2337047838e+61   1.1198796984e-23   1.5017883109e-13   1.9615779164e+05   2.0000000000e-02 
  1.6659197081e+21   3.5347136849e+17   1.2324805842e+61   1.1236814920e-23   1.5053911403e-13   1.9639089138e+05   2.0000000000e-02 
  1.6662726648e+21   3.5295671950e+17   1.2312080904e+61   1.1275368051e-23   1.5090404825e-13   1.9662733555e+05   2.0000000000e-02 
  1.6666250858e+21   3.5242100017e+17   1.2298598794e+61   1.1314685917e-23   1.5127572018e-13   1.9686905280e+05   2.0000000000e-02 
  1.6669769612e+21   3.5187540252e+17   1.2284749116e+61   1.1354974239e-23   1.5165629027e-13   1.9711634831e+05   2.0000000000e-02 
  1.6673283272e+21   3.5136600053e+17   1.2272140876e+61   1.1394033376e-23   1.5202614531e-13   1.9735377152e+05   2.0000000000e-02 
  1.6676792698e+21   3.5094251461e+17   1.2262513910e+61   1.1430155322e-23   1.5236819951e-13   1.9756605434e+05   2.0000000000e-02 
  1.6680298845e+21   3.5061473067e+17   1.2256215440e+61   1.1463233361e-23   1.5268118079e-13   1.9775233722e+05   2.0000000000e-02 
  1.6683802405e+21   3.5035599003e+17   1.2252318626e+61   1.1494121350e-23   1.5297275430e-13   1.9791830740e+05   2.0000000000e-02 
  1.6687303700e+21   3.5012953610e+17   1.2249541302e+61   1.1523933132e-23   1.5325886039e-13   1.9807730575e+05   2.0000000000e-02 
  1.6690802792e+21   3.4990919537e+17   1.2246969090e+61   1.1553751254e-23   1.5354825874e-13   1.9823608197e+05   2.0000000000e-02 
  1.6694299607e+21   3.4968143722e+17   1.2244128478e+61   1.1583844086e-23   1.5384009137e-13   1.9839655744e+05   2.0000000000e-02 
  1.6697794090e+21   3.4944837885e+17   1.2241093213e+61   1.1614222414e-23   1.5413450990e-13   1.9855899918e+05   2.0000000000e-02 
  1.6701286173e+21   3.4920822240e+17   1.2237799968e+61   1.1644911633e-23   1.5443175754e-13   1.9872325344e+05   2.0000000000e-02 
  1.6704775780e+21   3.4896076298e+17   1.2234241144e+61   1.1675873703e-23   1.5473146511e-13   1.9888934091e+05   2.0000000000e-02 
  1.6708262855e+21   3.4870746434e+17   1.2230467668e+61   1.1707124644e-23   1.5503378207e-13   1.9905691445e+05   2.0000000000e-02 
  1.6711747343e+21   3.4844883539e+17   1.2226497060e+61   1.1738609786e-23   1.5533817497e-13   1.9922601557e+05   2.0000000000e-02 
  1.6715229182e+21   3.4818390478e+17   1.2222294908e+61   1.1770354924e-23   1.5564488548e-13   1.9939630604e+05   2.0000000000e-02 
  1.6718708340e+21   3.4791574550e+17   1.2217968786e+61   1.1802308906e-23   1.5595341434e-13   1.9956794786e+05   2.0000000000e-02 
  1.6722184751e+21   3.4764114122e+17   1.2213405489e+61   1.1834518921e-23   1.5626420972e-13   1.9974065774e+05   2.0000000000e-02 
  1.6725658375e+21   3.4736240045e+17   1.2208685798e+61   1.1866941037e-23   1.5657684202e-13   1.9991473149e+05   2.0000000000e-02 
  1.6729129162e+21   3.4707870932e+17   1.2203780853e+61   1.1899635038e-23   1.5689188178e-13   2.0008996184e+05   2.0000000000e-02 
  1.6732597053e+21   3.4678903566e+17   1.2198654056e+61   1.1932560231e-23   1.5720893257e-13   2.0026671975e+05   2.0000000000e-02 
  1.6736061993e+21   3.4649401201e+17   1.2193327326e+61   1.1965780377e-23   1.5752860511e-13   2.0044480341e+05   2.0000000000e-02 
  1.6739523931e+21   3.4619383336e+17   1.2187807224e+61   1.1999255035e-23   1.5785050637e-13   2.0062455192e+05   2.0000000000e-02 
  1.6742982792e+21   3.4588612281e+17   1.2182009724e+61   1.2033038688e-23   1.5817515873e-13   2.0080572771e+05   2.0000000000e-02 
  1.6746438533e+21   3.4557407847e+17   1.2176047100e+61   1.2067086937e-23   1.5850213160e-13   2.0098856716e+05   2.0000000000e-02 
  1.6749891085e+21   3.4525521009e+17   1.2169831310e+61   1.2101436063e-23   1.5883177260e-13   2.0117278089e+05   2.0000000000e-02 
  1.6753340399e+21   3.4493140653e+17   1.2163428585e+61   1.2136038567e-23   1.5916361598e-13   2.0135849926e+05   2.0000000000e-02 
  1.6756786439e+21   3.4460399603e+17   1.2156885514e+61   1.2170888734e-23   1.5949761717e-13   2.0154560991e+05   2.0000000000e-02 
  1.6760229129e+21   3.4426903347e+17   1.2150062633e+61   1.2206017221e-23   1.5983410193e-13   2.0173348942e+05   2.0000000000e-02 
  1.6763668424e+21   3.4392942305e+17   1.2143062072e+61   1.2241517478e-23   1.6017380385e-13   2.0192177144e+05   2.0000000000e-02 
  1.6767104337e+21   3.4359128001e+17   1.2136099611e+61   1.2276838767e-23   1.6051142379e-13   2.0211412722e+05   2.0000000000e-02 
  1.6770536797e+21   3.4324603147e+17   1.2128872354e+61   1.2312539809e-23   1.6085305638e-13   2.0230595393e+05   2.0000000000e-02 
  1.6773965649e+21   3.4288524205e+17   1.2121081644e+61   1.2349099000e-23   1.6120229248e-13   2.0249114325e+05   2.0000000000e-02 
  1.6777390919e+21   3.4252697986e+17   1.2113365696e+61   1.2385700375e-23   1.6155078756e-13   2.0268345618e+05   2.0000000000e-02 
  1.6780812814e+21   3.4218946135e+17   1.2106369279e+61   1.2420472308e-23   1.6188202343e-13   2.0288932287e+05   2.0000000000e-02 
  1.6784231190e+21   3.4183768459e+17   1.2098854505e+61   1.2457174924e-23   1.6223439825e-13   2.0308360168e+05   2.0000000000e-02 
  1.6787643251e+21   3.4120602806e+17   1.2081413527e+61   1.2499381384e-23   1.6263683206e-13   2.0323715115e+05   2.0000000000e-02 
  1.6791048101e+21   3.4048504118e+17   1.2060781337e+61   1.2550113484e-23   1.6310859246e-13   2.0354081726e+05   2.0000000000e-02 
  1.6794481187e+21   3.4330860109e+17   1.2165751808e+61   1.2550266514e-23   1.6312167251e-13   2.0372650069e+05   2.0000000000e-02 
  1.6798292128e+21   3.8109406118e+17   1.3510573180e+61   1.2188189511e-23   1.5988692612e-13   2.0238984356e+05   2.0000000000e-02 
  1.6804814001e+21   6.5218734498e+17   2.3135617358e+61   9.6123181476e-24   1.3607228752e-13   1.7590054483e+05   2.0000000000e-02 
  1.6817303896e+21   1.2489895070e+18   4.4356657853e+61   3.9055809370e-24   7.5029080663e-14   8.1560021565e+04   2.0000000000e-02 
  1.6834747379e+21   1.7443483002e+18   6.2059204157e+61   2.4491810431e-24   5.5307037616e-14   1.5649035737e+04   2.0000000000e-02 
  1.6853771868e+21   1.9024489104e+18   6.7830772997e+61   2.2542086228e-24   5.2329472912e-14   2.1133513958e+03   2.0000000000e-02 
  1.6873058116e+21   1.9286247372e+18   6.8920544461e+61   2.2283304502e-24   5.1929356230e-14   2.6717394370e+02   2.0000000000e-02 
  1.6892378596e+21   1.9320480533e+18   6.9201034396e+61   2.2250556251e-24   5.1878646034e-14   3.3440342654e+01   2.0000000000e-02 
  1.6911703381e+21   1.9324784976e+18   6.9374981891e+61   2.2246456939e-24   5.1872295620e-14   4.1733530421e+00   2.0000000000e-02 
  1.6931028704e+21   1.9325322524e+18   6.9535647384e+61   2.2245945364e-24   5.1871502879e-14   5.1984344421e-01   2.0000000000e-02 
  1.6950354093e+21   1.9325389489e+18   6.9694808483e+61   2.2245881648e-24   5.1871404116e-14   6.4654930480e-02   2.0000000000e-02 
  1.6969679491e+21   1.9325397821e+18   6.9853940456e+61   2.2245873722e-24   5.1871391829e-14   8.0269872682e-03   2.0000000000e-02 
  1.6989004890e+21   1.9325398850e+18   7.0013227538e+61   2.2245872743e-24   5.1871390312e-14   9.8738222580e-04   2.0000000000e-02 
  1.7008330289e+21   1.9325399000e+18   7.0172692847e+61   2.2245872597e-24   5.1871390087e-14   1.0040475780e-04   2.0000000000e-02 
  1.7027655688e+21   1.9325399000e+18   7.0332339008e+61   2.2245872599e-24   5.1871390088e-14   7.0618762006e-06   2.0000000000e-02 
  1.7046981087e+21   1.9325399000e+18   7.0492166564e+61   2.2245872600e-24   5.1871390088e-14   3.1534895083e-06   2.0000000000e-02 
  1.7066306486e+21   1.9325399000e+18   7.0652175515e+61   2.2245872600e-24   5.1871390088e-14   3.5588923165e-06   2.0000000000e-02 
  1.7085631885e+21   1.9325399000e+18   7.0812365861e+61   2.2245872600e-24   5.1871390088e-14   4.0049994768e-06   2.0000000000e-02 
  1.7104957284e+21   1.9325399000e+18   7.0972737602e+61   2.2245872600e-24   5.1871390088e-14   4.3792283255e-06   2.0000000000e-02 
  1.7124282683e+21   1.9325399000e+18   7.1133290737e+61   2.2245872600e-24   5.1871390088e-14   4.6760012276e-06   2.0000000000e-02 
  1.7143608082e+21   1.9325399000e+18   7.1294025268e+61   2.2245872600e-24   5.1871390088e-14   4.9259518555e-06   2.0000000000e-02 
  1.7162933481e+21   1.9325399000e+18   7.1454941194e+61   2.2245872600e-24   5.1871390088e-14   5.0462664064e-06   2.0000000000e-02 
  1.7182258881e+21   1.9325400000e+18   7.1616042225e+61   2.2245872600e-24   5.1871390088e-14   5.1557396110e-06   2.0000000000e-02 
  1.7201584280e+21   1.9325399000e+18   7.1777317239e+61   2.2245872600e-24   5.1871390088e-14   5.2506606260e-06   2.0000000000e-02 
  1.7220909679e+21   1.9325399000e+18   7.1938777349e+61   2.2245872600e-24   5.1871390088e-14   5.3249554815e-06   2.0000000000e-02 
  1.7240235078e+21   1.9325399000e+18   7.2100418855e+61   2.2245872600e-24   5.1871390088e-14   5.3517343423e-06   2.0000000000e-02 
  1.7259560477e+21   1.9325399000e+18   7.2262241756e+61   2.2245872600e-24   5.1871390088e-14   5.3771141997e-06   2.0000000000e-02 
  1.7278885876e+21   1.9325399000e+18   7.2424246051e+61   2.2245872600e-24   5.1871390088e-14   5.3332856220e-06   2.0000000000e-02 
  1.7298211275e+21   1.9325399000e+18   7.2586431742e+61   2.2245872600e-24   5.1871390088e-14   5.1760742569e-06   2.0000000000e-02 
  1.7317536674e+21   1.9325399000e+18   7.2748798828e+61   2.2245872600e-24   5.1871390088e-14   5.0295160621e-06   2.0000000000e-02 
  1.7336862073e+21   1.9325399000e+18   7.2911347308e+61   2.2245872600e-24   5.1871390088e-14   4.6612799674e-06   2.0000000000e-02 
  1.7356187472e+21   1.9325399000e+18   7.3074077184e+61   2.2245872600e-24   5.1871390088e-14   4.1253974166e-06   2.0000000000e-02 
  1.7375512871e+21   1.9325399000e+18   7.3236988454e+61   2.2245872600e-24   5.1871390088e-14   3.6175942661e-06   2.0000000000e-02 
  1.7394838270e+21   1.9325399000e+18   7.3400081120e+61   2.2245872600e-24   5.1871390088e-14   3.3688326475e-06   2.0000000000e-02 
  1.7414163669e+21   1.9325399000e+18   7.3563355180e+61   2.2245872600e-24   5.1871390088e-14   3.3800026114e-06   2.0000000000e-02 
  1.7433489068e+21   1.9325399000e+18   7.3726810636e+61   2.2245872600e-24   5.1871390088e-14   3.4229004161e-06   2.0000000000e-02 
  1.7452814467e+21   1.9325399000e+18   7.3890447486e+61   2.2245872600e-24   5.1871390088e-14   3.4311040841e-06   2.0000000000e-02 
  1.7472139866e+21   1.9325399000e+18   7.4054265732e+61   2.2245872600e-24   5.1871390088e-14   3.3048041814e-06   2.0000000000e-02 
  1.7491465265e+21   1.9325399000e+18   7.4218265372e+61   2.2245872600e-24   5.1871390088e-14   3.1084397711e-06   2.0000000000e-02 
  1.7510790664e+21   1.9325399000e+18   7.4382446408e+61   2.2245872600e-24   5.1871390088e-14   3.0751006205e-06   2.0000000000e-02 
  1.7530116064e+21   1.9325400000e+18   7.4546812700e+61   2.2245872600e-24   5.1871390088e-14   3.2792360971e-06   2.0000000000e-02 
  1.7549441463e+21   1.9325399000e+18   7.4711352672e+61   2.2245872600e-24   5.1871390088e-14   3.7059949319e-06   2.0000000000e-02 
  1.7568766862e+21   1.9325399000e+18   7.4876077892e+61   2.2245872600e-24   5.1871390087e-14   3.9842007752e-06   2.0000000000e-02 
  1.7588092261e+21   1.9325399000e+18   7.5040984508e+61   2.2245872600e-24   5.1871390087e-14   4.0738402560e-06   2.0000000000e-02 
  1.7607417660e+21   1.9325399000e+18   7.5206072518e+61   2.2245872600e-24   5.1871390087e-14   3.8106504667e-06   2.0000000000e-02 
  1.7626743059e+21   1.9325399000e+18   7.5371341924e+61   2.2245872600e-24   5.1871390087e-14   3.5009744692e-06   2.0000000000e-02 
  1.7646068458e+21   1.9325399000e+18   7.5536792724e+61   2.2245872600e-24   5.1871390087e-14   3.3975670414e-06   2.0000000000e-02 
  1.7665393857e+21   1.9325399000e+18   7.5702424919e+61   2.2245872600e-24   5.1871390087e-14   3.3186377939e-06   2.0000000000e-02 
  1.7684719256e+21   1.9325399000e+18   7.5868238509e+61   2.2245872600e-24   5.1871390087e-14   3.2628267102e-06   2.0000000000e-02 
  1.7704044655e+21   1.9325399000e+18   7.6034233495e+61   2.2245872600e-24   5.1871390087e-14   3.2652036619e-06   2.0000000000e-02 
  1.7723370054e+21   1.9325399000e+18   7.6200409875e+61   2.2245872600e-24   5.1871390087e-14   3.1162319622e-06   2.0000000000e-02 
  1.7742695453e+21   1.9325399000e+18   7.6366767650e+61   2.2245872600e-24   5.1871390087e-14   2.5233522542e-06   2.0000000000e-02 
  1.7762020852e+21   1.9325399000e+18   7.6533306820e+61   2.2245872600e-24   5.1871390087e-14   1.5814700038e-06   2.0000000000e-02 
  1.7781346251e+21   1.9325399000e+18   7.6700027385e+61   2.2245872600e-24   5.1871390087e-14   8.7042983321e-08   2.0000000000e-02 
  1.7800671650e+21   1.9325399000e+18   7.6866929346e+61   2.2245872600e-24   5.1871390086e-14  -1.9705969647e-07   2.0000000000e-02 
  1.7819997049e+21   1.9325399000e+18   7.7034012701e+61   2.2245872600e-24   5.1871390086e-14   4.3400883474e-07   2.0000000000e-02 
  1.7839322448e+21   1.9325399000e+18   7.7201277451e+61   2.2245872600e-24   5.1871390086e-14   1.1856379693e-06   2.0000000000e-02 
  1.7858647848e+21   1.9325400000e+18   7.7368727604e+61   2.2245872600e-24   5.1871390086e-14   1.3734385975e-06   2.0000000000e-02 
  1.7877973247e+21   1.9325399000e+18   7.7536351145e+61   2.2245872600e-24   5.1871390086e-14   1.4205716124e-06   2.0000000000e-02 
  1.7897298646e+21   1.9325399000e+18   7.7704160080e+61   2.2245872600e-24   5.1871390086e-14   1.4423729270e-06   2.0000000000e-02 
  1.7916624045e+21   1.9325399000e+18   7.7872150410e+61   2.2245872600e-24   5.1871390086e-14   1.4490209974e-06   2.0000000000e-02 
  1.7935949444e+21   1.9325399000e+18   7.8040322135e+61   2.2245872600e-24   5.1871390086e-14   1.4352811963e-06   2.0000000000e-02 
  1.7955274843e+21   1.9325399000e+18   7.8208675255e+61   2.2245872600e-24   5.1871390086e-14   1.4805549731e-06   2.0000000000e-02 
  1.7974600242e+21   1.9325399000e+18   7.8377209770e+61   2.2245872600e-24   5.1871390086e-14   1.5773687737e-06   2.0000000000e-02 
  1.7993925641e+21   1.9325399000e+18   7.8545925680e+61   2.2245872600e-24   5.1871390086e-14   1.7127097868e-06   2.0000000000e-02 
  1.8013251040e+21   1.9325399000e+18   7.8714822985e+61   2.2245872600e-24   5.1871390086e-14   2.0764090942e-06   2.0000000000e-02 
  1.8032576439e+21   1.9325399000e+18   7.8883901685e+61   2.2245872600e-24   5.1871390086e-14   2.4597871052e-06   2.0000000000e-02 
  1.8051901838e+21   1.9325399000e+18   7.9053161780e+61   2.2245872600e-24   5.1871390086e-14   2.5541198474e-06   2.0000000000e-02 
  1.8071227237e+21   1.9325399000e+18   7.9222603270e+61   2.2245872600e-24   5.1871390086e-14   2.5030014133e-06   2.0000000000e-02 
  1.8090552636e+21   1.9325399000e+18   7.9392226155e+61   2.2245872600e-24   5.1871390086e-14   2.3536541410e-06   2.0000000000e-02 
  1.8109878035e+21   1.9325399000e+18   7.9562030434e+61   2.2245872600e-24   5.1871390087e-14   2.1533628412e-06   2.0000000000e-02 
  1.8129203434e+21   1.9325399000e+18   7.9732016109e+61   2.2245872600e-24   5.1871390087e-14   1.8359164506e-06   2.0000000000e-02 
  1.8148528833e+21   1.9325399000e+18   7.9902183179e+61   2.2245872600e-24   5.1871390087e-14   1.6247687372e-06   2.0000000000e-02 
  1.8167854232e+21   1.9325399000e+18   8.0072531644e+61   2.2245872600e-24   5.1871390087e-14   1.6084480258e-06   2.0000000000e-02 
  1.8187179631e+21   1.9325399000e+18   8.0243061504e+61   2.2245872600e-24   5.1871390087e-14   1.7023028172e-06   2.0000000000e-02 
  1.8206505031e+21   1.9325400000e+18   8.0413776924e+61   2.2245872600e-24   5.1871390087e-14   2.0010613811e-06   2.0000000000e-02 
  1.8225830430e+21   1.9325399000e+18   8.0584665417e+61   2.2245872600e-24   5.1871390087e-14   2.1474777765e-06   2.0000000000e-02 
  1.8245155829e+21   1.9325399000e+18   8.0755739462e+61   2.2245872600e-24   5.1871390087e-14   2.2214307043e-06   2.0000000000e-02 
  1.8264481228e+21   1.9325399000e+18   8.0926994902e+61   2.2245872600e-24   5.1871390087e-14   2.3653119767e-06   2.0000000000e-02 
  1.8283806627e+21   1.9325399000e+18   8.1098431736e+61   2.2245872600e-24   5.1871390087e-14   2.4700333002e-06   2.0000000000e-02 
  1.8303132026e+21   1.9325399000e+18   8.1270049966e+61   2.2245872600e-24   5.1871390087e-14   2.6546987606e-06   2.0000000000e-02 
  1.8322457425e+21   1.9325399000e+18   8.1441849591e+61   2.2245872600e-24   5.1871390087e-14   2.8130519987e-06   2.0000000000e-02 
  1.8341782824e+21   1.9325399000e+18   8.1613830610e+61   2.2245872600e-24   5.1871390087e-14   3.4553884676e-06   2.0000000000e-02 
  1.8361108223e+21   1.9325399000e+18   8.1785993025e+61   2.2245872600e-24   5.1871390087e-14   4.3283954152e-06   2.0000000000e-02 
  1.8380433622e+21   1.9325399000e+18   8.1958336835e+61   2.2245872600e-24   5.1871390088e-14   4.7455499218e-06   2.0000000000e-02 
  1.8399759021e+21   1.9325399000e+18   8.2130862039e+61   2.2245872600e-24   5.1871390088e-14   4.8545017894e-06   2.0000000000e-02 
  1.8419084420e+21   1.9325399000e+18   8.2303568639e+61   2.2245872600e-24   5.1871390088e-14   4.8577800705e-06   2.0000000000e-02 
  1.8438409819e+21   1.9325399000e+18   8.2476456633e+61   2.2245872600e-24   5.1871390088e-14   4.8239156294e-06   2.0000000000e-02 
  1.8457735218e+21   1.9325399000e+18   8.2649526023e+61   2.2245872600e-24   5.1871390088e-14   4.7719098523e-06   2.0000000000e-02 
  1.8477060617e+21   1.9325399000e+18   8.2822776807e+61   2.2245872600e-24   5.1871390088e-14   4.7193493781e-06   2.0000000000e-02 
  1.8496386016e+21   1.9325399000e+18   8.2996208987e+61   2.2245872600e-24   5.1871390088e-14   4.6373054948e-06   2.0000000000e-02 
  1.8515711415e+21   1.9325399000e+18   8.3169822561e+61   2.2245872600e-24   5.1871390088e-14   4.5568134633e-06   2.0000000000e-02 
  1.8535036815e+21   1.9325400000e+18   8.3343621848e+61   2.2245872600e-24   5.1871390088e-14   4.5232040495e-06   2.0000000000e-02 
  1.8554362214e+21   1.9325399000e+18   8.3517593904e+61   2.2245872600e-24   5.1871390088e-14   4.5030154234e-06   2.0000000000e-02 
  1.8573687613e+21   1.9325399000e+18   8.3691751664e+61   2.2245872600e-24   5.1871390088e-14   4.4329307007e-06   2.0000000000e-02 
  1.8593013012e+21   1.9325399000e+18   8.3866090818e+61   2.2245872600e-24   5.1871390088e-14   4.3555232095e-06   2.0000000000e-02 
  1.8612338411e+21   1.9325399000e+18   8.4040611368e+61   2.2245872600e-24   5.1871390088e-14   4.2997006172e-06   2.0000000000e-02 
  1.8631663810e+21   1.9325399000e+18   8.4215313312e+61   2.2245872600e-24   5.1871390088e-14   4.2621919830e-06   2.0000000000e-02 
  1.8650989209e+21   1.9325399000e+18   8.4390196651e+61   2.2245872600e-24   5.1871390088e-14   4.2359707222e-06   2.0000000000e-02 
  1.8670314608e+21   1.9325399000e+18   8.4565261386e+61   2.2245872600e-24   5.1871390088e-14   4.2130339434e-06   2.0000000000e-02 
  1.8689640007e+21   1.9325399000e+18   8.4740507515e+61   2.2245872600e-24   5.1871390088e-14   4.1290743511e-06   2.0000000000e-02 
  1.8708965406e+21   1.9325399000e+18   8.4915935039e+61   2.2245872600e-24   5.1871390088e-14   3.9984784632e-06   2.0000000000e-02 
  1.8728290805e+21   1.9325399000e+18   8.5091543959e+61   2.2245872600e-24   5.1871390088e-14   3.8950204997e-06   2.0000000000e-02 
  1.8747616204e+21   1.9325399000e+18   8.5267334273e+61   2.2245872600e-24   5.1871390088e-14   3.8006826024e-06   2.0000000000e-02 
  1.8766941603e+21   1.9325399000e+18   8.5443305982e+61   2.2245872600e-24   5.1871390088e-14   3.7328485198e-06   2.0000000000e-02 
  1.8786267002e+21   1.9325399000e+18   8.5619459086e+61   2.2245872600e-24   5.1871390088e-14   3.6670595609e-06   2.0000000000e-02 
  1.8805592401e+21   1.9325399000e+18   8.5795793586e+61   2.2245872600e-24   5.1871390088e-14   3.6005149798e-06   2.0000000000e-02 
  1.8824917800e+21   1.9325399000e+18   8.5972309480e+61   2.2245872600e-24   5.1871390088e-14   3.5603326933e-06   2.0000000000e-02 
  1.8844243199e+21   1.9325399000e+18   8.6149006769e+61   2.2245872600e-24   5.1871390088e-14   3.4720336665e-06   2.0000000000e-02 
  1.8863568598e+21   1.9325399000e+18   8.6325885453e+61   2.2245872600e-24   5.1871390088e-14   3.3979769880e-06   2.0000000000e-02 
  1.8882893998e+21   1.9325400000e+18   8.6502950013e+61   2.2245872600e-24   5.1871390088e-14   3.3814963058e-06   2.0000000000e-02 
  1.8902219397e+21   1.9325399000e+18   8.6680187016e+61   2.2245872600e-24   5.1871390088e-14   3.3734168132e-06   2.0000000000e-02 
  1.8921544796e+21   1.9325399000e+18   8.6857609885e+61   2.2245872600e-24   5.1871390088e-14   3.3417155118e-06   2.0000000000e-02 
  1.8940870195e+21   1.9325399000e+18   8.7035214149e+61   2.2245872600e-24   5.1871390088e-14   3.2725933108e-06   2.0000000000e-02 
  1.8960195594e+21   1.9325399000e+18   8.7212999808e+61   2.2245872600e-24   5.1871390088e-14   3.1368827821e-06   2.0000000000e-02 
  1.8979520993e+21   1.9325399000e+18   8.7390966862e+61   2.2245872600e-24   5.1871390088e-14   2.9516812320e-06   2.0000000000e-02 
  1.8998846392e+21   1.9325399000e+18   8.7569115311e+61   2.2245872600e-24   5.1871390088e-14   2.8982395631e-06   2.0000000000e-02 
  1.9018171791e+21   1.9325399000e+18   8.7747445155e+61   2.2245872600e-24   5.1871390088e-14   2.8958148941e-06   2.0000000000e-02 
  1.9037497190e+21   1.9325399000e+18   8.7925956394e+61   2.2245872600e-24   5.1871390088e-14   2.8683077245e-06   2.0000000000e-02 
  1.9056822589e+21   1.9325399000e+18   8.8104649028e+61   2.2245872600e-24   5.1871390088e-14   2.8318989749e-06   2.0000000000e-02 
  1.9076147988e+21   1.9325399000e+18   8.8283523057e+61   2.2245872600e-24   5.1871390088e-14   2.8017417730e-06   2.0000000000e-02 
  1.9095473387e+21   1.9325399000e+18   8.8462578481e+61   2.2245872600e-24   5.1871390088e-14   2.7641469154e-06   2.0000000000e-02 
  1.9114798786e+21   1.9325399000e+18   8.8641815300e+61   2.2245872600e-24   5.1871390088e-14   2.6917098227e-06   2.0000000000e-02 
  1.9134124185e+21   1.9325399000e+18   8.8821233514e+61   2.2245872600e-24   5.1871390088e-14   2.6105463122e-06   2.0000000000e-02 
  1.9153449584e+21   1.9325399000e+18   8.9000833123e+61   2.2245872600e-24   5.1871390088e-14   2.5761517343e-06   2.0000000000e-02 
  1.9172774983e+21   1.9325399000e+18   8.9180614127e+61   2.2245872600e-24   5.1871390088e-14   2.5407760278e-06   2.0000000000e-02 
  1.9192100382e+21   1.9325399000e+18   8.9360576526e+61   2.2245872600e-24   5.1871390088e-14   2.5200072119e-06   2.0000000000e-02 
  1.9211425782e+21   1.9325400000e+18   8.9540724957e+61   2.2245872600e-24   5.1871390088e-14   2.5394787538e-06   2.0000000000e-02 
  1.9230751181e+21   1.9325399000e+18   8.9721045518e+61   2.2245872600e-24   5.1871390088e-14   2.5553166272e-06   2.0000000000e-02 
  1.9250076580e+21   1.9325399000e+18   8.9901552101e+61   2.2245872600e-24   5.1871390088e-14   2.5569700873e-06   2.0000000000e-02 
  1.9269401979e+21   1.9325399000e+18   9.0082240080e+61   2.2245872600e-24   5.1871390088e-14   2.5462741852e-06   2.0000000000e-02 
  1.9288727378e+21   1.9325399000e+18   9.0263109454e+61   2.2245872600e-24   5.1871390088e-14   2.5121374071e-06   2.0000000000e-02 
  1.9308052777e+21   1.9325399000e+18   9.0444160223e+61   2.2245872600e-24   5.1871390088e-14   2.4583429681e-06   2.0000000000e-02 
  1.9327378176e+21   1.9325399000e+18   9.0625392386e+61   2.2245872600e-24   5.1871390088e-14   2.4064363759e-06   2.0000000000e-02 
  1.9346703575e+21   1.9325399000e+18   9.0806805945e+61   2.2245872600e-24   5.1871390088e-14   2.3473237883e-06   2.0000000000e-02 
  1.9366028974e+21   1.9325399000e+18   9.0988400899e+61   2.2245872600e-24   5.1871390088e-14   2.2921466120e-06   2.0000000000e-02 
  1.9385354373e+21   1.9325399000e+18   9.1170177248e+61   2.2245872600e-24   5.1871390088e-14   2.1807196184e-06   2.0000000000e-02 
  1.9404679772e+21   1.9325399000e+18   9.1352134991e+61   2.2245872600e-24   5.1871390088e-14   1.7440631693e-06   2.0000000000e-02 
  1.9424005171e+21   1.9325399000e+18   9.1534274130e+61   2.2245872600e-24   5.1871390088e-14   1.1264761948e-06   2.0000000000e-02 
  1.9443330570e+21   1.9325399000e+18   9.1716594664e+61   2.2245872600e-24   5.1871390088e-14   1.0954877037e-07   2.0000000000e-02 
  1.9462655969e+21   1.9325399000e+18   9.1899096592e+61   2.2245872600e-24   5.1871390088e-14  -8.9032984378e-07   2.0000000000e-02 
  1.9481981368e+21   1.9325399000e+18   9.2081779916e+61   2.2245872600e-24   5.1871390088e-14  -1.4376101321e-06   2.0000000000e-02 
  1.9501306767e+21   1.9325399000e+18   9.2264644634e+61   2.2245872600e-24   5.1871390088e-14  -1.5477509983e-06   2.0000000000e-02 
  1.9520632166e+21   1.9325399000e+18   9.2447690748e+61   2.2245872600e-24   5.1871390088e-14  -1.2445566169e-06   2.0000000000e-02 
  1.9539957565e+21   1.9325399000e+18   9.2630918256e+61   2.2245872600e-24   5.1871390089e-14  -5.5715289698e-07   2.0000000000e-02 
  1.9559282965e+21   1.9325400000e+18   9.2814331967e+61   2.2245872600e-24   5.1871390089e-14   3.1943140658e-07   2.0000000000e-02 
  1.9578608364e+21   1.9325399000e+18   9.2997917468e+61   2.2245872600e-24   5.1871390089e-14   6.2189097686e-07   2.0000000000e-02 
  1.9597933763e+21   1.9325399000e+18   9.3181689161e+61   2.2245872600e-24   5.1871390089e-14   7.0759868920e-07   2.0000000000e-02 
  1.9617259162e+21   1.9325399000e+18   9.3365642250e+61   2.2245872600e-24   5.1871390089e-14   7.5508951552e-07   2.0000000000e-02 
  1.9636584561e+21   1.9325399000e+18   9.3549776733e+61   2.2245872600e-24   5.1871390089e-14   8.2190916143e-07   2.0000000000e-02 
  1.9655909960e+21   1.9325399000e+18   9.3734092612e+61   2.2245872600e-24   5.1871390089e-14   9.0954973692e-07   2.0000000000e-02 
  1.9675235359e+21   1.9325399000e+18   9.3918589885e+61   2.2245872600e-24   5.1871390089e-14   9.8193439047e-07   2.0000000000e-02 
  1.9694560758e+21   1.9325399000e+18   9.4103268554e+61   2.2245872600e-24   5.1871390089e-14   1.0094612098e-06   2.0000000000e-02 
  1.9713886157e+21   1.9325399000e+18   9.4288128617e+61   2.2245872600e-24   5.1871390089e-14   9.8409975599e-07   2.0000000000e-02 
  1.9733211556e+21   1.9325399000e+18   9.4473170075e+61   2.2245872600e-24   5.1871390089e-14   8.9287153389e-07   2.0000000000e-02 
  1.9752536955e+21   1.9325399000e+18   9.4658392929e+61   2.2245872600e-24   5.1871390089e-14   6.7261763726e-07   2.0000000000e-02 
  1.9771862354e+21   1.9325399000e+18   9.4843797177e+61   2.2245872600e-24   5.1871390089e-14   2.9623104114e-07   2.0000000000e-02 
  1.9791187753e+21   1.9325399000e+18   9.5029382820e+61   2.2245872600e-24   5.1871390089e-14   0.0000000000e+00   2.0000000000e-02 
