# time = 9.793886e+14 [s] 
# r                  dr                 dV                 Density            Pressure           Velocity           Z
  2.1304517832e+18   2.1304517832e+18   4.0504543152e+55   9.4723468228e-31   1.2384415894e-13   0.0000000000e+00   7.3313011751e-02 
  3.5793627197e+18   1.4489109364e+18   1.5158589212e+56   9.4723468228e-31   1.2384415894e-13   1.6179482602e+05   7.3313011751e-02 
  4.6131305030e+18   1.0337677833e+18   2.1913108234e+56   9.4744009406e-31   1.2385783083e-13   2.6743190360e+05   7.3313011751e-02 
  5.5121967947e+18   8.9906629176e+17   2.9033514263e+56   9.5183798356e-31   1.2385760277e-13   3.6652547819e+05   7.3313011751e-02 
  6.0363142255e+18   5.2411743077e+17   2.1974982253e+56   9.5542796185e-31   1.2385865355e-13   4.3981185098e+05   7.3313011751e-02 
  6.7752760650e+18   7.3896183954e+17   3.8146905806e+56   9.5973984421e-31   1.2386347996e-13   5.0414212878e+05   7.3313011751e-02 
  7.5113128239e+18   7.3603675890e+17   4.7237895872e+56   9.6674416696e-31   1.2386653605e-13   5.8097268313e+05   7.3313011751e-02 
  8.4771783769e+18   9.6586555296e+17   7.7662165243e+56   9.7672935042e-31   1.2387206170e-13   6.6501629244e+05   7.3313011751e-02 
  9.3909925964e+18   9.1381421954e+17   9.1737405095e+56   9.9114207265e-31   1.2387962381e-13   7.5179770974e+05   7.3313011751e-02 
  1.0556983983e+19   1.1659913870e+18   1.4592753120e+57   1.0104129091e-30   1.2389203309e-13   8.4247471172e+05   7.3313011751e-02 
  1.1706636149e+19   1.1496521660e+18   1.7918173811e+57   1.0357011600e-30   1.2391229231e-13   9.3696274625e+05   7.3313011751e-02 
  1.3198798188e+19   1.4921620383e+18   2.9112093278e+57   1.0689381808e-30   1.2394157456e-13   1.0329804407e+06   7.3313011751e-02 
  1.4662507698e+19   1.4637095102e+18   3.5727865369e+57   1.1110129395e-30   1.2398389348e-13   1.1391023239e+06   7.3313011751e-02 
  1.6447317265e+19   1.7848095673e+18   5.4326674285e+57   1.1630104832e-30   1.2401186182e-13   1.2746958935e+06   7.3313011751e-02 
  1.8129505126e+19   1.6821878606e+18   6.3232016728e+57   1.2244921137e-30   1.2402721133e-13   1.4228712549e+06   7.3313011751e-02 
  2.0224829714e+19   2.0953245883e+18   9.6930829846e+57   1.2993220716e-30   1.2403294920e-13   1.5862428146e+06   7.3313011751e-02 
  2.2291558104e+19   2.0667283903e+18   1.1745944240e+58   1.3915617348e-30   1.2403313165e-13   1.7694396374e+06   7.3313011751e-02 
  2.4675173958e+19   2.3836158539e+18   1.6532538095e+58   1.4992810510e-30   1.2403076624e-13   1.9763609323e+06   7.3313011751e-02 
  2.6996573940e+19   2.3213999819e+18   1.9484902666e+58   1.6269868559e-30   1.2403447388e-13   2.2024636679e+06   7.3313011751e-02 
  2.9841002220e+19   2.8444282796e+18   2.8892050763e+58   1.7845600994e-30   1.2404924118e-13   2.4555037166e+06   7.3313011751e-02 
  3.2365064966e+19   2.5240627464e+18   3.0701089306e+58   1.9648178976e-30   1.2405472782e-13   2.6929176433e+06   7.3313011751e-02 
  3.5389958275e+19   3.0248933089e+18   4.3654736527e+58   2.1752950965e-30   1.2404707137e-13   2.9116840215e+06   7.3313011751e-02 
  4.1720947755e+19   6.3309894801e+18   1.1852987132e+59   2.5743644242e-30   1.2406832372e-13   3.2722563933e+06   7.3313011751e-02 
  4.5068582251e+19   3.3476344953e+18   7.9257050488e+58   3.0173247057e-30   1.2407848675e-13   3.6709043152e+06   7.3313011751e-02 
  4.7061077630e+19   1.9924953791e+18   5.3139056234e+58   3.2933737085e-30   1.2405087868e-13   3.9048395454e+06   7.3313011751e-02 
  4.9412292759e+19   2.3512151294e+18   6.8761148407e+58   3.5781492978e-30   1.2408599283e-13   4.0899686174e+06   7.3313011751e-02 
  5.1319312260e+19   1.9070195010e+18   6.0797874491e+58   3.9089136654e-30   1.2408650439e-13   4.2884196834e+06   7.3313011751e-02 
  5.3945825388e+19   2.6265131280e+18   9.1451048947e+58   4.3613464247e-30   1.2411386849e-13   4.4842016215e+06   7.3313011751e-02 
  5.6206062409e+19   2.2602370208e+18   8.6168531845e+58   4.9178431525e-30   1.2416136223e-13   4.6596652486e+06   7.3313011751e-02 
  5.9887299317e+19   3.6812369086e+18   1.5592076197e+59   5.7553870579e-30   1.2424365092e-13   4.8843961912e+06   7.3313011751e-02 
  6.7524212586e+19   7.6369132689e+18   3.8994634308e+59   7.5887317955e-30   1.2433858128e-13   5.3727810105e+06   7.3313011751e-02 
  7.8495832187e+19   1.0971619600e+19   7.3631237096e+59   1.0761528909e-29   1.2456411401e-13   6.1676891694e+06   7.3313011751e-02 
  8.4948759892e+19   6.4529277051e+18   5.4184288490e+59   1.4050614491e-29   1.2496031060e-13   6.8775004236e+06   7.3313011751e-02 
  9.9742062782e+19   1.4793302890e+19   1.5886689971e+60   1.8572283020e-29   1.2559214165e-13   7.8409002248e+06   7.3313011751e-02 
  1.1085651597e+20   1.1114453192e+19   1.5500719811e+60   2.4710928287e-29   1.2670945093e-13   8.9571011611e+06   7.3313011751e-02 
  1.1921931482e+20   8.3627988451e+18   1.3913447035e+60   2.9615500274e-29   1.2791275728e-13   9.7850631005e+06   7.3313011751e-02 
  1.2983118964e+20   1.0611874818e+19   2.0690909989e+60   3.3950187260e-29   1.2929129941e-13   1.0641470235e+07   7.3313011751e-02 
  1.3873428720e+20   8.9030975615e+18   2.0181360325e+60   3.8078272591e-29   1.3107222091e-13   1.1487840409e+07   7.3313011751e-02 
  1.4793650889e+20   9.2022216907e+18   2.3766137952e+60   4.1132304002e-29   1.3289424969e-13   1.2306843282e+07   7.3313011751e-02 
  1.5567694877e+20   7.7404398831e+18   2.2420827220e+60   4.3564916596e-29   1.3487790585e-13   1.3052789823e+07   7.3313011751e-02 
  1.7203478170e+20   1.6357832926e+19   5.5235736959e+60   4.5718990302e-29   1.3794325120e-13   1.4143692366e+07   7.3313011751e-02 
  1.8281579275e+20   1.0781011050e+19   4.2661291080e+60   4.7869583753e-29   1.4163287665e-13   1.5358476072e+07   7.3313011751e-02 
  1.8961775417e+20   6.8019614219e+18   2.9643529263e+60   4.8912470321e-29   1.4411787327e-13   1.6128803058e+07   7.3313011751e-02 
  2.0025434637e+20   1.0636592203e+19   5.0804763727e+60   4.9405041067e-29   1.4668129633e-13   1.6892348161e+07   7.3313011751e-02 
  2.1293124770e+20   1.2676901322e+19   6.8012630637e+60   4.9522924757e-29   1.5009122372e-13   1.7947515797e+07   7.3313011751e-02 
  2.2347035067e+20   1.0539102974e+19   6.3068224904e+60   4.9262886633e-29   1.5342686366e-13   1.8968706657e+07   7.3313011751e-02 
  2.3275225615e+20   9.2819054830e+18   6.0701655460e+60   4.8728914855e-29   1.5614755937e-13   1.9810179909e+07   7.3313011751e-02 
  2.4165470423e+20   8.9024480748e+18   6.2952415846e+60   4.7964025771e-29   1.5866215159e-13   2.0587580498e+07   7.3313011751e-02 
  2.4891284411e+20   7.2581398840e+18   5.4878789903e+60   4.6955583460e-29   1.6070302693e-13   2.1228099684e+07   7.3313011751e-02 
  2.5984712181e+20   1.0934277694e+19   8.8926805972e+60   4.5353210727e-29   1.6286440246e-13   2.1915206724e+07   7.3313011751e-02 
  2.7152506084e+20   1.1677939032e+19   1.0360569318e+61   4.2873110615e-29   1.6543574366e-13   2.2733884495e+07   7.3313011751e-02 
  2.8689795360e+20   1.5372892759e+19   1.5064051236e+61   3.9573310174e-29   1.6822927429e-13   2.3612947145e+07   7.3313011751e-02 
  2.9755317115e+20   1.0655217557e+19   1.1435540735e+61   3.6492813511e-29   1.7076325134e-13   2.4384895051e+07   7.3313011751e-02 
  3.1063813837e+20   1.3084967220e+19   1.5207924056e+61   3.4321961859e-29   1.7298742960e-13   2.5021687630e+07   7.3313011751e-02 
  3.2347011172e+20   1.2831973345e+19   1.6211731667e+61   3.2580163666e-29   1.7529691318e-13   2.5648505508e+07   7.3313011751e-02 
  3.4120427837e+20   1.7734166647e+19   2.4619633955e+61   3.1297528158e-29   1.7798275835e-13   2.6346397796e+07   7.3313011751e-02 
  3.5272800864e+20   1.1523730276e+19   1.7434803904e+61   3.0500753325e-29   1.8035977014e-13   2.6937059798e+07   7.3313011751e-02 
  3.6027099310e+20   7.5429844554e+18   1.2047228032e+61   3.0234227013e-29   1.8180291706e-13   2.7272750745e+07   7.3313011751e-02 
  3.6903702930e+20   8.7660362000e+18   1.4648596896e+61   3.0250174328e-29   1.8296009676e-13   2.7503769250e+07   7.3313011751e-02 
  3.8202426807e+20   1.2987238770e+19   2.3017637580e+61   3.0649017008e-29   1.8449598842e-13   2.7764568549e+07   7.3313011750e-02 
  3.8553780939e+20   3.5135413232e+18   6.5031682619e+60   3.1181258307e-29   1.8562517695e-13   2.7926282431e+07   7.3313011749e-02 
  3.8802591283e+20   2.4881034417e+18   4.6774805604e+60   3.1631366408e-29   1.8604294716e-13   2.7975904457e+07   7.3313011739e-02 
  3.9562828393e+20   7.6023710949e+18   1.4667682117e+61   3.3057588377e-29   1.8674395080e-13   2.8047299110e+07   7.3313011702e-02 
  3.9834592379e+20   2.7176398604e+18   5.3821557549e+60   3.4609153388e-29   1.8745452675e-13   2.8113142000e+07   7.3313011608e-02 
  4.0297408483e+20   4.6281610405e+18   9.3363073029e+60   3.5209330253e-29   1.8801030799e-13   2.8158835700e+07   7.3313011025e-02 
  4.1638497265e+20   1.3410887826e+19   2.8287508708e+61   3.5942451084e-29   1.8911936588e-13   2.8181680271e+07   7.3313008656e-02 
  4.3438429104e+20   1.7999318383e+19   4.0934953973e+61   3.6643014988e-29   1.9099379060e-13   2.8117280462e+07   7.3312997172e-02 
  4.5153260658e+20   1.7148315547e+19   4.2287454779e+61   3.6895765977e-29   1.9322358617e-13   2.7930672199e+07   7.3312946772e-02 
  4.6881849548e+20   1.7285888891e+19   4.6004437733e+61   3.6651454140e-29   1.9569343633e-13   2.7653618956e+07   7.3312707272e-02 
  4.8186564407e+20   1.3047148596e+19   3.7048040573e+61   3.5971860690e-29   1.9810293225e-13   2.7372296844e+07   7.3311666106e-02 
  4.8805267493e+20   6.1870308541e+18   1.8285564369e+61   3.5131424660e-29   1.9966714837e-13   2.7211948799e+07   7.3308747928e-02 
  4.9450784424e+20   6.4551693107e+18   1.9578633542e+61   3.3980568503e-29   2.0070616805e-13   2.7120064547e+07   7.3281473876e-02 
  4.9871137092e+20   4.2035266867e+18   1.3027362577e+61   3.2527711690e-29   2.0157448347e-13   2.7048613591e+07   7.3187334160e-02 
  5.0413503434e+20   5.4236634147e+18   1.7136245726e+61   3.0561855370e-29   2.0232010094e-13   2.6980617915e+07   7.2762976353e-02 
  5.0536839482e+20   1.2333604780e+18   3.9487143094e+60   2.8916289660e-29   2.0281523672e-13   2.6932225678e+07   7.2171888158e-02 
  5.0646431340e+20   1.0959185808e+18   3.5248915622e+60   2.8158560771e-29   2.0297905348e-13   2.6915405294e+07   6.9537200493e-02 
  5.0987162720e+20   3.4073138052e+18   1.1057022674e+61   2.7150298028e-29   2.0328179598e-13   2.6883627988e+07   6.8907049352e-02 
  5.1447389947e+20   4.6022722704e+18   1.5171134314e+61   2.5796026166e-29   2.0380310568e-13   2.6822628825e+07   6.8528530534e-02 
  5.1661297175e+20   2.1390722819e+18   7.1444116504e+60   2.4878643631e-29   2.0422262469e-13   2.6769672744e+07   6.8463183764e-02 
  5.1904584709e+20   2.4328753350e+18   8.1979250279e+60   2.4505747400e-29   2.0449306780e-13   2.6733442683e+07   6.8446200667e-02 
  5.2386102417e+20   4.8151770805e+18   1.6453423622e+61   2.4228348683e-29   2.0490416201e-13   2.6674643646e+07   6.8445245000e-02 
  5.3294917339e+20   9.0881492201e+18   3.1888200951e+61   2.3970032057e-29   2.0565494745e-13   2.6549389239e+07   6.8445104018e-02 
  5.4007401673e+20   7.1248433372e+18   2.5772098982e+61   2.3813460339e-29   2.0647777500e-13   2.6388380232e+07   6.8445083769e-02 
  5.4952497499e+20   9.4509582642e+18   3.5250882551e+61   2.3799688344e-29   2.0722752100e-13   2.6203864562e+07   6.8445082523e-02 
  5.5464565942e+20   5.1206844339e+18   1.9613422546e+61   2.3870751767e-29   2.0782169299e-13   2.6032149245e+07   6.8445082445e-02 
  5.5935883275e+20   4.7131733202e+18   1.8375525119e+61   2.3985199661e-29   2.0816772561e-13   2.5907036161e+07   6.8445082444e-02 
  5.6389418942e+20   4.5353566748e+18   1.7977068420e+61   2.4171999903e-29   2.0845617963e-13   2.5779107899e+07   6.8445082453e-02 
  5.6656488700e+20   2.6706975827e+18   1.0722229144e+61   2.4406008948e-29   2.0865248480e-13   2.5674862203e+07   6.8445082461e-02 
  5.6908095540e+20   2.5160683955e+18   1.0194333954e+61   2.4695917486e-29   2.0877316728e-13   2.5597594523e+07   6.8445082477e-02 
  5.7519402839e+20   6.1130729897e+18   2.5146317374e+61   2.5396180580e-29   2.0893769811e-13   2.5451738656e+07   6.8445082542e-02 
  5.7849739983e+20   3.3033714431e+18   1.3812993308e+61   2.6284139169e-29   2.0909704525e-13   2.5276242156e+07   6.8445082901e-02 
  5.8027504250e+20   1.7776426646e+18   7.4987866088e+60   2.6906336790e-29   2.0916376889e-13   2.5175442743e+07   6.8445084898e-02 
  5.8274095054e+20   2.4659080415e+18   1.0478491711e+61   2.7439839075e-29   2.0919784085e-13   2.5086274035e+07   6.8445101009e-02 
  5.8834704176e+20   5.6060912221e+18   2.4154186007e+61   2.8140926503e-29   2.0922545453e-13   2.4901640151e+07   6.8445156678e-02 
  5.9321332402e+20   4.8662822637e+18   2.1343294333e+61   2.8841611404e-29   2.0921110920e-13   2.4646796414e+07   6.8445536837e-02 
  5.9811484519e+20   4.9015211708e+18   2.1854759306e+61   2.9255208897e-29   2.0914171135e-13   2.4385112235e+07   6.8447705179e-02 
  6.1357090328e+20   1.5456058084e+19   7.1293866374e+61   2.9629668369e-29   2.0851378288e-13   2.3696792355e+07   6.8452936805e-02 
  6.2427762192e+20   1.0706718646e+19   5.1540912159e+61   2.9909215208e-29   2.0720831281e-13   2.2669042112e+07   6.8462178306e-02 
  6.3426311315e+20   9.9854912275e+18   4.9689310905e+61   2.9948176613e-29   2.0577726509e-13   2.1732442258e+07   6.8472915354e-02 
  6.4822510110e+20   1.3961987948e+19   7.2147461317e+61   2.9771863474e-29   2.0406516674e-13   2.0606597317e+07   6.8506409941e-02 
  6.5624618697e+20   8.0210858745e+18   4.2880274925e+61   2.9502813147e-29   2.0291313076e-13   1.9679635279e+07   6.8573756288e-02 
  6.6396498748e+20   7.7188005060e+18   4.2266028988e+61   2.9147690992e-29   2.0223371665e-13   1.9036206591e+07   6.9106924948e-02 
  6.7092711436e+20   6.9621268832e+18   3.8975174777e+61   2.8669524403e-29   2.0169148631e-13   1.8450331556e+07   7.1687217728e-02 
  6.7502368228e+20   4.0965679135e+18   2.3314695111e+61   2.8165318077e-29   2.0131762520e-13   1.8013639650e+07   7.6256508262e-02 
  6.7813628952e+20   3.1126072486e+18   1.7904955575e+61   2.7669705839e-29   2.0108505911e-13   1.7729264559e+07   8.7447821469e-02 
  6.8343852115e+20   5.3022316300e+18   3.0881172460e+61   2.6973002363e-29   2.0082801573e-13   1.7398668596e+07   9.3407375322e-02 
  6.9320072849e+20   9.7622073307e+18   5.8122659069e+61   2.5858815876e-29   2.0039938164e-13   1.6813430630e+07   9.5850012875e-02 
  6.9924437511e+20   6.0436466203e+18   3.6813560839e+61   2.4826804525e-29   1.9996341251e-13   1.6200446897e+07   9.6978325571e-02 
  7.0092059187e+20   1.6762167675e+18   1.0323778430e+61   2.4405805833e-29   1.9975767779e-13   1.5902083703e+07   9.7247104662e-02 
  7.0306471337e+20   2.1441214944e+18   1.3277757282e+61   2.4286230513e-29   1.9965533933e-13   1.5754972312e+07   9.7330499098e-02 
  7.0894542052e+20   5.8807071494e+18   3.6834736178e+61   2.4176823720e-29   1.9943785481e-13   1.5445415120e+07   9.7336671874e-02 
  7.1270341992e+20   3.7579994036e+18   2.3861198927e+61   2.4105004908e-29   1.9917285544e-13   1.5072782277e+07   9.7338722496e-02 
  7.1556555689e+20   2.8621369657e+18   1.8342599050e+61   2.4095190766e-29   1.9899130226e-13   1.4815329861e+07   9.7338988265e-02 
  7.2659565704e+20   1.1030100152e+19   7.2071808383e+61   2.4117059549e-29   1.9858623032e-13   1.4272558143e+07   9.7338959909e-02 
  7.3651111985e+20   9.9154628165e+18   6.6683986575e+61   2.4215592896e-29   1.9794921968e-13   1.3445373876e+07   9.7338549286e-02 
  7.4875955827e+20   1.2248438414e+19   8.4889046439e+61   2.4428929327e-29   1.9722836289e-13   1.2564478134e+07   9.7337192134e-02 
  7.5711711245e+20   8.3575541844e+18   5.9540481580e+61   2.4731083091e-29   1.9655610368e-13   1.1748400776e+07   9.7333931498e-02 
  7.6250286814e+20   5.3857556851e+18   3.9072241810e+61   2.5035478698e-29   1.9612145767e-13   1.1213694094e+07   9.7324622609e-02 
  7.6847402444e+20   5.9711563055e+18   4.3969121267e+61   2.5412942198e-29   1.9576365513e-13   1.0776761481e+07   9.7246602491e-02 
  7.7589252060e+20   7.4184961563e+18   5.5586567799e+61   2.5979136620e-29   1.9535143817e-13   1.0270583072e+07   9.7155945585e-02 
  7.9234869047e+20   1.6456169875e+19   1.2715115195e+62   2.7059494404e-29   1.9461120028e-13   9.3804620353e+06   9.7155987292e-02 
  8.0883013633e+20   1.6481445860e+19   1.3275173199e+62   2.8530685709e-29   1.9371166008e-13   8.2092153721e+06   9.7440036183e-02 
  8.1329593729e+20   4.4658009553e+18   3.6916416942e+61   2.9462790119e-29   1.9322819069e-13   7.5052711014e+06   9.7799024213e-02 
  8.1536292034e+20   2.0669830513e+18   1.7224525728e+61   2.9757746980e-29   1.9308196567e-13   7.2899672774e+06   9.9276495112e-02 
  8.2048408070e+20   5.1211603587e+18   4.3053159774e+61   3.0097059953e-29   1.9292257164e-13   7.0561705378e+06   1.0055015055e-01 
  8.2970083508e+20   9.2167543847e+18   7.8849261262e+61   3.0795258471e-29   1.9262102536e-13   6.5987142401e+06   1.0114956706e-01 
  8.4290037353e+20   1.3199538448e+19   1.1601187504e+62   3.1919174360e-29   1.9220455340e-13   5.9103446149e+06   1.0120572884e-01 
  8.5125938985e+20   8.3590163154e+18   7.5373259339e+61   3.3035446021e-29   1.9185820577e-13   5.2766703240e+06   1.0061497654e-01 
  8.6518939309e+20   1.3930003241e+19   1.2893544480e+62   3.4247238294e-29   1.9154002054e-13   4.6520405297e+06   9.8804069587e-02 
  8.7675835340e+20   1.1568960309e+19   1.1028611430e+62   3.5691366137e-29   1.9124437547e-13   3.9723074186e+06   9.6778173789e-02 
  8.8682304124e+20   1.0064687839e+19   9.8343557414e+61   3.6971688275e-29   1.9102288173e-13   3.4195871171e+06   9.7753504184e-02 
  8.9351930754e+20   6.6962663081e+18   6.6679399906e+61   3.8008212073e-29   1.9087355936e-13   3.0060528757e+06   1.0294896168e-01 
  8.9640637272e+20   2.8870651739e+18   2.9058743748e+61   3.8639176427e-29   1.9079460190e-13   2.7744700546e+06   1.1214887123e-01 
  9.0071515509e+20   4.3087823680e+18   4.3717987048e+61   3.9185734688e-29   1.9073846553e-13   2.6027167778e+06   1.3869473542e-01 
  9.0772532561e+20   7.0101705209e+18   7.2025962385e+61   4.0165854599e-29   1.9065483992e-13   2.3343438585e+06   1.7060239652e-01 
  9.1073012230e+20   3.0047966895e+18   3.1215528390e+61   4.1205570350e-29   1.9059328105e-13   2.1005829774e+06   1.9089848333e-01 
  9.1495481677e+20   4.2246944754e+18   4.4238217591e+61   4.2380236283e-29   1.9055158194e-13   1.9315489982e+06   2.0045950984e-01 
  9.1985044499e+20   4.8956282196e+18   5.1777286509e+61   4.4579286458e-29   1.9050417382e-13   1.7179951495e+06   2.0489546771e-01 
  9.2232675431e+20   2.4763093134e+18   2.6400845207e+61   4.7333911837e-29   1.9046984988e-13   1.5451194597e+06   2.0538442051e-01 
  9.2772442620e+20   5.3976718994e+18   5.8039688548e+61   5.3162332162e-29   1.9043504963e-13   1.3548917209e+06   2.0532715460e-01 
  9.3112651887e+20   3.4020926604e+18   3.6930537516e+61   6.3291969515e-29   1.9040265064e-13   1.1392694589e+06   2.0458791818e-01 
  9.3557246878e+20   4.4459499123e+18   4.8670279855e+61   8.1477630517e-29   1.9036158576e-13   9.4667176412e+05   2.0258325746e-01 
  9.3822857319e+20   2.6561044118e+18   2.9298289027e+61   1.1191171570e-28   1.9024871924e-13   7.7799276544e+05   1.9315496090e-01 
  9.4323541685e+20   5.0068436589e+18   5.5680964527e+61   1.8677340992e-28   1.9045519819e-13   6.6462065805e+05   1.3675741504e-01 
  9.4570022770e+20   2.4648108479e+18   2.7629182792e+61   9.2064726012e-24   1.3255177761e-13   5.2216906562e+05   2.0039652186e-02 
  9.4828748877e+20   2.5872610691e+18   2.9157125931e+61   2.1025372568e-23   2.3884529399e-13   4.5416717359e+05   2.0028031802e-02 
  9.4849029440e+20   2.0280563406e+17   2.2922543122e+60   2.2928222731e-23   2.5481466009e-13   4.5434732008e+05   2.0022081577e-02 
  9.5022574199e+20   1.7354475882e+18   1.9655383990e+61   2.4243496895e-23   2.6540848724e-13   4.5566678748e+05   2.0019709641e-02 
  9.5216571457e+20   1.9399725861e+18   2.2056946509e+61   2.7798555926e-23   2.9328291986e-13   4.6204686053e+05   2.0015922977e-02 
  9.5340717244e+20   1.2414578696e+18   1.4162275869e+61   3.1861190071e-23   3.2454185493e-13   4.6837313920e+05   2.0006440237e-02 
  9.5433871795e+20   9.3154550634e+17   1.0651114068e+61   3.4883168852e-23   3.4720903322e-13   4.7222711085e+05   2.0002735094e-02 
  9.5518743601e+20   8.4871805914e+17   9.7222003543e+60   3.7278790390e-23   3.6479111306e-13   4.7476554975e+05   2.0001140429e-02 
  9.5612463305e+20   9.3719703888e+17   1.0755832234e+61   3.9650451538e-23   3.8189447020e-13   4.7692211382e+05   2.0000439935e-02 
  9.5709938504e+20   9.7475199364e+17   1.1209227688e+61   4.2293959855e-23   4.0063202843e-13   4.7889224034e+05   2.0000162993e-02 
  9.5804029294e+20   9.4090790245e+17   1.0841713634e+61   4.5195900652e-23   4.2084201074e-13   4.8056052376e+05   2.0000052653e-02 
  9.5892070265e+20   8.8040970433e+17   1.0163920909e+61   4.8300699528e-23   4.4236059221e-13   4.8225902065e+05   2.0000016562e-02 
  9.5974452559e+20   8.2382294109e+17   9.5275709360e+60   5.1477300692e-23   4.6400264271e-13   4.8443566205e+05   2.0000005178e-02 
  9.6048022102e+20   7.3569542708e+17   8.5222069279e+60   5.4715853250e-23   4.8570410134e-13   4.8694557769e+05   2.0000001539e-02 
  9.6120393010e+20   7.2370908808e+17   8.3961064534e+60   5.8658416805e-23   5.1165371917e-13   4.8922385654e+05   2.0000000432e-02 
  9.6183308872e+20   6.2915861705e+17   7.3094605494e+60   6.2933987837e-23   5.3923628972e-13   4.9145687479e+05   2.0000000115e-02 
  9.6243549056e+20   6.0240183721e+17   7.0075717237e+60   6.8657377915e-23   5.7537868436e-13   4.9530403938e+05   2.0000000029e-02 
  9.6308608999e+20   6.5059942735e+17   7.5781002585e+60   6.9416660108e-23   5.8044341339e-13   4.9397050444e+05   2.0000000006e-02 
  9.6369134383e+20   6.0525384646e+17   7.0591197233e+60   3.8923259072e-23   3.8040831615e-13   4.4866205185e+05   2.0000000002e-02 
  9.6476745989e+20   1.0761160531e+18   1.2572734929e+61   7.5083199070e-24   1.2491951475e-13   2.5220372178e+05   2.0000000001e-02 
  9.6648407325e+20   1.7166133681e+18   2.0114079411e+61   2.5014630062e-24   5.7895242244e-14   2.5847194822e+04   2.0000000000e-02 
  9.6840113233e+20   1.9170590731e+18   2.2547371386e+61   2.2391214865e-24   5.2158315916e-14   1.2275782749e+03   2.0000000000e-02 
  9.7033297654e+20   1.9318442179e+18   2.2811750923e+61   2.2252250003e-24   5.1883814323e-14   5.2503777067e+01   2.0000000000e-02 
  9.7226548588e+20   1.9325093315e+18   2.2910665096e+61   2.2246152712e-24   5.1871931666e-14   2.3005100174e+00   2.0000000000e-02 
  9.7419802442e+20   1.9325385425e+18   2.3002270840e+61   2.2245885081e-24   5.1871414137e-14   1.0244732735e-01   2.0000000000e-02 
  9.7613056426e+20   1.9325398444e+18   2.3093727947e+61   2.2245873162e-24   5.1871391168e-14   4.5931235860e-03   2.0000000000e-02 
  9.7806310417e+20   1.9325399034e+18   2.3185351694e+61   2.2245872621e-24   5.1871390132e-14   2.0314303113e-04   2.0000000000e-02 
  9.7999564407e+20   1.9325399057e+18   2.3277156160e+61   2.2245872600e-24   5.1871390088e-14   8.0808004110e-06   2.0000000000e-02 
  9.8192818398e+20   1.9325399057e+18   2.3369141993e+61   2.2245872600e-24   5.1871390089e-14   9.7101829049e-07   2.0000000000e-02 
  9.8386072388e+20   1.9325399057e+18   2.3461309221e+61   2.2245872600e-24   5.1871390089e-14   8.8229248703e-07   2.0000000000e-02 
  9.8579326379e+20   1.9325399057e+18   2.3553657845e+61   2.2245872600e-24   5.1871390089e-14   8.8415746365e-07   2.0000000000e-02 
  9.8772580369e+20   1.9325399057e+18   2.3646187863e+61   2.2245872600e-24   5.1871390089e-14   8.2013324688e-07   2.0000000000e-02 
  9.8965834360e+20   1.9325399057e+18   2.3738899276e+61   2.2245872600e-24   5.1871390088e-14   6.7060212722e-07   2.0000000000e-02 
  9.9159088351e+20   1.9325399057e+18   2.3831792084e+61   2.2245872600e-24   5.1871390088e-14   4.3178784770e-07   2.0000000000e-02 
  9.9352342341e+20   1.9325399057e+18   2.3924866287e+61   2.2245872600e-24   5.1871390089e-14   4.3023904832e-07   2.0000000000e-02 
  9.9545596332e+20   1.9325399057e+18   2.4018121885e+61   2.2245872600e-24   5.1871390089e-14   6.5408646547e-07   2.0000000000e-02 
  9.9738850322e+20   1.9325399057e+18   2.4111558878e+61   2.2245872600e-24   5.1871390089e-14   8.0591502906e-07   2.0000000000e-02 
  9.9932104313e+20   1.9325399057e+18   2.4205177266e+61   2.2245872600e-24   5.1871390089e-14   8.3804418376e-07   2.0000000000e-02 
  1.0012535830e+21   1.9325399057e+18   2.4298977049e+61   2.2245872600e-24   5.1871390089e-14   8.4027319804e-07   2.0000000000e-02 
  1.0031861229e+21   1.9325399057e+18   2.4392958227e+61   2.2245872600e-24   5.1871390088e-14   8.0197051367e-07   2.0000000000e-02 
  1.0051186628e+21   1.9325399057e+18   2.4487120800e+61   2.2245872600e-24   5.1871390088e-14   5.7749007417e-07   2.0000000000e-02 
  1.0070512028e+21   1.9325399057e+18   2.4581464767e+61   2.2245872600e-24   5.1871390088e-14   2.5339311335e-07   2.0000000000e-02 
  1.0089837427e+21   1.9325399057e+18   2.4675990130e+61   2.2245872600e-24   5.1871390088e-14   4.8472288897e-08   2.0000000000e-02 
  1.0109162826e+21   1.9325399057e+18   2.4770696888e+61   2.2245872600e-24   5.1871390088e-14  -6.0224866325e-08   2.0000000000e-02 
  1.0128488225e+21   1.9325399057e+18   2.4865585041e+61   2.2245872600e-24   5.1871390088e-14  -1.5052893724e-07   2.0000000000e-02 
  1.0147813624e+21   1.9325399057e+18   2.4960654589e+61   2.2245872600e-24   5.1871390088e-14  -2.2488190677e-07   2.0000000000e-02 
  1.0167139023e+21   1.9325399057e+18   2.5055905532e+61   2.2245872600e-24   5.1871390088e-14  -2.4632362022e-07   2.0000000000e-02 
  1.0186464422e+21   1.9325399057e+18   2.5151337870e+61   2.2245872600e-24   5.1871390088e-14  -1.5521588279e-07   2.0000000000e-02 
  1.0205789821e+21   1.9325399057e+18   2.5246951602e+61   2.2245872600e-24   5.1871390088e-14   4.6359538200e-07   2.0000000000e-02 
  1.0225115220e+21   1.9325399057e+18   2.5342746730e+61   2.2245872600e-24   5.1871390088e-14   1.3245407185e-06   2.0000000000e-02 
  1.0244440619e+21   1.9325399057e+18   2.5438723253e+61   2.2245872600e-24   5.1871390088e-14   1.7801722054e-06   2.0000000000e-02 
  1.0263766018e+21   1.9325399057e+18   2.5534881171e+61   2.2245872600e-24   5.1871390088e-14   1.9621076460e-06   2.0000000000e-02 
  1.0283091417e+21   1.9325399057e+18   2.5631220483e+61   2.2245872600e-24   5.1871390088e-14   1.9190686845e-06   2.0000000000e-02 
  1.0302416816e+21   1.9325399057e+18   2.5727741191e+61   2.2245872600e-24   5.1871390088e-14   1.9413143490e-06   2.0000000000e-02 
  1.0321742215e+21   1.9325399057e+18   2.5824443294e+61   2.2245872600e-24   5.1871390088e-14   2.0850371560e-06   2.0000000000e-02 
  1.0341067614e+21   1.9325399057e+18   2.5921326791e+61   2.2245872600e-24   5.1871390088e-14   2.2703768177e-06   2.0000000000e-02 
  1.0360393013e+21   1.9325399057e+18   2.6018391684e+61   2.2245872600e-24   5.1871390088e-14   2.3288016973e-06   2.0000000000e-02 
  1.0379718412e+21   1.9325399057e+18   2.6115637972e+61   2.2245872600e-24   5.1871390088e-14   2.2033668688e-06   2.0000000000e-02 
  1.0399043811e+21   1.9325399057e+18   2.6213065654e+61   2.2245872600e-24   5.1871390088e-14   1.9034561307e-06   2.0000000000e-02 
  1.0418369211e+21   1.9325399057e+18   2.6310674732e+61   2.2245872600e-24   5.1871390088e-14   1.5348121247e-06   2.0000000000e-02 
  1.0437694610e+21   1.9325399057e+18   2.6408465205e+61   2.2245872600e-24   5.1871390088e-14   1.2689343232e-06   2.0000000000e-02 
  1.0457020009e+21   1.9325399057e+18   2.6506437072e+61   2.2245872600e-24   5.1871390088e-14   5.9056857761e-07   2.0000000000e-02 
  1.0476345408e+21   1.9325399057e+18   2.6604590335e+61   2.2245872600e-24   5.1871390089e-14  -1.3625440966e-06   2.0000000000e-02 
  1.0495670807e+21   1.9325399057e+18   2.6702924992e+61   2.2245872600e-24   5.1871390089e-14  -3.3378722472e-06   2.0000000000e-02 
  1.0514996206e+21   1.9325399057e+18   2.6801441045e+61   2.2245872600e-24   5.1871390090e-14  -4.3444089672e-06   2.0000000000e-02 
  1.0534321605e+21   1.9325399057e+18   2.6900138492e+61   2.2245872600e-24   5.1871390090e-14  -5.0097583700e-06   2.0000000000e-02 
  1.0553647004e+21   1.9325399057e+18   2.6999017335e+61   2.2245872600e-24   5.1871390090e-14  -5.5185014957e-06   2.0000000000e-02 
  1.0572972403e+21   1.9325399057e+18   2.7098077572e+61   2.2245872600e-24   5.1871390090e-14  -5.7181069044e-06   2.0000000000e-02 
  1.0592297802e+21   1.9325399057e+18   2.7197319205e+61   2.2245872600e-24   5.1871390090e-14  -5.6988048309e-06   2.0000000000e-02 
  1.0611623201e+21   1.9325399057e+18   2.7296742232e+61   2.2245872600e-24   5.1871390090e-14  -5.7055639442e-06   2.0000000000e-02 
  1.0630948600e+21   1.9325399057e+18   2.7396346655e+61   2.2245872600e-24   5.1871390090e-14  -5.7541719294e-06   2.0000000000e-02 
  1.0650273999e+21   1.9325399057e+18   2.7496132472e+61   2.2245872600e-24   5.1871390090e-14  -5.8582959738e-06   2.0000000000e-02 
  1.0669599398e+21   1.9325399057e+18   2.7596099684e+61   2.2245872600e-24   5.1871390090e-14  -6.0533068125e-06   2.0000000000e-02 
  1.0688924797e+21   1.9325399057e+18   2.7696248292e+61   2.2245872600e-24   5.1871390090e-14  -6.3506497938e-06   2.0000000000e-02 
  1.0708250196e+21   1.9325399057e+18   2.7796578294e+61   2.2245872600e-24   5.1871390090e-14  -6.6291765007e-06   2.0000000000e-02 
  1.0727575595e+21   1.9325399057e+18   2.7897089691e+61   2.2245872600e-24   5.1871390090e-14  -6.7676805677e-06   2.0000000000e-02 
  1.0746900995e+21   1.9325399057e+18   2.7997782484e+61   2.2245872600e-24   5.1871390090e-14  -6.6522545352e-06   2.0000000000e-02 
  1.0766226394e+21   1.9325399057e+18   2.8098656671e+61   2.2245872600e-24   5.1871390090e-14  -6.3776546860e-06   2.0000000000e-02 
  1.0785551793e+21   1.9325399057e+18   2.8199712253e+61   2.2245872600e-24   5.1871390090e-14  -6.1703229041e-06   2.0000000000e-02 
  1.0804877192e+21   1.9325399057e+18   2.8300949231e+61   2.2245872600e-24   5.1871390090e-14  -6.1015275882e-06   2.0000000000e-02 
  1.0824202591e+21   1.9325399057e+18   2.8402367603e+61   2.2245872600e-24   5.1871390090e-14  -6.1935562655e-06   2.0000000000e-02 
  1.0843527990e+21   1.9325399057e+18   2.8503967370e+61   2.2245872600e-24   5.1871390090e-14  -6.3331635367e-06   2.0000000000e-02 
  1.0862853389e+21   1.9325399057e+18   2.8605748532e+61   2.2245872600e-24   5.1871390090e-14  -6.6331979624e-06   2.0000000000e-02 
  1.0882178788e+21   1.9325399057e+18   2.8707711089e+61   2.2245872600e-24   5.1871390090e-14  -6.7212952582e-06   2.0000000000e-02 
  1.0901504187e+21   1.9325399057e+18   2.8809855042e+61   2.2245872600e-24   5.1871390090e-14  -6.6155022736e-06   2.0000000000e-02 
  1.0920829586e+21   1.9325399057e+18   2.8912180389e+61   2.2245872600e-24   5.1871390090e-14  -6.4980167127e-06   2.0000000000e-02 
  1.0940154985e+21   1.9325399057e+18   2.9014687131e+61   2.2245872600e-24   5.1871390090e-14  -6.3322901789e-06   2.0000000000e-02 
  1.0959480384e+21   1.9325399057e+18   2.9117375268e+61   2.2245872600e-24   5.1871390090e-14  -6.1585872176e-06   2.0000000000e-02 
  1.0978805783e+21   1.9325399057e+18   2.9220244800e+61   2.2245872600e-24   5.1871390090e-14  -6.1058587781e-06   2.0000000000e-02 
  1.0998131182e+21   1.9325399057e+18   2.9323295727e+61   2.2245872600e-24   5.1871390090e-14  -6.2396692972e-06   2.0000000000e-02 
  1.1017456581e+21   1.9325399057e+18   2.9426528049e+61   2.2245872600e-24   5.1871390090e-14  -6.4037689511e-06   2.0000000000e-02 
  1.1036781980e+21   1.9325399057e+18   2.9529941766e+61   2.2245872600e-24   5.1871390090e-14  -6.4470548698e-06   2.0000000000e-02 
  1.1056107379e+21   1.9325399057e+18   2.9633536878e+61   2.2245872600e-24   5.1871390091e-14  -6.2743085041e-06   2.0000000000e-02 
  1.1075432778e+21   1.9325399057e+18   2.9737313386e+61   2.2245872600e-24   5.1871390091e-14  -5.9772992580e-06   2.0000000000e-02 
  1.1094758178e+21   1.9325399057e+18   2.9841271288e+61   2.2245872600e-24   5.1871390091e-14  -5.6640539774e-06   2.0000000000e-02 
  1.1114083577e+21   1.9325399057e+18   2.9945410585e+61   2.2245872600e-24   5.1871390091e-14  -5.4841052706e-06   2.0000000000e-02 
  1.1133408976e+21   1.9325399057e+18   3.0049731276e+61   2.2245872600e-24   5.1871390091e-14  -5.4029711266e-06   2.0000000000e-02 
  1.1152734375e+21   1.9325399057e+18   3.0154233363e+61   2.2245872600e-24   5.1871390091e-14  -5.2839669473e-06   2.0000000000e-02 
  1.1172059774e+21   1.9325399057e+18   3.0258916845e+61   2.2245872600e-24   5.1871390091e-14  -5.1420174321e-06   2.0000000000e-02 
  1.1191385173e+21   1.9325399057e+18   3.0363781722e+61   2.2245872600e-24   5.1871390091e-14  -5.0019840176e-06   2.0000000000e-02 
  1.1210710572e+21   1.9325399057e+18   3.0468827994e+61   2.2245872600e-24   5.1871390091e-14  -4.7673185649e-06   2.0000000000e-02 
  1.1230035971e+21   1.9325399057e+18   3.0574055661e+61   2.2245872600e-24   5.1871390091e-14  -4.3179656814e-06   2.0000000000e-02 
  1.1249361370e+21   1.9325399057e+18   3.0679464723e+61   2.2245872600e-24   5.1871390091e-14  -3.7708428572e-06   2.0000000000e-02 
  1.1268686769e+21   1.9325399057e+18   3.0785055180e+61   2.2245872600e-24   5.1871390092e-14  -2.5283127542e-06   2.0000000000e-02 
  1.1288012168e+21   1.9325399057e+18   3.0890827032e+61   2.2245872600e-24   5.1871390092e-14  -4.1994217769e-07   2.0000000000e-02 
  1.1307337567e+21   1.9325399057e+18   3.0996780279e+61   2.2245872600e-24   5.1871390092e-14   8.8615331057e-07   2.0000000000e-02 
  1.1326662966e+21   1.9325399057e+18   3.1102914920e+61   2.2245872600e-24   5.1871390092e-14   1.3244648987e-06   2.0000000000e-02 
  1.1345988365e+21   1.9325399057e+18   3.1209230957e+61   2.2245872600e-24   5.1871390092e-14   1.5621777503e-06   2.0000000000e-02 
  1.1365313764e+21   1.9325399057e+18   3.1315728389e+61   2.2245872600e-24   5.1871390093e-14   2.0588224324e-06   2.0000000000e-02 
  1.1384639163e+21   1.9325399057e+18   3.1422407216e+61   2.2245872600e-24   5.1871390093e-14   2.4051779981e-06   2.0000000000e-02 
  1.1403964562e+21   1.9325399057e+18   3.1529267437e+61   2.2245872600e-24   5.1871390093e-14   2.4831299099e-06   2.0000000000e-02 
  1.1423289962e+21   1.9325399057e+18   3.1636309054e+61   2.2245872600e-24   5.1871390093e-14   2.4902033806e-06   2.0000000000e-02 
  1.1442615361e+21   1.9325399057e+18   3.1743532066e+61   2.2245872600e-24   5.1871390093e-14   2.4212982040e-06   2.0000000000e-02 
  1.1461940760e+21   1.9325399057e+18   3.1850936473e+61   2.2245872600e-24   5.1871390093e-14   2.3491203085e-06   2.0000000000e-02 
  1.1481266159e+21   1.9325399057e+18   3.1958522274e+61   2.2245872600e-24   5.1871390093e-14   2.3507188067e-06   2.0000000000e-02 
  1.1500591558e+21   1.9325399057e+18   3.2066289471e+61   2.2245872600e-24   5.1871390092e-14   2.3560364341e-06   2.0000000000e-02 
  1.1519916957e+21   1.9325399057e+18   3.2174238063e+61   2.2245872600e-24   5.1871390092e-14   2.2661006658e-06   2.0000000000e-02 
  1.1539242356e+21   1.9325399057e+18   3.2282368049e+61   2.2245872600e-24   5.1871390092e-14   2.0671509428e-06   2.0000000000e-02 
  1.1558567755e+21   1.9325399057e+18   3.2390679431e+61   2.2245872600e-24   5.1871390092e-14   1.7368180512e-06   2.0000000000e-02 
  1.1577893154e+21   1.9325399057e+18   3.2499172207e+61   2.2245872600e-24   5.1871390092e-14   1.4047221285e-06   2.0000000000e-02 
  1.1597218553e+21   1.9325399057e+18   3.2607846379e+61   2.2245872600e-24   5.1871390092e-14   1.0209140501e-06   2.0000000000e-02 
  1.1616543952e+21   1.9325399057e+18   3.2716701946e+61   2.2245872600e-24   5.1871390092e-14   7.8389186672e-07   2.0000000000e-02 
  1.1635869351e+21   1.9325399057e+18   3.2825738907e+61   2.2245872600e-24   5.1871390092e-14   7.3179435082e-07   2.0000000000e-02 
  1.1655194750e+21   1.9325399057e+18   3.2934957264e+61   2.2245872600e-24   5.1871390092e-14   7.0121909593e-07   2.0000000000e-02 
  1.1674520149e+21   1.9325399057e+18   3.3044357015e+61   2.2245872600e-24   5.1871390092e-14   6.6520867334e-07   2.0000000000e-02 
  1.1693845548e+21   1.9325399057e+18   3.3153938162e+61   2.2245872600e-24   5.1871390092e-14   6.4454867407e-07   2.0000000000e-02 
  1.1713170947e+21   1.9325399057e+18   3.3263700703e+61   2.2245872600e-24   5.1871390092e-14   6.1895267614e-07   2.0000000000e-02 
  1.1732496346e+21   1.9325399057e+18   3.3373644640e+61   2.2245872600e-24   5.1871390092e-14   5.7790161357e-07   2.0000000000e-02 
  1.1751821745e+21   1.9325399057e+18   3.3483769971e+61   2.2245872600e-24   5.1871390092e-14   4.7537812996e-07   2.0000000000e-02 
  1.1771147145e+21   1.9325399057e+18   3.3594076697e+61   2.2245872600e-24   5.1871390092e-14   1.0536298623e-07   2.0000000000e-02 
  1.1790472544e+21   1.9325399057e+18   3.3704564819e+61   2.2245872600e-24   5.1871390092e-14  -4.8469986367e-07   2.0000000000e-02 
  1.1809797943e+21   1.9325399057e+18   3.3815234335e+61   2.2245872600e-24   5.1871390092e-14  -9.2345838471e-07   2.0000000000e-02 
  1.1829123342e+21   1.9325399057e+18   3.3926085247e+61   2.2245872600e-24   5.1871390092e-14  -1.1468079342e-06   2.0000000000e-02 
  1.1848448741e+21   1.9325399057e+18   3.4037117553e+61   2.2245872600e-24   5.1871390092e-14  -1.1579635664e-06   2.0000000000e-02 
  1.1867774140e+21   1.9325399057e+18   3.4148331254e+61   2.2245872600e-24   5.1871390092e-14  -1.1734105049e-06   2.0000000000e-02 
  1.1887099539e+21   1.9325399057e+18   3.4259726351e+61   2.2245872600e-24   5.1871390092e-14  -1.1705997110e-06   2.0000000000e-02 
  1.1906424938e+21   1.9325399057e+18   3.4371302842e+61   2.2245872600e-24   5.1871390092e-14  -1.1363810154e-06   2.0000000000e-02 
  1.1925750337e+21   1.9325399057e+18   3.4483060728e+61   2.2245872600e-24   5.1871390092e-14  -1.0868304403e-06   2.0000000000e-02 
  1.1945075736e+21   1.9325399057e+18   3.4595000009e+61   2.2245872600e-24   5.1871390092e-14  -9.4717368681e-07   2.0000000000e-02 
  1.1964401135e+21   1.9325399057e+18   3.4707120686e+61   2.2245872600e-24   5.1871390092e-14  -6.5527551152e-07   2.0000000000e-02 
  1.1983726534e+21   1.9325399057e+18   3.4819422757e+61   2.2245872600e-24   5.1871390092e-14  -2.5283999358e-07   2.0000000000e-02 
  1.2003051933e+21   1.9325399057e+18   3.4931906223e+61   2.2245872600e-24   5.1871390092e-14   1.0516096037e-06   2.0000000000e-02 
  1.2022377332e+21   1.9325399057e+18   3.5044571084e+61   2.2245872600e-24   5.1871390091e-14   2.8831816544e-06   2.0000000000e-02 
  1.2041702731e+21   1.9325399057e+18   3.5157417341e+61   2.2245872600e-24   5.1871390091e-14   3.7951456301e-06   2.0000000000e-02 
  1.2061028130e+21   1.9325399057e+18   3.5270444992e+61   2.2245872600e-24   5.1871390091e-14   4.4419154200e-06   2.0000000000e-02 
  1.2080353529e+21   1.9325399057e+18   3.5383654038e+61   2.2245872600e-24   5.1871390090e-14   5.0733135368e-06   2.0000000000e-02 
  1.2099678929e+21   1.9325399057e+18   3.5497044479e+61   2.2245872600e-24   5.1871390090e-14   5.5345153941e-06   2.0000000000e-02 
  1.2119004328e+21   1.9325399057e+18   3.5610616315e+61   2.2245872600e-24   5.1871390090e-14   5.8931742495e-06   2.0000000000e-02 
  1.2138329727e+21   1.9325399057e+18   3.5724369546e+61   2.2245872600e-24   5.1871390090e-14   6.0162974979e-06   2.0000000000e-02 
  1.2157655126e+21   1.9325399057e+18   3.5838304172e+61   2.2245872600e-24   5.1871390090e-14   5.8743936915e-06   2.0000000000e-02 
  1.2176980525e+21   1.9325399057e+18   3.5952420193e+61   2.2245872600e-24   5.1871390090e-14   5.7350905811e-06   2.0000000000e-02 
  1.2196305924e+21   1.9325399057e+18   3.6066717609e+61   2.2245872600e-24   5.1871390090e-14   5.6759745239e-06   2.0000000000e-02 
  1.2215631323e+21   1.9325399057e+18   3.6181196420e+61   2.2245872600e-24   5.1871390090e-14   5.6873653375e-06   2.0000000000e-02 
  1.2234956722e+21   1.9325399057e+18   3.6295856626e+61   2.2245872600e-24   5.1871390090e-14   5.7477666564e-06   2.0000000000e-02 
  1.2254282121e+21   1.9325399057e+18   3.6410698227e+61   2.2245872600e-24   5.1871390090e-14   5.7525523569e-06   2.0000000000e-02 
  1.2273607520e+21   1.9325399057e+18   3.6525721223e+61   2.2245872600e-24   5.1871390090e-14   5.6562615775e-06   2.0000000000e-02 
  1.2292932919e+21   1.9325399057e+18   3.6640925614e+61   2.2245872600e-24   5.1871390090e-14   5.4845023031e-06   2.0000000000e-02 
  1.2312258318e+21   1.9325399057e+18   3.6756311400e+61   2.2245872600e-24   5.1871390090e-14   5.3083176644e-06   2.0000000000e-02 
  1.2331583717e+21   1.9325399057e+18   3.6871878581e+61   2.2245872600e-24   5.1871390090e-14   5.0660815471e-06   2.0000000000e-02 
  1.2350909116e+21   1.9325399057e+18   3.6987627157e+61   2.2245872600e-24   5.1871390090e-14   4.7294279306e-06   2.0000000000e-02 
  1.2370234515e+21   1.9325399057e+18   3.7103557128e+61   2.2245872600e-24   5.1871390090e-14   4.4794389703e-06   2.0000000000e-02 
  1.2389559914e+21   1.9325399057e+18   3.7219668494e+61   2.2245872600e-24   5.1871390090e-14   4.3082697971e-06   2.0000000000e-02 
  1.2408885313e+21   1.9325399057e+18   3.7335961255e+61   2.2245872600e-24   5.1871390090e-14   4.2393843435e-06   2.0000000000e-02 
  1.2428210712e+21   1.9325399057e+18   3.7452435411e+61   2.2245872600e-24   5.1871390090e-14   4.2356715817e-06   2.0000000000e-02 
  1.2447536112e+21   1.9325399057e+18   3.7569090962e+61   2.2245872600e-24   5.1871390090e-14   4.1679303034e-06   2.0000000000e-02 
  1.2466861511e+21   1.9325399057e+18   3.7685927907e+61   2.2245872600e-24   5.1871390090e-14   4.0852714657e-06   2.0000000000e-02 
  1.2486186910e+21   1.9325399057e+18   3.7802946248e+61   2.2245872600e-24   5.1871390090e-14   4.0752616134e-06   2.0000000000e-02 
  1.2505512309e+21   1.9325399057e+18   3.7920145984e+61   2.2245872600e-24   5.1871390090e-14   4.1024106418e-06   2.0000000000e-02 
  1.2524837708e+21   1.9325399057e+18   3.8037527115e+61   2.2245872600e-24   5.1871390090e-14   4.3443654747e-06   2.0000000000e-02 
  1.2544163107e+21   1.9325399057e+18   3.8155089640e+61   2.2245872600e-24   5.1871390090e-14   4.7644103563e-06   2.0000000000e-02 
  1.2563488506e+21   1.9325399057e+18   3.8272833561e+61   2.2245872600e-24   5.1871390090e-14   5.1593676893e-06   2.0000000000e-02 
  1.2582813905e+21   1.9325399057e+18   3.8390758877e+61   2.2245872600e-24   5.1871390090e-14   5.4175736940e-06   2.0000000000e-02 
  1.2602139304e+21   1.9325399057e+18   3.8508865588e+61   2.2245872600e-24   5.1871390090e-14   5.4075833863e-06   2.0000000000e-02 
  1.2621464703e+21   1.9325399057e+18   3.8627153693e+61   2.2245872600e-24   5.1871390090e-14   5.1472066516e-06   2.0000000000e-02 
  1.2640790102e+21   1.9325399057e+18   3.8745623194e+61   2.2245872600e-24   5.1871390090e-14   4.7617401142e-06   2.0000000000e-02 
  1.2660115501e+21   1.9325399057e+18   3.8864274090e+61   2.2245872600e-24   5.1871390090e-14   4.5212974263e-06   2.0000000000e-02 
  1.2679440900e+21   1.9325399057e+18   3.8983106380e+61   2.2245872600e-24   5.1871390090e-14   4.5003488871e-06   2.0000000000e-02 
  1.2698766299e+21   1.9325399057e+18   3.9102120066e+61   2.2245872600e-24   5.1871390090e-14   4.5666679298e-06   2.0000000000e-02 
  1.2718091698e+21   1.9325399057e+18   3.9221315146e+61   2.2245872600e-24   5.1871390090e-14   4.4088069934e-06   2.0000000000e-02 
  1.2737417097e+21   1.9325399057e+18   3.9340691622e+61   2.2245872600e-24   5.1871390090e-14   3.8670804384e-06   2.0000000000e-02 
  1.2756742496e+21   1.9325399057e+18   3.9460249492e+61   2.2245872600e-24   5.1871390089e-14   3.0427506641e-06   2.0000000000e-02 
  1.2776067896e+21   1.9325399057e+18   3.9579988758e+61   2.2245872600e-24   5.1871390089e-14   1.5108145022e-06   2.0000000000e-02 
  1.2795393295e+21   1.9325399057e+18   3.9699909419e+61   2.2245872600e-24   5.1871390088e-14  -7.3214162091e-07   2.0000000000e-02 
  1.2814718694e+21   1.9325399057e+18   3.9820011474e+61   2.2245872600e-24   5.1871390089e-14  -1.7927579301e-06   2.0000000000e-02 
  1.2834044093e+21   1.9325399057e+18   3.9940294925e+61   2.2245872600e-24   5.1871390088e-14  -2.0194645230e-06   2.0000000000e-02 
  1.2853369492e+21   1.9325399057e+18   4.0060759770e+61   2.2245872600e-24   5.1871390088e-14  -2.1409198396e-06   2.0000000000e-02 
  1.2872694891e+21   1.9325399057e+18   4.0181406010e+61   2.2245872600e-24   5.1871390088e-14  -2.3668235018e-06   2.0000000000e-02 
  1.2892020290e+21   1.9325399057e+18   4.0302233646e+61   2.2245872600e-24   5.1871390088e-14  -2.5198447559e-06   2.0000000000e-02 
  1.2911345689e+21   1.9325399057e+18   4.0423242676e+61   2.2245872600e-24   5.1871390088e-14  -2.5852869522e-06   2.0000000000e-02 
  1.2930671088e+21   1.9325399057e+18   4.0544433102e+61   2.2245872600e-24   5.1871390088e-14  -2.6548601510e-06   2.0000000000e-02 
  1.2949996487e+21   1.9325399057e+18   4.0665804922e+61   2.2245872600e-24   5.1871390088e-14  -2.3823190779e-06   2.0000000000e-02 
  1.2969321886e+21   1.9325399057e+18   4.0787358138e+61   2.2245872600e-24   5.1871390088e-14  -1.9616139871e-06   2.0000000000e-02 
  1.2988647285e+21   1.9325399057e+18   4.0909092748e+61   2.2245872600e-24   5.1871390089e-14  -1.2846573494e-06   2.0000000000e-02 
  1.3007972684e+21   1.9325399057e+18   4.1031008753e+61   2.2245872600e-24   5.1871390089e-14  -3.2927832891e-07   2.0000000000e-02 
  1.3027298083e+21   1.9325399057e+18   4.1153106154e+61   2.2245872600e-24   5.1871390089e-14  -5.9558866428e-08   2.0000000000e-02 
  1.3046623482e+21   1.9325399057e+18   4.1275384949e+61   2.2245872600e-24   5.1871390089e-14  -5.2553906380e-08   2.0000000000e-02 
  1.3065948881e+21   1.9325399057e+18   4.1397845139e+61   2.2245872600e-24   5.1871390089e-14  -8.4167936359e-08   2.0000000000e-02 
  1.3085274280e+21   1.9325399057e+18   4.1520486724e+61   2.2245872600e-24   5.1871390089e-14  -9.4050790408e-08   2.0000000000e-02 
  1.3104599679e+21   1.9325399057e+18   4.1643309705e+61   2.2245872600e-24   5.1871390089e-14  -4.3630846104e-08   2.0000000000e-02 
  1.3123925079e+21   1.9325399057e+18   4.1766314080e+61   2.2245872600e-24   5.1871390089e-14   2.7110075438e-08   2.0000000000e-02 
  1.3143250478e+21   1.9325399057e+18   4.1889499850e+61   2.2245872600e-24   5.1871390089e-14   7.9152611866e-08   2.0000000000e-02 
  1.3162575877e+21   1.9325399057e+18   4.2012867015e+61   2.2245872600e-24   5.1871390089e-14   1.1303887586e-07   2.0000000000e-02 
  1.3181901276e+21   1.9325399057e+18   4.2136415576e+61   2.2245872600e-24   5.1871390089e-14   1.1205558245e-07   2.0000000000e-02 
  1.3201226675e+21   1.9325399057e+18   4.2260145531e+61   2.2245872600e-24   5.1871390089e-14   1.0175977412e-07   2.0000000000e-02 
  1.3220552074e+21   1.9325399057e+18   4.2384056881e+61   2.2245872600e-24   5.1871390089e-14   8.7525424391e-08   2.0000000000e-02 
  1.3239877473e+21   1.9325399057e+18   4.2508149626e+61   2.2245872600e-24   5.1871390089e-14   8.6586180065e-08   2.0000000000e-02 
  1.3259202872e+21   1.9325399057e+18   4.2632423766e+61   2.2245872600e-24   5.1871390089e-14   1.2466056383e-07   2.0000000000e-02 
  1.3278528271e+21   1.9325399057e+18   4.2756879301e+61   2.2245872600e-24   5.1871390089e-14   1.9949161366e-07   2.0000000000e-02 
  1.3297853670e+21   1.9325399057e+18   4.2881516231e+61   2.2245872600e-24   5.1871390089e-14   3.7859761806e-07   2.0000000000e-02 
  1.3317179069e+21   1.9325399057e+18   4.3006334556e+61   2.2245872600e-24   5.1871390089e-14   5.5300431569e-07   2.0000000000e-02 
  1.3336504468e+21   1.9325399057e+18   4.3131334276e+61   2.2245872600e-24   5.1871390089e-14   5.3285208483e-07   2.0000000000e-02 
  1.3355829867e+21   1.9325399057e+18   4.3256515391e+61   2.2245872600e-24   5.1871390089e-14   3.3180917470e-07   2.0000000000e-02 
  1.3375155266e+21   1.9325399057e+18   4.3381877901e+61   2.2245872600e-24   5.1871390089e-14   1.2293070450e-07   2.0000000000e-02 
  1.3394480665e+21   1.9325399057e+18   4.3507421806e+61   2.2245872600e-24   5.1871390089e-14   2.1689998038e-08   2.0000000000e-02 
  1.3413806064e+21   1.9325399057e+18   4.3633147106e+61   2.2245872600e-24   5.1871390089e-14  -2.6867357102e-08   2.0000000000e-02 
  1.3433131463e+21   1.9325399057e+18   4.3759053801e+61   2.2245872600e-24   5.1871390089e-14   1.3137449053e-08   2.0000000000e-02 
  1.3452456863e+21   1.9325399057e+18   4.3885141891e+61   2.2245872600e-24   5.1871390089e-14   1.6607742944e-07   2.0000000000e-02 
  1.3471782262e+21   1.9325399057e+18   4.4011411376e+61   2.2245872600e-24   5.1871390089e-14   4.8726732147e-07   2.0000000000e-02 
  1.3491107661e+21   1.9325399057e+18   4.4137862256e+61   2.2245872600e-24   5.1871390089e-14   8.1394958294e-07   2.0000000000e-02 
  1.3510433060e+21   1.9325399057e+18   4.4264494531e+61   2.2245872600e-24   5.1871390089e-14   9.1123341368e-07   2.0000000000e-02 
  1.3529758459e+21   1.9325399057e+18   4.4391308201e+61   2.2245872600e-24   5.1871390089e-14   7.4445861118e-07   2.0000000000e-02 
  1.3549083858e+21   1.9325399057e+18   4.4518303266e+61   2.2245872600e-24   5.1871390089e-14   5.6291951901e-07   2.0000000000e-02 
  1.3568409257e+21   1.9325399057e+18   4.4645479726e+61   2.2245872600e-24   5.1871390089e-14   5.8410981483e-07   2.0000000000e-02 
  1.3587734656e+21   1.9325399057e+18   4.4772837581e+61   2.2245872600e-24   5.1871390089e-14   6.8206267353e-07   2.0000000000e-02 
  1.3607060055e+21   1.9325399057e+18   4.4900376830e+61   2.2245872600e-24   5.1871390089e-14   6.9071661269e-07   2.0000000000e-02 
  1.3626385454e+21   1.9325399057e+18   4.5028097475e+61   2.2245872600e-24   5.1871390089e-14   4.9802885990e-07   2.0000000000e-02 
  1.3645710853e+21   1.9325399057e+18   4.5155999515e+61   2.2245872600e-24   5.1871390089e-14   1.7396860470e-07   2.0000000000e-02 
  1.3665036252e+21   1.9325399057e+18   4.5284082950e+61   2.2245872600e-24   5.1871390089e-14  -6.7499618944e-08   2.0000000000e-02 
  1.3684361651e+21   1.9325399057e+18   4.5412347779e+61   2.2245872600e-24   5.1871390089e-14  -1.5455920414e-07   2.0000000000e-02 
  1.3703687050e+21   1.9325399057e+18   4.5540794004e+61   2.2245872600e-24   5.1871390089e-14  -1.8831990757e-07   2.0000000000e-02 
  1.3723012449e+21   1.9325399057e+18   4.5669421624e+61   2.2245872600e-24   5.1871390089e-14  -2.1292844478e-07   2.0000000000e-02 
  1.3742337848e+21   1.9325399057e+18   4.5798230639e+61   2.2245872600e-24   5.1871390089e-14  -2.2846112803e-07   2.0000000000e-02 
  1.3761663247e+21   1.9325399057e+18   4.5927221048e+61   2.2245872600e-24   5.1871390089e-14  -2.0339240227e-07   2.0000000000e-02 
  1.3780988646e+21   1.9325399057e+18   4.6056392853e+61   2.2245872600e-24   5.1871390089e-14  -1.3216817081e-07   2.0000000000e-02 
  1.3800314046e+21   1.9325399057e+18   4.6185746053e+61   2.2245872600e-24   5.1871390089e-14  -7.8170816163e-08   2.0000000000e-02 
  1.3819639445e+21   1.9325399057e+18   4.6315280647e+61   2.2245872600e-24   5.1871390089e-14  -2.6805991839e-08   2.0000000000e-02 
  1.3838964844e+21   1.9325399057e+18   4.6444996637e+61   2.2245872600e-24   5.1871390089e-14   1.2516168430e-08   2.0000000000e-02 
  1.3858290243e+21   1.9325399057e+18   4.6574894021e+61   2.2245872600e-24   5.1871390089e-14   4.7547677233e-08   2.0000000000e-02 
  1.3877615642e+21   1.9325399057e+18   4.6704972801e+61   2.2245872600e-24   5.1871390089e-14   1.5299745375e-07   2.0000000000e-02 
  1.3896941041e+21   1.9325399057e+18   4.6835232976e+61   2.2245872600e-24   5.1871390089e-14   4.6323638044e-07   2.0000000000e-02 
  1.3916266440e+21   1.9325399057e+18   4.6965674545e+61   2.2245872600e-24   5.1871390089e-14   7.5094976926e-07   2.0000000000e-02 
  1.3935591839e+21   1.9325399057e+18   4.7096297510e+61   2.2245872600e-24   5.1871390089e-14   8.3632285443e-07   2.0000000000e-02 
  1.3954917238e+21   1.9325399057e+18   4.7227101869e+61   2.2245872600e-24   5.1871390089e-14   8.7941790919e-07   2.0000000000e-02 
  1.3974242637e+21   1.9325399057e+18   4.7358087624e+61   2.2245872600e-24   5.1871390089e-14   8.6050701542e-07   2.0000000000e-02 
  1.3993568036e+21   1.9325399057e+18   4.7489254773e+61   2.2245872600e-24   5.1871390089e-14   7.2588802981e-07   2.0000000000e-02 
  1.4012893435e+21   1.9325399057e+18   4.7620603318e+61   2.2245872600e-24   5.1871390089e-14   5.6956547516e-07   2.0000000000e-02 
  1.4032218834e+21   1.9325399057e+18   4.7752133257e+61   2.2245872600e-24   5.1871390088e-14   4.6819552923e-07   2.0000000000e-02 
  1.4051544233e+21   1.9325399057e+18   4.7883844591e+61   2.2245872600e-24   5.1871390089e-14   5.6911174606e-07   2.0000000000e-02 
  1.4070869632e+21   1.9325399057e+18   4.8015737321e+61   2.2245872600e-24   5.1871390089e-14   7.6242753965e-07   2.0000000000e-02 
  1.4090195031e+21   1.9325399057e+18   4.8147811445e+61   2.2245872600e-24   5.1871390089e-14   8.2406908005e-07   2.0000000000e-02 
  1.4109520430e+21   1.9325399057e+18   4.8280066965e+61   2.2245872600e-24   5.1871390089e-14   8.4532657250e-07   2.0000000000e-02 
  1.4128845830e+21   1.9325399057e+18   4.8412503879e+61   2.2245872600e-24   5.1871390089e-14   8.3048535664e-07   2.0000000000e-02 
  1.4148171229e+21   1.9325399057e+18   4.8545122188e+61   2.2245872600e-24   5.1871390089e-14   8.1116001127e-07   2.0000000000e-02 
  1.4167496628e+21   1.9325399057e+18   4.8677921893e+61   2.2245872600e-24   5.1871390088e-14   7.1708777931e-07   2.0000000000e-02 
  1.4186822027e+21   1.9325399057e+18   4.8810902992e+61   2.2245872600e-24   5.1871390088e-14   3.6785126085e-07   2.0000000000e-02 
  1.4206147426e+21   1.9325399057e+18   4.8944065486e+61   2.2245872600e-24   5.1871390088e-14   2.2872880632e-08   2.0000000000e-02 
  1.4225472825e+21   1.9325399057e+18   4.9077409376e+61   2.2245872600e-24   5.1871390088e-14  -1.1584909524e-07   2.0000000000e-02 
  1.4244798224e+21   1.9325399057e+18   4.9210934660e+61   2.2245872600e-24   5.1871390088e-14  -1.3291819892e-07   2.0000000000e-02 
  1.4264123623e+21   1.9325399057e+18   4.9344641339e+61   2.2245872600e-24   5.1871390088e-14  -1.1322010072e-07   2.0000000000e-02 
  1.4283449022e+21   1.9325399057e+18   4.9478529413e+61   2.2245872600e-24   5.1871390088e-14  -6.5307772044e-08   2.0000000000e-02 
  1.4302774421e+21   1.9325399057e+18   4.9612598883e+61   2.2245872600e-24   5.1871390088e-14  -2.0111554389e-08   2.0000000000e-02 
  1.4322099820e+21   1.9325399057e+18   4.9746849747e+61   2.2245872600e-24   5.1871390088e-14  -1.6211307984e-08   2.0000000000e-02 
  1.4341425219e+21   1.9325399057e+18   4.9881282006e+61   2.2245872600e-24   5.1871390088e-14  -5.6215313924e-08   2.0000000000e-02 
  1.4360750618e+21   1.9325399057e+18   5.0015895660e+61   2.2245872600e-24   5.1871390088e-14  -1.1396315158e-07   2.0000000000e-02 
  1.4380076017e+21   1.9325399057e+18   5.0150690709e+61   2.2245872600e-24   5.1871390088e-14  -1.5986884074e-07   2.0000000000e-02 
  1.4399401416e+21   1.9325399057e+18   5.0285667153e+61   2.2245872600e-24   5.1871390088e-14  -1.9170033459e-07   2.0000000000e-02 
  1.4418726815e+21   1.9325399057e+18   5.0420824992e+61   2.2245872600e-24   5.1871390088e-14  -2.1944439675e-07   2.0000000000e-02 
  1.4438052214e+21   1.9325399057e+18   5.0556164226e+61   2.2245872600e-24   5.1871390088e-14  -2.4104832873e-07   2.0000000000e-02 
  1.4457377613e+21   1.9325399057e+18   5.0691684856e+61   2.2245872600e-24   5.1871390088e-14  -2.4473226994e-07   2.0000000000e-02 
  1.4476703013e+21   1.9325399057e+18   5.0827386880e+61   2.2245872600e-24   5.1871390088e-14  -2.3378717864e-07   2.0000000000e-02 
  1.4496028412e+21   1.9325399057e+18   5.0963270299e+61   2.2245872600e-24   5.1871390088e-14  -2.2680328756e-07   2.0000000000e-02 
  1.4515353811e+21   1.9325399057e+18   5.1099335113e+61   2.2245872600e-24   5.1871390088e-14  -2.1507051423e-07   2.0000000000e-02 
  1.4534679210e+21   1.9325399057e+18   5.1235581322e+61   2.2245872600e-24   5.1871390088e-14  -1.8233084357e-07   2.0000000000e-02 
  1.4554004609e+21   1.9325399057e+18   5.1372008926e+61   2.2245872600e-24   5.1871390088e-14  -1.3643928906e-07   2.0000000000e-02 
  1.4573330008e+21   1.9325399057e+18   5.1508617925e+61   2.2245872600e-24   5.1871390088e-14  -7.4403020703e-08   2.0000000000e-02 
  1.4592655407e+21   1.9325399057e+18   5.1645408319e+61   2.2245872600e-24   5.1871390088e-14  -4.9708835291e-09   2.0000000000e-02 
  1.4611980806e+21   1.9325399057e+18   5.1782380108e+61   2.2245872600e-24   5.1871390088e-14   7.2181375404e-08   2.0000000000e-02 
  1.4631306205e+21   1.9325399057e+18   5.1919533291e+61   2.2245872600e-24   5.1871390088e-14   1.0936665893e-07   2.0000000000e-02 
  1.4650631604e+21   1.9325399057e+18   5.2056867870e+61   2.2245872600e-24   5.1871390088e-14   9.0078122022e-08   2.0000000000e-02 
  1.4669957003e+21   1.9325399057e+18   5.2194383844e+61   2.2245872600e-24   5.1871390088e-14   1.2361312264e-07   2.0000000000e-02 
  1.4689282402e+21   1.9325399057e+18   5.2332081213e+61   2.2245872600e-24   5.1871390088e-14   3.7702929989e-07   2.0000000000e-02 
  1.4708607801e+21   1.9325399057e+18   5.2469959977e+61   2.2245872600e-24   5.1871390088e-14   1.0682372173e-06   2.0000000000e-02 
  1.4727933200e+21   1.9325399057e+18   5.2608020136e+61   2.2245872600e-24   5.1871390088e-14   1.5210894428e-06   2.0000000000e-02 
  1.4747258599e+21   1.9325399057e+18   5.2746261690e+61   2.2245872600e-24   5.1871390088e-14   1.8301698956e-06   2.0000000000e-02 
  1.4766583998e+21   1.9325399057e+18   5.2884684638e+61   2.2245872600e-24   5.1871390088e-14   2.0512209776e-06   2.0000000000e-02 
  1.4785909397e+21   1.9325399057e+18   5.3023288982e+61   2.2245872600e-24   5.1871390088e-14   2.0284972164e-06   2.0000000000e-02 
  1.4805234797e+21   1.9325399057e+18   5.3162074721e+61   2.2245872600e-24   5.1871390088e-14   1.9958272161e-06   2.0000000000e-02 
  1.4824560196e+21   1.9325399057e+18   5.3301041855e+61   2.2245872600e-24   5.1871390088e-14   2.1042201515e-06   2.0000000000e-02 
  1.4843885595e+21   1.9325399057e+18   5.3440190383e+61   2.2245872600e-24   5.1871390088e-14   2.2941836635e-06   2.0000000000e-02 
  1.4863210994e+21   1.9325399057e+18   5.3579520307e+61   2.2245872600e-24   5.1871390088e-14   2.3714367212e-06   2.0000000000e-02 
  1.4882536393e+21   1.9325399057e+18   5.3719031626e+61   2.2245872600e-24   5.1871390088e-14   2.2607313620e-06   2.0000000000e-02 
  1.4901861792e+21   1.9325399057e+18   5.3858724340e+61   2.2245872600e-24   5.1871390088e-14   1.9782584673e-06   2.0000000000e-02 
  1.4921187191e+21   1.9325399057e+18   5.3998598448e+61   2.2245872600e-24   5.1871390088e-14   1.5685256642e-06   2.0000000000e-02 
  1.4940512590e+21   1.9325399057e+18   5.4138653952e+61   2.2245872600e-24   5.1871390088e-14   1.2417368120e-06   2.0000000000e-02 
  1.4959837989e+21   1.9325399057e+18   5.4278890850e+61   2.2245872600e-24   5.1871390088e-14   5.1014076104e-07   2.0000000000e-02 
  1.4979163388e+21   1.9325399057e+18   5.4419309144e+61   2.2245872600e-24   5.1871390089e-14  -1.4649432980e-06   2.0000000000e-02 
  1.4998488787e+21   1.9325399057e+18   5.4559908833e+61   2.2245872600e-24   5.1871390089e-14  -3.4055000369e-06   2.0000000000e-02 
  1.5017814186e+21   1.9325399057e+18   5.4700689916e+61   2.2245872600e-24   5.1871390090e-14  -4.3822945500e-06   2.0000000000e-02 
  1.5037139585e+21   1.9325399057e+18   5.4841652395e+61   2.2245872600e-24   5.1871390090e-14  -5.0343188843e-06   2.0000000000e-02 
  1.5056464984e+21   1.9325399057e+18   5.4982796268e+61   2.2245872600e-24   5.1871390090e-14  -5.5182302721e-06   2.0000000000e-02 
  1.5075790383e+21   1.9325399057e+18   5.5124121537e+61   2.2245872600e-24   5.1871390090e-14  -5.6820460498e-06   2.0000000000e-02 
  1.5095115782e+21   1.9325399057e+18   5.5265628200e+61   2.2245872600e-24   5.1871390090e-14  -5.6617820827e-06   2.0000000000e-02 
  1.5114441181e+21   1.9325399057e+18   5.5407316259e+61   2.2245872600e-24   5.1871390090e-14  -5.7173089930e-06   2.0000000000e-02 
  1.5133766580e+21   1.9325399057e+18   5.5549185712e+61   2.2245872600e-24   5.1871390090e-14  -5.7996771319e-06   2.0000000000e-02 
  1.5153091980e+21   1.9325399057e+18   5.5691236561e+61   2.2245872600e-24   5.1871390090e-14  -5.8919017482e-06   2.0000000000e-02 
  1.5172417379e+21   1.9325399057e+18   5.5833468804e+61   2.2245872600e-24   5.1871390090e-14  -6.0953088491e-06   2.0000000000e-02 
  1.5191742778e+21   1.9325399057e+18   5.5975882443e+61   2.2245872600e-24   5.1871390090e-14  -6.3995524762e-06   2.0000000000e-02 
  1.5211068177e+21   1.9325399057e+18   5.6118477476e+61   2.2245872600e-24   5.1871390090e-14  -6.6689920177e-06   2.0000000000e-02 
  1.5230393576e+21   1.9325399057e+18   5.6261253905e+61   2.2245872600e-24   5.1871390090e-14  -6.8069084086e-06   2.0000000000e-02 
  1.5249718975e+21   1.9325399057e+18   5.6404211728e+61   2.2245872600e-24   5.1871390090e-14  -6.6677142450e-06   2.0000000000e-02 
  1.5269044374e+21   1.9325399057e+18   5.6547350946e+61   2.2245872600e-24   5.1871390090e-14  -6.3734824057e-06   2.0000000000e-02 
  1.5288369773e+21   1.9325399057e+18   5.6690671560e+61   2.2245872600e-24   5.1871390091e-14  -6.1777922433e-06   2.0000000000e-02 
  1.5307695172e+21   1.9325399057e+18   5.6834173568e+61   2.2245872600e-24   5.1871390090e-14  -6.1213809211e-06   2.0000000000e-02 
  1.5327020571e+21   1.9325399057e+18   5.6977856971e+61   2.2245872600e-24   5.1871390090e-14  -6.2300879527e-06   2.0000000000e-02 
  1.5346345970e+21   1.9325399057e+18   5.7121721770e+61   2.2245872600e-24   5.1871390090e-14  -6.3998183772e-06   2.0000000000e-02 
  1.5365671369e+21   1.9325399057e+18   5.7265767963e+61   2.2245872600e-24   5.1871390090e-14  -6.6900384913e-06   2.0000000000e-02 
  1.5384996768e+21   1.9325399057e+18   5.7409995551e+61   2.2245872600e-24   5.1871390090e-14  -6.7778229036e-06   2.0000000000e-02 
  1.5404322167e+21   1.9325399057e+18   5.7554404534e+61   2.2245872600e-24   5.1871390090e-14  -6.6995817145e-06   2.0000000000e-02 
  1.5423647566e+21   1.9325399057e+18   5.7698994913e+61   2.2245872600e-24   5.1871390090e-14  -6.5830216621e-06   2.0000000000e-02 
  1.5442972965e+21   1.9325399057e+18   5.7843766686e+61   2.2245872600e-24   5.1871390090e-14  -6.4357212402e-06   2.0000000000e-02 
  1.5462298364e+21   1.9325399057e+18   5.7988719854e+61   2.2245872600e-24   5.1871390090e-14  -6.2877551525e-06   2.0000000000e-02 
  1.5481623764e+21   1.9325399057e+18   5.8133854417e+61   2.2245872600e-24   5.1871390090e-14  -6.2523386865e-06   2.0000000000e-02 
  1.5500949163e+21   1.9325399057e+18   5.8279170375e+61   2.2245872600e-24   5.1871390090e-14  -6.4027035970e-06   2.0000000000e-02 
  1.5520274562e+21   1.9325399057e+18   5.8424667728e+61   2.2245872600e-24   5.1871390090e-14  -6.5543359736e-06   2.0000000000e-02 
  1.5539599961e+21   1.9325399057e+18   5.8570346477e+61   2.2245872600e-24   5.1871390090e-14  -6.5842696033e-06   2.0000000000e-02 
  1.5558925360e+21   1.9325399057e+18   5.8716206620e+61   2.2245872600e-24   5.1871390091e-14  -6.4195045532e-06   2.0000000000e-02 
  1.5578250759e+21   1.9325399057e+18   5.8862248158e+61   2.2245872600e-24   5.1871390091e-14  -6.1347095002e-06   2.0000000000e-02 
  1.5597576158e+21   1.9325399057e+18   5.9008471091e+61   2.2245872600e-24   5.1871390091e-14  -5.8554764123e-06   2.0000000000e-02 
  1.5616901557e+21   1.9325399057e+18   5.9154875419e+61   2.2245872600e-24   5.1871390091e-14  -5.7092147264e-06   2.0000000000e-02 
  1.5636226956e+21   1.9325399057e+18   5.9301461142e+61   2.2245872600e-24   5.1871390091e-14  -5.6679166825e-06   2.0000000000e-02 
  1.5655552355e+21   1.9325399057e+18   5.9448228260e+61   2.2245872600e-24   5.1871390091e-14  -5.5629574136e-06   2.0000000000e-02 
  1.5674877754e+21   1.9325399057e+18   5.9595176773e+61   2.2245872600e-24   5.1871390091e-14  -5.3505018814e-06   2.0000000000e-02 
  1.5694203153e+21   1.9325399057e+18   5.9742306681e+61   2.2245872600e-24   5.1871390091e-14  -5.1258881051e-06   2.0000000000e-02 
  1.5713528552e+21   1.9325399057e+18   5.9889617984e+61   2.2245872600e-24   5.1871390091e-14  -4.9414539597e-06   2.0000000000e-02 
  1.5732853951e+21   1.9325399057e+18   6.0037110682e+61   2.2245872600e-24   5.1871390091e-14  -4.4730713760e-06   2.0000000000e-02 
  1.5752179350e+21   1.9325399057e+18   6.0184784775e+61   2.2245872600e-24   5.1871390091e-14  -3.8737898843e-06   2.0000000000e-02 
  1.5771504749e+21   1.9325399057e+18   6.0332640263e+61   2.2245872600e-24   5.1871390092e-14  -2.6484212222e-06   2.0000000000e-02 
  1.5790830148e+21   1.9325399057e+18   6.0480677146e+61   2.2245872600e-24   5.1871390092e-14  -5.0835229538e-07   2.0000000000e-02 
  1.5810155547e+21   1.9325399057e+18   6.0628895424e+61   2.2245872600e-24   5.1871390092e-14   9.0809561518e-07   2.0000000000e-02 
  1.5829480947e+21   1.9325399057e+18   6.0777295096e+61   2.2245872600e-24   5.1871390092e-14   1.3495981499e-06   2.0000000000e-02 
  1.5848806346e+21   1.9325399057e+18   6.0925876164e+61   2.2245872600e-24   5.1871390093e-14   1.5714368668e-06   2.0000000000e-02 
  1.5868131745e+21   1.9325399057e+18   6.1074638627e+61   2.2245872600e-24   5.1871390093e-14   2.0071790563e-06   2.0000000000e-02 
  1.5887457144e+21   1.9325399057e+18   6.1223582485e+61   2.2245872600e-24   5.1871390093e-14   2.3367463896e-06   2.0000000000e-02 
  1.5906782543e+21   1.9325399057e+18   6.1372707738e+61   2.2245872600e-24   5.1871390093e-14   2.4581209480e-06   2.0000000000e-02 
  1.5926107942e+21   1.9325399057e+18   6.1522014386e+61   2.2245872600e-24   5.1871390093e-14   2.5087773426e-06   2.0000000000e-02 
  1.5945433341e+21   1.9325399057e+18   6.1671502428e+61   2.2245872600e-24   5.1871390093e-14   2.4172027000e-06   2.0000000000e-02 
  1.5964758740e+21   1.9325399057e+18   6.1821171866e+61   2.2245872600e-24   5.1871390093e-14   2.2680131879e-06   2.0000000000e-02 
  1.5984084139e+21   1.9325399057e+18   6.1971022699e+61   2.2245872600e-24   5.1871390093e-14   2.1786632682e-06   2.0000000000e-02 
  1.6003409538e+21   1.9325399057e+18   6.2121054927e+61   2.2245872600e-24   5.1871390093e-14   2.1178695501e-06   2.0000000000e-02 
  1.6022734937e+21   1.9325399057e+18   6.2271268549e+61   2.2245872600e-24   5.1871390092e-14   1.9874512153e-06   2.0000000000e-02 
  1.6042060336e+21   1.9325399057e+18   6.2421663567e+61   2.2245872600e-24   5.1871390092e-14   1.7152470062e-06   2.0000000000e-02 
  1.6061385735e+21   1.9325399057e+18   6.2572239980e+61   2.2245872600e-24   5.1871390092e-14   1.4330994259e-06   2.0000000000e-02 
  1.6080711134e+21   1.9325399057e+18   6.2722997787e+61   2.2245872600e-24   5.1871390092e-14   1.1613932418e-06   2.0000000000e-02 
  1.6100036533e+21   1.9325399057e+18   6.2873936990e+61   2.2245872600e-24   5.1871390092e-14   7.1004538214e-07   2.0000000000e-02 
  1.6119361932e+21   1.9325399057e+18   6.3025057587e+61   2.2245872600e-24   5.1871390092e-14   4.3783229290e-07   2.0000000000e-02 
  1.6138687331e+21   1.9325399057e+18   6.3176359580e+61   2.2245872600e-24   5.1871390092e-14   3.3268163710e-07   2.0000000000e-02 
  1.6158012731e+21   1.9325399057e+18   6.3327842968e+61   2.2245872600e-24   5.1871390092e-14   2.8427759532e-07   2.0000000000e-02 
  1.6177338130e+21   1.9325399057e+18   6.3479507750e+61   2.2245872600e-24   5.1871390092e-14   2.4870155471e-07   2.0000000000e-02 
  1.6196663529e+21   1.9325399057e+18   6.3631353928e+61   2.2245872600e-24   5.1871390092e-14   2.5537871090e-07   2.0000000000e-02 
  1.6215988928e+21   1.9325399057e+18   6.3783381500e+61   2.2245872600e-24   5.1871390092e-14   2.7365654034e-07   2.0000000000e-02 
  1.6235314327e+21   1.9325399057e+18   6.3935590468e+61   2.2245872600e-24   5.1871390092e-14   2.3913731243e-07   2.0000000000e-02 
  1.6254639726e+21   1.9325399057e+18   6.4087980830e+61   2.2245872600e-24   5.1871390092e-14   2.1141597505e-07   2.0000000000e-02 
  1.6273965125e+21   1.9325399057e+18   6.4240552588e+61   2.2245872600e-24   5.1871390092e-14   2.2924620679e-07   2.0000000000e-02 
  1.6293290524e+21   1.9325399057e+18   6.4393305740e+61   2.2245872600e-24   5.1871390092e-14   2.4993709868e-07   2.0000000000e-02 
  1.6312615923e+21   1.9325399057e+18   6.4546240288e+61   2.2245872600e-24   5.1871390092e-14   2.7856420414e-07   2.0000000000e-02 
  1.6331941322e+21   1.9325399057e+18   6.4699356230e+61   2.2245872600e-24   5.1871390092e-14   3.2459983837e-07   2.0000000000e-02 
  1.6351266721e+21   1.9325399057e+18   6.4852653568e+61   2.2245872600e-24   5.1871390092e-14   3.7437486629e-07   2.0000000000e-02 
  1.6370592120e+21   1.9325399057e+18   6.5006132300e+61   2.2245872600e-24   5.1871390092e-14   4.2577188194e-07   2.0000000000e-02 
  1.6389917519e+21   1.9325399057e+18   6.5159792427e+61   2.2245872600e-24   5.1871390092e-14   4.5577382643e-07   2.0000000000e-02 
  1.6409242918e+21   1.9325399057e+18   6.5313633950e+61   2.2245872600e-24   5.1871390092e-14   5.6103031919e-07   2.0000000000e-02 
  1.6428568317e+21   1.9325399057e+18   6.5467656867e+61   2.2245872600e-24   5.1871390092e-14   6.7463345047e-07   2.0000000000e-02 
  1.6447893716e+21   1.9325399057e+18   6.5621861179e+61   2.2245872600e-24   5.1871390092e-14   7.1824413256e-07   2.0000000000e-02 
  1.6467219115e+21   1.9325399057e+18   6.5776246887e+61   2.2245872600e-24   5.1871390092e-14   7.2250935818e-07   2.0000000000e-02 
  1.6486544514e+21   1.9325399057e+18   6.5930813989e+61   2.2245872600e-24   5.1871390092e-14   7.0364552718e-07   2.0000000000e-02 
  1.6505869914e+21   1.9325399057e+18   6.6085562486e+61   2.2245872600e-24   5.1871390092e-14   6.8440391838e-07   2.0000000000e-02 
  1.6525195313e+21   1.9325399057e+18   6.6240492379e+61   2.2245872600e-24   5.1871390092e-14   6.8643509357e-07   2.0000000000e-02 
  1.6544520712e+21   1.9325399057e+18   6.6395603666e+61   2.2245872600e-24   5.1871390092e-14   7.0847890469e-07   2.0000000000e-02 
  1.6563846111e+21   1.9325399057e+18   6.6550896348e+61   2.2245872600e-24   5.1871390092e-14   7.1430144819e-07   2.0000000000e-02 
  1.6583171510e+21   1.9325399057e+18   6.6706370425e+61   2.2245872600e-24   5.1871390092e-14   6.9834370265e-07   2.0000000000e-02 
  1.6602496909e+21   1.9325399057e+18   6.6862025897e+61   2.2245872600e-24   5.1871390092e-14   6.9621173878e-07   2.0000000000e-02 
  1.6621822308e+21   1.9325399057e+18   6.7017862765e+61   2.2245872600e-24   5.1871390092e-14   6.8488575752e-07   2.0000000000e-02 
  1.6641147707e+21   1.9325399057e+18   6.7173881027e+61   2.2245872600e-24   5.1871390092e-14   6.8602308676e-07   2.0000000000e-02 
  1.6660473106e+21   1.9325399057e+18   6.7330080684e+61   2.2245872600e-24   5.1871390092e-14   6.8505720924e-07   2.0000000000e-02 
  1.6679798505e+21   1.9325399057e+18   6.7486461736e+61   2.2245872600e-24   5.1871390092e-14   6.8316834240e-07   2.0000000000e-02 
  1.6699123904e+21   1.9325399057e+18   6.7643024183e+61   2.2245872600e-24   5.1871390092e-14   7.0111862311e-07   2.0000000000e-02 
  1.6718449303e+21   1.9325399057e+18   6.7799768025e+61   2.2245872600e-24   5.1871390092e-14   7.1890167205e-07   2.0000000000e-02 
  1.6737774702e+21   1.9325399057e+18   6.7956693262e+61   2.2245872600e-24   5.1871390092e-14   6.9677055050e-07   2.0000000000e-02 
  1.6757100101e+21   1.9325399057e+18   6.8113799894e+61   2.2245872600e-24   5.1871390092e-14   6.5073387097e-07   2.0000000000e-02 
  1.6776425500e+21   1.9325399057e+18   6.8271087921e+61   2.2245872600e-24   5.1871390092e-14   5.9326144418e-07   2.0000000000e-02 
  1.6795750899e+21   1.9325399057e+18   6.8428557343e+61   2.2245872600e-24   5.1871390092e-14   4.5850802418e-07   2.0000000000e-02 
  1.6815076298e+21   1.9325399057e+18   6.8586208160e+61   2.2245872600e-24   5.1871390092e-14   4.0416775401e-07   2.0000000000e-02 
  1.6834401697e+21   1.9325399057e+18   6.8744040372e+61   2.2245872600e-24   5.1871390092e-14   4.9362830932e-07   2.0000000000e-02 
  1.6853727097e+21   1.9325399057e+18   6.8902053979e+61   2.2245872600e-24   5.1871390092e-14   6.2180136882e-07   2.0000000000e-02 
  1.6873052496e+21   1.9325399057e+18   6.9060248981e+61   2.2245872600e-24   5.1871390092e-14   5.9407570493e-07   2.0000000000e-02 
  1.6892377895e+21   1.9325399057e+18   6.9218625378e+61   2.2245872600e-24   5.1871390092e-14   4.4074564949e-07   2.0000000000e-02 
  1.6911703294e+21   1.9325399057e+18   6.9377183170e+61   2.2245872600e-24   5.1871390092e-14  -1.3741965582e-07   2.0000000000e-02 
  1.6931028693e+21   1.9325399057e+18   6.9535922357e+61   2.2245872600e-24   5.1871390092e-14  -8.4526634324e-07   2.0000000000e-02 
  1.6950354092e+21   1.9325399057e+18   6.9694842939e+61   2.2245872600e-24   5.1871390092e-14  -1.2369565485e-06   2.0000000000e-02 
  1.6969679491e+21   1.9325399057e+18   6.9853944916e+61   2.2245872600e-24   5.1871390092e-14  -1.4120222443e-06   2.0000000000e-02 
  1.6989004890e+21   1.9325399057e+18   7.0013228288e+61   2.2245872600e-24   5.1871390092e-14  -1.3914265266e-06   2.0000000000e-02 
  1.7008330289e+21   1.9325399057e+18   7.0172693055e+61   2.2245872600e-24   5.1871390092e-14  -1.3906542832e-06   2.0000000000e-02 
  1.7027655688e+21   1.9325399057e+18   7.0332339216e+61   2.2245872600e-24   5.1871390092e-14  -1.4309070446e-06   2.0000000000e-02 
  1.7046981087e+21   1.9325399057e+18   7.0492166773e+61   2.2245872600e-24   5.1871390092e-14  -1.4326102746e-06   2.0000000000e-02 
  1.7066306486e+21   1.9325399057e+18   7.0652175725e+61   2.2245872600e-24   5.1871390092e-14  -1.3283370029e-06   2.0000000000e-02 
  1.7085631885e+21   1.9325399057e+18   7.0812366072e+61   2.2245872600e-24   5.1871390092e-14  -1.1589186458e-06   2.0000000000e-02 
  1.7104957284e+21   1.9325399057e+18   7.0972737814e+61   2.2245872600e-24   5.1871390092e-14  -1.0844297367e-06   2.0000000000e-02 
  1.7124282683e+21   1.9325399057e+18   7.1133290950e+61   2.2245872600e-24   5.1871390092e-14  -1.0226486727e-06   2.0000000000e-02 
  1.7143608082e+21   1.9325399057e+18   7.1294025482e+61   2.2245872600e-24   5.1871390092e-14  -6.6512216768e-07   2.0000000000e-02 
  1.7162933481e+21   1.9325399057e+18   7.1454941409e+61   2.2245872600e-24   5.1871390092e-14   7.4514238445e-07   2.0000000000e-02 
  1.7182258881e+21   1.9325399057e+18   7.1616038730e+61   2.2245872600e-24   5.1871390091e-14   2.6500959340e-06   2.0000000000e-02 
  1.7201584280e+21   1.9325399057e+18   7.1777317447e+61   2.2245872600e-24   5.1871390091e-14   3.6798542124e-06   2.0000000000e-02 
  1.7220909679e+21   1.9325399057e+18   7.1938777559e+61   2.2245872600e-24   5.1871390091e-14   4.3848518701e-06   2.0000000000e-02 
  1.7240235078e+21   1.9325399057e+18   7.2100419065e+61   2.2245872600e-24   5.1871390090e-14   5.0536083274e-06   2.0000000000e-02 
  1.7259560477e+21   1.9325399057e+18   7.2262241967e+61   2.2245872600e-24   5.1871390090e-14   5.5076170899e-06   2.0000000000e-02 
  1.7278885876e+21   1.9325399057e+18   7.2424246264e+61   2.2245872600e-24   5.1871390090e-14   5.8570232144e-06   2.0000000000e-02 
  1.7298211275e+21   1.9325399057e+18   7.2586431955e+61   2.2245872600e-24   5.1871390090e-14   5.9721852925e-06   2.0000000000e-02 
  1.7317536674e+21   1.9325399057e+18   7.2748799042e+61   2.2245872600e-24   5.1871390090e-14   5.8077641021e-06   2.0000000000e-02 
  1.7336862073e+21   1.9325399057e+18   7.2911347523e+61   2.2245872600e-24   5.1871390090e-14   5.5945837932e-06   2.0000000000e-02 
  1.7356187472e+21   1.9325399057e+18   7.3074077400e+61   2.2245872600e-24   5.1871390090e-14   5.4802371169e-06   2.0000000000e-02 
  1.7375512871e+21   1.9325399057e+18   7.3236988671e+61   2.2245872600e-24   5.1871390090e-14   5.4457228772e-06   2.0000000000e-02 
  1.7394838270e+21   1.9325399057e+18   7.3400081338e+61   2.2245872600e-24   5.1871390090e-14   5.4225943481e-06   2.0000000000e-02 
  1.7414163669e+21   1.9325399057e+18   7.3563355399e+61   2.2245872600e-24   5.1871390090e-14   5.3948928386e-06   2.0000000000e-02 
  1.7433489068e+21   1.9325399057e+18   7.3726810856e+61   2.2245872600e-24   5.1871390090e-14   5.3126619776e-06   2.0000000000e-02 
  1.7452814467e+21   1.9325399057e+18   7.3890447707e+61   2.2245872600e-24   5.1871390090e-14   5.1507889674e-06   2.0000000000e-02 
  1.7472139866e+21   1.9325399057e+18   7.4054265954e+61   2.2245872600e-24   5.1871390090e-14   4.9670612759e-06   2.0000000000e-02 
  1.7491465265e+21   1.9325399057e+18   7.4218265595e+61   2.2245872600e-24   5.1871390090e-14   4.6956928668e-06   2.0000000000e-02 
  1.7510790664e+21   1.9325399057e+18   7.4382446632e+61   2.2245872600e-24   5.1871390090e-14   4.3943489935e-06   2.0000000000e-02 
  1.7530116064e+21   1.9325399057e+18   7.4546809063e+61   2.2245872600e-24   5.1871390090e-14   4.1424778479e-06   2.0000000000e-02 
  1.7549441463e+21   1.9325399057e+18   7.4711352889e+61   2.2245872600e-24   5.1871390090e-14   4.0199629510e-06   2.0000000000e-02 
  1.7568766862e+21   1.9325399057e+18   7.4876078111e+61   2.2245872600e-24   5.1871390090e-14   4.0208845632e-06   2.0000000000e-02 
  1.7588092261e+21   1.9325399057e+18   7.5040984727e+61   2.2245872600e-24   5.1871390090e-14   4.1065716113e-06   2.0000000000e-02 
  1.7607417660e+21   1.9325399057e+18   7.5206072738e+61   2.2245872600e-24   5.1871390090e-14   4.0987685214e-06   2.0000000000e-02 
  1.7626743059e+21   1.9325399057e+18   7.5371342145e+61   2.2245872600e-24   5.1871390090e-14   4.0478380050e-06   2.0000000000e-02 
  1.7646068458e+21   1.9325399057e+18   7.5536792946e+61   2.2245872600e-24   5.1871390090e-14   4.0520756991e-06   2.0000000000e-02 
  1.7665393857e+21   1.9325399057e+18   7.5702425142e+61   2.2245872600e-24   5.1871390090e-14   4.0835137261e-06   2.0000000000e-02 
  1.7684719256e+21   1.9325399057e+18   7.5868238733e+61   2.2245872600e-24   5.1871390090e-14   4.2999298841e-06   2.0000000000e-02 
  1.7704044655e+21   1.9325399057e+18   7.6034233720e+61   2.2245872600e-24   5.1871390090e-14   4.6781526726e-06   2.0000000000e-02 
  1.7723370054e+21   1.9325399057e+18   7.6200410101e+61   2.2245872600e-24   5.1871390090e-14   5.0500339514e-06   2.0000000000e-02 
  1.7742695453e+21   1.9325399057e+18   7.6366767877e+61   2.2245872600e-24   5.1871390090e-14   5.2710240208e-06   2.0000000000e-02 
  1.7762020852e+21   1.9325399057e+18   7.6533307048e+61   2.2245872600e-24   5.1871390090e-14   5.2800705060e-06   2.0000000000e-02 
  1.7781346251e+21   1.9325399057e+18   7.6700027614e+61   2.2245872600e-24   5.1871390090e-14   5.0672859416e-06   2.0000000000e-02 
  1.7800671650e+21   1.9325399057e+18   7.6866929575e+61   2.2245872600e-24   5.1871390090e-14   4.7720277894e-06   2.0000000000e-02 
  1.7819997049e+21   1.9325399057e+18   7.7034012932e+61   2.2245872600e-24   5.1871390090e-14   4.6092201095e-06   2.0000000000e-02 
  1.7839322448e+21   1.9325399057e+18   7.7201277683e+61   2.2245872600e-24   5.1871390090e-14   4.5919051378e-06   2.0000000000e-02 
  1.7858647848e+21   1.9325399057e+18   7.7368723829e+61   2.2245872600e-24   5.1871390090e-14   4.6187437717e-06   2.0000000000e-02 
  1.7877973247e+21   1.9325399057e+18   7.7536351370e+61   2.2245872600e-24   5.1871390090e-14   4.4532718311e-06   2.0000000000e-02 
  1.7897298646e+21   1.9325399057e+18   7.7704160306e+61   2.2245872600e-24   5.1871390090e-14   3.8924235747e-06   2.0000000000e-02 
  1.7916624045e+21   1.9325399057e+18   7.7872150637e+61   2.2245872600e-24   5.1871390089e-14   2.9366428313e-06   2.0000000000e-02 
  1.7935949444e+21   1.9325399057e+18   7.8040322363e+61   2.2245872600e-24   5.1871390089e-14   1.5755284638e-06   2.0000000000e-02 
  1.7955274843e+21   1.9325399057e+18   7.8208675484e+61   2.2245872600e-24   5.1871390089e-14  -6.2067692927e-07   2.0000000000e-02 
  1.7974600242e+21   1.9325399057e+18   7.8377210000e+61   2.2245872600e-24   5.1871390088e-14  -1.6995643832e-06   2.0000000000e-02 
  1.7993925641e+21   1.9325399057e+18   7.8545925911e+61   2.2245872600e-24   5.1871390088e-14  -2.0009787343e-06   2.0000000000e-02 
  1.8013251040e+21   1.9325399057e+18   7.8714823217e+61   2.2245872600e-24   5.1871390088e-14  -2.0557391121e-06   2.0000000000e-02 
  1.8032576439e+21   1.9325399057e+18   7.8883901918e+61   2.2245872600e-24   5.1871390088e-14  -2.0876712138e-06   2.0000000000e-02 
  1.8051901838e+21   1.9325399057e+18   7.9053162014e+61   2.2245872600e-24   5.1871390088e-14  -2.2934139267e-06   2.0000000000e-02 
  1.8071227237e+21   1.9325399057e+18   7.9222603505e+61   2.2245872600e-24   5.1871390088e-14  -2.4893876869e-06   2.0000000000e-02 
  1.8090552636e+21   1.9325399057e+18   7.9392226391e+61   2.2245872600e-24   5.1871390088e-14  -2.6127735789e-06   2.0000000000e-02 
  1.8109878035e+21   1.9325399057e+18   7.9562030672e+61   2.2245872600e-24   5.1871390088e-14  -2.3899239301e-06   2.0000000000e-02 
  1.8129203434e+21   1.9325399057e+18   7.9732016347e+61   2.2245872600e-24   5.1871390088e-14  -2.0058488537e-06   2.0000000000e-02 
  1.8148528833e+21   1.9325399057e+18   7.9902183418e+61   2.2245872600e-24   5.1871390089e-14  -1.4563217089e-06   2.0000000000e-02 
  1.8167854232e+21   1.9325399057e+18   8.0072531884e+61   2.2245872600e-24   5.1871390089e-14  -5.2006994689e-07   2.0000000000e-02 
  1.8187179631e+21   1.9325399057e+18   8.0243061745e+61   2.2245872600e-24   5.1871390089e-14  -1.8634955820e-07   2.0000000000e-02 
  1.8206505031e+21   1.9325399057e+18   8.0413773001e+61   2.2245872600e-24   5.1871390089e-14  -1.2968457818e-07   2.0000000000e-02 
  1.8225830430e+21   1.9325399057e+18   8.0584665651e+61   2.2245872600e-24   5.1871390089e-14  -1.1286116181e-07   2.0000000000e-02 
  1.8245155829e+21   1.9325399057e+18   8.0755739697e+61   2.2245872600e-24   5.1871390089e-14  -1.1468616766e-07   2.0000000000e-02 
  1.8264481228e+21   1.9325399057e+18   8.0926995138e+61   2.2245872600e-24   5.1871390089e-14  -1.1742619928e-07   2.0000000000e-02 
  1.8283806627e+21   1.9325399057e+18   8.1098431974e+61   2.2245872600e-24   5.1871390089e-14  -9.6681658306e-08   2.0000000000e-02 
  1.8303132026e+21   1.9325399057e+18   8.1270050204e+61   2.2245872600e-24   5.1871390089e-14  -5.0262634265e-08   2.0000000000e-02 
  1.8322457425e+21   1.9325399057e+18   8.1441849830e+61   2.2245872600e-24   5.1871390089e-14   4.5839020460e-10   2.0000000000e-02 
  1.8341782824e+21   1.9325399057e+18   8.1613830851e+61   2.2245872600e-24   5.1871390089e-14   2.6867354346e-08   2.0000000000e-02 
  1.8361108223e+21   1.9325399057e+18   8.1785993266e+61   2.2245872600e-24   5.1871390089e-14   8.6282229438e-08   2.0000000000e-02 
  1.8380433622e+21   1.9325399057e+18   8.1958337077e+61   2.2245872600e-24   5.1871390089e-14   1.2468685796e-07   2.0000000000e-02 
  1.8399759021e+21   1.9325399057e+18   8.2130862283e+61   2.2245872600e-24   5.1871390089e-14   5.5215624903e-08   2.0000000000e-02 
  1.8419084420e+21   1.9325399057e+18   8.2303568883e+61   2.2245872600e-24   5.1871390089e-14  -3.3818973782e-08   2.0000000000e-02 
  1.8438409819e+21   1.9325399057e+18   8.2476456879e+61   2.2245872600e-24   5.1871390089e-14  -9.7185680178e-08   2.0000000000e-02 
  1.8457735218e+21   1.9325399057e+18   8.2649526269e+61   2.2245872600e-24   5.1871390089e-14  -1.3105185247e-07   2.0000000000e-02 
  1.8477060617e+21   1.9325399057e+18   8.2822777055e+61   2.2245872600e-24   5.1871390089e-14  -1.2932586750e-07   2.0000000000e-02 
  1.8496386016e+21   1.9325399057e+18   8.2996209236e+61   2.2245872600e-24   5.1871390089e-14  -1.1597714575e-07   2.0000000000e-02 
  1.8515711415e+21   1.9325399057e+18   8.3169822811e+61   2.2245872600e-24   5.1871390089e-14  -6.5192391847e-08   2.0000000000e-02 
  1.8535036815e+21   1.9325399057e+18   8.3343617782e+61   2.2245872600e-24   5.1871390089e-14  -1.5482970344e-08   2.0000000000e-02 
  1.8554362214e+21   1.9325399057e+18   8.3517594147e+61   2.2245872600e-24   5.1871390089e-14   6.2271565262e-09   2.0000000000e-02 
  1.8573687613e+21   1.9325399057e+18   8.3691751907e+61   2.2245872600e-24   5.1871390089e-14   3.0502091667e-08   2.0000000000e-02 
  1.8593013012e+21   1.9325399057e+18   8.3866091063e+61   2.2245872600e-24   5.1871390089e-14   6.8976850733e-08   2.0000000000e-02 
  1.8612338411e+21   1.9325399057e+18   8.4040611613e+61   2.2245872600e-24   5.1871390089e-14   1.1924078424e-07   2.0000000000e-02 
  1.8631663810e+21   1.9325399057e+18   8.4215313559e+61   2.2245872600e-24   5.1871390089e-14   1.4309853684e-07   2.0000000000e-02 
  1.8650989209e+21   1.9325399057e+18   8.4390196899e+61   2.2245872600e-24   5.1871390089e-14   1.3257013948e-07   2.0000000000e-02 
  1.8670314608e+21   1.9325399057e+18   8.4565261635e+61   2.2245872600e-24   5.1871390089e-14   7.5945724256e-08   2.0000000000e-02 
  1.8689640007e+21   1.9325399057e+18   8.4740507765e+61   2.2245872600e-24   5.1871390089e-14   2.4245271720e-08   2.0000000000e-02 
  1.8708965406e+21   1.9325399057e+18   8.4915935290e+61   2.2245872600e-24   5.1871390089e-14   4.4527166748e-09   2.0000000000e-02 
  1.8728290805e+21   1.9325399057e+18   8.5091544211e+61   2.2245872600e-24   5.1871390089e-14   2.1301448261e-08   2.0000000000e-02 
  1.8747616204e+21   1.9325399057e+18   8.5267334526e+61   2.2245872600e-24   5.1871390089e-14   7.7484251762e-08   2.0000000000e-02 
  1.8766941603e+21   1.9325399057e+18   8.5443306236e+61   2.2245872600e-24   5.1871390089e-14   1.4594296076e-07   2.0000000000e-02 
  1.8786267002e+21   1.9325399057e+18   8.5619459342e+61   2.2245872600e-24   5.1871390089e-14   2.6014454517e-07   2.0000000000e-02 
  1.8805592401e+21   1.9325399057e+18   8.5795793842e+61   2.2245872600e-24   5.1871390089e-14   4.5028203331e-07   2.0000000000e-02 
  1.8824917800e+21   1.9325399057e+18   8.5972309737e+61   2.2245872600e-24   5.1871390089e-14   6.0685306816e-07   2.0000000000e-02 
  1.8844243199e+21   1.9325399057e+18   8.6149007027e+61   2.2245872600e-24   5.1871390089e-14   6.0058700432e-07   2.0000000000e-02 
  1.8863568598e+21   1.9325399057e+18   8.6325885712e+61   2.2245872600e-24   5.1871390089e-14   4.5010030292e-07   2.0000000000e-02 
  1.8882893998e+21   1.9325399057e+18   8.6502945793e+61   2.2245872600e-24   5.1871390089e-14   2.3870347585e-07   2.0000000000e-02 
  1.8902219397e+21   1.9325399057e+18   8.6680187268e+61   2.2245872600e-24   5.1871390089e-14   6.1699903458e-08   2.0000000000e-02 
  1.8921544796e+21   1.9325399057e+18   8.6857610138e+61   2.2245872600e-24   5.1871390089e-14  -5.9831652576e-08   2.0000000000e-02 
  1.8940870195e+21   1.9325399057e+18   8.7035214403e+61   2.2245872600e-24   5.1871390089e-14  -1.3403880406e-07   2.0000000000e-02 
  1.8960195594e+21   1.9325399057e+18   8.7213000063e+61   2.2245872600e-24   5.1871390089e-14  -1.6300744711e-07   2.0000000000e-02 
  1.8979520993e+21   1.9325399057e+18   8.7390967118e+61   2.2245872600e-24   5.1871390089e-14  -1.7066511781e-07   2.0000000000e-02 
  1.8998846392e+21   1.9325399057e+18   8.7569115569e+61   2.2245872600e-24   5.1871390089e-14  -1.6442668648e-07   2.0000000000e-02 
  1.9018171791e+21   1.9325399057e+18   8.7747445414e+61   2.2245872600e-24   5.1871390089e-14  -1.5135898650e-07   2.0000000000e-02 
  1.9037497190e+21   1.9325399057e+18   8.7925956654e+61   2.2245872600e-24   5.1871390089e-14  -1.0308261027e-07   2.0000000000e-02 
  1.9056822589e+21   1.9325399057e+18   8.8104649289e+61   2.2245872600e-24   5.1871390089e-14   5.1588133847e-08   2.0000000000e-02 
  1.9076147988e+21   1.9325399057e+18   8.8283523319e+61   2.2245872600e-24   5.1871390089e-14   4.0908445503e-07   2.0000000000e-02 
  1.9095473387e+21   1.9325399057e+18   8.8462578744e+61   2.2245872600e-24   5.1871390089e-14   7.9919286518e-07   2.0000000000e-02 
  1.9114798786e+21   1.9325399057e+18   8.8641815564e+61   2.2245872600e-24   5.1871390089e-14   9.3272561391e-07   2.0000000000e-02 
  1.9134124185e+21   1.9325399057e+18   8.8821233779e+61   2.2245872600e-24   5.1871390089e-14   8.4500137012e-07   2.0000000000e-02 
  1.9153449584e+21   1.9325399057e+18   8.9000833389e+61   2.2245872600e-24   5.1871390089e-14   5.7062123123e-07   2.0000000000e-02 
  1.9172774983e+21   1.9325399057e+18   8.9180614394e+61   2.2245872600e-24   5.1871390089e-14   3.2984512949e-07   2.0000000000e-02 
  1.9192100382e+21   1.9325399057e+18   8.9360576794e+61   2.2245872600e-24   5.1871390089e-14   4.1772111732e-07   2.0000000000e-02 
  1.9211425782e+21   1.9325399057e+18   8.9540720589e+61   2.2245872600e-24   5.1871390089e-14   6.6815096406e-07   2.0000000000e-02 
  1.9230751181e+21   1.9325399057e+18   8.9721045778e+61   2.2245872600e-24   5.1871390089e-14   8.3970044193e-07   2.0000000000e-02 
  1.9250076580e+21   1.9325399057e+18   8.9901552363e+61   2.2245872600e-24   5.1871390089e-14   6.7576258915e-07   2.0000000000e-02 
  1.9269401979e+21   1.9325399057e+18   9.0082240343e+61   2.2245872600e-24   5.1871390089e-14   3.6922750612e-07   2.0000000000e-02 
  1.9288727378e+21   1.9325399057e+18   9.0263109718e+61   2.2245872600e-24   5.1871390089e-14   9.8886530580e-08   2.0000000000e-02 
  1.9308052777e+21   1.9325399057e+18   9.0444160488e+61   2.2245872600e-24   5.1871390089e-14  -6.4616352384e-08   2.0000000000e-02 
  1.9327378176e+21   1.9325399057e+18   9.0625392653e+61   2.2245872600e-24   5.1871390089e-14  -1.6315966504e-07   2.0000000000e-02 
  1.9346703575e+21   1.9325399057e+18   9.0806806212e+61   2.2245872600e-24   5.1871390089e-14  -2.0354310710e-07   2.0000000000e-02 
  1.9366028974e+21   1.9325399057e+18   9.0988401167e+61   2.2245872600e-24   5.1871390089e-14  -1.9296633501e-07   2.0000000000e-02 
  1.9385354373e+21   1.9325399057e+18   9.1170177517e+61   2.2245872600e-24   5.1871390089e-14  -1.7088773991e-07   2.0000000000e-02 
  1.9404679772e+21   1.9325399057e+18   9.1352135262e+61   2.2245872600e-24   5.1871390089e-14  -1.6469361929e-07   2.0000000000e-02 
  1.9424005171e+21   1.9325399057e+18   9.1534274401e+61   2.2245872600e-24   5.1871390089e-14  -1.6601100464e-07   2.0000000000e-02 
  1.9443330570e+21   1.9325399057e+18   9.1716594936e+61   2.2245872600e-24   5.1871390089e-14  -1.5108049328e-07   2.0000000000e-02 
  1.9462655969e+21   1.9325399057e+18   9.1899096866e+61   2.2245872600e-24   5.1871390089e-14  -1.2985140467e-07   2.0000000000e-02 
  1.9481981368e+21   1.9325399057e+18   9.2081780190e+61   2.2245872600e-24   5.1871390089e-14  -1.1562618212e-07   2.0000000000e-02 
  1.9501306767e+21   1.9325399057e+18   9.2264644910e+61   2.2245872600e-24   5.1871390089e-14  -6.7453524465e-08   2.0000000000e-02 
  1.9520632166e+21   1.9325399057e+18   9.2447691025e+61   2.2245872600e-24   5.1871390089e-14  -1.1822569694e-08   2.0000000000e-02 
  1.9539957565e+21   1.9325399057e+18   9.2630918534e+61   2.2245872600e-24   5.1871390089e-14   6.3193071897e-09   2.0000000000e-02 
  1.9559282965e+21   1.9325399057e+18   9.2814327439e+61   2.2245872600e-24   5.1871390089e-14   2.1820114521e-08   2.0000000000e-02 
  1.9578608364e+21   1.9325399057e+18   9.2997917739e+61   2.2245872600e-24   5.1871390089e-14   7.5656801247e-09   2.0000000000e-02 
  1.9597933763e+21   1.9325399057e+18   9.3181689433e+61   2.2245872600e-24   5.1871390089e-14  -5.8075360279e-08   2.0000000000e-02 
  1.9617259162e+21   1.9325399057e+18   9.3365642523e+61   2.2245872600e-24   5.1871390089e-14  -1.1540029763e-07   2.0000000000e-02 
  1.9636584561e+21   1.9325399057e+18   9.3549777007e+61   2.2245872600e-24   5.1871390089e-14  -1.2088141054e-07   2.0000000000e-02 
  1.9655909960e+21   1.9325399057e+18   9.3734092887e+61   2.2245872600e-24   5.1871390089e-14  -1.0973005582e-07   2.0000000000e-02 
  1.9675235359e+21   1.9325399057e+18   9.3918590161e+61   2.2245872600e-24   5.1871390089e-14  -1.4439869801e-07   2.0000000000e-02 
  1.9694560758e+21   1.9325399057e+18   9.4103268831e+61   2.2245872600e-24   5.1871390089e-14  -1.7678652285e-07   2.0000000000e-02 
  1.9713886157e+21   1.9325399057e+18   9.4288128895e+61   2.2245872600e-24   5.1871390089e-14  -1.6453888073e-07   2.0000000000e-02 
  1.9733211556e+21   1.9325399057e+18   9.4473170355e+61   2.2245872600e-24   5.1871390089e-14  -1.4036017919e-07   2.0000000000e-02 
  1.9752536955e+21   1.9325399057e+18   9.4658393209e+61   2.2245872600e-24   5.1871390089e-14  -1.0443071690e-07   2.0000000000e-02 
  1.9771862354e+21   1.9325399057e+18   9.4843797459e+61   2.2245872600e-24   5.1871390089e-14  -4.5067321612e-08   2.0000000000e-02 
  1.9791187753e+21   1.9325399057e+18   9.5029383103e+61   2.2245872600e-24   5.1871390089e-14   0.0000000000e+00   2.0000000000e-02 
