# time = 3.160064e+15 [s] 
# r                  dr                 dV                 Density            Pressure           Velocity           Z
  2.1304517832e+18   2.1304517832e+18   4.0504543150e+55   3.6314905007e-31   3.6414894823e-14   0.0000000000e+00   9.9248591688e-02 
  2.6740458719e+18   5.4359408873e+17   3.9588568884e+55   3.6314905007e-31   3.6414894823e-14  -1.4808259989e+04   9.9248591688e-02 
  3.5861020740e+18   9.1205620204e+17   1.1308439202e+56   3.6316788897e-31   3.6414587786e-14  -2.8457901061e+04   9.9248591688e-02 
  4.5521521340e+18   9.6605006004e+17   2.0195150278e+56   3.6323802686e-31   3.6414680989e-14  -4.6879697442e+04   9.9248591688e-02 
  5.0380132363e+18   4.8586110231e+17   1.4050300166e+56   3.6333908800e-31   3.6414725360e-14  -5.8797884016e+04   9.9248591688e-02 
  5.4641903708e+18   4.2617713449e+17   1.4775398631e+56   3.6346886105e-31   3.6414727413e-14  -6.5836527070e+04   9.9248591688e-02 
  6.1883615934e+18   7.2417122259e+17   3.0930859655e+56   3.6373767411e-31   3.6414730453e-14  -7.4359494668e+04   9.9248591688e-02 
  6.8547152166e+18   6.6635362315e+17   3.5644491169e+56   3.6414898602e-31   3.6414737057e-14  -8.4410510674e+04   9.9248591688e-02 
  7.7436832951e+18   8.8896807858e+17   5.9591312790e+56   3.6472662380e-31   3.6414743966e-14  -9.5367812971e+04   9.9248591688e-02 
  8.6129226557e+18   8.6923936060e+17   7.3128099746e+56   3.6549336279e-31   3.6414752439e-14  -1.0756423017e+05   9.9248591688e-02 
  9.6964410894e+18   1.0835184337e+18   1.1424556894e+57   3.6648982504e-31   3.6414762519e-14  -1.2093487550e+05   9.9248591688e-02 
  1.0822728639e+19   1.1262875497e+18   1.4912644368e+57   3.6776700687e-31   3.6414776436e-14  -1.3594022490e+05   9.9248591688e-02 
  1.2151045321e+19   1.3283166820e+18   2.2049557019e+57   3.6936599574e-31   3.6414795299e-14  -1.5250026602e+05   9.9248591688e-02 
  1.3578209338e+19   1.4271640170e+18   2.9711415933e+57   3.7135628180e-31   3.6414819659e-14  -1.7102552035e+05   9.9248591688e-02 
  1.5208487600e+19   1.6302782614e+18   4.2487320028e+57   3.7379353215e-31   3.6414847926e-14  -1.9155462003e+05   9.9248591688e-02 
  1.7042026123e+19   1.8335385233e+18   5.9976463198e+57   3.7681297503e-31   3.6414881101e-14  -2.1481087176e+05   9.9248591688e-02 
  1.9086293228e+19   2.0442671055e+18   8.3916290334e+57   3.8048643415e-31   3.6414924353e-14  -2.4087146516e+05   9.9248591688e-02 
  2.1391391228e+19   2.3050979995e+18   1.1877903891e+58   3.8494303089e-31   3.6414979354e-14  -2.7010428646e+05   9.9248591688e-02 
  2.3891969933e+19   2.5005787048e+18   1.6125341533e+58   3.9024208443e-31   3.6415041606e-14  -3.0235180172e+05   9.9248591688e-02 
  2.6730729413e+19   2.8387594806e+18   2.2878316257e+58   3.9656556553e-31   3.6415110422e-14  -3.3804129545e+05   9.9248591688e-02 
  2.9783487704e+19   3.0527582911e+18   3.0660548981e+58   4.0402374895e-31   3.6415163372e-14  -3.7723292357e+05   9.9248591688e-02 
  3.3319282785e+19   3.5357950807e+18   4.4278008905e+58   4.1292880530e-31   3.6415234996e-14  -4.2110434502e+05   9.9248591688e-02 
  3.7073053156e+19   3.7537703707e+18   5.8489755099e+58   4.2339595530e-31   3.6415350643e-14  -4.6985561697e+05   9.9248591688e-02 
  4.1321370103e+19   4.2483169472e+18   8.2103571289e+58   4.3560935302e-31   3.6415537636e-14  -5.2357248886e+05   9.9248591688e-02 
  4.5833920675e+19   4.5125505723e+18   1.0778228153e+59   4.4978247839e-31   3.6415788876e-14  -5.8220004361e+05   9.9248591688e-02 
  5.0984814863e+19   5.1508941873e+18   1.5183114314e+59   4.6636842077e-31   3.6416052107e-14  -6.4687218100e+05   9.9248591688e-02 
  5.6056567735e+19   5.0717528725e+18   1.8269903328e+59   4.8493317651e-31   3.6416456299e-14  -7.1556056339e+05   9.9248591688e-02 
  6.3655450438e+19   7.5988827026e+18   3.4257685680e+59   5.0940971199e-31   3.6416916515e-14  -8.0056977960e+05   9.9248591688e-02 
  7.4951589670e+19   1.1296139233e+19   6.8329923225e+59   5.4767984218e-31   3.6417840645e-14  -9.2751125914e+05   9.9248591688e-02 
  7.9222064347e+19   4.2704746764e+18   3.1897556114e+59   5.8043171023e-31   3.6418652283e-14  -1.0321172592e+06   9.9248591688e-02 
  8.3085414401e+19   3.8633500541e+18   3.1979598571e+59   5.9937799858e-31   3.6419129314e-14  -1.0868866448e+06   9.9248591688e-02 
  8.7117023210e+19   4.0316088090e+18   3.6697884262e+59   6.1989734812e-31   3.6419627096e-14  -1.1400875036e+06   9.9248591688e-02 
  9.1406888624e+19   4.2898654139e+18   4.2960557809e+59   6.4387741405e-31   3.6420199557e-14  -1.1962642009e+06   9.9248591688e-02 
  9.5384820735e+19   3.9779321116e+18   4.3610200347e+59   6.7013321322e-31   3.6420833906e-14  -1.2522463175e+06   9.9248591688e-02 
  1.0045351839e+20   5.0686976587e+18   6.1085573910e+59   7.0201970703e-31   3.6421591300e-14  -1.3134537075e+06   9.9248591688e-02 
  1.0541157747e+20   4.9580590751e+18   6.6025389017e+59   7.4046282195e-31   3.6422447448e-14  -1.3812844501e+06   9.9248591688e-02 
  1.1018807780e+20   4.7765003292e+18   6.9763274462e+59   7.8122274188e-31   3.6423430012e-14  -1.4473674815e+06   9.9248591688e-02 
  1.1476817744e+20   4.5800996423e+18   7.2825076872e+59   8.2418548613e-31   3.6424438492e-14  -1.5107815172e+06   9.9248591688e-02 
  1.2039152567e+20   5.6233482341e+18   9.7713243669e+59   8.7576211175e-31   3.6425669478e-14  -1.5800696163e+06   9.9248591688e-02 
  1.2605161271e+20   5.6600870315e+18   1.0801468373e+60   9.3758393068e-31   3.6427208067e-14  -1.6569220825e+06   9.9248591688e-02 
  1.3148781144e+20   5.4361987372e+18   1.1329144987e+60   1.0036390527e-30   3.6428891667e-14  -1.7326128715e+06   9.9248591688e-02 
  1.3691253981e+20   5.4247283617e+18   1.2278721829e+60   1.0742806290e-30   3.6430689245e-14  -1.8066381282e+06   9.9248591688e-02 
  1.4332298149e+20   6.4104416857e+18   1.5818304766e+60   1.1585663342e-30   3.6432837908e-14  -1.8873256697e+06   9.9248591688e-02 
  1.4975819449e+20   6.4352129969e+18   1.7368345000e+60   1.2577292690e-30   3.6435384173e-14  -1.9749146292e+06   9.9248591688e-02 
  1.5591337352e+20   6.1551790273e+18   1.8070049695e+60   1.3635114039e-30   3.6438021896e-14  -2.0606628314e+06   9.9248591688e-02 
  1.6252581731e+20   6.6124437979e+18   2.1068193906e+60   1.4811187205e-30   3.6440995890e-14  -2.1479397646e+06   9.9248591688e-02 
  1.7004740062e+20   7.5215833063e+18   2.6140129124e+60   1.6234840089e-30   3.6444474435e-14  -2.2446309946e+06   9.9248591688e-02 
  1.7738715109e+20   7.3397504717e+18   2.7838240500e+60   1.7862429377e-30   3.6448328495e-14  -2.3465626315e+06   9.9248591688e-02 
  1.8382407913e+20   6.4369280402e+18   2.6387423384e+60   1.9514612445e-30   3.6451869273e-14  -2.4409913729e+06   9.9248591688e-02 
  1.9228350685e+20   8.4594277185e+18   3.7600036978e+60   2.1501388390e-30   3.6455574569e-14  -2.5430636256e+06   9.9248591688e-02 
  2.0252299025e+20   1.0239483399e+19   5.0152647710e+60   2.4220809686e-30   3.6459483155e-14  -2.6720714199e+06   9.9248591688e-02 
  2.1288826806e+20   1.0365277815e+19   5.6205325178e+60   2.7465473364e-30   3.6462016598e-14  -2.8166692057e+06   9.9248591688e-02 
  2.2239896200e+20   9.5106939393e+18   5.6621717083e+60   3.0876218163e-30   3.6461701827e-14  -2.9596950247e+06   9.9248591688e-02 
  2.3416966484e+20   1.1770702833e+19   7.7101105752e+60   3.4907482496e-30   3.6457322195e-14  -3.1113842829e+06   9.9248591688e-02 
  2.4439529671e+20   1.0225631872e+19   7.3584765807e+60   3.9444097136e-30   3.6448931358e-14  -3.2654876362e+06   9.9248591688e-02 
  2.5951436919e+20   1.5119072477e+19   1.2064538096e+61   4.5198039209e-30   3.6435182475e-14  -3.4329109171e+06   9.9248591688e-02 
  2.7024937900e+20   1.0735009811e+19   9.4662120762e+60   5.1480685279e-30   3.6419263015e-14  -3.5924216933e+06   9.9248591688e-02 
  2.7989112459e+20   9.6417455950e+18   9.1684779687e+60   5.6852767414e-30   3.6404270343e-14  -3.7041597136e+06   9.9248591688e-02 
  2.9003479668e+20   1.0143672090e+19   1.0352083106e+61   6.2004738735e-30   3.6387636013e-14  -3.8017189932e+06   9.9248591688e-02 
  2.9931587321e+20   9.2810765302e+18   1.0128186493e+61   6.6573853813e-30   3.6370222123e-14  -3.8877174350e+06   9.9248591688e-02 
  3.1339172093e+20   1.4075847718e+19   1.6603794675e+61   7.1373651196e-30   3.6349847474e-14  -3.9761703131e+06   9.9248591688e-02 
  3.2802512350e+20   1.4633402567e+19   1.8916956117e+61   7.6718079297e-30   3.6328895622e-14  -4.0655491333e+06   9.9248591688e-02 
  3.3766660801e+20   9.6414845097e+18   1.3423645421e+61   8.0839439749e-30   3.6314719608e-14  -4.1244575335e+06   9.9248591688e-02 
  3.4668200734e+20   9.0153993352e+18   1.3265228936e+61   8.3476727399e-30   3.6303592827e-14  -4.1608137138e+06   9.9248591688e-02 
  3.6138309898e+20   1.4701091639e+19   2.3158383576e+61   8.6140743434e-30   3.6286300014e-14  -4.2037948140e+06   9.9248591688e-02 
  3.7770874735e+20   1.6325648373e+19   2.8021266496e+61   8.9090731385e-30   3.6257929075e-14  -4.2665295267e+06   9.9248591688e-02 
  3.9521369098e+20   1.7504943621e+19   3.2859175807e+61   9.1777611633e-30   3.6217422094e-14  -4.3514951253e+06   9.9248591688e-02 
  4.0504872064e+20   9.8350296647e+18   1.9788471438e+61   9.3608590625e-30   3.6179256640e-14  -4.4327284361e+06   9.9248591688e-02 
  4.1450563825e+20   9.4569176094e+18   1.9956036158e+61   9.4523492127e-30   3.6146265897e-14  -4.4991699706e+06   9.9248591688e-02 
  4.3090553847e+20   1.6399900217e+19   3.6828287233e+61   9.5292282767e-30   3.6092049733e-14  -4.5992670701e+06   9.9248591688e-02 
  4.4932086214e+20   1.8415323673e+19   4.4831303621e+61   9.6002917934e-30   3.6016383191e-14  -4.7342368321e+06   9.9248591688e-02 
  4.6550854572e+20   1.6187683578e+19   4.2565735025e+61   9.6499561174e-30   3.5943732788e-14  -4.8594875867e+06   9.9248591688e-02 
  4.7415697321e+20   8.6484274877e+18   2.3990862695e+61   9.6748417292e-30   3.5895090608e-14  -4.9393531253e+06   9.9248591688e-02 
  4.8279013610e+20   8.6331628971e+18   2.4837475979e+61   9.6813782716e-30   3.5862848739e-14  -4.9877679799e+06   9.9248591688e-02 
  5.0016753139e+20   1.7377395290e+19   5.2753274731e+61   9.6742380132e-30   3.5812814866e-14  -5.0544354638e+06   9.9248591688e-02 
  5.1474165541e+20   1.4574124017e+19   4.7164643037e+61   9.6553018922e-30   3.5758118118e-14  -5.1224159889e+06   9.9248591688e-02 
  5.2425184690e+20   9.5101914915e+18   3.2253505716e+61   9.6328504339e-30   3.5719443088e-14  -5.1636107349e+06   9.9248591688e-02 
  5.3213653409e+20   7.8846871896e+18   2.7643284096e+61   9.6098282484e-30   3.5694659098e-14  -5.1837276120e+06   9.9248591687e-02 
  5.3888014877e+20   6.7436146795e+18   2.4301933647e+61   9.5831179094e-30   3.5672152778e-14  -5.1968035764e+06   9.9248591685e-02 
  5.5578652045e+20   1.6906371681e+19   6.3650028675e+61   9.5272409632e-30   3.5640235381e-14  -5.2058014450e+06   9.9248591675e-02 
  5.6662921608e+20   1.0842695632e+19   4.2914903710e+61   9.4572377815e-30   3.5607572025e-14  -5.1994180774e+06   9.9248591643e-02 
  5.6937099707e+20   2.7417809908e+18   1.1115789214e+61   9.4200501718e-30   3.5588499050e-14  -5.1900232076e+06   9.9248591575e-02 
  5.7163159883e+20   2.2606017595e+18   9.2458696677e+60   9.4017191769e-30   3.5581907229e-14  -5.1856072738e+06   9.9248590856e-02 
  5.7975955823e+20   8.1279593917e+18   3.3852004596e+61   9.3554015391e-30   3.5569314002e-14  -5.1735719239e+06   9.9248588602e-02 
  5.8732009477e+20   7.5605365430e+18   3.2352627690e+61   9.2832220963e-30   3.5550685996e-14  -5.1513160539e+06   9.9248578903e-02 
  5.9544912745e+20   8.1290326811e+18   3.5726922684e+61   9.2083317804e-30   3.5531515358e-14  -5.1240081241e+06   9.9248540043e-02 
  6.1234258414e+20   1.6893456693e+19   7.7424927257e+61   9.0839532171e-30   3.5500608333e-14  -5.0775012363e+06   9.9248429018e-02 
  6.2633468325e+20   1.3992099107e+19   6.7447763201e+61   8.9249374020e-30   3.5456644095e-14  -5.0177818055e+06   9.9248192874e-02 
  6.3959903914e+20   1.3264355895e+19   6.6784221747e+61   8.7758279205e-30   3.5410507321e-14  -4.9645819008e+06   9.9247905003e-02 
  6.5679533610e+20   1.7196296955e+19   9.0799729758e+61   8.5957337825e-30   3.5351092120e-14  -4.9056328478e+06   9.9247070754e-02 
  6.7259330932e+20   1.5797973221e+19   8.7715353802e+61   8.3843649390e-30   3.5278852974e-14  -4.8338470784e+06   9.9244878285e-02 
  6.8783986079e+20   1.5246551465e+19   8.8653136140e+61   8.1617812561e-30   3.5207629993e-14  -4.7589846839e+06   9.9239085252e-02 
  7.0259852504e+20   1.4758664252e+19   8.9643072412e+61   7.9249068264e-30   3.5140230181e-14  -4.6799176838e+06   9.9221870559e-02 
  7.1918688379e+20   1.6588358752e+19   1.0535159216e+62   7.6405189457e-30   3.5074058655e-14  -4.5874384844e+06   9.9149752763e-02 
  7.3306913560e+20   1.3882251806e+19   9.1983385231e+61   7.3387997255e-30   3.5015302168e-14  -4.4911690952e+06   9.8883748617e-02 
  7.4099259915e+20   7.9234635553e+18   5.4087942974e+61   7.0974125306e-30   3.4978810275e-14  -4.4171035074e+06   9.8440855049e-02 
  7.4779349075e+20   6.8008916017e+18   4.7356909330e+61   6.9047868423e-30   3.4952459433e-14  -4.3715953140e+06   9.7577774918e-02 
  7.5689254759e+20   9.0990568332e+18   6.4720718000e+61   6.6663151739e-30   3.4929949415e-14  -4.3194258886e+06   9.6976483790e-02 
  7.6054285158e+20   3.6503039949e+18   2.6405850888e+61   6.4536360470e-30   3.4912277543e-14  -4.2752534086e+06   9.6705468854e-02 
  7.6223043790e+20   1.6875863203e+18   1.2293811435e+61   6.3534804816e-30   3.4906441160e-14  -4.2551005688e+06   9.6618015081e-02 
  7.6485993602e+20   2.6294981177e+18   1.9264273939e+61   6.2804521020e-30   3.4897426063e-14  -4.2412736593e+06   9.6588783087e-02 
  7.7146181732e+20   6.6018813007e+18   4.8953598024e+61   6.1677206141e-30   3.4884539724e-14  -4.2091696775e+06   9.6583921220e-02 
  7.7676205971e+20   5.3002423902e+18   3.9913041384e+61   6.0430772909e-30   3.4867018573e-14  -4.1642297252e+06   9.6581948909e-02 
  7.8056227161e+20   3.8002119027e+18   2.8954541125e+61   5.9617588594e-30   3.4852018343e-14  -4.1304923275e+06   9.6581707609e-02 
  7.8407112637e+20   3.5088547622e+18   2.6986165885e+61   5.9124669618e-30   3.4841155372e-14  -4.1028113294e+06   9.6581673491e-02 
  7.8786597313e+20   3.7948467552e+18   2.9458815942e+61   5.8792994842e-30   3.4830744013e-14  -4.0748145515e+06   9.6581671517e-02 
  7.9133971624e+20   3.4737431091e+18   2.7216086171e+61   5.8612169152e-30   3.4820262319e-14  -4.0486260174e+06   9.6581671426e-02 
  8.0435142728e+20   1.3011711042e+19   1.0408582232e+62   5.8448237409e-30   3.4798700251e-14  -3.9928218556e+06   9.6581671421e-02 
  8.1686258091e+20   1.2511153627e+19   1.0330861665e+62   5.8299575185e-30   3.4767904683e-14  -3.9088042289e+06   9.6581671417e-02 
  8.2144925526e+20   4.5866743530e+18   3.8676044573e+61   5.8236438899e-30   3.4750214358e-14  -3.8574062554e+06   9.6581671415e-02 
  8.2453547819e+20   3.0862229265e+18   2.6268137468e+61   5.8237058862e-30   3.4743158011e-14  -3.8360178836e+06   9.6581671414e-02 
  8.2748988229e+20   2.9544041064e+18   2.5331076931e+61   5.8267519180e-30   3.4737670684e-14  -3.8196908297e+06   9.6581671409e-02 
  8.3059123844e+20   3.1013561441e+18   2.6786351850e+61   5.8329266485e-30   3.4732335864e-14  -3.8038855923e+06   9.6581671368e-02 
  8.4171730814e+20   1.1126069702e+19   9.7753175762e+61   5.8569630653e-30   3.4720813728e-14  -3.7666084166e+06   9.6581671220e-02 
  8.4900045090e+20   7.2831427635e+18   6.5405400741e+61   5.8928556810e-30   3.4706012371e-14  -3.7178925869e+06   9.6581670554e-02 
  8.5204577961e+20   3.0453287093e+18   2.7683229122e+61   5.9180383644e-30   3.4696905887e-14  -3.6890101235e+06   9.6581668812e-02 
  8.5593315726e+20   3.8873776521e+18   3.5626435908e+61   5.9385817431e-30   3.4690589126e-14  -3.6694742129e+06   9.6581650817e-02 
  8.6283009174e+20   6.8969344779e+18   6.4008908521e+61   5.9613084831e-30   3.4681333239e-14  -3.6383516532e+06   9.6581592806e-02 
  8.6981977804e+20   6.9896863006e+18   6.5922175947e+61   5.9831193050e-30   3.4667821805e-14  -3.5954086387e+06   9.6581111504e-02 
  8.7925160497e+20   9.4318269223e+18   9.0649408255e+61   6.0007475823e-30   3.4650744856e-14  -3.5423472397e+06   9.6579760376e-02 
  8.8943622672e+20   1.0184621753e+19   1.0009259595e+62   6.0130050491e-30   3.4626055270e-14  -3.4703847118e+06   9.6577203466e-02 
  8.9945617765e+20   1.0019950927e+19   1.0073686916e+62   6.0195842045e-30   3.4593434725e-14  -3.3827972242e+06   9.6576307938e-02 
  9.1525954321e+20   1.5803365566e+19   1.6350372094e+62   6.0198908572e-30   3.4542727334e-14  -3.2536002686e+06   9.6571020915e-02 
  9.2947263500e+20   1.4213091784e+19   1.5195453766e+62   6.0147899698e-30   3.4484613176e-14  -3.1034436384e+06   9.6557435900e-02 
  9.4232125280e+20   1.2848617801e+19   1.4142596607e+62   6.0066751372e-30   3.4443930843e-14  -2.9841235303e+06   9.6528314342e-02 
  9.5493790231e+20   1.2616649513e+19   1.4267688774e+62   5.9950479469e-30   3.4415555401e-14  -2.8846239644e+06   9.6456359607e-02 
  9.7125883671e+20   1.6320934395e+19   1.9024207379e+62   5.9746953256e-30   3.4388628967e-14  -2.7852056060e+06   9.6171999086e-02 
  9.8339204019e+20   1.2133203480e+19   1.4563619677e+62   5.9497111386e-30   3.4370106504e-14  -2.6850578769e+06   9.5183639140e-02 
  9.9286575845e+20   9.4737182597e+18   1.1624140696e+62   5.9203385152e-30   3.4356326369e-14  -2.6124478187e+06   9.1809744037e-02 
  9.9792904572e+20   5.0632872772e+18   6.3042927932e+61   5.8952102089e-30   3.4345420550e-14  -2.5636848447e+06   8.7946016317e-02 
  1.0049145283e+21   6.9854825287e+18   8.8032311857e+61   5.8578853418e-30   3.4336419575e-14  -2.5231820771e+06   8.1570164650e-02 
  1.0077241019e+21   2.8095736292e+18   3.5753797914e+61   5.8224173256e-30   3.4328143005e-14  -2.4880648790e+06   7.6387207454e-02 
  1.0106987454e+21   2.9746435318e+18   3.8072327123e+61   5.7882245005e-30   3.4323427300e-14  -2.4667222515e+06   7.3797219641e-02 
  1.0163253522e+21   5.6266068299e+18   7.2629889020e+61   5.7248300764e-30   3.4316511124e-14  -2.4336012427e+06   7.3509002261e-02 
  1.0203694013e+21   4.0440490244e+18   5.2700986467e+61   5.6530080749e-30   3.4308354231e-14  -2.3946837649e+06   7.3363797367e-02 
  1.0239902336e+21   3.6208323012e+18   4.7541549512e+61   5.6059838432e-30   3.4301627760e-14  -2.3627179928e+06   7.3318875635e-02 
  1.0288528157e+21   4.8625821610e+18   6.4376762234e+61   5.5648683984e-30   3.4294223519e-14  -2.3268413206e+06   7.3314031326e-02 
  1.0341631998e+21   5.3103840358e+18   7.1003860215e+61   5.5268009333e-30   3.4285496342e-14  -2.2833967407e+06   7.3313088942e-02 
  1.0391874676e+21   5.0242678716e+18   6.7852996333e+61   5.4980643159e-30   3.4277360405e-14  -2.2392782834e+06   7.3313015806e-02 
  1.0499821951e+21   1.0794727420e+19   1.4801742318e+62   5.4644475624e-30   3.4262613987e-14  -2.1761626799e+06   7.3313012596e-02 
  1.0586052250e+21   8.6230298975e+18   1.2044683928e+62   5.4337289492e-30   3.4247219209e-14  -2.0971853514e+06   7.3313011849e-02 
  1.0643422630e+21   5.7370379998e+18   8.1230132198e+61   5.4145555991e-30   3.4236890290e-14  -2.0387164408e+06   7.3313011755e-02 
  1.0778653756e+21   1.3523112627e+19   1.9496445217e+62   5.4014817942e-30   3.4223028613e-14  -1.9617883460e+06   7.3313011683e-02 
  1.0889923488e+21   1.1126973242e+19   1.6413134435e+62   5.3893989545e-30   3.4205458947e-14  -1.8633800997e+06   7.3313011416e-02 
  1.1030761374e+21   1.4083788543e+19   2.1260994807e+62   5.3815886836e-30   3.4186882953e-14  -1.7629763316e+06   7.3313010021e-02 
  1.1130411803e+21   9.9650429115e+18   1.5375082967e+62   5.3765455561e-30   3.4169390369e-14  -1.6675983766e+06   7.3313003483e-02 
  1.1225777162e+21   9.5365359590e+18   1.4974030080e+62   5.3744341242e-30   3.4156347737e-14  -1.5909174090e+06   7.3312947043e-02 
  1.1402610428e+21   1.7683326516e+19   2.8446569293e+62   5.3747045678e-30   3.4140612461e-14  -1.4847333371e+06   7.3312820826e-02 
  1.1522140543e+21   1.1953011560e+19   1.9735148612e+62   5.3770894735e-30   3.4124708442e-14  -1.3704507766e+06   7.3312589017e-02 
  1.1636870543e+21   1.1473000003e+19   1.9331717521e+62   5.3819669834e-30   3.4112647316e-14  -1.2816166406e+06   7.3311825238e-02 
  1.1734795370e+21   9.7924826350e+18   1.6804460084e+62   5.3892638396e-30   3.4101006249e-14  -1.2003897425e+06   7.3307249266e-02 
  1.1816010341e+21   8.1214971059e+18   1.4151394153e+62   5.3989531558e-30   3.4091298029e-14  -1.1326600354e+06   7.3287661984e-02 
  1.1991874789e+21   1.7586444877e+19   3.1316806130e+62   5.4194424944e-30   3.4079000199e-14  -1.0402435620e+06   7.3240286477e-02 
  1.2108315836e+21   1.1644104628e+19   2.1247131540e+62   5.4455888070e-30   3.4065926093e-14  -9.3825154099e+05   7.3139320812e-02 
  1.2162092464e+21   5.3776628041e+18   9.9517238330e+61   5.4628447237e-30   3.4059198933e-14  -8.7978851892e+05   7.3002576766e-02 
  1.2224284169e+21   6.2191705707e+18   1.1619243049e+62   5.4778395217e-30   3.4053521810e-14  -8.3855936293e+05   7.2231596411e-02 
  1.2267456646e+21   4.3172477119e+18   8.1357313674e+61   5.4934401924e-30   3.4048211679e-14  -8.0094675687e+05   7.1116230660e-02 
  1.2315292070e+21   4.7835424009e+18   9.0815699500e+61   5.5090608177e-30   3.4044014897e-14  -7.6910557612e+05   6.9575611982e-02 
  1.2350896952e+21   3.5604881597e+18   6.8055594284e+61   5.5251563733e-30   3.4040954764e-14  -7.4059023809e+05   6.8841256803e-02 
  1.2426888086e+21   7.5991133872e+18   1.4656798619e+62   5.5494878003e-30   3.4037721520e-14  -7.0470057531e+05   6.8633995790e-02 
  1.2482663846e+21   5.5775759579e+18   1.0872462617e+62   5.5794895972e-30   3.4034395648e-14  -6.6338316951e+05   6.8503367649e-02 
  1.2572379245e+21   8.9715399805e+18   1.7693307838e+62   5.6146531529e-30   3.4031314121e-14  -6.1832979909e+05   6.8465231156e-02 
  1.2621500939e+21   4.9121693656e+18   9.7952127816e+61   5.6500180014e-30   3.4026765772e-14  -5.7253894195e+05   6.8451128532e-02 
  1.2658521178e+21   3.7020239267e+18   7.4326606290e+61   5.6745209654e-30   3.4022041904e-14  -5.4071866411e+05   6.8446287899e-02 
  1.2698899276e+21   4.0378098010e+18   8.1565450874e+61   5.7022132124e-30   3.4019388695e-14  -5.1463887349e+05   6.8445191179e-02 
  1.2726903272e+21   2.8003996155e+18   5.6874736517e+61   5.7319077465e-30   3.4017696078e-14  -4.9388266638e+05   6.8445111719e-02 
  1.2790654822e+21   6.3751549539e+18   1.3041265777e+62   5.7868656113e-30   3.4017250769e-14  -4.6753385956e+05   6.8445110560e-02 
  1.2838270373e+21   4.7615551332e+18   9.8256202856e+61   5.8661517450e-30   3.4015550943e-14  -4.3403448354e+05   6.8445186012e-02 
  1.2881771685e+21   4.3501311426e+18   9.0405735842e+61   5.9492557634e-30   3.4011526313e-14  -4.0185774187e+05   6.8445908899e-02 
  1.2921374588e+21   3.9602903472e+18   8.2836658072e+61   6.0537201695e-30   3.4007799952e-14  -3.7599034638e+05   6.8448280299e-02 
  1.3086375324e+21   1.6500073597e+19   3.5062844168e+62   6.4254478812e-30   3.4006931473e-14  -3.2011485172e+05   6.8455743134e-02 
  1.3208500513e+21   1.2212518905e+19   2.6527754718e+62   7.0643728348e-30   3.4003960731e-14  -2.3827581714e+05   6.8476147645e-02 
  1.3282181180e+21   7.3680667238e+18   1.6243918852e+62   7.6757265326e-30   3.3993425349e-14  -1.7628426451e+05   6.8513681224e-02 
  1.3410862440e+21   1.2868125996e+19   2.8804791362e+62   8.8881368832e-30   3.3996661566e-14  -1.3137327815e+05   6.8647892708e-02 
  1.3472507407e+21   6.1644966653e+18   1.3996378215e+62   1.0654736955e-29   3.4007641841e-14  -7.6396954807e+04   6.9034624612e-02 
  1.3513005015e+21   4.0497607568e+18   9.2649035969e+61   1.2760663543e-29   3.3952970023e-14  -2.9831040493e+04   7.0316540361e-02 
  1.3554021109e+21   4.1016094857e+18   9.4402957035e+61   1.6727754367e-29   3.3999343992e-14  -7.0408524396e+04   7.5350371966e-02 
  1.3574354577e+21   2.0333467835e+18   4.7012028348e+61   2.2684116316e-29   3.4090797340e-14  -6.5634748540e+04   8.2816810109e-02 
  1.3607706872e+21   3.3352294316e+18   7.7417757098e+61   3.8765230691e-29   3.3967343965e-14   1.0703822343e+04   8.5182108932e-02 
  1.3615393163e+21   7.6862914910e+17   1.7895419881e+61   6.5147258507e-29   3.3858772723e-14  -1.5434507412e+04   7.2699586899e-02 
  1.3618425853e+21   3.0326894601e+17   7.0663461916e+60   1.0291222374e-28   3.4204752601e-14  -6.1849881559e+04   5.9723256976e-02 
  1.3636816789e+21   1.8390936846e+18   4.2919425206e+61   5.2387603302e-28   3.4047604539e-14  -1.5129478379e+04   4.0002032817e-02 
  1.3656749912e+21   1.9933122561e+18   4.6649379589e+61   3.7005649934e-27   3.3967167345e-14  -1.5308952280e+04   2.2707813275e-02 
  1.3663230697e+21   6.4807847668e+17   1.5196313788e+61   1.7101066069e-26   3.4288676384e-14  -1.7601645143e+04   2.1011960626e-02 
  1.3674747596e+21   1.1516898823e+18   2.7040719215e+61   5.0078318538e-26   3.4079124894e-14  -1.0852624359e+04   2.0465871320e-02 
  1.3678426374e+21   3.6787782130e+17   8.6470692373e+60   6.6030036117e-26   3.4482204405e-14  -1.3444116370e+04   2.0072466686e-02 
  1.3783350787e+21   1.0492441276e+19   2.4859123428e+62   7.5683324960e-26   3.5028692857e-14  -6.4202331484e+03   2.0050466177e-02 
  1.3855031049e+21   7.1680262624e+18   1.7201869921e+62   1.0228339896e-24   3.5289835183e-14  -6.1924680400e+03   2.0035525206e-02 
  1.3933168757e+21   7.8137707515e+18   1.8955380580e+62   1.0664535664e-24   3.5810110808e-14  -1.0380056667e+03   2.0032302745e-02 
  1.4109532577e+21   1.7636382042e+19   4.3571728591e+62   1.1554296679e-24   3.7059031974e-14   7.0920339617e+03   2.0028770428e-02 
  1.4232430951e+21   1.2289837408e+19   3.1014058497e+62   1.2867549510e-24   3.9016805189e-14   1.5447839887e+04   2.0022747681e-02 
  1.4351425329e+21   1.1899437769e+19   3.0543616823e+62   1.4057172552e-24   4.0702634373e-14   2.3854604175e+04   2.0022578901e-02 
  1.4507050161e+21   1.5562483201e+19   4.0717372760e+62   1.5623941126e-24   4.2942750296e-14   3.4135207178e+04   2.0014615459e-02 
  1.4608688600e+21   1.0163843860e+19   2.7068566038e+62   1.7110482645e-24   4.5067176432e-14   4.3787168393e+04   2.0005119922e-02 
  1.4687085006e+21   7.8396406449e+18   2.1137664811e+62   1.8358733299e-24   4.6783606694e-14   4.9856602130e+04   2.0001203735e-02 
  1.4764104991e+21   7.7019984618e+18   2.0987465016e+62   1.9507966254e-24   4.8331106049e-14   5.5873746955e+04   2.0000451622e-02 
  1.4842587369e+21   7.8482378512e+18   2.1612391618e+62   2.0978208410e-24   5.0382568392e-14   6.2581235437e+04   2.0000174747e-02 
  1.4919155902e+21   7.6568532952e+18   2.1306783312e+62   2.2568240848e-24   5.2275378307e-14   6.9523993288e+04   2.0000059717e-02 
  1.4991728486e+21   7.2572583478e+18   2.0397728969e+62   2.4061529765e-24   5.4212552884e-14   7.5524951676e+04   2.0000019174e-02 
  1.5059413064e+21   6.7684578274e+18   1.9202699362e+62   2.5413693970e-24   5.5928447542e-14   8.0494098045e+04   2.0000005984e-02 
  1.5122274079e+21   6.2861014829e+18   1.7989492622e+62   2.6636294880e-24   5.7502223852e-14   8.4742027176e+04   2.0000001756e-02 
  1.5181868271e+21   5.9594192611e+18   1.7193265417e+62   2.7833467526e-24   5.9060599450e-14   8.8614022406e+04   2.0000000502e-02 
  1.5237955115e+21   5.6086844216e+18   1.6305148031e+62   2.9029852967e-24   6.0594837863e-14   9.2301197682e+04   2.0000000134e-02 
  1.5291288732e+21   5.3333616341e+18   1.5616490542e+62   3.0224324652e-24   6.2105053261e-14   9.5786318384e+04   2.0000000035e-02 
  1.5340470781e+21   4.9182049652e+18   1.4497755035e+62   3.1398007711e-24   6.3568832595e-14   9.9028571171e+04   2.0000000008e-02 
  1.5385368964e+21   4.4898182704e+18   1.3316388803e+62   3.2520884729e-24   6.4951760341e-14   1.0198096770e+05   2.0000000002e-02 
  1.5428105710e+21   4.2736745561e+18   1.2747732651e+62   3.3606949170e-24   6.6274365431e-14   1.0469323944e+05   2.0000000000e-02 
  1.5469214057e+21   4.1108346958e+18   1.2328826968e+62   3.4658885687e-24   6.7542344286e-14   1.0721613283e+05   2.0000000000e-02 
  1.5507414257e+21   3.8200200513e+18   1.1515532486e+62   3.5643512853e-24   6.8719115320e-14   1.0946214025e+05   2.0000000000e-02 
  1.5543823781e+21   3.6409523508e+18   1.1028664062e+62   3.6578261060e-24   6.9877484765e-14   1.1149361904e+05   2.0000000000e-02 
  1.5578927782e+21   3.5104000963e+18   1.0682247761e+62   3.7499183356e-24   7.1018017485e-14   1.1353472818e+05   2.0000000000e-02 
  1.5612713065e+21   3.3785283708e+18   1.0326521555e+62   3.8461663785e-24   7.2200925097e-14   1.1553562683e+05   2.0000000000e-02 
  1.5649216550e+21   3.6503484767e+18   1.1207686074e+62   3.9487609201e-24   7.3452070242e-14   1.1770435235e+05   2.0000000000e-02 
  1.5687125477e+21   3.7908927051e+18   1.1694675475e+62   4.0671223123e-24   7.4884053659e-14   1.2006694217e+05   2.0000000000e-02 
  1.5723012696e+21   3.5887218770e+18   1.1123195171e+62   4.1913798752e-24   7.6372959098e-14   1.2252987419e+05   2.0000000000e-02 
  1.5757750427e+21   3.4737730736e+18   1.0815385315e+62   4.3198320211e-24   7.7898283040e-14   1.2495634589e+05   2.0000000000e-02 
  1.5792091979e+21   3.4341552109e+18   1.0739012613e+62   4.4537161874e-24   7.9473606459e-14   1.2742144911e+05   2.0000000000e-02 
  1.5825977533e+21   3.3885554351e+18   1.0642295991e+62   4.5949830537e-24   8.1120116626e-14   1.2993931712e+05   2.0000000000e-02 
  1.5858713882e+21   3.2736348748e+18   1.0324742509e+62   4.7419580741e-24   8.2816353909e-14   1.3247102396e+05   2.0000000000e-02 
  1.5888630466e+21   2.9916584327e+18   9.4727660947e+61   4.8850659174e-24   8.4454100449e-14   1.3485545428e+05   2.0000000000e-02 
  1.5917197103e+21   2.8566636540e+18   9.0786756174e+61   5.0144835412e-24   8.5921240312e-14   1.3691043649e+05   2.0000000000e-02 
  1.5944484379e+21   2.7287276703e+18   8.7025706384e+61   5.1340920560e-24   8.7267433457e-14   1.3873001614e+05   2.0000000000e-02 
  1.5968954797e+21   2.4470417155e+18   7.8295814859e+61   5.2445630384e-24   8.8551935627e-14   1.4035619688e+05   2.0000000000e-02 
  1.5992338561e+21   2.3383764699e+18   7.5043498601e+61   5.3494970522e-24   8.9764893118e-14   1.4187979382e+05   2.0000000000e-02 
  1.6015360045e+21   2.3021484187e+18   7.4095556554e+61   5.4545294888e-24   9.0972264252e-14   1.4337294124e+05   2.0000000000e-02 
  1.6038036787e+21   2.2676741089e+18   7.3194543628e+61   5.5610565612e-24   9.2190140075e-14   1.4485798941e+05   2.0000000000e-02 
  1.6059781448e+21   2.1744661856e+18   7.0380706872e+61   5.6674212987e-24   9.3400005452e-14   1.4630904171e+05   2.0000000000e-02 
  1.6078754191e+21   1.8972742255e+18   6.1564761214e+61   5.7668267113e-24   9.4525015531e-14   1.4763704265e+05   2.0000000000e-02 
  1.6096806094e+21   1.8051903002e+18   5.8711766279e+61   5.8583263135e-24   9.5555773271e-14   1.4883321600e+05   2.0000000000e-02 
  1.6114632211e+21   1.7826117772e+18   5.8106795206e+61   5.9477553907e-24   9.6558857114e-14   1.4997792061e+05   2.0000000000e-02 
  1.6132354226e+21   1.7722014615e+18   5.7895029119e+61   6.0370071654e-24   9.7555739418e-14   1.5109682319e+05   2.0000000000e-02 
  1.6149987668e+21   1.7633442402e+18   5.7732064065e+61   6.1263958521e-24   9.8550012880e-14   1.5219439101e+05   2.0000000000e-02 
  1.6167538637e+21   1.7550968128e+18   5.7587366026e+61   6.2159995821e-24   9.9542597537e-14   1.5327188178e+05   2.0000000000e-02 
  1.6185007182e+21   1.7468545526e+18   5.7441210411e+61   6.3059036239e-24   1.0053446776e-13   1.5433094804e+05   2.0000000000e-02 
  1.6202391329e+21   1.7384146764e+18   5.7286913554e+61   6.3962277068e-24   1.0152695684e-13   1.5537446377e+05   2.0000000000e-02 
  1.6219611110e+21   1.7219781453e+18   5.6866593985e+61   6.4869695571e-24   1.0252004910e-13   1.5640411741e+05   2.0000000000e-02 
  1.6236114320e+21   1.6503209882e+18   5.4613621277e+61   6.5767083798e-24   1.0349831819e-13   1.5740512724e+05   2.0000000000e-02 
  1.6249838109e+21   1.3723789044e+18   4.5500392205e+61   6.6583656065e-24   1.0438525599e-13   1.5830270528e+05   2.0000000000e-02 
  1.6262767478e+21   1.2929368305e+18   4.2936906731e+61   6.7315358481e-24   1.0517813782e-13   1.5909707236e+05   2.0000000000e-02 
  1.6275560582e+21   1.2793104722e+18   4.2551641371e+61   6.8035856318e-24   1.0595646392e-13   1.5987138163e+05   2.0000000000e-02 
  1.6288235391e+21   1.2674808344e+18   4.2224191813e+61   6.8768159035e-24   1.0674507905e-13   1.6065407956e+05   2.0000000000e-02 
  1.6300310447e+21   1.2075056584e+18   4.0287380547e+61   6.9508924426e-24   1.0754018495e-13   1.6144135915e+05   2.0000000000e-02 
  1.6310141073e+21   9.8306255587e+17   3.2843139455e+61   7.0196173470e-24   1.0825664630e-13   1.6216667308e+05   2.0000000000e-02 
  1.6321410153e+21   1.1269080161e+18   3.7697608281e+61   7.0877288229e-24   1.0896250122e-13   1.6287762442e+05   2.0000000000e-02 
  1.6331055196e+21   9.6450425932e+17   3.2306208355e+61   7.1564859762e-24   1.0967293643e-13   1.6358817103e+05   2.0000000000e-02 
  1.6342266962e+21   1.1211766478e+18   3.7601963464e+61   7.2260914577e-24   1.1039026408e-13   1.6429754718e+05   2.0000000000e-02 
  1.6351822072e+21   9.5551101996e+17   3.2086627108e+61   7.2950930858e-24   1.1110101899e-13   1.6499236345e+05   2.0000000000e-02 
  1.6362918203e+21   1.1096130448e+18   3.7308552243e+61   7.3628234749e-24   1.1179691719e-13   1.6565826410e+05   2.0000000000e-02 
  1.6372384762e+21   9.4665592662e+17   3.1869464954e+61   7.4280185469e-24   1.1246525030e-13   1.6628333350e+05   2.0000000000e-02 
  1.6383404297e+21   1.1019535147e+18   3.7144053387e+61   7.4893797681e-24   1.1309291437e-13   1.6684837923e+05   2.0000000000e-02 
  1.6392225159e+21   8.8208621952e+17   2.9768914769e+61   7.5445943224e-24   1.1365760381e-13   1.6733704664e+05   2.0000000000e-02 
  1.6400368437e+21   8.1432777351e+17   2.7510638003e+61   7.5891545540e-24   1.1411315648e-13   1.6771424527e+05   2.0000000000e-02 
  1.6408586366e+21   8.2179290411e+17   2.7790544709e+61   7.6302471940e-24   1.1453386845e-13   1.6805378911e+05   2.0000000000e-02 
  1.6416658589e+21   8.0722227443e+17   2.7324924461e+61   7.6707236270e-24   1.1496199045e-13   1.6838456721e+05   2.0000000000e-02 
  1.6424253417e+21   7.5948278492e+17   2.5733462941e+61   7.7100924280e-24   1.1537771658e-13   1.6870894534e+05   2.0000000000e-02 
  1.6428982361e+21   4.7289448079e+17   1.6035053823e+61   7.7414747920e-24   1.1570866704e-13   1.6896708836e+05   2.0000000000e-02 
  1.6433070465e+21   4.0881032589e+17   1.3869509765e+61   7.7641682436e-24   1.1594774857e-13   1.6915451014e+05   2.0000000000e-02 
  1.6437067796e+21   3.9973314154e+17   1.3568226764e+61   7.7852338416e-24   1.1616950189e-13   1.6932797048e+05   2.0000000000e-02 
  1.6441106562e+21   4.0387660480e+17   1.3715573130e+61   7.8063192823e-24   1.1639129778e-13   1.6950238845e+05   2.0000000000e-02 
  1.6445164270e+21   4.0577078920e+17   1.3786686898e+61   7.8277949046e-24   1.1661702147e-13   1.6967924369e+05   2.0000000000e-02 
  1.6449224283e+21   4.0600129734e+17   1.3801329748e+61   7.8494483757e-24   1.1684444032e-13   1.6985848019e+05   2.0000000000e-02 
  1.6453279196e+21   4.0549127804e+17   1.3790794261e+61   7.8713234671e-24   1.1707400742e-13   1.7003852034e+05   2.0000000000e-02 
  1.6457330642e+21   4.0514461105e+17   1.3785794530e+61   7.8932764710e-24   1.1730421435e-13   1.7022013275e+05   2.0000000000e-02 
  1.6461378995e+21   4.0483527949e+17   1.3782050391e+61   7.9154274007e-24   1.1753631655e-13   1.7040219488e+05   2.0000000000e-02 
  1.6465425068e+21   4.0460737009e+17   1.3781066326e+61   7.9376479703e-24   1.1776896570e-13   1.7058565071e+05   2.0000000000e-02 
  1.6469468917e+21   4.0438490416e+17   1.3780258022e+61   7.9600517245e-24   1.1800335038e-13   1.7076939045e+05   2.0000000000e-02 
  1.6473510370e+21   4.0414522666e+17   1.3778853258e+61   7.9825196888e-24   1.1823821823e-13   1.7095426980e+05   2.0000000000e-02 
  1.6477549257e+21   4.0388875357e+17   1.3776865076e+61   8.0051471605e-24   1.1847456812e-13   1.7113933140e+05   2.0000000000e-02 
  1.6481585563e+21   4.0363055212e+17   1.3774806684e+61   8.0278411009e-24   1.1871141871e-13   1.7132527984e+05   2.0000000000e-02 
  1.6485619303e+21   4.0337401390e+17   1.3772793798e+61   8.0506748807e-24   1.1894953959e-13   1.7151142794e+05   2.0000000000e-02 
  1.6489650494e+21   4.0311912372e+17   1.3770826013e+61   8.0735851687e-24   1.1918826156e-13   1.7169829594e+05   2.0000000000e-02 
  1.6493679084e+21   4.0285897898e+17   1.3768667470e+61   8.0966228263e-24   1.1942811741e-13   1.7188544077e+05   2.0000000000e-02 
  1.6497705085e+21   4.0260005422e+17   1.3766539264e+61   8.1197464601e-24   1.1966867038e-13   1.7207321541e+05   2.0000000000e-02 
  1.6501728465e+21   4.0233802399e+17   1.3764293468e+61   8.1429936314e-24   1.1991031072e-13   1.7226132631e+05   2.0000000000e-02 
  1.6505749151e+21   4.0206863925e+17   1.3761784405e+61   8.1663289659e-24   1.2015266959e-13   1.7245006096e+05   2.0000000000e-02 
  1.6509767165e+21   4.0180142823e+17   1.3759337954e+61   8.1897938513e-24   1.2039617199e-13   1.7263911260e+05   2.0000000000e-02 
  1.6513782441e+21   4.0152754583e+17   1.3756651147e+61   8.2133410009e-24   1.2064032935e-13   1.7282885749e+05   2.0000000000e-02 
  1.6517794962e+21   4.0125207726e+17   1.3753897893e+61   8.2370297489e-24   1.2088574069e-13   1.7301884790e+05   2.0000000000e-02 
  1.6521804748e+21   4.0097867001e+17   1.3751203207e+61   8.2607912429e-24   1.2113167509e-13   1.7320957780e+05   2.0000000000e-02 
  1.6525811745e+21   4.0069962120e+17   1.3748302873e+61   8.2846947135e-24   1.2137887654e-13   1.7340040316e+05   2.0000000000e-02 
  1.6529815962e+21   4.0042170769e+17   1.3745429206e+61   8.3086591167e-24   1.2162650572e-13   1.7359190156e+05   2.0000000000e-02 
  1.6533817355e+21   4.0013931355e+17   1.3742389365e+61   8.3327600993e-24   1.2187534275e-13   1.7378340275e+05   2.0000000000e-02 
  1.6537815923e+21   3.9985680625e+17   1.3739333161e+61   8.3569179911e-24   1.2212456211e-13   1.7397548185e+05   2.0000000000e-02 
  1.6541811631e+21   3.9957086314e+17   1.3736146337e+61   8.3812037988e-24   1.2237489639e-13   1.7416751094e+05   2.0000000000e-02 
  1.6545804504e+21   3.9928724655e+17   1.3733026906e+61   8.4055454689e-24   1.2262559927e-13   1.7436001106e+05   2.0000000000e-02 
  1.6549794467e+21   3.9899628517e+17   1.3729642150e+61   8.4300064001e-24   1.2287732395e-13   1.7455242707e+05   2.0000000000e-02 
  1.6553781548e+21   3.9870814149e+17   1.3726341535e+61   8.4545224926e-24   1.2312940757e-13   1.7474522097e+05   2.0000000000e-02 
  1.6557765718e+21   3.9841699271e+17   1.3722924643e+61   8.4791511962e-24   1.2338244056e-13   1.7493790471e+05   2.0000000000e-02 
  1.6561746979e+21   3.9812609425e+17   1.3719503490e+61   8.5038341360e-24   1.2363582071e-13   1.7513090434e+05   2.0000000000e-02 
  1.6565725343e+21   3.9783643184e+17   1.3716112087e+61   8.5286256275e-24   1.2389010484e-13   1.7532377583e+05   2.0000000000e-02 
  1.6569700775e+21   3.9754320595e+17   1.3712584930e+61   8.5534709268e-24   1.2414472952e-13   1.7551692677e+05   2.0000000000e-02 
  1.6573673266e+21   3.9724904585e+17   1.3709012542e+61   8.5784230998e-24   1.2440023736e-13   1.7570993962e+05   2.0000000000e-02 
  1.6577642817e+21   3.9695508165e+17   1.3705433895e+61   8.6034289816e-24   1.2465608267e-13   1.7590321918e+05   2.0000000000e-02 
  1.6581609416e+21   3.9665996981e+17   1.3701802583e+61   8.6285431798e-24   1.2491282234e-13   1.7609635562e+05   2.0000000000e-02 
  1.6585573057e+21   3.9636408013e+17   1.3698131319e+61   8.6537107460e-24   1.2516989321e-13   1.7628977636e+05   2.0000000000e-02 
  1.6589533757e+21   3.9606995755e+17   1.3694508070e+61   8.6789906831e-24   1.2542789833e-13   1.7648305155e+05   2.0000000000e-02 
  1.6593491482e+21   3.9577247922e+17   1.3690755700e+61   8.7043233870e-24   1.2568622440e-13   1.7667664974e+05   2.0000000000e-02 
  1.6597446209e+21   3.9547272697e+17   1.3686911444e+61   8.7297741518e-24   1.2594553999e-13   1.7687010112e+05   2.0000000000e-02 
  1.6601397939e+21   3.9517303848e+17   1.3683056118e+61   8.7552764400e-24   1.2620516175e-13   1.7706392625e+05   2.0000000000e-02 
  1.6605346517e+21   3.9485775367e+17   1.3678647105e+61   8.7809035156e-24   1.2646583804e-13   1.7725759895e+05   2.0000000000e-02 
  1.6609291944e+21   3.9454273680e+17   1.3674233343e+61   8.8065802565e-24   1.2672679939e-13   1.7745169743e+05   2.0000000000e-02 
  1.6613234203e+21   3.9422590440e+17   1.3669742593e+61   8.8323894351e-24   1.2698888942e-13   1.7764563789e+05   2.0000000000e-02 
  1.6617173340e+21   3.9391372711e+17   1.3665399270e+61   8.8582474158e-24   1.2725125343e-13   1.7784006965e+05   2.0000000000e-02 
  1.6621109310e+21   3.9359695281e+17   1.3660882488e+61   8.8842469416e-24   1.2751483471e-13   1.7803434305e+05   2.0000000000e-02 
  1.6625042103e+21   3.9327934289e+17   1.3656322592e+61   8.9102939217e-24   1.2777867368e-13   1.7822917911e+05   2.0000000000e-02 
  1.6628971897e+21   3.9297936163e+17   1.3652361145e+61   8.9364924210e-24   1.2804382701e-13   1.7842386127e+05   2.0000000000e-02 
  1.6632898997e+21   3.9270996298e+17   1.3649449658e+61   8.9627389661e-24   1.2830924146e-13   1.7861920035e+05   2.0000000000e-02 
  1.6636823398e+21   3.9244011326e+17   1.3646510738e+61   8.9891500013e-24   1.2857609707e-13   1.7881440363e+05   2.0000000000e-02 
  1.6640744914e+21   3.9215166910e+17   1.3642913004e+61   9.0156082815e-24   1.2884320291e-13   1.7901034594e+05   2.0000000000e-02 
  1.6644663282e+21   3.9183674117e+17   1.3638380576e+61   9.0422396900e-24   1.2911183242e-13   1.7920613532e+05   2.0000000000e-02 
  1.6648578302e+21   3.9150202122e+17   1.3633144802e+61   9.0689139971e-24   1.2938066551e-13   1.7940272225e+05   2.0000000000e-02 
  1.6652489859e+21   3.9115573104e+17   1.3627490898e+61   9.0957702028e-24   1.2965110570e-13   1.7959913440e+05   2.0000000000e-02 
  1.6656397944e+21   3.9080849923e+17   1.3621788665e+61   9.1226666193e-24   1.2992171932e-13   1.7979641782e+05   2.0000000000e-02 
  1.6660302492e+21   3.9045478981e+17   1.3615844953e+61   9.1497558925e-24   1.3019404518e-13   1.7999352301e+05   2.0000000000e-02 
  1.6664203532e+21   3.9010396135e+17   1.3609985926e+61   9.1768828811e-24   1.3046651640e-13   1.8019158822e+05   2.0000000000e-02 
  1.6668101021e+21   3.8974888174e+17   1.3603962778e+61   9.2042149577e-24   1.3074081738e-13   1.8038947280e+05   2.0000000000e-02 
  1.6671994943e+21   3.8939219180e+17   1.3597867481e+61   9.2315833545e-24   1.3101524672e-13   1.8058839996e+05   2.0000000000e-02 
  1.6675885261e+21   3.8903182207e+17   1.3591627620e+61   9.2591678823e-24   1.3129161090e-13   1.8078714127e+05   2.0000000000e-02 
  1.6679771963e+21   3.8867023203e+17   1.3585328948e+61   9.2867871599e-24   1.3156808434e-13   1.8098700363e+05   2.0000000000e-02 
  1.6683654975e+21   3.8830115298e+17   1.3578752132e+61   9.3146332584e-24   1.3184659398e-13   1.8118667474e+05   2.0000000000e-02 
  1.6687534317e+21   3.8793421991e+17   1.3572233858e+61   9.3425135364e-24   1.3212520370e-13   1.8138752687e+05   2.0000000000e-02 
  1.6691409912e+21   3.8755954369e+17   1.3565428053e+61   9.3706292596e-24   1.3240592962e-13   1.8158818558e+05   2.0000000000e-02 
  1.6695281753e+21   3.8718408547e+17   1.3558578047e+61   9.3987774214e-24   1.3268673548e-13   1.8179008666e+05   2.0000000000e-02 
  1.6699149799e+21   3.8680456686e+17   1.3551568917e+61   9.4271681104e-24   1.3296971926e-13   1.8199179719e+05   2.0000000000e-02 
  1.6703014032e+21   3.8642329974e+17   1.3544481458e+61   9.4555956113e-24   1.3325282516e-13   1.8219476673e+05   2.0000000000e-02 
  1.6706874403e+21   3.8603714231e+17   1.3537205368e+61   9.4842637269e-24   1.3353808370e-13   1.8239759965e+05   2.0000000000e-02 
  1.6710730927e+21   3.8565239099e+17   1.3529961291e+61   9.5129810719e-24   1.3382358303e-13   1.8260164447e+05   2.0000000000e-02 
  1.6714583528e+21   3.8526007638e+17   1.3522434434e+61   9.5419308260e-24   1.3411114749e-13   1.8280564550e+05   2.0000000000e-02 
  1.6718432214e+21   3.8486858938e+17   1.3514919036e+61   9.5709467552e-24   1.3439911618e-13   1.8301077491e+05   2.0000000000e-02 
  1.6722276941e+21   3.8447267637e+17   1.3507230552e+61   9.6001819785e-24   1.3468901361e-13   1.8321598286e+05   2.0000000000e-02 
  1.6726117680e+21   3.8407395621e+17   1.3499425617e+61   9.6295033398e-24   1.3497950826e-13   1.8342221350e+05   2.0000000000e-02 
  1.6729954406e+21   3.8367261693e+17   1.3491510676e+61   9.6590273441e-24   1.3527176049e-13   1.8362866378e+05   2.0000000000e-02 
  1.6733787097e+21   3.8326909928e+17   1.3483501080e+61   9.6886601272e-24   1.3556482901e-13   1.8383601149e+05   2.0000000000e-02 
  1.6737615705e+21   3.8286077370e+17   1.3475304128e+61   9.7184775244e-24   1.3585947051e-13   1.8404372846e+05   2.0000000000e-02 
  1.6741440224e+21   3.8245188214e+17   1.3467068926e+61   9.7484281864e-24   1.3615516499e-13   1.8425220714e+05   2.0000000000e-02 
  1.6745260610e+21   3.8203859225e+17   1.3458660410e+61   9.7785463341e-24   1.3645225632e-13   1.8446120958e+05   2.0000000000e-02 
  1.6749076830e+21   3.8162201511e+17   1.3450117479e+61   9.8088218068e-24   1.3675063229e-13   1.8467086035e+05   2.0000000000e-02 
  1.6752888873e+21   3.8120426528e+17   1.3441514511e+61   9.8392517313e-24   1.3705026868e-13   1.8488119529e+05   2.0000000000e-02 
  1.6756696683e+21   3.8078108260e+17   1.3432701126e+61   9.8698619265e-24   1.3735140924e-13   1.8509212804e+05   2.0000000000e-02 
  1.6760500241e+21   3.8035573497e+17   1.3423792348e+61   9.9006233917e-24   1.3765375744e-13   1.8530391302e+05   2.0000000000e-02 
  1.6764299516e+21   3.7992753593e+17   1.3414763808e+61   9.9315818168e-24   1.3795766902e-13   1.8551624029e+05   2.0000000000e-02 
  1.6768094470e+21   3.7949541874e+17   1.3405577647e+61   9.9626723096e-24   1.3826261394e-13   1.8572935371e+05   2.0000000000e-02 
  1.6771885079e+21   3.7906090601e+17   1.3396287449e+61   9.9939515400e-24   1.3856914074e-13   1.8594282079e+05   2.0000000000e-02 
  1.6775671331e+21   3.7862516795e+17   1.3386934461e+61   1.0025351752e-23   1.3887658355e-13   1.8615702270e+05   2.0000000000e-02 
  1.6779453178e+21   3.7818464582e+17   1.3377392708e+61   1.0056939386e-23   1.3918558871e-13   1.8637149835e+05   2.0000000000e-02 
  1.6783230619e+21   3.7774415027e+17   1.3367832181e+61   1.0088643322e-23   1.3949545800e-13   1.8658667331e+05   2.0000000000e-02 
  1.6787003620e+21   3.7730012809e+17   1.3358127068e+61   1.0120533868e-23   1.3980687516e-13   1.8680208223e+05   2.0000000000e-02 
  1.6790772158e+21   3.7685376105e+17   1.3348319029e+61   1.0152537675e-23   1.4011912192e-13   1.8701816852e+05   2.0000000000e-02 
  1.6794536218e+21   3.7640599955e+17   1.3338441615e+61   1.0184729643e-23   1.4043292502e-13   1.8723444967e+05   2.0000000000e-02 
  1.6798295780e+21   3.7595619388e+17   1.3328471716e+61   1.0217030694e-23   1.4074751262e-13   1.8745140250e+05   2.0000000000e-02 
  1.6802050810e+21   3.7550305739e+17   1.3318363572e+61   1.0249524066e-23   1.4106369038e-13   1.8766849883e+05   2.0000000000e-02 
  1.6805801318e+21   3.7505079389e+17   1.3308266189e+61   1.0282120005e-23   1.4138058457e-13   1.8788627970e+05   2.0000000000e-02 
  1.6809547254e+21   3.7459354578e+17   1.3297971650e+61   1.0314912447e-23   1.4169910373e-13   1.8810415099e+05   2.0000000000e-02 
  1.6813288619e+21   3.7413652283e+17   1.3287664724e+61   1.0347802081e-23   1.4201828192e-13   1.8832271219e+05   2.0000000000e-02 
  1.6817025393e+21   3.7367736889e+17   1.3277261707e+61   1.0380888848e-23   1.4233908645e-13   1.8854132576e+05   2.0000000000e-02 
  1.6820757552e+21   3.7321591023e+17   1.3266756304e+61   1.0414073369e-23   1.4266054977e-13   1.8876059480e+05   2.0000000000e-02 
  1.6824485079e+21   3.7275270137e+17   1.3256168111e+61   1.0447449114e-23   1.4298357773e-13   1.8897991149e+05   2.0000000000e-02 
  1.6828207972e+21   3.7228935151e+17   1.3245554302e+61   1.0480930041e-23   1.4330733051e-13   1.8919980217e+05   2.0000000000e-02 
  1.6831926192e+21   3.7182191382e+17   1.3234774370e+61   1.0514589068e-23   1.4363251606e-13   1.8941978114e+05   2.0000000000e-02 
  1.6835639743e+21   3.7135512853e+17   1.3223996911e+61   1.0548364530e-23   1.4395853003e-13   1.8964022541e+05   2.0000000000e-02 
  1.6839348602e+21   3.7088593941e+17   1.3213113081e+61   1.0582301790e-23   1.4428581414e-13   1.8986082017e+05   2.0000000000e-02 
  1.6843052752e+21   3.7041494920e+17   1.3202144234e+61   1.0616368533e-23   1.4461404810e-13   1.9008176239e+05   2.0000000000e-02 
  1.6846752190e+21   3.6994383327e+17   1.3191150027e+61   1.0650582757e-23   1.4494340800e-13   1.9030291612e+05   2.0000000000e-02 
  1.6850446893e+21   3.6947032673e+17   1.3180049659e+61   1.0684937338e-23   1.4527381793e-13   1.9052433431e+05   2.0000000000e-02 
  1.6854136849e+21   3.6899559875e+17   1.3168884733e+61   1.0719430438e-23   1.4560526111e-13   1.9074602546e+05   2.0000000000e-02 
  1.6857822062e+21   3.6852126322e+17   1.3157712826e+61   1.0754074361e-23   1.4593785017e-13   1.9096794943e+05   2.0000000000e-02 
  1.6861502504e+21   3.6804416356e+17   1.3146421207e+61   1.0788859101e-23   1.4627148722e-13   1.9119021421e+05   2.0000000000e-02 
  1.6865178169e+21   3.6756651882e+17   1.3135089036e+61   1.0823809102e-23   1.4660640109e-13   1.9141276465e+05   2.0000000000e-02 
  1.6868849046e+21   3.6708771052e+17   1.3123694183e+61   1.0858908833e-23   1.4694230535e-13   1.9163572253e+05   2.0000000000e-02 
  1.6872515112e+21   3.6660662482e+17   1.3112196749e+61   1.0894161586e-23   1.4727935630e-13   1.9185884127e+05   2.0000000000e-02 
  1.6876176368e+21   3.6612556044e+17   1.3100678882e+61   1.0929543046e-23   1.4761733737e-13   1.9208217958e+05   2.0000000000e-02 
  1.6879832802e+21   3.6564340304e+17   1.3089100703e+61   1.0965067311e-23   1.4795638072e-13   1.9230562950e+05   2.0000000000e-02 
  1.6883484400e+21   3.6515981705e+17   1.3077450145e+61   1.1000724450e-23   1.4829638629e-13   1.9252928701e+05   2.0000000000e-02 
  1.6887131162e+21   3.6467621343e+17   1.3065777701e+61   1.1036532101e-23   1.4863751876e-13   1.9275314960e+05   2.0000000000e-02 
  1.6890773063e+21   3.6419004853e+17   1.3053992199e+61   1.1072496389e-23   1.4897982965e-13   1.9297737511e+05   2.0000000000e-02 
  1.6894410081e+21   3.6370185153e+17   1.3042112478e+61   1.1108644714e-23   1.4932357324e-13   1.9320211401e+05   2.0000000000e-02 
  1.6898042190e+21   3.6321091943e+17   1.3030113209e+61   1.1145009205e-23   1.4966904364e-13   1.9342767433e+05   2.0000000000e-02 
  1.6901669326e+21   3.6271360423e+17   1.3017863289e+61   1.1181643978e-23   1.5001674114e-13   1.9365449345e+05   2.0000000000e-02 
  1.6905291418e+21   3.6220916875e+17   1.3005335871e+61   1.1218631466e-23   1.5036742649e-13   1.9388323581e+05   2.0000000000e-02 
  1.6908908348e+21   3.6169301859e+17   1.2992365467e+61   1.1256091522e-23   1.5072220434e-13   1.9411491802e+05   2.0000000000e-02 
  1.6912519931e+21   3.6115829730e+17   1.2978704934e+61   1.1294201352e-23   1.5108270984e-13   1.9435110269e+05   2.0000000000e-02 
  1.6916126006e+21   3.6060750127e+17   1.2964442924e+61   1.1333272674e-23   1.5145181622e-13   1.9459291385e+05   2.0000000000e-02 
  1.6919726739e+21   3.6007331194e+17   1.2950754183e+61   1.1372087737e-23   1.5181921594e-13   1.9483267650e+05   2.0000000000e-02 
  1.6923322830e+21   3.5960907748e+17   1.2939559751e+61   1.1408465722e-23   1.5216371568e-13   1.9505120488e+05   2.0000000000e-02 
  1.6926915215e+21   3.5923846558e+17   1.2931716089e+61   1.1441956306e-23   1.5248073022e-13   1.9524470964e+05   2.0000000000e-02 
  1.6930504725e+21   3.5895100752e+17   1.2926851845e+61   1.1472771546e-23   1.5277200617e-13   1.9541558342e+05   2.0000000000e-02 
  1.6934091912e+21   3.5871874935e+17   1.2923964762e+61   1.1501922870e-23   1.5304700147e-13   1.9557139833e+05   2.0000000000e-02 
  1.6937676980e+21   3.5850675235e+17   1.2921798640e+61   1.1530438711e-23   1.5332264505e-13   1.9572279999e+05   2.0000000000e-02 
  1.6941259902e+21   3.5829223034e+17   1.2919532902e+61   1.1559120512e-23   1.5360090847e-13   1.9587597321e+05   2.0000000000e-02 
  1.6944840606e+21   3.5807035663e+17   1.2916993244e+61   1.1588153760e-23   1.5388240933e-13   1.9603152679e+05   2.0000000000e-02 
  1.6948418982e+21   3.5783766330e+17   1.2914054036e+61   1.1617581321e-23   1.5416755159e-13   1.9618967121e+05   2.0000000000e-02 
  1.6951994934e+21   3.5759513769e+17   1.2910750278e+61   1.1647380240e-23   1.5445612188e-13   1.9635053300e+05   2.0000000000e-02 
  1.6955568370e+21   3.5734361908e+17   1.2907111693e+61   1.1677557701e-23   1.5474818891e-13   1.9651377342e+05   2.0000000000e-02 
  1.6959139209e+21   3.5708394790e+17   1.2903168112e+61   1.1708050536e-23   1.5504313921e-13   1.9667929040e+05   2.0000000000e-02 
  1.6962707370e+21   3.5681605025e+17   1.2898916370e+61   1.1738864384e-23   1.5534101955e-13   1.9684657488e+05   2.0000000000e-02 
  1.6966272804e+21   3.5654341978e+17   1.2894482346e+61   1.1769925441e-23   1.5564110970e-13   1.9701560727e+05   2.0000000000e-02 
  1.6969835435e+21   3.5626308486e+17   1.2889758219e+61   1.1801247887e-23   1.5594355559e-13   1.9718589972e+05   2.0000000000e-02 
  1.6973395206e+21   3.5597708258e+17   1.2884817274e+61   1.1832862158e-23   1.5624862040e-13   1.9735693970e+05   2.0000000000e-02 
  1.6976952077e+21   3.5568709706e+17   1.2879720169e+61   1.1864681987e-23   1.5655532179e-13   1.9753018952e+05   2.0000000000e-02 
  1.6980506017e+21   3.5539403840e+17   1.2874499642e+61   1.1896428818e-23   1.5686143784e-13   1.9770647799e+05   2.0000000000e-02 
  1.6984056860e+21   3.5508429256e+17   1.2868662021e+61   1.1929082634e-23   1.5717609830e-13   1.9787883548e+05   2.0000000000e-02 
  1.6987604483e+21   3.5476226278e+17   1.2862365980e+61   1.1962350112e-23   1.5749595401e-13   1.9805110517e+05   2.0000000000e-02 
  1.6991149065e+21   3.5445819237e+17   1.2856707977e+61   1.1994350637e-23   1.5780268396e-13   1.9823968015e+05   2.0000000000e-02 
  1.6994690606e+21   3.5415411545e+17   1.2851037051e+61   1.2026369346e-23   1.5811242827e-13   1.9842956702e+05   2.0000000000e-02 
  1.6998225777e+21   3.5351710636e+17   1.2833264930e+61   1.2065112662e-23   1.5848504484e-13   1.9858912861e+05   2.0000000000e-02 
  1.7001754601e+21   3.5288238642e+17   1.2815548213e+61   1.2115287645e-23   1.5896273790e-13   1.9883474871e+05   2.0000000000e-02 
  1.7005320461e+21   3.5658602817e+17   1.2955457586e+61   1.2108220090e-23   1.5889762094e-13   1.9891111218e+05   2.0000000000e-02 
  1.7009376588e+21   4.0561273454e+17   1.4743298919e+61   1.1639488511e-23   1.5462668139e-13   1.9733578912e+05   2.0000000000e-02 
  1.7016465777e+21   7.0891887801e+17   2.5784825212e+61   8.7734905854e-24   1.2777002925e-13   1.6589556872e+05   2.0000000000e-02 
  1.7029570656e+21   1.3104878801e+18   4.7721712723e+61   3.5876034769e-24   7.0995859803e-14   7.0049534469e+04   2.0000000000e-02 
  1.7047276580e+21   1.7705923664e+18   6.4593276389e+61   2.4119034052e-24   5.4730871740e-14   1.3079800529e+04   2.0000000000e-02 
  1.7066345501e+21   1.9068921460e+18   6.9715880335e+61   2.2497607611e-24   5.2259235137e-14   1.7874080678e+03   2.0000000000e-02 
  1.7085636900e+21   1.9291398930e+18   7.0687964624e+61   2.2278430133e-24   5.1921621006e-14   2.3136137205e+02   2.0000000000e-02 
  1.7104957925e+21   1.9321025336e+18   7.0956698746e+61   2.2250046211e-24   5.1877832230e-14   2.9669708548e+01   2.0000000000e-02 
  1.7124282765e+21   1.9324839561e+18   7.1131234547e+61   2.2246406146e-24   5.1872213880e-14   3.7940853263e+00   2.0000000000e-02 
  1.7143608092e+21   1.9325327600e+18   7.1293762247e+61   2.2245940681e-24   5.1871495233e-14   4.8428287915e-01   2.0000000000e-02 
  1.7162933482e+21   1.9325389899e+18   7.1454907594e+61   2.2245881276e-24   5.1871403490e-14   6.1728264836e-02   2.0000000000e-02 
  1.7182258881e+21   1.9325398844e+18   7.1616037947e+61   2.2245873703e-24   5.1871391794e-14   7.8528848680e-03   2.0000000000e-02 
  1.7201584280e+21   1.9325398849e+18   7.1777316677e+61   2.2245872744e-24   5.1871390311e-14   9.9417002832e-04   2.0000000000e-02 
  1.7220909679e+21   1.9325399000e+18   7.1938777349e+61   2.2245872597e-24   5.1871390087e-14   1.0581885376e-04   2.0000000000e-02 
  1.7240235078e+21   1.9325399000e+18   7.2100418855e+61   2.2245872599e-24   5.1871390088e-14   9.4787220016e-06   2.0000000000e-02 
  1.7259560477e+21   1.9325399000e+18   7.2262241756e+61   2.2245872600e-24   5.1871390088e-14   4.7039266521e-06   2.0000000000e-02 
  1.7278885876e+21   1.9325399000e+18   7.2424246051e+61   2.2245872600e-24   5.1871390089e-14   4.7316738999e-06   2.0000000000e-02 
  1.7298211275e+21   1.9325399000e+18   7.2586431742e+61   2.2245872600e-24   5.1871390089e-14   4.8652768824e-06   2.0000000000e-02 
  1.7317536674e+21   1.9325399000e+18   7.2748798828e+61   2.2245872600e-24   5.1871390089e-14   4.9141265677e-06   2.0000000000e-02 
  1.7336862073e+21   1.9325399000e+18   7.2911347308e+61   2.2245872600e-24   5.1871390089e-14   4.9172771827e-06   2.0000000000e-02 
  1.7356187472e+21   1.9325399000e+18   7.3074077184e+61   2.2245872600e-24   5.1871390089e-14   4.9366958231e-06   2.0000000000e-02 
  1.7375512871e+21   1.9325399000e+18   7.3236988454e+61   2.2245872600e-24   5.1871390089e-14   4.9579034437e-06   2.0000000000e-02 
  1.7394838270e+21   1.9325399000e+18   7.3400081120e+61   2.2245872600e-24   5.1871390089e-14   4.9783054138e-06   2.0000000000e-02 
  1.7414163669e+21   1.9325399000e+18   7.3563355180e+61   2.2245872600e-24   5.1871390089e-14   5.0711130278e-06   2.0000000000e-02 
  1.7433489068e+21   1.9325399000e+18   7.3726810636e+61   2.2245872600e-24   5.1871390088e-14   5.1693499279e-06   2.0000000000e-02 
  1.7452814467e+21   1.9325399000e+18   7.3890447486e+61   2.2245872600e-24   5.1871390088e-14   5.1276045685e-06   2.0000000000e-02 
  1.7472139866e+21   1.9325399000e+18   7.4054265732e+61   2.2245872600e-24   5.1871390088e-14   4.9416813536e-06   2.0000000000e-02 
  1.7491465265e+21   1.9325399000e+18   7.4218265372e+61   2.2245872600e-24   5.1871390088e-14   4.6413919256e-06   2.0000000000e-02 
  1.7510790664e+21   1.9325399000e+18   7.4382446408e+61   2.2245872600e-24   5.1871390088e-14   4.3249677071e-06   2.0000000000e-02 
  1.7530116064e+21   1.9325400000e+18   7.4546812700e+61   2.2245872600e-24   5.1871390088e-14   4.1804138493e-06   2.0000000000e-02 
  1.7549441463e+21   1.9325399000e+18   7.4711352672e+61   2.2245872600e-24   5.1871390088e-14   4.1033225911e-06   2.0000000000e-02 
  1.7568766862e+21   1.9325399000e+18   7.4876077892e+61   2.2245872600e-24   5.1871390088e-14   3.9490257760e-06   2.0000000000e-02 
  1.7588092261e+21   1.9325399000e+18   7.5040984508e+61   2.2245872600e-24   5.1871390088e-14   3.8014956656e-06   2.0000000000e-02 
  1.7607417660e+21   1.9325399000e+18   7.5206072518e+61   2.2245872600e-24   5.1871390088e-14   3.6619599553e-06   2.0000000000e-02 
  1.7626743059e+21   1.9325399000e+18   7.5371341924e+61   2.2245872600e-24   5.1871390088e-14   3.5963431464e-06   2.0000000000e-02 
  1.7646068458e+21   1.9325399000e+18   7.5536792724e+61   2.2245872600e-24   5.1871390088e-14   3.6581535496e-06   2.0000000000e-02 
  1.7665393857e+21   1.9325399000e+18   7.5702424919e+61   2.2245872600e-24   5.1871390088e-14   3.5463894334e-06   2.0000000000e-02 
  1.7684719256e+21   1.9325399000e+18   7.5868238509e+61   2.2245872600e-24   5.1871390088e-14   3.4100089201e-06   2.0000000000e-02 
  1.7704044655e+21   1.9325399000e+18   7.6034233495e+61   2.2245872600e-24   5.1871390088e-14   3.4040067942e-06   2.0000000000e-02 
  1.7723370054e+21   1.9325399000e+18   7.6200409875e+61   2.2245872600e-24   5.1871390088e-14   3.6215840963e-06   2.0000000000e-02 
  1.7742695453e+21   1.9325399000e+18   7.6366767650e+61   2.2245872600e-24   5.1871390088e-14   3.9405943605e-06   2.0000000000e-02 
  1.7762020852e+21   1.9325399000e+18   7.6533306820e+61   2.2245872600e-24   5.1871390088e-14   4.1383426412e-06   2.0000000000e-02 
  1.7781346251e+21   1.9325399000e+18   7.6700027385e+61   2.2245872600e-24   5.1871390088e-14   4.1649558972e-06   2.0000000000e-02 
  1.7800671650e+21   1.9325399000e+18   7.6866929346e+61   2.2245872600e-24   5.1871390088e-14   3.9744185162e-06   2.0000000000e-02 
  1.7819997049e+21   1.9325399000e+18   7.7034012701e+61   2.2245872600e-24   5.1871390087e-14   3.7639802947e-06   2.0000000000e-02 
  1.7839322448e+21   1.9325399000e+18   7.7201277451e+61   2.2245872600e-24   5.1871390087e-14   3.6657052573e-06   2.0000000000e-02 
  1.7858647848e+21   1.9325400000e+18   7.7368727604e+61   2.2245872600e-24   5.1871390087e-14   3.4556667964e-06   2.0000000000e-02 
  1.7877973247e+21   1.9325399000e+18   7.7536351145e+61   2.2245872600e-24   5.1871390087e-14   2.9835195349e-06   2.0000000000e-02 
  1.7897298646e+21   1.9325399000e+18   7.7704160080e+61   2.2245872600e-24   5.1871390087e-14   2.5865613927e-06   2.0000000000e-02 
  1.7916624045e+21   1.9325399000e+18   7.7872150410e+61   2.2245872600e-24   5.1871390087e-14   2.1096776091e-06   2.0000000000e-02 
  1.7935949444e+21   1.9325399000e+18   7.8040322135e+61   2.2245872600e-24   5.1871390087e-14   1.6935258321e-06   2.0000000000e-02 
  1.7955274843e+21   1.9325399000e+18   7.8208675255e+61   2.2245872600e-24   5.1871390087e-14   1.5738464517e-06   2.0000000000e-02 
  1.7974600242e+21   1.9325399000e+18   7.8377209770e+61   2.2245872600e-24   5.1871390087e-14   1.5275823333e-06   2.0000000000e-02 
  1.7993925641e+21   1.9325399000e+18   7.8545925680e+61   2.2245872600e-24   5.1871390087e-14   1.5126863330e-06   2.0000000000e-02 
  1.8013251040e+21   1.9325399000e+18   7.8714822985e+61   2.2245872600e-24   5.1871390087e-14   1.5174966185e-06   2.0000000000e-02 
  1.8032576439e+21   1.9325399000e+18   7.8883901685e+61   2.2245872600e-24   5.1871390087e-14   1.4966308414e-06   2.0000000000e-02 
  1.8051901838e+21   1.9325399000e+18   7.9053161780e+61   2.2245872600e-24   5.1871390087e-14   1.4684722978e-06   2.0000000000e-02 
  1.8071227237e+21   1.9325399000e+18   7.9222603270e+61   2.2245872600e-24   5.1871390087e-14   1.4662683276e-06   2.0000000000e-02 
  1.8090552636e+21   1.9325399000e+18   7.9392226155e+61   2.2245872600e-24   5.1871390087e-14   1.4677862468e-06   2.0000000000e-02 
  1.8109878035e+21   1.9325399000e+18   7.9562030434e+61   2.2245872600e-24   5.1871390087e-14   1.5562549950e-06   2.0000000000e-02 
  1.8129203434e+21   1.9325399000e+18   7.9732016109e+61   2.2245872600e-24   5.1871390087e-14   1.5893885166e-06   2.0000000000e-02 
  1.8148528833e+21   1.9325399000e+18   7.9902183179e+61   2.2245872600e-24   5.1871390087e-14   1.5634651417e-06   2.0000000000e-02 
  1.8167854232e+21   1.9325399000e+18   8.0072531644e+61   2.2245872600e-24   5.1871390087e-14   1.5357897153e-06   2.0000000000e-02 
  1.8187179631e+21   1.9325399000e+18   8.0243061504e+61   2.2245872600e-24   5.1871390087e-14   1.5143916548e-06   2.0000000000e-02 
  1.8206505031e+21   1.9325400000e+18   8.0413776924e+61   2.2245872600e-24   5.1871390087e-14   1.4929859984e-06   2.0000000000e-02 
  1.8225830430e+21   1.9325399000e+18   8.0584665417e+61   2.2245872600e-24   5.1871390087e-14   1.4938755629e-06   2.0000000000e-02 
  1.8245155829e+21   1.9325399000e+18   8.0755739462e+61   2.2245872600e-24   5.1871390087e-14   1.5566006693e-06   2.0000000000e-02 
  1.8264481228e+21   1.9325399000e+18   8.0926994902e+61   2.2245872600e-24   5.1871390087e-14   1.7845595983e-06   2.0000000000e-02 
  1.8283806627e+21   1.9325399000e+18   8.1098431736e+61   2.2245872600e-24   5.1871390087e-14   2.1994741789e-06   2.0000000000e-02 
  1.8303132026e+21   1.9325399000e+18   8.1270049966e+61   2.2245872600e-24   5.1871390087e-14   2.4503345761e-06   2.0000000000e-02 
  1.8322457425e+21   1.9325399000e+18   8.1441849591e+61   2.2245872600e-24   5.1871390087e-14   2.4575211689e-06   2.0000000000e-02 
  1.8341782824e+21   1.9325399000e+18   8.1613830610e+61   2.2245872600e-24   5.1871390087e-14   2.4265997671e-06   2.0000000000e-02 
  1.8361108223e+21   1.9325399000e+18   8.1785993025e+61   2.2245872600e-24   5.1871390087e-14   2.4423149734e-06   2.0000000000e-02 
  1.8380433622e+21   1.9325399000e+18   8.1958336835e+61   2.2245872600e-24   5.1871390087e-14   2.4748494443e-06   2.0000000000e-02 
  1.8399759021e+21   1.9325399000e+18   8.2130862039e+61   2.2245872600e-24   5.1871390087e-14   2.4581408339e-06   2.0000000000e-02 
  1.8419084420e+21   1.9325399000e+18   8.2303568639e+61   2.2245872600e-24   5.1871390087e-14   2.4897021906e-06   2.0000000000e-02 
  1.8438409819e+21   1.9325399000e+18   8.2476456633e+61   2.2245872600e-24   5.1871390087e-14   2.5663775213e-06   2.0000000000e-02 
  1.8457735218e+21   1.9325399000e+18   8.2649526023e+61   2.2245872600e-24   5.1871390087e-14   2.6274808873e-06   2.0000000000e-02 
  1.8477060617e+21   1.9325399000e+18   8.2822776807e+61   2.2245872600e-24   5.1871390088e-14   3.2931260693e-06   2.0000000000e-02 
  1.8496386016e+21   1.9325399000e+18   8.2996208987e+61   2.2245872600e-24   5.1871390088e-14   4.0143923039e-06   2.0000000000e-02 
  1.8515711415e+21   1.9325399000e+18   8.3169822561e+61   2.2245872600e-24   5.1871390088e-14   4.2001906195e-06   2.0000000000e-02 
  1.8535036815e+21   1.9325400000e+18   8.3343621848e+61   2.2245872600e-24   5.1871390088e-14   4.2173745347e-06   2.0000000000e-02 
  1.8554362214e+21   1.9325399000e+18   8.3517593904e+61   2.2245872600e-24   5.1871390088e-14   4.2214152146e-06   2.0000000000e-02 
  1.8573687613e+21   1.9325399000e+18   8.3691751664e+61   2.2245872600e-24   5.1871390088e-14   4.2346931565e-06   2.0000000000e-02 
  1.8593013012e+21   1.9325399000e+18   8.3866090818e+61   2.2245872600e-24   5.1871390088e-14   4.2011355099e-06   2.0000000000e-02 
  1.8612338411e+21   1.9325399000e+18   8.4040611368e+61   2.2245872600e-24   5.1871390088e-14   4.0991886340e-06   2.0000000000e-02 
  1.8631663810e+21   1.9325399000e+18   8.4215313312e+61   2.2245872600e-24   5.1871390088e-14   4.0150151369e-06   2.0000000000e-02 
  1.8650989209e+21   1.9325399000e+18   8.4390196651e+61   2.2245872600e-24   5.1871390088e-14   3.9886208351e-06   2.0000000000e-02 
  1.8670314608e+21   1.9325399000e+18   8.4565261386e+61   2.2245872600e-24   5.1871390088e-14   3.9851291722e-06   2.0000000000e-02 
  1.8689640007e+21   1.9325399000e+18   8.4740507515e+61   2.2245872600e-24   5.1871390088e-14   3.9776380548e-06   2.0000000000e-02 
  1.8708965406e+21   1.9325399000e+18   8.4915935039e+61   2.2245872600e-24   5.1871390088e-14   3.9653949767e-06   2.0000000000e-02 
  1.8728290805e+21   1.9325399000e+18   8.5091543959e+61   2.2245872600e-24   5.1871390088e-14   3.9140458361e-06   2.0000000000e-02 
  1.8747616204e+21   1.9325399000e+18   8.5267334273e+61   2.2245872600e-24   5.1871390088e-14   3.8573254650e-06   2.0000000000e-02 
  1.8766941603e+21   1.9325399000e+18   8.5443305982e+61   2.2245872600e-24   5.1871390088e-14   3.8250460039e-06   2.0000000000e-02 
  1.8786267002e+21   1.9325399000e+18   8.5619459086e+61   2.2245872600e-24   5.1871390088e-14   3.7951572885e-06   2.0000000000e-02 
  1.8805592401e+21   1.9325399000e+18   8.5795793586e+61   2.2245872600e-24   5.1871390088e-14   3.7370718497e-06   2.0000000000e-02 
  1.8824917800e+21   1.9325399000e+18   8.5972309480e+61   2.2245872600e-24   5.1871390088e-14   3.6458875178e-06   2.0000000000e-02 
  1.8844243199e+21   1.9325399000e+18   8.6149006769e+61   2.2245872600e-24   5.1871390088e-14   3.5834966776e-06   2.0000000000e-02 
  1.8863568598e+21   1.9325399000e+18   8.6325885453e+61   2.2245872600e-24   5.1871390088e-14   3.4962874923e-06   2.0000000000e-02 
  1.8882893998e+21   1.9325400000e+18   8.6502950013e+61   2.2245872600e-24   5.1871390088e-14   3.1682737595e-06   2.0000000000e-02 
  1.8902219397e+21   1.9325399000e+18   8.6680187016e+61   2.2245872600e-24   5.1871390088e-14   2.8661834094e-06   2.0000000000e-02 
  1.8921544796e+21   1.9325399000e+18   8.6857609885e+61   2.2245872600e-24   5.1871390088e-14   2.8578607950e-06   2.0000000000e-02 
  1.8940870195e+21   1.9325399000e+18   8.7035214149e+61   2.2245872600e-24   5.1871390088e-14   2.7947408744e-06   2.0000000000e-02 
  1.8960195594e+21   1.9325399000e+18   8.7212999808e+61   2.2245872600e-24   5.1871390088e-14   2.7076765714e-06   2.0000000000e-02 
  1.8979520993e+21   1.9325399000e+18   8.7390966862e+61   2.2245872600e-24   5.1871390088e-14   2.6658800184e-06   2.0000000000e-02 
  1.8998846392e+21   1.9325399000e+18   8.7569115311e+61   2.2245872600e-24   5.1871390088e-14   2.6344498865e-06   2.0000000000e-02 
  1.9018171791e+21   1.9325399000e+18   8.7747445155e+61   2.2245872600e-24   5.1871390088e-14   2.5958426566e-06   2.0000000000e-02 
  1.9037497190e+21   1.9325399000e+18   8.7925956394e+61   2.2245872600e-24   5.1871390088e-14   2.5439285549e-06   2.0000000000e-02 
  1.9056822589e+21   1.9325399000e+18   8.8104649028e+61   2.2245872600e-24   5.1871390088e-14   2.5049235098e-06   2.0000000000e-02 
  1.9076147988e+21   1.9325399000e+18   8.8283523057e+61   2.2245872600e-24   5.1871390088e-14   2.4598203541e-06   2.0000000000e-02 
  1.9095473387e+21   1.9325399000e+18   8.8462578481e+61   2.2245872600e-24   5.1871390088e-14   2.3805758055e-06   2.0000000000e-02 
  1.9114798786e+21   1.9325399000e+18   8.8641815300e+61   2.2245872600e-24   5.1871390088e-14   2.3418408113e-06   2.0000000000e-02 
  1.9134124185e+21   1.9325399000e+18   8.8821233514e+61   2.2245872600e-24   5.1871390088e-14   2.3357302134e-06   2.0000000000e-02 
  1.9153449584e+21   1.9325399000e+18   8.9000833123e+61   2.2245872600e-24   5.1871390088e-14   2.3155212462e-06   2.0000000000e-02 
  1.9172774983e+21   1.9325399000e+18   8.9180614127e+61   2.2245872600e-24   5.1871390088e-14   2.3149718949e-06   2.0000000000e-02 
  1.9192100382e+21   1.9325399000e+18   8.9360576526e+61   2.2245872600e-24   5.1871390088e-14   2.3074059974e-06   2.0000000000e-02 
  1.9211425782e+21   1.9325400000e+18   8.9540724957e+61   2.2245872600e-24   5.1871390088e-14   2.2964678524e-06   2.0000000000e-02 
  1.9230751181e+21   1.9325399000e+18   8.9721045518e+61   2.2245872600e-24   5.1871390088e-14   2.2864748933e-06   2.0000000000e-02 
  1.9250076580e+21   1.9325399000e+18   8.9901552101e+61   2.2245872600e-24   5.1871390088e-14   2.2802258865e-06   2.0000000000e-02 
  1.9269401979e+21   1.9325399000e+18   9.0082240080e+61   2.2245872600e-24   5.1871390088e-14   2.2475771897e-06   2.0000000000e-02 
  1.9288727378e+21   1.9325399000e+18   9.0263109454e+61   2.2245872600e-24   5.1871390088e-14   2.1337420248e-06   2.0000000000e-02 
  1.9308052777e+21   1.9325399000e+18   9.0444160223e+61   2.2245872600e-24   5.1871390089e-14   1.6945935167e-06   2.0000000000e-02 
  1.9327378176e+21   1.9325399000e+18   9.0625392386e+61   2.2245872600e-24   5.1871390089e-14   1.3396060886e-06   2.0000000000e-02 
  1.9346703575e+21   1.9325399000e+18   9.0806805945e+61   2.2245872600e-24   5.1871390089e-14   1.0393378106e-06   2.0000000000e-02 
  1.9366028974e+21   1.9325399000e+18   9.0988400899e+61   2.2245872600e-24   5.1871390089e-14   8.7904723945e-07   2.0000000000e-02 
  1.9385354373e+21   1.9325399000e+18   9.1170177248e+61   2.2245872600e-24   5.1871390089e-14   8.6714909312e-07   2.0000000000e-02 
  1.9404679772e+21   1.9325399000e+18   9.1352134991e+61   2.2245872600e-24   5.1871390089e-14   3.9564285262e-07   2.0000000000e-02 
  1.9424005171e+21   1.9325399000e+18   9.1534274130e+61   2.2245872600e-24   5.1871390089e-14  -5.3510058341e-07   2.0000000000e-02 
  1.9443330570e+21   1.9325399000e+18   9.1716594664e+61   2.2245872600e-24   5.1871390089e-14  -1.0077695023e-06   2.0000000000e-02 
  1.9462655969e+21   1.9325399000e+18   9.1899096592e+61   2.2245872600e-24   5.1871390089e-14  -1.1051383019e-06   2.0000000000e-02 
  1.9481981368e+21   1.9325399000e+18   9.2081779916e+61   2.2245872600e-24   5.1871390089e-14  -1.1254017912e-06   2.0000000000e-02 
  1.9501306767e+21   1.9325399000e+18   9.2264644634e+61   2.2245872600e-24   5.1871390089e-14  -1.1227067839e-06   2.0000000000e-02 
  1.9520632166e+21   1.9325399000e+18   9.2447690748e+61   2.2245872600e-24   5.1871390089e-14  -1.1066515518e-06   2.0000000000e-02 
  1.9539957565e+21   1.9325399000e+18   9.2630918256e+61   2.2245872600e-24   5.1871390089e-14  -1.0810064530e-06   2.0000000000e-02 
  1.9559282965e+21   1.9325400000e+18   9.2814331967e+61   2.2245872600e-24   5.1871390089e-14  -1.0455935451e-06   2.0000000000e-02 
  1.9578608364e+21   1.9325399000e+18   9.2997917468e+61   2.2245872600e-24   5.1871390089e-14  -9.4940128971e-07   2.0000000000e-02 
  1.9597933763e+21   1.9325399000e+18   9.3181689161e+61   2.2245872600e-24   5.1871390089e-14  -2.3261538130e-07   2.0000000000e-02 
  1.9617259162e+21   1.9325399000e+18   9.3365642250e+61   2.2245872600e-24   5.1871390089e-14   5.2485207599e-07   2.0000000000e-02 
  1.9636584561e+21   1.9325399000e+18   9.3549776733e+61   2.2245872600e-24   5.1871390089e-14   8.0203670624e-07   2.0000000000e-02 
  1.9655909960e+21   1.9325399000e+18   9.3734092612e+61   2.2245872600e-24   5.1871390089e-14   8.8978076394e-07   2.0000000000e-02 
  1.9675235359e+21   1.9325399000e+18   9.3918589885e+61   2.2245872600e-24   5.1871390089e-14   9.3252037758e-07   2.0000000000e-02 
  1.9694560758e+21   1.9325399000e+18   9.4103268554e+61   2.2245872600e-24   5.1871390089e-14   9.5042348411e-07   2.0000000000e-02 
  1.9713886157e+21   1.9325399000e+18   9.4288128617e+61   2.2245872600e-24   5.1871390089e-14   9.0252225312e-07   2.0000000000e-02 
  1.9733211556e+21   1.9325399000e+18   9.4473170075e+61   2.2245872600e-24   5.1871390089e-14   7.7699474966e-07   2.0000000000e-02 
  1.9752536955e+21   1.9325399000e+18   9.4658392929e+61   2.2245872600e-24   5.1871390089e-14   5.3796125379e-07   2.0000000000e-02 
  1.9771862354e+21   1.9325399000e+18   9.4843797177e+61   2.2245872600e-24   5.1871390089e-14   2.1655581766e-07   2.0000000000e-02 
  1.9791187753e+21   1.9325399000e+18   9.5029382820e+61   2.2245872600e-24   5.1871390089e-14   0.0000000000e+00   2.0000000000e-02 
