# time = 3.831185e+15 [s] 
# r                  dr                 dV                 Density            Pressure           Velocity           Z
  2.1304517832e+18   2.1304517832e+18   4.0504543150e+55   3.7065286183e-31   2.8010818319e-14   0.0000000000e+00   9.9248591688e-02 
  2.6377035121e+18   5.0725172895e+17   3.6367166875e+55   3.7065286183e-31   2.8010818319e-14   1.1743042037e+04   9.9248591688e-02 
  3.5515294951e+18   9.1382598299e+17   1.1077237833e+56   3.7068728115e-31   2.8011237499e-14   2.1858169002e+04   9.9248591688e-02 
  4.5398409865e+18   9.8831149135e+17   2.0428774008e+56   3.7078352773e-31   2.8011533991e-14   3.5976994202e+04   9.9248591688e-02 
  5.0125581457e+18   4.7271715919e+17   1.3562212230e+56   3.7088860096e-31   2.8011816017e-14   4.4066523444e+04   9.9248591688e-02 
  5.4293900473e+18   4.1683190160e+17   1.4285798355e+56   3.7100977145e-31   2.8012031928e-14   4.8102562234e+04   9.9248591688e-02 
  6.1495565290e+18   7.2016648175e+17   3.0372498565e+56   3.7124273361e-31   2.8012327552e-14   5.2634010360e+04   9.9248591688e-02 
  6.8116102267e+18   6.6205369764e+17   3.4971062943e+56   3.7160457441e-31   2.8012710851e-14   5.7497445107e+04   9.9248591688e-02 
  7.6954958610e+18   8.8388563432e+17   5.8511951750e+56   3.7209991140e-31   2.8013117756e-14   6.3144229507e+04   9.9248591688e-02 
  8.5588549362e+18   8.6335907520e+17   7.1728015548e+56   3.7276284227e-31   2.8013420968e-14   6.9510522088e+04   9.9248591688e-02 
  9.6354709523e+18   1.0766160161e+18   1.1209577423e+57   3.7362031310e-31   2.8013711891e-14   7.6132217998e+04   9.9248591688e-02 
  1.0754867366e+19   1.1193964138e+18   1.4635876126e+57   3.7474225087e-31   2.8014020051e-14   8.3081392501e+04   9.9248591688e-02 
  1.2075440165e+19   1.3205727990e+18   2.1648102173e+57   3.7613278557e-31   2.8014368181e-14   9.0151658489e+04   9.9248591688e-02 
  1.3495202437e+19   1.4197622722e+18   2.9194083307e+57   3.7790346149e-31   2.8014724523e-14   9.6777955343e+04   9.9248591688e-02 
  1.5118358236e+19   1.6231557986e+18   4.1794533615e+57   3.8005618294e-31   2.8015378346e-14   1.0334662311e+05   9.9248591688e-02 
  1.6947983791e+19   1.8296255553e+18   5.9167329283e+57   3.8274419359e-31   2.8015798291e-14   1.1241638875e+05   9.9248591688e-02 
  1.8990332127e+19   2.0423483361e+18   8.2958789968e+57   3.8601448297e-31   2.8016153227e-14   1.2277167878e+05   9.9248591688e-02 
  2.1294322489e+19   2.3039903612e+18   1.1759343836e+58   3.8999145907e-31   2.8016979739e-14   1.3336098820e+05   9.9248591688e-02 
  2.3794924484e+19   2.5006019953e+18   1.5987679553e+58   3.9471333102e-31   2.8017951542e-14   1.4567340991e+05   9.9248591688e-02 
  2.6635208258e+19   2.8402837742e+18   2.2716990174e+58   4.0034944688e-31   2.8019203638e-14   1.6094192171e+05   9.9248591688e-02 
  2.9691788814e+19   3.0565805555e+18   3.0496148464e+58   4.0690546418e-31   2.8019459102e-14   1.6764673043e+05   9.9248591688e-02 
  3.3236403617e+19   3.5446148038e+18   4.4143677077e+58   4.1488060272e-31   2.8019783674e-14   1.7265174042e+05   9.9248591688e-02 
  3.7005672678e+19   3.7692690604e+18   5.8481478817e+58   4.2418548413e-31   2.8017770454e-14   1.8070105917e+05   9.9248591688e-02 
  4.1278727724e+19   4.2730550461e+18   8.2351196842e+58   4.3503500856e-31   2.8015097913e-14   1.7855496076e+05   9.9248591688e-02 
  4.5830117079e+19   4.5513893554e+18   1.0859589274e+59   4.4763586909e-31   2.8011474862e-14   1.7708450159e+05   9.9248591688e-02 
  5.1021220899e+19   5.1911038193e+18   1.5312162201e+59   4.6237541901e-31   2.8008004186e-14   1.6922079114e+05   9.9248591688e-02 
  5.6142288967e+19   5.1210680687e+18   1.8489907759e+59   4.7894969105e-31   2.8005480583e-14   1.5879384424e+05   9.9248591688e-02 
  6.3900404529e+19   7.7581155614e+18   3.5170764576e+59   5.0098695842e-31   2.8003661545e-14   1.4951675968e+05   9.9248591688e-02 
  7.5388551932e+19   1.1488147403e+19   7.0180569002e+59   5.3537030413e-31   2.8002796971e-14   1.5044446589e+05   9.9248591688e-02 
  7.9753460110e+19   4.3649081779e+18   3.3014019296e+59   5.6483054130e-31   2.8003345028e-14   1.5793675097e+05   9.9248591688e-02 
  8.3667198579e+19   3.9137384697e+18   3.2842681508e+59   5.8165592687e-31   2.8002563152e-14   1.7094786728e+05   9.9248591688e-02 
  8.7770766735e+19   4.1035681562e+18   3.7897317026e+59   5.9973241396e-31   2.8003469485e-14   1.7907078011e+05   9.9248591688e-02 
  9.2155869317e+19   4.3851025813e+18   4.4607360811e+59   6.2121692086e-31   2.8005085763e-14   1.8281315053e+05   9.9248591688e-02 
  9.6231679274e+19   4.0758099577e+18   4.5450215337e+59   6.4474920609e-31   2.8008557871e-14   1.7823514012e+05   9.9248591688e-02 
  1.0142030807e+20   5.1886287914e+18   6.3694890516e+59   6.7319164088e-31   2.8012033468e-14   1.8072883645e+05   9.9248591688e-02 
  1.0652337378e+20   5.1030657159e+18   6.9336141058e+59   7.0730093789e-31   2.8012539866e-14   1.9294187548e+05   9.9248591688e-02 
  1.1144455638e+20   4.9211826033e+18   7.3464637513e+59   7.4330551115e-31   2.8011618527e-14   2.0531499057e+05   9.9248591688e-02 
  1.1617141412e+20   4.7268577352e+18   7.6946751994e+59   7.8099271319e-31   2.8012253322e-14   2.1517045676e+05   9.9248591688e-02 
  1.2197432630e+20   5.8029121754e+18   1.0341117016e+60   8.2637480315e-31   2.8011328839e-14   2.2793994208e+05   9.9248591688e-02 
  1.2784418155e+20   5.8698552542e+18   1.1510823634e+60   8.8097024722e-31   2.8010848173e-14   2.4001510254e+05   9.9248591688e-02 
  1.3349745485e+20   5.6532732976e+18   1.2132067024e+60   9.3901249117e-31   2.8011441662e-14   2.4939359559e+05   9.9248591688e-02 
  1.3914961475e+20   5.6521598982e+18   1.3201649266e+60   1.0007348000e-30   2.8013264303e-14   2.5581008178e+05   9.9248591688e-02 
  1.4581937021e+20   6.6697554645e+18   1.7019009102e+60   1.0745164891e-30   2.8016565030e-14   2.5917211478e+05   9.9248591688e-02 
  1.5254033808e+20   6.7209678720e+18   1.8799032245e+60   1.1612771073e-30   2.8025093741e-14   2.5958262850e+05   9.9248591688e-02 
  1.5899628343e+20   6.4559453515e+18   1.9687478330e+60   1.2531566487e-30   2.8031340781e-14   2.7446942531e+05   9.9248591688e-02 
  1.6593961866e+20   6.9433352283e+18   2.3034537676e+60   1.3549450891e-30   2.8035663312e-14   2.9810134451e+05   9.9248591688e-02 
  1.7384071383e+20   7.9010951634e+18   2.8662357626e+60   1.4781938963e-30   2.8039673251e-14   3.2275177464e+05   9.9248591688e-02 
  1.8157756481e+20   7.7368509830e+18   3.0708755443e+60   1.6181874648e-30   2.8042516245e-14   3.4434578406e+05   9.9248591688e-02 
  1.8842747901e+20   6.8499142035e+18   2.9464556328e+60   1.7594169079e-30   2.8044878729e-14   3.6398847173e+05   9.9248591688e-02 
  1.9738796313e+20   8.9604841133e+18   4.1910094202e+60   1.9284891911e-30   2.8047206792e-14   3.8328692939e+05   9.9248591688e-02 
  2.0827207119e+20   1.0884108063e+19   5.6282238848e+60   2.1582105979e-30   2.8052417961e-14   4.0433884593e+05   9.9248591688e-02 
  2.1936748196e+20   1.1095410772e+19   6.3759724799e+60   2.4319917994e-30   2.8061807653e-14   4.2707165032e+05   9.9248591688e-02 
  2.2963152847e+20   1.0264046512e+19   6.5018192993e+60   2.7196638839e-30   2.8072990090e-14   4.4711303182e+05   9.9248591688e-02 
  2.4223898802e+20   1.2607459551e+19   8.8211756483e+60   3.0560597375e-30   2.8092240773e-14   4.6552434350e+05   9.9248591688e-02 
  2.5332633318e+20   1.1087345161e+19   8.5556244449e+60   3.4313035068e-30   2.8111706152e-14   4.9122180768e+05   9.9248591688e-02 
  2.6943020196e+20   1.6103868779e+19   1.3829815806e+61   3.8970076245e-30   2.8136918877e-14   5.2689190143e+05   9.9248591688e-02 
  2.8111769882e+20   1.1687496861e+19   1.1130811739e+61   4.4176598906e-30   2.8166616489e-14   5.5021769193e+05   9.9248591688e-02 
  2.9153380691e+20   1.0416108083e+19   1.0732083848e+61   4.8519906869e-30   2.8198006703e-14   5.6789946093e+05   9.9248591688e-02 
  3.0248635829e+20   1.0952551387e+19   1.2142741792e+61   5.3015769192e-30   2.8227028772e-14   5.9381159766e+05   9.9248591688e-02 
  3.1260625287e+20   1.0119894582e+19   1.2029458157e+61   5.6974930415e-30   2.8264475115e-14   6.1526261085e+05   9.9248591688e-02 
  3.2764535368e+20   1.5039100803e+19   1.9371041138e+61   6.1253229175e-30   2.8308425839e-14   6.4843073641e+05   9.9248591688e-02 
  3.4315114542e+20   1.5505791740e+19   2.1923139065e+61   6.5880951503e-30   2.8372219151e-14   6.7481178657e+05   9.9248591688e-02 
  3.5337651357e+20   1.0225368152e+19   1.5586074858e+61   6.9492689889e-30   2.8428332821e-14   6.9822678663e+05   9.9248591688e-02 
  3.6300108389e+20   9.6245703162e+18   1.5518199975e+61   7.1738686386e-30   2.8479150021e-14   7.1411676423e+05   9.9248591688e-02 
  3.7861368152e+20   1.5612597635e+19   2.6980247544e+61   7.4066835034e-30   2.8543631029e-14   7.4047727128e+05   9.9248591688e-02 
  3.9603298774e+20   1.7419306220e+19   3.2844392785e+61   7.6780422231e-30   2.8631845393e-14   7.6425811485e+05   9.9248591688e-02 
  4.1439127642e+20   1.8358288682e+19   3.7886214790e+61   7.9198243093e-30   2.8732349629e-14   7.8582984765e+05   9.9248591688e-02 
  4.2472137885e+20   1.0330102423e+19   2.2851619370e+61   8.0936856184e-30   2.8816420847e-14   8.0040727124e+05   9.9248591688e-02 
  4.3464276020e+20   9.9213813494e+18   2.3019493531e+61   8.1888389677e-30   2.8878597350e-14   8.0936874098e+05   9.9248591688e-02 
  4.5180470683e+20   1.7161946639e+19   4.2371777654e+61   8.2733364485e-30   2.8965284508e-14   8.2119319899e+05   9.9248591688e-02 
  4.7108860630e+20   1.9283899466e+19   5.1607275280e+61   8.3699440784e-30   2.9085675354e-14   8.3592452373e+05   9.9248591688e-02 
  4.8787083402e+20   1.6782227714e+19   4.8489119092e+61   8.4480233238e-30   2.9207168052e-14   8.4831808766e+05   9.9248591688e-02 
  4.9684225292e+20   8.9714189030e+18   2.7330176974e+61   8.4930241401e-30   2.9295196991e-14   8.5678829747e+05   9.9248591688e-02 
  5.0577758220e+20   8.9353292787e+18   2.8219188202e+61   8.5163787909e-30   2.9356372097e-14   8.6346018516e+05   9.9248591688e-02 
  5.2364922725e+20   1.7871645052e+19   5.9504386419e+61   8.5423596669e-30   2.9450346843e-14   8.7100402484e+05   9.9248591688e-02 
  5.3867668039e+20   1.5027453140e+19   5.3281907979e+61   8.5662447762e-30   2.9568202655e-14   8.7859022715e+05   9.9248591688e-02 
  5.4842866640e+20   9.7519860160e+18   3.6207442978e+61   8.5764134659e-30   2.9658695872e-14   8.8195024210e+05   9.9248591688e-02 
  5.5647600224e+20   8.0473358332e+18   3.0864503486e+61   8.5783899689e-30   2.9724551718e-14   8.8367212941e+05   9.9248591687e-02 
  5.6340215574e+20   6.9261535025e+18   2.7289091097e+61   8.5754228039e-30   2.9780272427e-14   8.8495232301e+05   9.9248591685e-02 
  5.8057853783e+20   1.7176382093e+19   7.0623882623e+61   8.5601924971e-30   2.9870352793e-14   8.8641511528e+05   9.9248591674e-02 
  5.9160912260e+20   1.1030584768e+19   4.7616286087e+61   8.5371132028e-30   2.9974917902e-14   8.8533149451e+05   9.9248591641e-02 
  5.9439322329e+20   2.7841006829e+18   1.2302877603e+61   8.5220985566e-30   3.0026574062e-14   8.8383836222e+05   9.9248591568e-02 
  5.9669775045e+20   2.3045271641e+18   1.0271221934e+61   8.5113471594e-30   3.0045318259e-14   8.8342315467e+05   9.9248590825e-02 
  6.0491487986e+20   8.2171294118e+18   3.7273977471e+61   8.4760066490e-30   3.0083659353e-14   8.8268079120e+05   9.9248588457e-02 
  6.1256306062e+20   7.6481807575e+18   3.5615244572e+61   8.4172450299e-30   3.0141086071e-14   8.8132532817e+05   9.9248578232e-02 
  6.2080847144e+20   8.2454108221e+18   3.9405467266e+61   8.3527166456e-30   3.0198035454e-14   8.8036706749e+05   9.9248538365e-02 
  6.3793909690e+20   1.7130625456e+19   8.5276073061e+61   8.2407823296e-30   3.0287741531e-14   8.7745429729e+05   9.9248426808e-02 
  6.5218685982e+20   1.4247762919e+19   7.4503801776e+61   8.0962701701e-30   3.0397853561e-14   8.7117610063e+05   9.9248193450e-02 
  6.6569712133e+20   1.3510261519e+19   7.3719639079e+61   7.9612606917e-30   3.0493986149e-14   8.6390215029e+05   9.9247882880e-02 
  6.8316811378e+20   1.7470992450e+19   9.9868576002e+61   7.8004453731e-30   3.0597465957e-14   8.5584661772e+05   9.9247033886e-02 
  6.9924824139e+20   1.6080127605e+19   9.6546531568e+61   7.6150213491e-30   3.0704792815e-14   8.4882606110e+05   9.9244769676e-02 
  7.1477148751e+20   1.5523246122e+19   9.7512614393e+61   7.4255502249e-30   3.0800773955e-14   8.4337099188e+05   9.9238703091e-02 
  7.2978295239e+20   1.5011464880e+19   9.8413891884e+61   7.2253387641e-30   3.0890152620e-14   8.3704411005e+05   9.9219635594e-02 
  7.4657962207e+20   1.6796669680e+19   1.1502118738e+62   6.9964301600e-30   3.0981320678e-14   8.2701833758e+05   9.9143107177e-02 
  7.6056420317e+20   1.3984581094e+19   9.9797852317e+61   6.7555580760e-30   3.1066491709e-14   8.1576805009e+05   9.8875494917e-02 
  7.6850879288e+20   7.9445897186e+18   5.8355486186e+61   6.5665416324e-30   3.1123196162e-14   8.0812403214e+05   9.8444343420e-02 
  7.7530491913e+20   6.7961262477e+18   5.0886655023e+61   6.4191919827e-30   3.1159647546e-14   8.0453028143e+05   9.7598947754e-02 
  7.8437482334e+20   9.0699042058e+18   6.9315176152e+61   6.2356000169e-30   3.1197322083e-14   7.9972793708e+05   9.6988520920e-02 
  7.8798215581e+20   3.6073324703e+18   2.8018127742e+61   6.0753034719e-30   3.1226788234e-14   7.9506977522e+05   9.6710735321e-02 
  7.8963430122e+20   1.6521454158e+18   1.2918174809e+61   5.9995770102e-30   3.1238809077e-14   7.9287272169e+05   9.6620825669e-02 
  7.9222416264e+20   2.5898614117e+18   2.0359261973e+61   5.9452989003e-30   3.1248358814e-14   7.9090636691e+05   9.6589988754e-02 
  7.9873954846e+20   6.5153858198e+18   5.1809927718e+61   5.8589650681e-30   3.1268675124e-14   7.8603415659e+05   9.6584315699e-02 
  8.0392127726e+20   5.1817288097e+18   4.1812805576e+61   5.7625677146e-30   3.1294711502e-14   7.7881645290e+05   9.6582010835e-02 
  8.0762488580e+20   3.7036085341e+18   3.0217686722e+61   5.7014573167e-30   3.1314570994e-14   7.7245236252e+05   9.6581718247e-02 
  8.1105091660e+20   3.4260307973e+18   2.8200806770e+61   5.6644920313e-30   3.1330541122e-14   7.6682599987e+05   9.6581674325e-02 
  8.1475655372e+20   3.7056371207e+18   3.0771717903e+61   5.6392655299e-30   3.1346216966e-14   7.6117802754e+05   9.6581671572e-02 
  8.1810218568e+20   3.3456319595e+18   2.8023725778e+61   5.6239883436e-30   3.1361471721e-14   7.5595675510e+05   9.6581671427e-02 
  8.3085596942e+20   1.2753783748e+19   1.0894739521e+62   5.6108279343e-30   3.1395268054e-14   7.4542571302e+05   9.6581671421e-02 
  8.4309116456e+20   1.2235195133e+19   1.0770899731e+62   5.5983183296e-30   3.1446638593e-14   7.2969253697e+05   9.6581671417e-02 
  8.4753978110e+20   4.4486165383e+18   3.9946016343e+61   5.5933739155e-30   3.1479403209e-14   7.1970523868e+05   9.6581671415e-02 
  8.5055595104e+20   3.0161699479e+18   2.7323131910e+61   5.5927978881e-30   3.1493845144e-14   7.1552226597e+05   9.6581671414e-02 
  8.5344904581e+20   2.8930947696e+18   2.6390928985e+61   5.5931326894e-30   3.1505273271e-14   7.1222768273e+05   9.6581671408e-02 
  8.5645843656e+20   3.0093907485e+18   2.7642296951e+61   5.5943328514e-30   3.1516701175e-14   7.0888629684e+05   9.6581671360e-02 
  8.6745892314e+20   1.1000486573e+19   1.0270711933e+62   5.5999827889e-30   3.1543791865e-14   7.0004177724e+05   9.6581671188e-02 
  8.7465288011e+20   7.1939569732e+18   6.8591803764e+61   5.6092656369e-30   3.1579220276e-14   6.8696619184e+05   9.6581670421e-02 
  8.7766356858e+20   3.0106884751e+18   2.9042981311e+61   5.6166930534e-30   3.1599963973e-14   6.7759425541e+05   9.6581668497e-02 
  8.8153415335e+20   3.8705847703e+18   3.7631927629e+61   5.6250024946e-30   3.1613716230e-14   6.7135515943e+05   9.6581648695e-02 
  8.8841248336e+20   6.8783300037e+18   6.7694816090e+61   5.6375077203e-30   3.1634592507e-14   6.6214895761e+05   9.6581586067e-02 
  8.9538722748e+20   6.9747441261e+18   6.9722434682e+61   5.6500895228e-30   3.1660561547e-14   6.5092031527e+05   9.6581080610e-02 
  9.0480868587e+20   9.4214583832e+18   9.5920517874e+61   5.6608558325e-30   3.1689813551e-14   6.3960089452e+05   9.6579725159e-02 
  9.1499871150e+20   1.0190025636e+19   1.0601822784e+62   5.6703675816e-30   3.1722873217e-14   6.2743092731e+05   9.6577271804e-02 
  9.2500868885e+20   1.0009977350e+19   1.0646978849e+62   5.6773936618e-30   3.1755726973e-14   6.1718161833e+05   9.6576021230e-02 
  9.4081493907e+20   1.5806250217e+19   1.7287424297e+62   5.6826663201e-30   3.1796174601e-14   6.0428652101e+05   9.6570949903e-02 
  9.5503317402e+20   1.4218234954e+19   1.6055017483e+62   5.6857765292e-30   3.1842851656e-14   5.8612994838e+05   9.6557206487e-02 
  9.6788882213e+20   1.2855648107e+19   1.4933914267e+62   5.6860497567e-30   3.1887035065e-14   5.6293704353e+05   9.6527659708e-02 
  9.8048502650e+20   1.2596204364e+19   1.5022430551e+62   5.6830590515e-30   3.1930518282e-14   5.3555639596e+05   9.6447099609e-02 
  9.9678870433e+20   1.6303677831e+19   2.0025293636e+62   5.6732640542e-30   3.1973440808e-14   5.1354070865e+05   9.6138814398e-02 
  1.0089359192e+21   1.2147214872e+19   1.5352337479e+62   5.6574843935e-30   3.2009524035e-14   5.0118607407e+05   9.5113977353e-02 
  1.0184128935e+21   9.4769743183e+18   1.2237133385e+62   5.6386797165e-30   3.2033525882e-14   4.9653884494e+05   9.1867107332e-02 
  1.0234945747e+21   5.0816811514e+18   6.6562602869e+61   5.6199317758e-30   3.2049283531e-14   4.9300974253e+05   8.8110380684e-02 
  1.0304705051e+21   6.9759303842e+18   9.2456998799e+61   5.5947988366e-30   3.2063294821e-14   4.8778909516e+05   8.1709166250e-02 
  1.0332655510e+21   2.7950459155e+18   3.7397914869e+61   5.5687417502e-30   3.2076198033e-14   4.8046486182e+05   7.6472120456e-02 
  1.0362203689e+21   2.9548179393e+18   3.9756289714e+61   5.5447902637e-30   3.2084667491e-14   4.7425927336e+05   7.3836782880e-02 
  1.0418043639e+21   5.5839949929e+18   7.5752568486e+61   5.4970937443e-30   3.2097732656e-14   4.6357521653e+05   7.3523976473e-02 
  1.0457966461e+21   3.9922821621e+18   5.4659622377e+61   5.4423125810e-30   3.2114515765e-14   4.4723623354e+05   7.3368754151e-02 
  1.0493679235e+21   3.5712774781e+18   4.9250446359e+61   5.4049722383e-30   3.2126839202e-14   4.3571477882e+05   7.3319966522e-02 
  1.0541671541e+21   4.7992305970e+18   6.6714734346e+61   5.3727596119e-30   3.2139115930e-14   4.2508328526e+05   7.3314257714e-02 
  1.0593957605e+21   5.2286063134e+18   7.3378201277e+61   5.3420623769e-30   3.2152404792e-14   4.1455820376e+05   7.3313114036e-02 
  1.0643152378e+21   4.9194773196e+18   6.9704440327e+61   5.3180319856e-30   3.2164343778e-14   4.0648747003e+05   7.3313017528e-02 
  1.0749565083e+21   1.0641270565e+19   1.5299556827e+62   5.2922928925e-30   3.2180351902e-14   3.9764204560e+05   7.3313012980e-02 
  1.0834363315e+21   8.4798231492e+18   1.2410803095e+62   5.2665708587e-30   3.2198130653e-14   3.8791734656e+05   7.3313011888e-02 
  1.0890426908e+21   5.6063593518e+18   8.3127161522e+61   5.2523257950e-30   3.2210363883e-14   3.8194458503e+05   7.3313011760e-02 
  1.1023684263e+21   1.3325735488e+19   2.0104539739e+62   5.2420308177e-30   3.2226790828e-14   3.7213175309e+05   7.3313011674e-02 
  1.1132742554e+21   1.0905829067e+19   1.6819439226e+62   5.2335246811e-30   3.2250352062e-14   3.5260666855e+05   7.3313011361e-02 
  1.1271667445e+21   1.3892489149e+19   2.1907989713e+62   5.2299002008e-30   3.2282899555e-14   3.1342643476e+05   7.3313009645e-02 
  1.1369773099e+21   9.8105653291e+18   1.5799914429e+62   5.2287477668e-30   3.2313234970e-14   2.7535240106e+05   7.3313001687e-02 
  1.1463157845e+21   9.3384745846e+18   1.5295073268e+62   5.2282404116e-30   3.2326775969e-14   2.6365186607e+05   7.3312945612e-02 
  1.1637626052e+21   1.7446820755e+19   2.9250134271e+62   5.2283766091e-30   3.2334644894e-14   2.6702513950e+05   7.3312815782e-02 
  1.1755545237e+21   1.1791918505e+19   2.0272916040e+62   5.2290311681e-30   3.2332469290e-14   2.8279442715e+05   7.3312561300e-02 
  1.1869325282e+21   1.1378004534e+19   1.9950703159e+62   5.2310570836e-30   3.2327966551e-14   3.0229942130e+05   7.3311572993e-02 
  1.1966425897e+21   9.7100614845e+18   1.7331331987e+62   5.2358262158e-30   3.2331232474e-14   3.0297368399e+05   7.3306320286e-02 
  1.2046137360e+21   7.9711462736e+18   1.4439404759e+62   5.2439732735e-30   3.2348913328e-14   2.7361380791e+05   7.3287080791e-02 
  1.2220382060e+21   1.7424469995e+19   3.2235313050e+62   5.2626685734e-30   3.2395845499e-14   1.8979463152e+05   7.3236404581e-02 
  1.2336476026e+21   1.1609396622e+19   2.1994209510e+62   5.2875261186e-30   3.2439590247e-14   1.1067636096e+05   7.3131341058e-02 
  1.2390449312e+21   5.3973285630e+18   1.0367395202e+62   5.3049365664e-30   3.2442497396e-14   1.0645641140e+05   7.2979165090e-02 
  1.2452508991e+21   6.2059678645e+18   1.2032806126e+62   5.3217748564e-30   3.2424511029e-14   1.3934643983e+05   7.2237399165e-02 
  1.2495305069e+21   4.2796078000e+18   8.3679536524e+61   5.3419925936e-30   3.2400301296e-14   1.8336648861e+05   7.1103393803e-02 
  1.2542641254e+21   4.7336185222e+18   9.3226859343e+61   5.3684087537e-30   3.2388210055e-14   2.0413844670e+05   6.9621258733e-02 
  1.2577329767e+21   3.4688513447e+18   6.8766054276e+61   5.4008136944e-30   3.2382481475e-14   2.1262596584e+05   6.8884493900e-02 
  1.2651880592e+21   7.4550824377e+18   1.4907708863e+62   5.4617402118e-30   3.2380886719e-14   2.1389574445e+05   6.8640084999e-02 
  1.2705458131e+21   5.3577539474e+18   1.0822824793e+62   5.5476702184e-30   3.2384601388e-14   2.0272703367e+05   6.8512524190e-02 
  1.2792080010e+21   8.6621878596e+18   1.7691947496e+62   5.6731333765e-30   3.2405787999e-14   1.5646932035e+05   6.8467677485e-02 
  1.2838011757e+21   4.5931747589e+18   9.4790241446e+61   5.8226979801e-30   3.2446073437e-14   7.8343011064e+04   6.8452101578e-02 
  1.2871874345e+21   3.3862587596e+18   7.0318657485e+61   5.9538843791e-30   3.2474697757e-14   2.4786983580e+04   6.8446819528e-02 
  1.2908781279e+21   3.6906934614e+18   7.7063026321e+61   6.1291211974e-30   3.2495529750e-14  -1.3589198690e+04   6.8445288438e-02 
  1.2931346850e+21   2.2565570992e+18   4.7335354719e+61   6.3337440659e-30   3.2510120127e-14  -3.9899054144e+04   6.8445132058e-02 
  1.2986078028e+21   5.4731177296e+18   1.1549654830e+62   6.7448742345e-30   3.2521748392e-14  -6.6590821876e+04   6.8445130555e-02 
  1.3022400106e+21   3.6322078219e+18   7.7188166578e+61   7.3397835919e-30   3.2533526123e-14  -8.5305082004e+04   6.8445270253e-02 
  1.3055037518e+21   3.2637412311e+18   6.9726143918e+61   7.9601121837e-30   3.2528227403e-14  -7.4657787421e+04   6.8446163862e-02 
  1.3069243794e+21   1.4206276015e+18   3.0459226280e+61   8.5537581585e-30   3.2503655567e-14  -4.8812277335e+04   6.8448052857e-02 
  1.3175798756e+21   1.0655496194e+19   2.3057939729e+62   1.1342928390e-29   3.2473983531e-14  -5.7274608443e+03   6.8461543528e-02 
  1.3233684215e+21   5.7885459158e+18   1.2683521476e+62   1.5965547622e-29   3.2405430120e-14   6.7660426357e+04   6.8512322438e-02 
  1.3246102313e+21   1.2418097156e+18   2.7354823512e+61   1.9364167774e-29   3.2328242436e-14   7.5777784156e+04   6.8609349546e-02 
  1.3305494525e+21   5.9392212538e+18   1.3154107645e+62   3.0313789141e-29   3.2359238287e-14   6.0987853260e+04   6.9501082082e-02 
  1.3315568132e+21   1.0073606526e+18   2.2427747189e+61   4.6907361039e-29   3.2364742242e-14   3.7678521482e+04   6.9850703629e-02 
  1.3326195263e+21   1.0627131813e+18   2.3696919714e+61   6.8363825643e-29   3.2416923917e-14   2.0725847866e+04   6.7327730786e-02 
  1.3349549551e+21   2.3354287920e+18   5.2209522608e+61   1.5095389064e-28   3.2354016979e-14  -1.0653721496e+04   5.0517643703e-02 
  1.3376706368e+21   2.7156816981e+18   6.0940376499e+61   4.7721395646e-28   3.2630415517e-14  -6.0045443074e+04   3.1230458047e-02 
  1.3383194032e+21   6.4876636399e+17   1.4595103928e+61   1.3557254071e-27   3.2862457836e-14  -4.5002008919e+04   2.4706701546e-02 
  1.3393274639e+21   1.0080607301e+18   2.2706133753e+61   7.0465239634e-27   3.2171114039e-14  -3.4096210399e+04   2.2847645446e-02 
  1.3399769216e+21   6.4945763787e+17   1.4646869756e+61   2.9979914676e-26   3.2395847393e-14  -4.1987688154e+04   2.1196965457e-02 
  1.3409765296e+21   9.9960800161e+17   2.2571382665e+61   5.6234153019e-26   3.2305230952e-14  -4.4296348360e+04   2.0408443376e-02 
  1.3420892731e+21   1.1127435327e+18   2.5165619412e+61   6.3229271485e-26   3.2046198051e-14  -4.8892139776e+04   2.0081175584e-02 
  1.3549958133e+21   1.2906540235e+19   2.9495266367e+62   6.5170340720e-26   3.1659398673e-14  -5.5297303600e+04   2.0049886073e-02 
  1.3651448133e+21   1.0149000006e+19   2.3591624904e+62   7.7471521347e-25   3.1745548111e-14  -5.1464790665e+04   2.0035442804e-02 
  1.3763344418e+21   1.1189628493e+19   2.6420308230e+62   7.9131299760e-25   3.1991024074e-14  -4.9620260762e+04   2.0032087077e-02 
  1.3884142710e+21   1.2079829186e+19   2.9008465677e+62   8.2451276666e-25   3.2455194942e-14  -4.6715376681e+04   2.0028742181e-02 
  1.4005802700e+21   1.2165998966e+19   2.9730056253e+62   8.6055474376e-25   3.2940943652e-14  -4.1389848255e+04   2.0028523085e-02 
  1.4177989288e+21   1.7218658791e+19   4.2968821818e+62   9.2109897865e-25   3.3758335667e-14  -3.4630923010e+04   2.0022768630e-02 
  1.4352789527e+21   1.7480023894e+19   4.4701755872e+62   9.9054527160e-25   3.4766751623e-14  -2.7066432702e+04   2.0022441981e-02 
  1.4567136773e+21   2.1434724659e+19   5.6320966375e+62   1.0733081927e-24   3.5963198617e-14  -1.8970284080e+04   2.0014598795e-02 
  1.4719056277e+21   1.5191950348e+19   4.0934844239e+62   1.1523323729e-24   3.7077893956e-14  -1.1341929613e+04   2.0005305502e-02 
  1.4837795984e+21   1.1873970763e+19   3.2588513120e+62   1.2163116753e-24   3.8037332457e-14  -5.9690769498e+03   2.0001227356e-02 
  1.4953399353e+21   1.1560336847e+19   3.2232827177e+62   1.2780872397e-24   3.8946526473e-14  -8.4130277070e+02   2.0000448439e-02 
  1.5071518546e+21   1.1811919340e+19   3.3453090302e+62   1.3496996289e-24   3.9974947959e-14   4.6477322122e+03   2.0000173528e-02 
  1.5187926669e+21   1.1640812242e+19   3.3485533462e+62   1.4302337900e-24   4.1102612270e-14   1.0335304272e+04   2.0000059525e-02 
  1.5298821619e+21   1.1089494987e+19   3.2380665264e+62   1.5099890817e-24   4.2224344516e-14   1.5735138581e+04   2.0000019187e-02 
  1.5402298060e+21   1.0347644119e+19   3.0640893846e+62   1.5896356690e-24   4.3374926848e-14   2.0744517588e+04   2.0000006011e-02 
  1.5498027466e+21   9.5729406685e+18   2.8715920252e+62   1.6711927991e-24   4.4528799648e-14   2.5503574211e+04   2.0000001767e-02 
  1.5587871690e+21   8.9844223433e+18   2.7275210361e+62   1.7535345011e-24   4.5671083503e-14   3.0090631890e+04   2.0000000504e-02 
  1.5671840239e+21   8.3968548825e+18   2.5777304860e+62   1.8381407233e-24   4.6822724051e-14   3.4445252074e+04   2.0000000135e-02 
  1.5750802388e+21   7.8962148902e+18   2.4493743074e+62   1.9223379960e-24   4.7948847874e-14   3.8602252041e+04   2.0000000035e-02 
  1.5823088318e+21   7.2285930035e+18   2.2639175550e+62   2.0060325606e-24   4.9116352577e-14   4.2596363356e+04   2.0000000008e-02 
  1.5888652343e+21   6.5564024936e+18   2.0713632205e+62   2.0998937174e-24   5.0419121880e-14   4.6702399265e+04   2.0000000002e-02 
  1.5950427844e+21   6.1775501281e+18   1.9673775953e+62   2.1796159010e-24   5.1260160558e-14   5.0075602439e+04   2.0000000000e-02 
  1.6009366637e+21   5.8938792918e+18   1.8912962348e+62   2.2517354419e-24   5.2216787212e-14   5.2900812416e+04   2.0000000000e-02 
  1.6064085261e+21   5.4718624278e+18   1.7683851959e+62   2.3250271305e-24   5.3172584904e-14   5.5776987962e+04   2.0000000000e-02 
  1.6115833082e+21   5.1747821429e+18   1.6834964051e+62   2.3990343855e-24   5.4126633633e-14   5.8578878815e+04   2.0000000000e-02 
  1.6165384063e+21   4.9550980112e+18   1.6221920375e+62   2.4724926743e-24   5.5063992322e-14   6.1253917400e+04   2.0000000000e-02 
  1.6213352162e+21   4.7968099427e+18   1.5798741360e+62   2.5395070662e-24   5.5910325969e-14   6.3580249412e+04   2.0000000000e-02 
  1.6264551743e+21   5.1199581055e+18   1.6966514195e+62   2.6040786640e-24   5.6722383875e-14   6.5740287032e+04   2.0000000000e-02 
  1.6317568507e+21   5.3016764039e+18   1.7681624231e+62   2.6720677020e-24   5.7617309175e-14   6.7933441169e+04   2.0000000000e-02 
  1.6368312120e+21   5.0743613233e+18   1.7031464372e+62   2.7426230364e-24   5.8537497026e-14   7.0169421341e+04   2.0000000000e-02 
  1.6417574890e+21   4.9262770097e+18   1.6635769881e+62   2.8140201305e-24   5.9460257210e-14   7.2374629679e+04   2.0000000000e-02 
  1.6466344594e+21   4.8769703350e+18   1.6567899725e+62   2.8872526342e-24   6.0398420703e-14   7.4585817749e+04   2.0000000000e-02 
  1.6514557690e+21   4.8213096007e+18   1.6475563156e+62   2.9630969832e-24   6.1361476819e-14   7.6807271375e+04   2.0000000000e-02 
  1.6561197170e+21   4.6639480025e+18   1.6029625994e+62   3.0404046417e-24   6.2334271369e-14   7.9007622343e+04   2.0000000000e-02 
  1.6604289859e+21   4.3092688936e+18   1.4891089365e+62   3.1162313964e-24   6.3280135667e-14   8.1110699837e+04   2.0000000000e-02 
  1.6645354672e+21   4.1064812863e+18   1.4262444086e+62   3.1900439316e-24   6.4193225342e-14   8.3096507581e+04   2.0000000000e-02 
  1.6684394352e+21   3.9039680754e+18   1.3624495057e+62   3.2626942323e-24   6.5084986295e-14   8.5006923216e+04   2.0000000000e-02 
  1.6719734993e+21   3.5340640990e+18   1.2388672442e+62   3.3326521996e-24   6.5937533846e-14   8.6789031241e+04   2.0000000000e-02 
  1.6753391111e+21   3.3656117477e+18   1.1846950702e+62   3.3983206609e-24   6.6732709143e-14   8.8422883975e+04   2.0000000000e-02 
  1.6786451411e+21   3.3060299793e+18   1.1683658084e+62   3.4600779866e-24   6.7476326247e-14   8.9903566093e+04   2.0000000000e-02 
  1.6818985528e+21   3.2534117736e+18   1.1542719323e+62   3.5178925709e-24   6.8168841856e-14   9.1239122957e+04   2.0000000000e-02 
  1.6850115489e+21   3.1129960466e+18   1.1086427133e+62   3.5717266018e-24   6.8811008245e-14   9.2440038172e+04   2.0000000000e-02 
  1.6877752635e+21   2.7637146561e+18   9.8769067550e+61   3.6207167395e-24   6.9419028904e-14   9.3511182074e+04   2.0000000000e-02 
  1.6904003281e+21   2.6250645898e+18   9.4114034920e+61   3.6664194522e-24   6.9987885028e-14   9.4522702084e+04   2.0000000000e-02 
  1.6929900832e+21   2.5897550841e+18   9.3134991694e+61   3.7126453747e-24   7.0561050507e-14   9.5519717325e+04   2.0000000000e-02 
  1.6955670551e+21   2.5769718592e+18   9.2958532441e+61   3.7595634953e-24   7.1140590111e-14   9.6544219907e+04   2.0000000000e-02 
  1.6981334829e+21   2.5664278333e+18   9.2859437092e+61   3.8084730068e-24   7.1742397398e-14   9.7581160647e+04   2.0000000000e-02 
  1.7006896243e+21   2.5561413898e+18   9.2766666651e+61   3.8582191265e-24   7.2352109894e-14   9.8650505678e+04   2.0000000000e-02 
  1.7032343233e+21   2.5446989701e+18   9.2628805616e+61   3.9099145091e-24   7.2983217102e-14   9.9729516402e+04   2.0000000000e-02 
  1.7057655396e+21   2.5312163332e+18   9.2413024528e+61   3.9624553422e-24   7.3623174921e-14   1.0083562045e+05   2.0000000000e-02 
  1.7082651432e+21   2.4996036137e+18   9.1528413366e+61   4.0167649110e-24   7.4280690707e-14   1.0194825242e+05   2.0000000000e-02 
  1.7106421561e+21   2.3770129092e+18   8.7288319796e+61   4.0706857510e-24   7.4930934195e-14   1.0305506244e+05   2.0000000000e-02 
  1.7126620597e+21   2.0199035628e+18   7.4365507855e+61   4.1209745156e-24   7.5535063372e-14   1.0406507697e+05   2.0000000000e-02 
  1.7145508029e+21   1.8887432030e+18   6.9695540314e+61   4.1666164876e-24   7.6081442193e-14   1.0498150497e+05   2.0000000000e-02 
  1.7164098100e+21   1.8590071122e+18   6.8748374068e+61   4.2116498671e-24   7.6618780338e-14   1.0586968902e+05   2.0000000000e-02 
  1.7182435205e+21   1.8337105376e+18   6.7958926920e+61   4.2568895658e-24   7.7156836108e-14   1.0675908904e+05   2.0000000000e-02 
  1.7199775166e+21   1.7339960172e+18   6.4396993458e+61   4.3016864075e-24   7.7687938978e-14   1.0762644461e+05   2.0000000000e-02 
  1.7214471748e+21   1.4696582057e+18   5.4681797669e+61   4.3425986491e-24   7.8171530682e-14   1.0841485653e+05   2.0000000000e-02 
  1.7230486196e+21   1.6014448099e+18   5.9691596958e+61   4.3826611450e-24   7.8643758971e-14   1.0917764345e+05   2.0000000000e-02 
  1.7244846058e+21   1.4359862210e+18   5.3618800123e+61   4.4229244818e-24   7.9117047269e-14   1.0993958732e+05   2.0000000000e-02 
  1.7260754391e+21   1.5908333185e+18   5.9505041184e+61   4.4638375834e-24   7.9596651712e-14   1.1070548256e+05   2.0000000000e-02 
  1.7274979725e+21   1.4225334181e+18   5.3302767594e+61   4.5052250675e-24   8.0080475104e-14   1.1147495164e+05   2.0000000000e-02 
  1.7290715535e+21   1.5735810168e+18   5.9064917815e+61   4.5471860166e-24   8.0569620772e-14   1.1224654882e+05   2.0000000000e-02 
  1.7304785805e+21   1.4070269436e+18   5.2904372517e+61   4.5896456321e-24   8.1062927267e-14   1.1302060353e+05   2.0000000000e-02 
  1.7320293406e+21   1.5507601141e+18   5.8408502968e+61   4.6325417481e-24   8.1559913674e-14   1.1379558319e+05   2.0000000000e-02 
  1.7333195224e+21   1.2901818159e+18   4.8673741810e+61   4.6744210695e-24   8.2043779514e-14   1.1454529560e+05   2.0000000000e-02 
  1.7345019416e+21   1.1824191906e+18   4.4671940676e+61   4.7114366162e-24   8.2470358184e-14   1.1520311639e+05   2.0000000000e-02 
  1.7356801569e+21   1.1782152874e+18   4.4573739743e+61   4.7473124304e-24   8.2882843707e-14   1.1583617772e+05   2.0000000000e-02 
  1.7368317121e+21   1.1515552552e+18   4.3623664827e+61   4.7833060967e-24   8.3295728665e-14   1.1646540663e+05   2.0000000000e-02 
  1.7378903271e+21   1.0586149657e+18   4.0153929600e+61   4.8179229388e-24   8.3691930698e-14   1.1706799798e+05   2.0000000000e-02 
  1.7385898219e+21   6.9949479897e+17   2.6559131913e+61   4.8458364726e-24   8.4010789409e-14   1.1755000019e+05   2.0000000000e-02 
  1.7391795671e+21   5.8974523303e+17   2.2408659476e+61   4.8665450870e-24   8.4246975436e-14   1.1790602865e+05   2.0000000000e-02 
  1.7397500001e+21   5.7043291862e+17   2.1689309653e+61   4.8853734479e-24   8.4461449414e-14   1.1822875800e+05   2.0000000000e-02 
  1.7403236135e+21   5.7361343569e+17   2.1824587957e+61   4.9041359500e-24   8.4674675588e-14   1.1854875252e+05   2.0000000000e-02 
  1.7408991907e+21   5.7557720645e+17   2.1913770206e+61   4.9230773131e-24   8.4889807434e-14   1.1887043312e+05   2.0000000000e-02 
  1.7414745028e+21   5.7531208455e+17   2.1918161370e+61   4.9419404897e-24   8.5103895999e-14   1.1918866695e+05   2.0000000000e-02 
  1.7420485407e+21   5.7403789892e+17   2.1884056042e+61   4.9605607595e-24   8.5315048734e-14   1.1950011419e+05   2.0000000000e-02 
  1.7426214741e+21   5.7293340900e+17   2.1856335114e+61   4.9788208664e-24   8.5521928977e-14   1.1980258094e+05   2.0000000000e-02 
  1.7431934296e+21   5.7195549791e+17   2.1833369285e+61   4.9967027469e-24   8.5724281598e-14   1.2009568052e+05   2.0000000000e-02 
  1.7437645539e+21   5.7112435032e+17   2.1815942601e+61   5.0143027584e-24   8.5923161675e-14   1.2038123318e+05   2.0000000000e-02 
  1.7443348945e+21   5.7034057041e+17   2.1800269337e+61   5.0317443879e-24   8.6119999157e-14   1.2066166881e+05   2.0000000000e-02 
  1.7449044580e+21   5.6956350796e+17   2.1784798968e+61   5.0490415628e-24   8.6315059065e-14   1.2093739843e+05   2.0000000000e-02 
  1.7454732717e+21   5.6881371633e+17   2.1770319106e+61   5.0660166314e-24   8.6506423994e-14   1.2120512477e+05   2.0000000000e-02 
  1.7460414084e+21   5.6813661464e+17   2.1758572545e+61   5.0823871272e-24   8.6690522027e-14   1.2145893067e+05   2.0000000000e-02 
  1.7466089731e+21   5.6756472563e+17   2.1750813339e+61   5.0979052267e-24   8.6864960706e-14   1.2169436663e+05   2.0000000000e-02 
  1.7471760738e+21   5.6710067620e+17   2.1747152760e+61   5.1125037895e-24   8.7028858092e-14   1.2191098997e+05   2.0000000000e-02 
  1.7477427833e+21   5.6670954189e+17   2.1746260972e+61   5.1264648591e-24   8.7185301064e-14   1.2211362043e+05   2.0000000000e-02 
  1.7483091321e+21   5.6634877903e+17   2.1746511125e+61   5.1401618954e-24   8.7343382498e-14   1.2231184312e+05   2.0000000000e-02 
  1.7488751048e+21   5.6597274258e+17   2.1746151875e+61   5.1540464907e-24   8.7504981722e-14   1.2251557984e+05   2.0000000000e-02 
  1.7494406588e+21   5.6555397214e+17   2.1744125576e+61   5.1683403139e-24   8.7671197332e-14   1.2272682215e+05   2.0000000000e-02 
  1.7500057597e+21   5.6510088145e+17   2.1740751782e+61   5.1830555335e-24   8.7842184667e-14   1.2294638069e+05   2.0000000000e-02 
  1.7505703636e+21   5.6460395573e+17   2.1735660675e+61   5.1981850865e-24   8.8017879918e-14   1.2317355299e+05   2.0000000000e-02 
  1.7511344403e+21   5.6407669724e+17   2.1729368210e+61   5.2136620734e-24   8.8197509358e-14   1.2340727255e+05   2.0000000000e-02 
  1.7516979672e+21   5.6352689966e+17   2.1722171904e+61   5.2294335079e-24   8.8380448551e-14   1.2364590526e+05   2.0000000000e-02 
  1.7522609225e+21   5.6295522256e+17   2.1714094982e+61   5.2454278912e-24   8.8565850714e-14   1.2388828835e+05   2.0000000000e-02 
  1.7528232922e+21   5.6236971678e+17   2.1705446123e+61   5.2616121752e-24   8.8753314407e-14   1.2413331556e+05   2.0000000000e-02 
  1.7533850626e+21   5.6177045857e+17   2.1696226920e+61   5.2779519747e-24   8.8942423584e-14   1.2438056820e+05   2.0000000000e-02 
  1.7539462226e+21   5.6116001600e+17   2.1686535306e+61   5.2944468323e-24   8.9133160822e-14   1.2462971956e+05   2.0000000000e-02 
  1.7545067612e+21   5.6053850846e+17   2.1676374814e+61   5.3110875829e-24   8.9325413022e-14   1.2488085613e+05   2.0000000000e-02 
  1.7550666701e+21   5.5990896261e+17   2.1665861525e+61   5.3278838789e-24   8.9519288902e-14   1.2513387908e+05   2.0000000000e-02 
  1.7556259344e+21   5.5926426735e+17   2.1654719239e+61   5.3448250130e-24   8.9714664254e-14   1.2538884794e+05   2.0000000000e-02 
  1.7561845476e+21   5.5861323745e+17   2.1643288118e+61   5.3619136956e-24   8.9911569484e-14   1.2564550036e+05   2.0000000000e-02 
  1.7567425012e+21   5.5795356168e+17   2.1631477930e+61   5.3791307877e-24   9.0109782397e-14   1.2590373796e+05   2.0000000000e-02 
  1.7572997886e+21   5.5728741456e+17   2.1619372233e+61   5.3964750214e-24   9.0309284951e-14   1.2616319270e+05   2.0000000000e-02 
  1.7578564078e+21   5.5661920383e+17   2.1607141575e+61   5.4139251896e-24   9.0509829705e-14   1.2642376944e+05   2.0000000000e-02 
  1.7584123500e+21   5.5594218806e+17   2.1594523839e+61   5.4314835460e-24   9.0711438277e-14   1.2668513385e+05   2.0000000000e-02 
  1.7589676123e+21   5.5526227500e+17   2.1581747881e+61   5.4491310203e-24   9.0913888203e-14   1.2694728579e+05   2.0000000000e-02 
  1.7595221915e+21   5.5457919883e+17   2.1568803106e+61   5.4668736466e-24   9.1117245945e-14   1.2720996166e+05   2.0000000000e-02 
  1.7600760858e+21   5.5389437640e+17   2.1555744390e+61   5.4846963330e-24   9.1321335204e-14   1.2747321506e+05   2.0000000000e-02 
  1.7606292924e+21   5.5320656298e+17   2.1542523104e+61   5.5026045565e-24   9.1526217499e-14   1.2773685834e+05   2.0000000000e-02 
  1.7611818133e+21   5.5252088818e+17   2.1529338930e+61   5.5205884796e-24   9.1731777103e-14   1.2800092974e+05   2.0000000000e-02 
  1.7617336432e+21   5.5182992828e+17   2.1515902564e+61   5.5386499674e-24   9.1938034815e-14   1.2826531607e+05   2.0000000000e-02 
  1.7622847803e+21   5.5113708706e+17   2.1502346360e+61   5.5567832517e-24   9.2144922466e-14   1.2853000370e+05   2.0000000000e-02 
  1.7628352225e+21   5.5044221016e+17   2.1488664139e+61   5.5749859346e-24   9.2352412281e-14   1.2879491502e+05   2.0000000000e-02 
  1.7633849536e+21   5.4973104487e+17   2.1474298801e+61   5.5932525239e-24   9.2560440980e-14   1.2905998377e+05   2.0000000000e-02 
  1.7639339724e+21   5.4901880473e+17   2.1459843642e+61   5.6115802072e-24   9.2769050963e-14   1.2932518963e+05   2.0000000000e-02 
  1.7644822796e+21   5.4830723837e+17   2.1445367005e+61   5.6299741642e-24   9.2978226152e-14   1.2959064725e+05   2.0000000000e-02 
  1.7650298801e+21   5.4760053983e+17   2.1431033180e+61   5.6484361610e-24   9.3187980997e-14   1.2985639599e+05   2.0000000000e-02 
  1.7655767716e+21   5.4689145250e+17   2.1416558414e+61   5.6669663113e-24   9.3398315800e-14   1.3012246295e+05   2.0000000000e-02 
  1.7661229545e+21   5.4618294641e+17   2.1402058926e+61   5.6855642414e-24   9.3609210729e-14   1.3038884880e+05   2.0000000000e-02 
  1.7666684563e+21   5.4550174437e+17   2.1388582906e+61   5.7042259835e-24   9.3820609425e-14   1.3065548612e+05   2.0000000000e-02 
  1.7672133157e+21   5.4485943792e+17   2.1376587945e+61   5.7229469069e-24   9.4032486059e-14   1.3092228402e+05   2.0000000000e-02 
  1.7677575380e+21   5.4422231402e+17   2.1364753942e+61   5.7417240457e-24   9.4244805872e-14   1.3118916177e+05   2.0000000000e-02 
  1.7683011002e+21   5.4356215033e+17   2.1351972464e+61   5.7605546788e-24   9.4457537410e-14   1.3145601712e+05   2.0000000000e-02 
  1.7688439724e+21   5.4287221001e+17   2.1337976437e+61   5.7794364788e-24   9.4670653768e-14   1.3172273536e+05   2.0000000000e-02 
  1.7693861294e+21   5.4215699386e+17   2.1322940086e+61   5.7983691502e-24   9.4884150034e-14   1.3198920092e+05   2.0000000000e-02 
  1.7699275614e+21   5.4143197857e+17   2.1307470265e+61   5.8173530052e-24   9.5098030564e-14   1.3225530385e+05   2.0000000000e-02 
  1.7704682677e+21   5.4070636928e+17   2.1291928659e+61   5.8363821345e-24   9.5312228990e-14   1.3252092888e+05   2.0000000000e-02 
  1.7710082479e+21   5.3998020696e+17   2.1276316863e+61   5.8554514546e-24   9.5526687385e-14   1.3278592272e+05   2.0000000000e-02 
  1.7715475075e+21   5.3925954351e+17   2.1260873537e+61   5.8745572336e-24   9.5741362283e-14   1.3305016254e+05   2.0000000000e-02 
  1.7720860494e+21   5.3854187195e+17   2.1245500318e+61   5.8936973479e-24   9.5956228594e-14   1.3331356123e+05   2.0000000000e-02 
  1.7726238744e+21   5.3782504752e+17   2.1230112841e+61   5.9128705105e-24   9.6171271305e-14   1.3357605324e+05   2.0000000000e-02 
  1.7731609864e+21   5.3711203402e+17   2.1214828325e+61   5.9320758069e-24   9.6386479954e-14   1.3383758141e+05   2.0000000000e-02 
  1.7736973866e+21   5.3640015127e+17   2.1199541214e+61   5.9513125549e-24   9.6601846703e-14   1.3409809146e+05   2.0000000000e-02 
  1.7742330749e+21   5.3568831863e+17   2.1184208904e+61   5.9705802616e-24   9.6817365703e-14   1.3435753299e+05   2.0000000000e-02 
  1.7747680562e+21   5.3498127618e+17   2.1169019059e+61   5.9898787080e-24   9.7033034066e-14   1.3461586550e+05   2.0000000000e-02 
  1.7753023304e+21   5.3427424391e+17   2.1153782856e+61   6.0092077363e-24   9.7248849539e-14   1.3487306036e+05   2.0000000000e-02 
  1.7758358993e+21   5.3356886677e+17   2.1138565522e+61   6.0285670566e-24   9.7464808412e-14   1.3512910098e+05   2.0000000000e-02 
  1.7763687670e+21   5.3286767025e+17   2.1123467394e+61   6.0479563020e-24   9.7680906171e-14   1.3538398362e+05   2.0000000000e-02 
  1.7769009344e+21   5.3216742292e+17   2.1108360693e+61   6.0673749267e-24   9.7897136384e-14   1.3563771449e+05   2.0000000000e-02 
  1.7774324050e+21   5.3147056227e+17   2.1093342314e+61   6.0868222122e-24   9.8113490763e-14   1.3589030796e+05   2.0000000000e-02 
  1.7779631835e+21   5.3077850094e+17   2.1078468731e+61   6.1062973744e-24   9.8329960378e-14   1.3614178601e+05   2.0000000000e-02 
  1.7784932702e+21   5.3008674581e+17   2.1063561842e+61   6.1257994645e-24   9.8546534545e-14   1.3639217503e+05   2.0000000000e-02 
  1.7790226700e+21   5.2939977675e+17   2.1048799881e+61   6.1453274532e-24   9.8763201754e-14   1.3664150527e+05   2.0000000000e-02 
  1.7795513861e+21   5.2871614596e+17   2.1034125722e+61   6.1648802938e-24   9.8979950354e-14   1.3688981085e+05   2.0000000000e-02 
  1.7800794203e+21   5.2803414331e+17   2.1019471618e+61   6.1844568232e-24   9.9196767472e-14   1.3713712785e+05   2.0000000000e-02 
  1.7806067772e+21   5.2735697067e+17   2.1004965327e+61   6.2040559072e-24   9.9413640665e-14   1.3738349420e+05   2.0000000000e-02 
  1.7811334600e+21   5.2668277564e+17   2.0990533490e+61   6.2236765485e-24   9.9630559115e-14   1.3762894751e+05   2.0000000000e-02 
  1.7816594706e+21   5.2601054426e+17   2.0976135976e+61   6.2433179026e-24   9.9847513758e-14   1.3787352228e+05   2.0000000000e-02 
  1.7821848142e+21   5.2534365892e+17   2.0961908003e+61   6.2629794015e-24   1.0006449859e-13   1.3811725084e+05   2.0000000000e-02 
  1.7827094929e+21   5.2467869012e+17   2.0947713144e+61   6.2826606941e-24   1.0028151003e-13   1.3836016343e+05   2.0000000000e-02 
  1.7832335098e+21   5.2401693119e+17   2.0933603293e+61   6.3023616342e-24   1.0049854680e-13   1.3860228740e+05   2.0000000000e-02 
  1.7837568698e+21   5.2335992795e+17   2.0919640589e+61   6.3220824254e-24   1.0071561146e-13   1.3884364743e+05   2.0000000000e-02 
  1.7842795740e+21   5.2270419582e+17   2.0905686104e+61   6.3418235018e-24   1.0093270903e-13   1.3908426541e+05   2.0000000000e-02 
  1.7848016257e+21   5.2205174374e+17   2.0891820404e+61   6.3615854187e-24   1.0114984567e-13   1.3932416420e+05   2.0000000000e-02 
  1.7853230294e+21   5.2140373338e+17   2.0878090359e+61   6.3813689097e-24   1.0136702950e-13   1.3956337175e+05   2.0000000000e-02 
  1.7858437859e+21   5.2075649732e+17   2.0864349433e+61   6.4011749709e-24   1.0158427156e-13   1.3980191841e+05   2.0000000000e-02 
  1.7863638996e+21   5.2011361428e+17   2.0850741237e+61   6.4210051414e-24   1.0180158886e-13   1.4003983449e+05   2.0000000000e-02 
  1.7868833730e+21   5.1947341517e+17   2.0837199238e+61   6.4408614893e-24   1.0201900393e-13   1.4027715162e+05   2.0000000000e-02 
  1.7874022075e+21   5.1883452639e+17   2.0823668568e+61   6.4607461791e-24   1.0223654025e-13   1.4051390600e+05   2.0000000000e-02 
  1.7879204067e+21   5.1819916801e+17   2.0810238560e+61   6.4806612922e-24   1.0245422061e-13   1.4075013753e+05   2.0000000000e-02 
  1.7884379727e+21   5.1756600077e+17   2.0796855742e+61   6.5006087637e-24   1.0267206664e-13   1.4098587758e+05   2.0000000000e-02 
  1.7889549059e+21   5.1693323704e+17   2.0783448453e+61   6.5205899193e-24   1.0289009342e-13   1.4122113532e+05   2.0000000000e-02 
  1.7894712103e+21   5.1630443105e+17   2.0770159782e+61   6.5406045146e-24   1.0310829875e-13   1.4145589832e+05   2.0000000000e-02 
  1.7899868866e+21   5.1567622180e+17   2.0756854800e+61   6.5606498216e-24   1.0332665355e-13   1.4169013712e+05   2.0000000000e-02 
  1.7905019373e+21   5.1505070848e+17   2.0743618159e+61   6.5807211223e-24   1.0354510733e-13   1.4192380189e+05   2.0000000000e-02 
  1.7910163669e+21   5.1442962017e+17   2.0730519835e+61   6.6008134612e-24   1.0376360677e-13   1.4215682424e+05   2.0000000000e-02 
  1.7915301767e+21   5.1380981467e+17   2.0717433533e+61   6.6209237258e-24   1.0398211753e-13   1.4238913969e+05   2.0000000000e-02 
  1.7920433699e+21   5.1319324800e+17   2.0704438334e+61   6.6410519595e-24   1.0420063651e-13   1.4262073722e+05   2.0000000000e-02 
  1.7925559501e+21   5.1258018653e+17   2.0691545321e+61   6.6612046794e-24   1.0441927113e-13   1.4285175390e+05   2.0000000000e-02 
  1.7930679161e+21   5.1196592197e+17   2.0678564620e+61   6.6814008820e-24   1.0463834649e-13   1.4308256526e+05   2.0000000000e-02 
  1.7935792675e+21   5.1135144967e+17   2.0665536384e+61   6.7016773692e-24   1.0485809580e-13   1.4331342163e+05   2.0000000000e-02 
  1.7940900029e+21   5.1073541748e+17   2.0652405928e+61   6.7220324395e-24   1.0507850352e-13   1.4354476408e+05   2.0000000000e-02 
  1.7946001166e+21   5.1011369168e+17   2.0639005839e+61   6.7425060524e-24   1.0529999873e-13   1.4377664944e+05   2.0000000000e-02 
  1.7951096047e+21   5.0948808989e+17   2.0625409224e+61   6.7631000827e-24   1.0552259588e-13   1.4400961211e+05   2.0000000000e-02 
  1.7956184585e+21   5.0885380200e+17   2.0611420864e+61   6.7838619334e-24   1.0574680116e-13   1.4424388242e+05   2.0000000000e-02 
  1.7961266665e+21   5.0820799741e+17   2.0596925237e+61   6.8048155260e-24   1.0597286063e-13   1.4448019394e+05   2.0000000000e-02 
  1.7966342154e+21   5.0754885705e+17   2.0581847530e+61   6.8260286920e-24   1.0620149258e-13   1.4471921969e+05   2.0000000000e-02 
  1.7971410830e+21   5.0686759745e+17   2.0565830070e+61   6.8475702196e-24   1.0643341614e-13   1.4496218709e+05   2.0000000000e-02 
  1.7976472410e+21   5.0615808493e+17   2.0548621786e+61   6.8695568919e-24   1.0666986155e-13   1.4521060551e+05   2.0000000000e-02 
  1.7981526511e+21   5.0541010422e+17   2.0529805072e+61   6.8921372741e-24   1.0691238720e-13   1.4546672477e+05   2.0000000000e-02 
  1.7986572572e+21   5.0460607486e+17   2.0508661736e+61   6.9155270012e-24   1.0716325722e-13   1.4573353697e+05   2.0000000000e-02 
  1.7991609844e+21   5.0372716611e+17   2.0484420740e+61   6.9400132144e-24   1.0742547165e-13   1.4601531442e+05   2.0000000000e-02 
  1.7996637445e+21   5.0276012942e+17   2.0456536113e+61   6.9659940066e-24   1.0770102628e-13   1.4631635575e+05   2.0000000000e-02 
  1.8001654713e+21   5.0172678808e+17   2.0425888626e+61   6.9932761878e-24   1.0798433213e-13   1.4663144578e+05   2.0000000000e-02 
  1.8006661721e+21   5.0070077318e+17   2.0395472471e+61   7.0205484854e-24   1.0826813541e-13   1.4694557297e+05   2.0000000000e-02 
  1.8011659051e+21   4.9973303845e+17   2.0367365687e+61   7.0468238335e-24   1.0854122277e-13   1.4724365558e+05   2.0000000000e-02 
  1.8016647330e+21   4.9882784547e+17   2.0341747475e+61   7.0723339348e-24   1.0880595466e-13   1.4752898693e+05   2.0000000000e-02 
  1.8021627042e+21   4.9797125739e+17   2.0318054761e+61   7.0972702147e-24   1.0906437207e-13   1.4780450885e+05   2.0000000000e-02 
  1.8026598567e+21   4.9715252681e+17   2.0295853127e+61   7.1217622610e-24   1.0931786275e-13   1.4807223234e+05   2.0000000000e-02 
  1.8031562212e+21   4.9636444441e+17   2.0274851488e+61   7.1458976194e-24   1.0956736235e-13   1.4833353223e+05   2.0000000000e-02 
  1.8036518259e+21   4.9560470260e+17   2.0254958323e+61   7.1697423695e-24   1.0981357167e-13   1.4858946236e+05   2.0000000000e-02 
  1.8041466892e+21   4.9486333287e+17   2.0235768489e+61   7.1933614786e-24   1.1005717041e-13   1.4884099123e+05   2.0000000000e-02 
  1.8046408298e+21   4.9414053711e+17   2.0217291946e+61   7.2168346914e-24   1.1029897403e-13   1.4908920333e+05   2.0000000000e-02 
  1.8051342554e+21   4.9342560700e+17   2.0199091924e+61   7.2402366761e-24   1.1054002699e-13   1.4933555070e+05   2.0000000000e-02 
  1.8056269725e+21   4.9271710195e+17   2.0181110150e+61   7.2636437256e-24   1.1078112535e-13   1.4958080819e+05   2.0000000000e-02 
  1.8061189832e+21   4.9201076679e+17   2.0163172812e+61   7.2870855883e-24   1.1102233774e-13   1.4982542853e+05   2.0000000000e-02 
  1.8066102911e+21   4.9130782288e+17   2.0145330239e+61   7.3105757027e-24   1.1126380092e-13   1.5006954521e+05   2.0000000000e-02 
  1.8071008951e+21   4.9060404363e+17   2.0127409330e+61   7.3341271127e-24   1.1150564781e-13   1.5031335107e+05   2.0000000000e-02 
  1.8075907981e+21   4.8990299040e+17   2.0109556278e+61   7.3577562135e-24   1.1174804166e-13   1.5055706875e+05   2.0000000000e-02 
  1.8080799942e+21   4.8919610548e+17   2.0091419806e+61   7.3814906191e-24   1.1199125642e-13   1.5080108580e+05   2.0000000000e-02 
  1.8085684812e+21   4.8848702039e+17   2.0073148706e+61   7.4053761988e-24   1.1223574399e-13   1.5104601748e+05   2.0000000000e-02 
  1.8090562541e+21   4.8777288562e+17   2.0054625635e+61   7.4294739551e-24   1.1248219289e-13   1.5129202555e+05   2.0000000000e-02 
  1.8095433280e+21   4.8707386271e+17   2.0036679797e+61   7.4534334787e-24   1.1272726856e-13   1.5153560798e+05   2.0000000000e-02 
  1.8100297408e+21   4.8641284733e+17   2.0020255188e+61   7.4768272191e-24   1.1296646618e-13   1.5177051335e+05   2.0000000000e-02 
  1.8105155513e+21   4.8581050793e+17   2.0006206586e+61   7.4994128835e-24   1.1319730141e-13   1.5199358504e+05   2.0000000000e-02 
  1.8110008260e+21   4.8527466415e+17   1.9994861491e+61   7.5209881603e-24   1.1341792684e-13   1.5220242129e+05   2.0000000000e-02 
  1.8114856488e+21   4.8482278476e+17   1.9986946147e+61   7.5413472732e-24   1.1362674842e-13   1.5239462618e+05   2.0000000000e-02 
  1.8119701098e+21   4.8446099329e+17   1.9982720628e+61   7.5603037506e-24   1.1382115427e-13   1.5256762088e+05   2.0000000000e-02 
  1.8124543067e+21   4.8419695617e+17   1.9982509363e+61   7.5777720069e-24   1.1400022627e-13   1.5272025523e+05   2.0000000000e-02 
  1.8129383299e+21   4.8402320994e+17   1.9986012718e+61   7.5938294177e-24   1.1416468068e-13   1.5285369834e+05   2.0000000000e-02 
  1.8134222538e+21   4.8392387615e+17   1.9992582488e+61   7.6087123172e-24   1.1431687485e-13   1.5297155717e+05   2.0000000000e-02 
  1.8139061244e+21   4.8387056686e+17   2.0001051488e+61   7.6228932958e-24   1.1446161194e-13   1.5307934304e+05   2.0000000000e-02 
  1.8143899572e+21   4.8383277778e+17   2.0010161859e+61   7.6367924105e-24   1.1460685962e-13   1.5318434380e+05   2.0000000000e-02 
  1.8148737395e+21   4.8378239926e+17   2.0018751489e+61   7.6508869303e-24   1.1475582052e-13   1.5329254941e+05   2.0000000000e-02 
  1.8153574467e+21   4.8370717091e+17   2.0026311531e+61   7.6654164692e-24   1.1490925280e-13   1.5340672224e+05   2.0000000000e-02 
  1.8158410439e+21   4.8359720946e+17   2.0032430277e+61   7.6805162795e-24   1.1506859814e-13   1.5352767047e+05   2.0000000000e-02 
  1.8163244975e+21   4.8345355081e+17   2.0037147604e+61   7.6961775147e-24   1.1523377445e-13   1.5365642088e+05   2.0000000000e-02 
  1.8168077712e+21   4.8327374699e+17   2.0040358998e+61   7.7124667016e-24   1.1540548827e-13   1.5379250293e+05   2.0000000000e-02 
  1.8172908307e+21   4.8305942472e+17   2.0042128775e+61   7.7293030250e-24   1.1558288587e-13   1.5393610896e+05   2.0000000000e-02 
  1.8177736422e+21   4.8281158699e+17   2.0042495538e+61   7.7467095752e-24   1.1576620603e-13   1.5408613356e+05   2.0000000000e-02 
  1.8182561775e+21   4.8253525421e+17   2.0041664901e+61   7.7645746756e-24   1.1595426409e-13   1.5424239664e+05   2.0000000000e-02 
  1.8187384105e+21   4.8223302397e+17   2.0039742325e+61   7.7829025198e-24   1.1614709741e-13   1.5440358994e+05   2.0000000000e-02 
  1.8192203223e+21   4.8191177602e+17   2.0037011654e+61   7.8015813666e-24   1.1634351809e-13   1.5456941072e+05   2.0000000000e-02 
  1.8197018908e+21   4.8156846070e+17   2.0033344313e+61   7.8206060240e-24   1.1654346530e-13   1.5473867460e+05   2.0000000000e-02 
  1.8201831046e+21   4.8121388597e+17   2.0029188333e+61   7.8398868639e-24   1.1674598405e-13   1.5491106761e+05   2.0000000000e-02 
  1.8206639523e+21   4.8084766766e+17   2.0024526725e+61   7.8594142966e-24   1.1695096810e-13   1.5508571490e+05   2.0000000000e-02 
  1.8211444161e+21   4.8046383000e+17   2.0019109414e+61   7.8791263028e-24   1.1715775612e-13   1.5526236001e+05   2.0000000000e-02 
  1.8216244945e+21   4.8007838022e+17   2.0013602348e+61   7.8990151848e-24   1.1736626241e-13   1.5544041983e+05   2.0000000000e-02 
  1.8221041853e+21   4.7969074889e+17   2.0007981634e+61   7.9190385025e-24   1.1757603582e-13   1.5561973672e+05   2.0000000000e-02 
  1.8225834713e+21   4.7928603650e+17   2.0001625134e+61   7.9391937318e-24   1.1778704639e-13   1.5579989522e+05   2.0000000000e-02 
  1.8230623518e+21   4.7888051021e+17   1.9995210758e+61   7.9594477537e-24   1.1799894359e-13   1.5598080490e+05   2.0000000000e-02 
  1.8235408290e+21   4.7847720457e+17   1.9988865246e+61   7.9798003988e-24   1.1821172374e-13   1.5616214538e+05   2.0000000000e-02 
  1.8240188955e+21   4.7806649035e+17   1.9982186213e+61   8.0002252102e-24   1.1842510771e-13   1.5634385285e+05   2.0000000000e-02 
  1.8244965560e+21   4.7766047901e+17   1.9975679652e+61   8.0207238880e-24   1.1863911114e-13   1.5652567313e+05   2.0000000000e-02 
  1.8249738029e+21   4.7724687754e+17   1.9968831488e+61   8.0412741960e-24   1.1885350032e-13   1.5670759489e+05   2.0000000000e-02 
  1.8254506367e+21   4.7683384909e+17   1.9961982893e+61   8.0618858090e-24   1.1906837251e-13   1.5688941836e+05   2.0000000000e-02 
  1.8259270722e+21   4.7643548153e+17   1.9955724159e+61   8.0825363475e-24   1.1928349384e-13   1.5707126974e+05   2.0000000000e-02 
  1.8264031020e+21   4.7602975566e+17   1.9949133569e+61   8.1032512823e-24   1.1949912729e-13   1.5725296205e+05   2.0000000000e-02 
  1.8268787275e+21   4.7562555143e+17   1.9942582914e+61   8.1240080637e-24   1.1971503462e-13   1.5743475961e+05   2.0000000000e-02 
  1.8273539368e+21   4.7520928355e+17   1.9935502273e+61   8.1448385964e-24   1.1993154807e-13   1.5761651373e+05   2.0000000000e-02 
  1.8278287271e+21   4.7479030718e+17   1.9928283364e+61   8.1657250653e-24   1.2014848001e-13   1.5779851085e+05   2.0000000000e-02 
  1.8283031063e+21   4.7437917034e+17   1.9921369038e+61   8.1866966936e-24   1.2036613397e-13   1.5798065512e+05   2.0000000000e-02 
  1.8287770851e+21   4.7397883244e+17   1.9914884363e+61   8.2077398047e-24   1.2058436663e-13   1.5816319311e+05   2.0000000000e-02 
  1.8292506787e+21   4.7359357368e+17   1.9909010267e+61   8.2288787649e-24   1.2080343063e-13   1.5834603105e+05   2.0000000000e-02 
  1.8297238955e+21   4.7321679612e+17   1.9903470490e+61   8.2500988863e-24   1.2102314264e-13   1.5852932922e+05   2.0000000000e-02 
  1.8301967367e+21   4.7284119270e+17   1.9897958204e+61   8.2714126492e-24   1.2124365870e-13   1.5871290272e+05   2.0000000000e-02 
  1.8306691921e+21   4.7245547861e+17   1.9891998267e+61   8.2928008113e-24   1.2146478306e-13   1.5889682215e+05   2.0000000000e-02 
  1.8311412470e+21   4.7205486232e+17   1.9885387911e+61   8.3142715459e-24   1.2168659994e-13   1.5908091798e+05   2.0000000000e-02 
  1.8316128884e+21   4.7164139636e+17   1.9878212379e+61   8.3358085508e-24   1.2190893897e-13   1.5926521966e+05   2.0000000000e-02 
  1.8320841070e+21   4.7121864563e+17   1.9870620931e+61   8.3574168465e-24   1.2213185143e-13   1.5944959004e+05   2.0000000000e-02 
  1.8325548967e+21   4.7078967667e+17   1.9862742182e+61   8.3790851514e-24   1.2235521885e-13   1.5963404532e+05   2.0000000000e-02 
  1.8330252553e+21   4.7035858795e+17   1.9854748652e+61   8.4008167977e-24   1.2257907488e-13   1.5981850304e+05   2.0000000000e-02 
  1.8334951806e+21   4.6992527147e+17   1.9846635608e+61   8.4226058995e-24   1.2280335709e-13   1.6000298054e+05   2.0000000000e-02 
  1.8339646728e+21   4.6949220779e+17   1.9838507710e+61   8.4444554562e-24   1.2302809552e-13   1.6018744255e+05   2.0000000000e-02 
  1.8344337315e+21   4.6905872930e+17   1.9830336760e+61   8.4663632189e-24   1.2325326564e-13   1.6037191359e+05   2.0000000000e-02 
  1.8349023565e+21   4.6862499456e+17   1.9822129444e+61   8.4883318430e-24   1.2347889412e-13   1.6055638640e+05   2.0000000000e-02 
  1.8353705482e+21   4.6819169653e+17   1.9813915083e+61   8.5103610307e-24   1.2370497689e-13   1.6074088114e+05   2.0000000000e-02 
  1.8358383062e+21   4.6775795807e+17   1.9805656578e+61   8.5324525313e-24   1.2393153137e-13   1.6092539734e+05   2.0000000000e-02 
  1.8363056301e+21   4.6732388641e+17   1.9797358448e+61   8.5546061603e-24   1.2415855477e-13   1.6110994399e+05   2.0000000000e-02 
  1.8367725199e+21   4.6688989024e+17   1.9789038000e+61   8.5768216137e-24   1.2438604364e-13   1.6129451953e+05   2.0000000000e-02 
  1.8372389743e+21   4.6645432661e+17   1.9780625565e+61   8.5990989546e-24   1.2461399794e-13   1.6147910993e+05   2.0000000000e-02 
  1.8377049933e+21   4.6601902080e+17   1.9772198482e+61   8.6214367324e-24   1.2484240226e-13   1.6166370423e+05   2.0000000000e-02 
  1.8381705757e+21   4.6558245898e+17   1.9763692507e+61   8.6438349085e-24   1.2507125525e-13   1.6184827806e+05   2.0000000000e-02 
  1.8386357217e+21   4.6514595193e+17   1.9755163229e+61   8.6662908229e-24   1.2530052877e-13   1.6203282868e+05   2.0000000000e-02 
  1.8391004308e+21   4.6470909946e+17   1.9746593655e+61   8.6888038623e-24   1.2553021617e-13   1.6221733767e+05   2.0000000000e-02 
  1.8395647027e+21   4.6427194705e+17   1.9737985702e+61   8.7113740299e-24   1.2576031635e-13   1.6240179041e+05   2.0000000000e-02 
  1.8400285375e+21   4.6383472473e+17   1.9729349143e+61   8.7340002041e-24   1.2599081735e-13   1.6258618412e+05   2.0000000000e-02 
  1.8404919346e+21   4.6339716513e+17   1.9720672602e+61   8.7566852799e-24   1.2622174668e-13   1.6277050429e+05   2.0000000000e-02 
  1.8409548937e+21   4.6295907796e+17   1.9711947961e+61   8.7794236461e-24   1.2645304719e-13   1.6295480092e+05   2.0000000000e-02 
  1.8414174151e+21   4.6252139386e+17   1.9703214839e+61   8.8022231201e-24   1.2668479714e-13   1.6313903507e+05   2.0000000000e-02 
  1.8418794978e+21   4.6208273560e+17   1.9694414572e+61   8.8250763339e-24   1.2691692209e-13   1.6332327276e+05   2.0000000000e-02 
  1.8423411420e+21   4.6164417344e+17   1.9685592737e+61   8.8479976217e-24   1.2714956531e-13   1.6350743347e+05   2.0000000000e-02 
  1.8428023469e+21   4.6120487268e+17   1.9676713736e+61   8.8709723507e-24   1.2738257833e-13   1.6369164446e+05   2.0000000000e-02 
  1.8432631120e+21   4.6076509614e+17   1.9667788739e+61   8.8940191494e-24   1.2761614813e-13   1.6387579823e+05   2.0000000000e-02 
  1.8437234372e+21   4.6032519464e+17   1.9658832704e+61   8.9171174314e-24   1.2785006708e-13   1.6406005968e+05   2.0000000000e-02 
  1.8441833213e+21   4.5988412910e+17   1.9649801225e+61   8.9402945484e-24   1.2808461011e-13   1.6424424997e+05   2.0000000000e-02 
  1.8446427641e+21   4.5944281142e+17   1.9640733208e+61   8.9635236921e-24   1.2831950584e-13   1.6442857809e+05   2.0000000000e-02 
  1.8451017647e+21   4.5900061692e+17   1.9631601921e+61   8.9868361936e-24   1.2855506877e-13   1.6461284165e+05   2.0000000000e-02 
  1.8455603226e+21   4.5855785286e+17   1.9622420453e+61   9.0101981488e-24   1.2879095704e-13   1.6479729922e+05   2.0000000000e-02 
  1.8460184372e+21   4.5811456248e+17   1.9613190620e+61   9.0336491713e-24   1.2902756871e-13   1.6498168462e+05   2.0000000000e-02 
  1.8464761075e+21   4.5767030142e+17   1.9603893353e+61   9.0571503607e-24   1.2926451128e-13   1.6516628997e+05   2.0000000000e-02 
  1.8469333327e+21   4.5722521553e+17   1.9594534835e+61   9.0807466284e-24   1.2950223478e-13   1.6535081877e+05   2.0000000000e-02 
  1.8473901122e+21   4.5677955670e+17   1.9585125811e+61   9.1043902575e-24   1.2974025894e-13   1.6553562953e+05   2.0000000000e-02 
  1.8478464446e+21   4.5633237675e+17   1.9575625563e+61   9.1281337627e-24   1.2997911060e-13   1.6572036913e+05   2.0000000000e-02 
  1.8483023298e+21   4.5588523899e+17   1.9566101087e+61   9.1519251548e-24   1.3021826690e-13   1.6590542090e+05   2.0000000000e-02 
  1.8487577657e+21   4.5543585053e+17   1.9556453919e+61   9.1758231418e-24   1.3045831562e-13   1.6609038773e+05   2.0000000000e-02 
  1.8492127525e+21   4.5498675937e+17   1.9546793375e+61   9.1997694170e-24   1.3069867011e-13   1.6627570468e+05   2.0000000000e-02 
  1.8496672880e+21   4.5453557014e+17   1.9537016511e+61   9.2238234347e-24   1.3093992638e-13   1.6646096826e+05   2.0000000000e-02 
  1.8501213721e+21   4.5408402989e+17   1.9527198310e+61   9.2479287750e-24   1.3118151711e-13   1.6664659687e+05   2.0000000000e-02 
  1.8505750029e+21   4.5363082142e+17   1.9517282072e+61   9.2721433201e-24   1.3142402217e-13   1.6683219286e+05   2.0000000000e-02 
  1.8510281795e+21   4.5317660530e+17   1.9507296113e+61   9.2964155393e-24   1.3166692229e-13   1.6701814507e+05   2.0000000000e-02 
  1.8514809002e+21   4.5272074834e+17   1.9497213085e+61   9.3207932066e-24   1.3191069653e-13   1.6720412703e+05   2.0000000000e-02 
  1.8519331642e+21   4.5226399672e+17   1.9487065024e+61   9.3452360195e-24   1.3215493863e-13   1.6739044847e+05   2.0000000000e-02 
  1.8523849694e+21   4.5180522248e+17   1.9476803234e+61   9.3697816845e-24   1.3240002897e-13   1.6757683914e+05   2.0000000000e-02 
  1.8528363147e+21   4.5134525468e+17   1.9466463324e+61   9.3944176087e-24   1.3264583015e-13   1.6776342675e+05   2.0000000000e-02 
  1.8532871987e+21   4.5088402027e+17   1.9456042058e+61   9.4191402282e-24   1.3289227612e-13   1.6795056209e+05   2.0000000000e-02 
  1.8537376186e+21   4.5041984355e+17   1.9445466984e+61   9.4439061323e-24   1.3313908576e-13   1.6813860982e+05   2.0000000000e-02 
  1.8541875119e+21   4.4989329814e+17   1.9432170453e+61   9.4693093254e-24   1.3339196798e-13   1.6832479500e+05   2.0000000000e-02 
  1.8546365884e+21   4.4907649501e+17   1.9406296922e+61   9.4985621146e-24   1.3368031638e-13   1.6853378015e+05   2.0000000000e-02 
  1.8550849821e+21   4.4839379223e+17   1.9386173570e+61   9.5318985769e-24   1.3401356976e-13   1.6884623249e+05   2.0000000000e-02 
  1.8555354152e+21   4.5043301099e+17   1.9483776595e+61   9.5320816310e-24   1.3402884246e-13   1.6888531258e+05   2.0000000000e-02 
  1.8560054709e+21   4.7005578078e+17   2.0342661438e+61   9.4194232624e-24   1.3299842521e-13   1.6762773074e+05   2.0000000000e-02 
  1.8566384980e+21   6.3302701842e+17   2.7411874260e+61   8.3416243979e-24   1.2245203958e-13   1.5657611794e+05   2.0000000000e-02 
  1.8577460950e+21   1.1075970514e+18   4.8007093693e+61   4.6381861931e-24   8.3289839637e-14   9.6950242164e+04   2.0000000000e-02 
  1.8593764696e+21   1.6303745803e+18   7.0770303592e+61   2.6338257544e-24   5.7826646410e-14   2.5681543522e+04   2.0000000000e-02 
  1.8612459216e+21   1.8694520521e+18   8.1300914521e+61   2.2899750552e-24   5.2852348306e-14   4.4726246487e+03   2.0000000000e-02 
  1.8631682215e+21   1.9222998092e+18   8.3769701601e+61   2.2346185344e-24   5.2022580430e-14   6.9109802227e+02   2.0000000000e-02 
  1.8650991985e+21   1.9309770176e+18   8.4322044463e+61   2.2261040648e-24   5.1894269628e-14   1.0461753474e+02   2.0000000000e-02 
  1.8670315025e+21   1.9323040671e+18   8.4554956132e+61   2.2248157788e-24   5.1874838056e-14   1.5768159427e+01   2.0000000000e-02 
  1.8689640070e+21   1.9325044253e+18   8.4738954152e+61   2.2246216214e-24   5.1871908663e-14   2.3717706108e+00   2.0000000000e-02 
  1.8708965415e+21   1.9325345735e+18   8.4915701321e+61   2.2245924183e-24   5.1871467953e-14   3.5615139817e-01   2.0000000000e-02 
  1.8728290806e+21   1.9325391018e+18   8.5091508862e+61   2.2245880329e-24   5.1871401759e-14   5.3387433354e-02   2.0000000000e-02 
  1.8747616204e+21   1.9325397803e+18   8.5267329000e+61   2.2245873758e-24   5.1871391837e-14   7.9929759958e-03   2.0000000000e-02 
  1.8766941603e+21   1.9325398820e+18   8.5443305189e+61   2.2245872774e-24   5.1871390350e-14   1.1932237953e-03   2.0000000000e-02 
  1.8786267002e+21   1.9325398991e+18   8.5619459049e+61   2.2245872606e-24   5.1871390103e-14   1.4336146753e-04   2.0000000000e-02 
  1.8805592401e+21   1.9325399000e+18   8.5795793586e+61   2.2245872599e-24   5.1871390087e-14   8.2160424504e-06   2.0000000000e-02 
  1.8824917800e+21   1.9325399000e+18   8.5972309480e+61   2.2245872600e-24   5.1871390087e-14  -1.8712875242e-06   2.0000000000e-02 
  1.8844243199e+21   1.9325399000e+18   8.6149006769e+61   2.2245872600e-24   5.1871390087e-14  -2.5823328374e-06   2.0000000000e-02 
  1.8863568598e+21   1.9325399000e+18   8.6325885453e+61   2.2245872600e-24   5.1871390087e-14  -2.6509193931e-06   2.0000000000e-02 
  1.8882893998e+21   1.9325400000e+18   8.6502950013e+61   2.2245872600e-24   5.1871390087e-14  -2.5941015220e-06   2.0000000000e-02 
  1.8902219397e+21   1.9325399000e+18   8.6680187016e+61   2.2245872600e-24   5.1871390087e-14  -2.5404688859e-06   2.0000000000e-02 
  1.8921544796e+21   1.9325399000e+18   8.6857609885e+61   2.2245872600e-24   5.1871390087e-14  -2.4952862836e-06   2.0000000000e-02 
  1.8940870195e+21   1.9325399000e+18   8.7035214149e+61   2.2245872600e-24   5.1871390087e-14  -2.4789128525e-06   2.0000000000e-02 
  1.8960195594e+21   1.9325399000e+18   8.7212999808e+61   2.2245872600e-24   5.1871390087e-14  -2.4261865670e-06   2.0000000000e-02 
  1.8979520993e+21   1.9325399000e+18   8.7390966862e+61   2.2245872600e-24   5.1871390087e-14  -2.4310994526e-06   2.0000000000e-02 
  1.8998846392e+21   1.9325399000e+18   8.7569115311e+61   2.2245872600e-24   5.1871390087e-14  -2.4512489630e-06   2.0000000000e-02 
  1.9018171791e+21   1.9325399000e+18   8.7747445155e+61   2.2245872600e-24   5.1871390087e-14  -2.4819578564e-06   2.0000000000e-02 
  1.9037497190e+21   1.9325399000e+18   8.7925956394e+61   2.2245872600e-24   5.1871390087e-14  -2.5135140638e-06   2.0000000000e-02 
  1.9056822589e+21   1.9325399000e+18   8.8104649028e+61   2.2245872600e-24   5.1871390087e-14  -2.5288866880e-06   2.0000000000e-02 
  1.9076147988e+21   1.9325399000e+18   8.8283523057e+61   2.2245872600e-24   5.1871390087e-14  -2.5071466167e-06   2.0000000000e-02 
  1.9095473387e+21   1.9325399000e+18   8.8462578481e+61   2.2245872600e-24   5.1871390087e-14  -2.4589538836e-06   2.0000000000e-02 
  1.9114798786e+21   1.9325399000e+18   8.8641815300e+61   2.2245872600e-24   5.1871390087e-14  -2.3881664577e-06   2.0000000000e-02 
  1.9134124185e+21   1.9325399000e+18   8.8821233514e+61   2.2245872600e-24   5.1871390087e-14  -2.2033625084e-06   2.0000000000e-02 
  1.9153449584e+21   1.9325399000e+18   8.9000833123e+61   2.2245872600e-24   5.1871390087e-14  -1.6342454196e-06   2.0000000000e-02 
  1.9172774983e+21   1.9325399000e+18   8.9180614127e+61   2.2245872600e-24   5.1871390087e-14  -1.1120730291e-07   2.0000000000e-02 
  1.9192100382e+21   1.9325399000e+18   8.9360576526e+61   2.2245872600e-24   5.1871390087e-14   9.1310246717e-07   2.0000000000e-02 
  1.9211425782e+21   1.9325400000e+18   8.9540724957e+61   2.2245872600e-24   5.1871390087e-14   1.0739275356e-06   2.0000000000e-02 
  1.9230751181e+21   1.9325399000e+18   8.9721045518e+61   2.2245872600e-24   5.1871390087e-14   1.0161867851e-06   2.0000000000e-02 
  1.9250076580e+21   1.9325399000e+18   8.9901552101e+61   2.2245872600e-24   5.1871390087e-14   7.9277783633e-07   2.0000000000e-02 
  1.9269401979e+21   1.9325399000e+18   9.0082240080e+61   2.2245872600e-24   5.1871390087e-14   1.6132198960e-08   2.0000000000e-02 
  1.9288727378e+21   1.9325399000e+18   9.0263109454e+61   2.2245872600e-24   5.1871390087e-14  -8.3500503107e-07   2.0000000000e-02 
  1.9308052777e+21   1.9325399000e+18   9.0444160223e+61   2.2245872600e-24   5.1871390087e-14  -1.0336372787e-06   2.0000000000e-02 
  1.9327378176e+21   1.9325399000e+18   9.0625392386e+61   2.2245872600e-24   5.1871390087e-14  -1.0867556373e-06   2.0000000000e-02 
  1.9346703575e+21   1.9325399000e+18   9.0806805945e+61   2.2245872600e-24   5.1871390087e-14  -1.1303460404e-06   2.0000000000e-02 
  1.9366028974e+21   1.9325399000e+18   9.0988400899e+61   2.2245872600e-24   5.1871390087e-14  -1.1341333655e-06   2.0000000000e-02 
  1.9385354373e+21   1.9325399000e+18   9.1170177248e+61   2.2245872600e-24   5.1871390087e-14  -1.1136039838e-06   2.0000000000e-02 
  1.9404679772e+21   1.9325399000e+18   9.1352134991e+61   2.2245872600e-24   5.1871390087e-14  -1.1053578034e-06   2.0000000000e-02 
  1.9424005171e+21   1.9325399000e+18   9.1534274130e+61   2.2245872600e-24   5.1871390087e-14  -1.1323004137e-06   2.0000000000e-02 
  1.9443330570e+21   1.9325399000e+18   9.1716594664e+61   2.2245872600e-24   5.1871390087e-14  -1.1333565196e-06   2.0000000000e-02 
  1.9462655969e+21   1.9325399000e+18   9.1899096592e+61   2.2245872600e-24   5.1871390087e-14  -1.1191757869e-06   2.0000000000e-02 
  1.9481981368e+21   1.9325399000e+18   9.2081779916e+61   2.2245872600e-24   5.1871390087e-14  -1.0197570451e-06   2.0000000000e-02 
  1.9501306767e+21   1.9325399000e+18   9.2264644634e+61   2.2245872600e-24   5.1871390087e-14  -9.2088603443e-07   2.0000000000e-02 
  1.9520632166e+21   1.9325399000e+18   9.2447690748e+61   2.2245872600e-24   5.1871390087e-14  -9.8041329630e-07   2.0000000000e-02 
  1.9539957565e+21   1.9325399000e+18   9.2630918256e+61   2.2245872600e-24   5.1871390087e-14  -9.8141259900e-07   2.0000000000e-02 
  1.9559282965e+21   1.9325400000e+18   9.2814331967e+61   2.2245872600e-24   5.1871390087e-14  -5.1343066868e-07   2.0000000000e-02 
  1.9578608364e+21   1.9325399000e+18   9.2997917468e+61   2.2245872600e-24   5.1871390087e-14  -3.7112406503e-07   2.0000000000e-02 
  1.9597933763e+21   1.9325399000e+18   9.3181689161e+61   2.2245872600e-24   5.1871390087e-14  -7.1140721202e-07   2.0000000000e-02 
  1.9617259162e+21   1.9325399000e+18   9.3365642250e+61   2.2245872600e-24   5.1871390087e-14  -9.2609684830e-07   2.0000000000e-02 
  1.9636584561e+21   1.9325399000e+18   9.3549776733e+61   2.2245872600e-24   5.1871390087e-14  -1.0263802331e-06   2.0000000000e-02 
  1.9655909960e+21   1.9325399000e+18   9.3734092612e+61   2.2245872600e-24   5.1871390087e-14  -9.7466280403e-07   2.0000000000e-02 
  1.9675235359e+21   1.9325399000e+18   9.3918589885e+61   2.2245872600e-24   5.1871390087e-14  -8.5990842122e-07   2.0000000000e-02 
  1.9694560758e+21   1.9325399000e+18   9.4103268554e+61   2.2245872600e-24   5.1871390087e-14  -1.4263871780e-07   2.0000000000e-02 
  1.9713886157e+21   1.9325399000e+18   9.4288128617e+61   2.2245872600e-24   5.1871390087e-14   8.0402504634e-07   2.0000000000e-02 
  1.9733211556e+21   1.9325399000e+18   9.4473170075e+61   2.2245872600e-24   5.1871390087e-14   1.0863478640e-06   2.0000000000e-02 
  1.9752536955e+21   1.9325399000e+18   9.4658392929e+61   2.2245872600e-24   5.1871390087e-14   1.1927562809e-06   2.0000000000e-02 
  1.9771862354e+21   1.9325399000e+18   9.4843797177e+61   2.2245872600e-24   5.1871390087e-14   1.2396592324e-06   2.0000000000e-02 
  1.9791187753e+21   1.9325399000e+18   9.5029382820e+61   2.2245872600e-24   5.1871390087e-14   1.4394430221e-06   2.0000000000e-02 
  1.9810513152e+21   1.9325399000e+18   9.5215149859e+61   2.2245872600e-24   5.1871390087e-14   1.8446585496e-06   2.0000000000e-02 
  1.9829838551e+21   1.9325399000e+18   9.5401098292e+61   2.2245872600e-24   5.1871390087e-14   2.1625378001e-06   2.0000000000e-02 
  1.9849163950e+21   1.9325399000e+18   9.5587228120e+61   2.2245872600e-24   5.1871390087e-14   2.2744623256e-06   2.0000000000e-02 
  1.9868489349e+21   1.9325399000e+18   9.5773539343e+61   2.2245872600e-24   5.1871390087e-14   2.2128557893e-06   2.0000000000e-02 
  1.9887814748e+21   1.9325399000e+18   9.5960031962e+61   2.2245872600e-24   5.1871390087e-14   1.9119161870e-06   2.0000000000e-02 
  1.9907140147e+21   1.9325399000e+18   9.6146705975e+61   2.2245872600e-24   5.1871390087e-14   1.4811365137e-06   2.0000000000e-02 
  1.9926465546e+21   1.9325399000e+18   9.6333561383e+61   2.2245872600e-24   5.1871390087e-14   1.2222692757e-06   2.0000000000e-02 
  1.9945790945e+21   1.9325399000e+18   9.6520598186e+61   2.2245872600e-24   5.1871390087e-14   1.1554471773e-06   2.0000000000e-02 
  1.9965116344e+21   1.9325399000e+18   9.6707816384e+61   2.2245872600e-24   5.1871390087e-14   1.0630362286e-06   2.0000000000e-02 
  1.9984441743e+21   1.9325399000e+18   9.6895215977e+61   2.2245872600e-24   5.1871390087e-14   6.7736840174e-07   2.0000000000e-02 
  2.0003767142e+21   1.9325399000e+18   9.7082796965e+61   2.2245872600e-24   5.1871390087e-14  -3.0222103824e-07   2.0000000000e-02 
  2.0023092541e+21   1.9325399000e+18   9.7270559349e+61   2.2245872600e-24   5.1871390087e-14  -9.7532163972e-07   2.0000000000e-02 
  2.0042417940e+21   1.9325399000e+18   9.7458503127e+61   2.2245872600e-24   5.1871390087e-14  -1.1046006310e-06   2.0000000000e-02 
  2.0061743339e+21   1.9325399000e+18   9.7646628300e+61   2.2245872600e-24   5.1871390087e-14  -1.1361156781e-06   2.0000000000e-02 
  2.0081068738e+21   1.9325399000e+18   9.7834934868e+61   2.2245872600e-24   5.1871390087e-14  -1.1490342335e-06   2.0000000000e-02 
  2.0100394137e+21   1.9325399000e+18   9.8023422831e+61   2.2245872600e-24   5.1871390087e-14  -1.1699827770e-06   2.0000000000e-02 
  2.0119719536e+21   1.9325399000e+18   9.8212092189e+61   2.2245872600e-24   5.1871390087e-14  -1.2032265921e-06   2.0000000000e-02 
  2.0139044935e+21   1.9325399000e+18   9.8400942942e+61   2.2245872600e-24   5.1871390087e-14  -1.2916373152e-06   2.0000000000e-02 
  2.0158370334e+21   1.9325399000e+18   9.8589975090e+61   2.2245872600e-24   5.1871390087e-14  -1.4192502570e-06   2.0000000000e-02 
  2.0177695733e+21   1.9325399000e+18   9.8779188633e+61   2.2245872600e-24   5.1871390087e-14  -1.7163542708e-06   2.0000000000e-02 
  2.0197021132e+21   1.9325399000e+18   9.8968583570e+61   2.2245872600e-24   5.1871390087e-14  -2.0175548110e-06   2.0000000000e-02 
  2.0216346531e+21   1.9325399000e+18   9.9158159903e+61   2.2245872600e-24   5.1871390087e-14  -2.0508660725e-06   2.0000000000e-02 
  2.0235671930e+21   1.9325399000e+18   9.9347917631e+61   2.2245872600e-24   5.1871390087e-14  -2.0031764481e-06   2.0000000000e-02 
  2.0254997329e+21   1.9325399000e+18   9.9537856754e+61   2.2245872600e-24   5.1871390087e-14  -2.0201783991e-06   2.0000000000e-02 
  2.0274322728e+21   1.9325399000e+18   9.9727977272e+61   2.2245872600e-24   5.1871390087e-14  -2.0807631635e-06   2.0000000000e-02 
  2.0293648127e+21   1.9325399000e+18   9.9918279185e+61   2.2245872600e-24   5.1871390087e-14  -2.0833971863e-06   2.0000000000e-02 
  2.0312973526e+21   1.9325399000e+18   1.0010876249e+62   2.2245872600e-24   5.1871390087e-14  -2.0937086568e-06   2.0000000000e-02 
  2.0332298925e+21   1.9325399000e+18   1.0029942720e+62   2.2245872600e-24   5.1871390087e-14  -2.1296058945e-06   2.0000000000e-02 
  2.0351624324e+21   1.9325399000e+18   1.0049027329e+62   2.2245872600e-24   5.1871390087e-14  -2.2036804698e-06   2.0000000000e-02 
  2.0370949723e+21   1.9325399000e+18   1.0068130079e+62   2.2245872600e-24   5.1871390087e-14  -2.1672986834e-06   2.0000000000e-02 
  2.0390275122e+21   1.9325399000e+18   1.0087250967e+62   2.2245872600e-24   5.1871390087e-14  -2.0962423714e-06   2.0000000000e-02 
  2.0409600521e+21   1.9325399000e+18   1.0106389996e+62   2.2245872600e-24   5.1871390087e-14  -2.0067629226e-06   2.0000000000e-02 
  2.0428925920e+21   1.9325399000e+18   1.0125547163e+62   2.2245872600e-24   5.1871390087e-14  -1.9495048609e-06   2.0000000000e-02 
  2.0448251319e+21   1.9325399000e+18   1.0144722471e+62   2.2245872600e-24   5.1871390087e-14  -2.0125825709e-06   2.0000000000e-02 
  2.0467576718e+21   1.9325399000e+18   1.0163915917e+62   2.2245872600e-24   5.1871390087e-14  -2.0690133758e-06   2.0000000000e-02 
  2.0486902117e+21   1.9325399000e+18   1.0183127504e+62   2.2245872600e-24   5.1871390087e-14  -2.0858940073e-06   2.0000000000e-02 
  2.0506227516e+21   1.9325399000e+18   1.0202357229e+62   2.2245872600e-24   5.1871390087e-14  -2.0885901457e-06   2.0000000000e-02 
  2.0525552915e+21   1.9325399000e+18   1.0221605095e+62   2.2245872600e-24   5.1871390087e-14  -2.0760458857e-06   2.0000000000e-02 
  2.0544878314e+21   1.9325399000e+18   1.0240871099e+62   2.2245872600e-24   5.1871390087e-14  -2.0164389171e-06   2.0000000000e-02 
  2.0564203713e+21   1.9325399000e+18   1.0260155244e+62   2.2245872600e-24   5.1871390087e-14  -1.6890185760e-06   2.0000000000e-02 
  2.0583529112e+21   1.9325399000e+18   1.0279457527e+62   2.2245872600e-24   5.1871390087e-14  -1.2948159634e-06   2.0000000000e-02 
  2.0602854511e+21   1.9325399000e+18   1.0298777951e+62   2.2245872600e-24   5.1871390087e-14  -1.1299247532e-06   2.0000000000e-02 
  2.0622179910e+21   1.9325399000e+18   1.0318116513e+62   2.2245872600e-24   5.1871390087e-14  -1.1240700335e-06   2.0000000000e-02 
  2.0641505309e+21   1.9325399000e+18   1.0337473216e+62   2.2245872600e-24   5.1871390087e-14  -1.1073267503e-06   2.0000000000e-02 
  2.0660830708e+21   1.9325399000e+18   1.0356848057e+62   2.2245872600e-24   5.1871390087e-14  -1.0725037271e-06   2.0000000000e-02 
  2.0680156107e+21   1.9325399000e+18   1.0376241039e+62   2.2245872600e-24   5.1871390087e-14  -1.0227295379e-06   2.0000000000e-02 
  2.0699481506e+21   1.9325399000e+18   1.0395652159e+62   2.2245872600e-24   5.1871390087e-14  -9.9764010784e-07   2.0000000000e-02 
  2.0718806905e+21   1.9325399000e+18   1.0415081420e+62   2.2245872600e-24   5.1871390087e-14  -9.8461864415e-07   2.0000000000e-02 
  2.0738132304e+21   1.9325399000e+18   1.0434528819e+62   2.2245872600e-24   5.1871390087e-14  -9.2027553902e-07   2.0000000000e-02 
  2.0757457703e+21   1.9325399000e+18   1.0453994359e+62   2.2245872600e-24   5.1871390087e-14  -6.2286736179e-07   2.0000000000e-02 
  2.0776783102e+21   1.9325399000e+18   1.0473478037e+62   2.2245872600e-24   5.1871390087e-14   7.2553055338e-08   2.0000000000e-02 
  2.0796108501e+21   1.9325399000e+18   1.0492979856e+62   2.2245872600e-24   5.1871390087e-14   6.0960741653e-07   2.0000000000e-02 
  2.0815433900e+21   1.9325399000e+18   1.0512499813e+62   2.2245872600e-24   5.1871390087e-14   7.0494855916e-07   2.0000000000e-02 
  2.0834759299e+21   1.9325399000e+18   1.0532037911e+62   2.2245872600e-24   5.1871390087e-14  -5.3984978975e-09   2.0000000000e-02 
  2.0854084698e+21   1.9325399000e+18   1.0551594147e+62   2.2245872600e-24   5.1871390087e-14  -8.7338082354e-07   2.0000000000e-02 
  2.0873410097e+21   1.9325399000e+18   1.0571168524e+62   2.2245872600e-24   5.1871390087e-14  -9.7937508571e-07   2.0000000000e-02 
  2.0892735496e+21   1.9325399000e+18   1.0590761039e+62   2.2245872600e-24   5.1871390087e-14  -9.9819380574e-07   2.0000000000e-02 
  2.0912060895e+21   1.9325399000e+18   1.0610371695e+62   2.2245872600e-24   5.1871390087e-14  -1.0178174449e-06   2.0000000000e-02 
  2.0931386294e+21   1.9325399000e+18   1.0630000489e+62   2.2245872600e-24   5.1871390087e-14  -1.0267077250e-06   2.0000000000e-02 
  2.0950711693e+21   1.9325399000e+18   1.0649647423e+62   2.2245872600e-24   5.1871390087e-14  -1.0398004670e-06   2.0000000000e-02 
  2.0970037092e+21   1.9325399000e+18   1.0669312497e+62   2.2245872600e-24   5.1871390087e-14  -1.0732044657e-06   2.0000000000e-02 
  2.0989362491e+21   1.9325399000e+18   1.0688995710e+62   2.2245872600e-24   5.1871390087e-14  -1.2683668686e-06   2.0000000000e-02 
  2.1008687890e+21   1.9325399000e+18   1.0708697063e+62   2.2245872600e-24   5.1871390088e-14  -1.6964586404e-06   2.0000000000e-02 
  2.1028013289e+21   1.9325399000e+18   1.0728416555e+62   2.2245872600e-24   5.1871390088e-14  -2.1113145617e-06   2.0000000000e-02 
  2.1047338688e+21   1.9325399000e+18   1.0748154187e+62   2.2245872600e-24   5.1871390088e-14  -2.2114070668e-06   2.0000000000e-02 
  2.1066664087e+21   1.9325399000e+18   1.0767909958e+62   2.2245872600e-24   5.1871390088e-14  -2.1665190640e-06   2.0000000000e-02 
  2.1085989486e+21   1.9325399000e+18   1.0787683869e+62   2.2245872600e-24   5.1871390088e-14  -2.2142374085e-06   2.0000000000e-02 
  2.1105314885e+21   1.9325399000e+18   1.0807475919e+62   2.2245872600e-24   5.1871390088e-14  -2.2220793668e-06   2.0000000000e-02 
  2.1124640284e+21   1.9325399000e+18   1.0827286109e+62   2.2245872600e-24   5.1871390088e-14  -2.1797476976e-06   2.0000000000e-02 
  2.1143965683e+21   1.9325399000e+18   1.0847114438e+62   2.2245872600e-24   5.1871390088e-14  -2.2119996631e-06   2.0000000000e-02 
  2.1163291082e+21   1.9325399000e+18   1.0866960907e+62   2.2245872600e-24   5.1871390088e-14  -2.2248482818e-06   2.0000000000e-02 
  2.1182616481e+21   1.9325399000e+18   1.0886825515e+62   2.2245872600e-24   5.1871390088e-14  -2.4004639303e-06   2.0000000000e-02 
  2.1201941880e+21   1.9325399000e+18   1.0906708263e+62   2.2245872600e-24   5.1871390088e-14  -2.6557930817e-06   2.0000000000e-02 
  2.1221267279e+21   1.9325399000e+18   1.0926609150e+62   2.2245872600e-24   5.1871390088e-14  -2.6101229899e-06   2.0000000000e-02 
  2.1240592678e+21   1.9325399000e+18   1.0946528177e+62   2.2245872600e-24   5.1871390088e-14  -2.3195223200e-06   2.0000000000e-02 
  2.1259918077e+21   1.9325399000e+18   1.0966465343e+62   2.2245872600e-24   5.1871390088e-14  -2.1398839551e-06   2.0000000000e-02 
  2.1279243476e+21   1.9325399000e+18   1.0986420648e+62   2.2245872600e-24   5.1871390088e-14  -2.0862707801e-06   2.0000000000e-02 
  2.1298568875e+21   1.9325399000e+18   1.1006394094e+62   2.2245872600e-24   5.1871390088e-14  -2.0451487744e-06   2.0000000000e-02 
  2.1317894274e+21   1.9325399000e+18   1.1026385678e+62   2.2245872600e-24   5.1871390088e-14  -2.0010423516e-06   2.0000000000e-02 
  2.1337219673e+21   1.9325399000e+18   1.1046395402e+62   2.2245872600e-24   5.1871390088e-14  -1.9718394878e-06   2.0000000000e-02 
  2.1356545072e+21   1.9325399000e+18   1.1066423266e+62   2.2245872600e-24   5.1871390088e-14  -1.9411298492e-06   2.0000000000e-02 
  2.1375870471e+21   1.9325399000e+18   1.1086469269e+62   2.2245872600e-24   5.1871390088e-14  -1.9011780576e-06   2.0000000000e-02 
  2.1395195870e+21   1.9325399000e+18   1.1106533412e+62   2.2245872600e-24   5.1871390088e-14  -1.8299929769e-06   2.0000000000e-02 
  2.1414521269e+21   1.9325399000e+18   1.1126615694e+62   2.2245872600e-24   5.1871390088e-14  -1.4847351890e-06   2.0000000000e-02 
  2.1433846668e+21   1.9325399000e+18   1.1146716116e+62   2.2245872600e-24   5.1871390088e-14  -9.0257061799e-07   2.0000000000e-02 
  2.1453172067e+21   1.9325399000e+18   1.1166834677e+62   2.2245872600e-24   5.1871390088e-14   3.4890125373e-08   2.0000000000e-02 
  2.1472497466e+21   1.9325399000e+18   1.1186971378e+62   2.2245872600e-24   5.1871390087e-14   1.1795603246e-06   2.0000000000e-02 
  2.1491822865e+21   1.9325399000e+18   1.1207126218e+62   2.2245872600e-24   5.1871390087e-14   1.6818801718e-06   2.0000000000e-02 
  2.1511148264e+21   1.9325399000e+18   1.1227299198e+62   2.2245872600e-24   5.1871390087e-14   1.8689743062e-06   2.0000000000e-02 
  2.1530473663e+21   1.9325399000e+18   1.1247490317e+62   2.2245872600e-24   5.1871390087e-14   1.9426915761e-06   2.0000000000e-02 
  2.1549799062e+21   1.9325399000e+18   1.1267699575e+62   2.2245872600e-24   5.1871390087e-14   2.0022876435e-06   2.0000000000e-02 
  2.1569124461e+21   1.9325399000e+18   1.1287926974e+62   2.2245872600e-24   5.1871390087e-14   2.0412044213e-06   2.0000000000e-02 
  2.1588449860e+21   1.9325399000e+18   1.1308172511e+62   2.2245872600e-24   5.1871390087e-14   2.1503506848e-06   2.0000000000e-02 
  2.1607775259e+21   1.9325399000e+18   1.1328436188e+62   2.2245872600e-24   5.1871390087e-14   2.5213689556e-06   2.0000000000e-02 
  2.1627100658e+21   1.9325399000e+18   1.1348718005e+62   2.2245872600e-24   5.1871390087e-14   2.9102485854e-06   2.0000000000e-02 
  2.1646426057e+21   1.9325399000e+18   1.1369017961e+62   2.2245872600e-24   5.1871390087e-14   3.4074788106e-06   2.0000000000e-02 
  2.1665751456e+21   1.9325399000e+18   1.1389336057e+62   2.2245872600e-24   5.1871390087e-14   4.2408683207e-06   2.0000000000e-02 
  2.1685076855e+21   1.9325399000e+18   1.1409672292e+62   2.2245872600e-24   5.1871390087e-14   4.9199812619e-06   2.0000000000e-02 
  2.1704402254e+21   1.9325399000e+18   1.1430026667e+62   2.2245872600e-24   5.1871390087e-14   5.2969296376e-06   2.0000000000e-02 
  2.1723727653e+21   1.9325399000e+18   1.1450399181e+62   2.2245872600e-24   5.1871390087e-14   5.5881005899e-06   2.0000000000e-02 
  2.1743053052e+21   1.9325399000e+18   1.1470789834e+62   2.2245872600e-24   5.1871390087e-14   5.8546411278e-06   2.0000000000e-02 
  2.1762378451e+21   1.9325399000e+18   1.1491198628e+62   2.2245872600e-24   5.1871390087e-14   5.9401788684e-06   2.0000000000e-02 
  2.1781703850e+21   1.9325399000e+18   1.1511625560e+62   2.2245872600e-24   5.1871390087e-14   5.7208821134e-06   2.0000000000e-02 
  2.1801029249e+21   1.9325399000e+18   1.1532070632e+62   2.2245872600e-24   5.1871390087e-14   5.4087824729e-06   2.0000000000e-02 
  2.1820354648e+21   1.9325399000e+18   1.1552533844e+62   2.2245872600e-24   5.1871390087e-14   5.0154595602e-06   2.0000000000e-02 
  2.1839680047e+21   1.9325399000e+18   1.1573015195e+62   2.2245872600e-24   5.1871390087e-14   4.5060978966e-06   2.0000000000e-02 
  2.1859005446e+21   1.9325399000e+18   1.1593514686e+62   2.2245872600e-24   5.1871390087e-14   3.6834163212e-06   2.0000000000e-02 
  2.1878330845e+21   1.9325399000e+18   1.1614032316e+62   2.2245872600e-24   5.1871390087e-14   2.9644926790e-06   2.0000000000e-02 
  2.1897656244e+21   1.9325399000e+18   1.1634568085e+62   2.2245872600e-24   5.1871390087e-14   2.5505773210e-06   2.0000000000e-02 
  2.1916981643e+21   1.9325399000e+18   1.1655121995e+62   2.2245872600e-24   5.1871390087e-14   2.1945307385e-06   2.0000000000e-02 
  2.1936307042e+21   1.9325399000e+18   1.1675694043e+62   2.2245872600e-24   5.1871390087e-14   2.0079777991e-06   2.0000000000e-02 
  2.1955632441e+21   1.9325399000e+18   1.1696284231e+62   2.2245872600e-24   5.1871390087e-14   1.9452204443e-06   2.0000000000e-02 
  2.1974957840e+21   1.9325399000e+18   1.1716892559e+62   2.2245872600e-24   5.1871390087e-14   1.8843475756e-06   2.0000000000e-02 
  2.1994283239e+21   1.9325399000e+18   1.1737519026e+62   2.2245872600e-24   5.1871390087e-14   1.7901381887e-06   2.0000000000e-02 
  2.2013608638e+21   1.9325399000e+18   1.1758163633e+62   2.2245872600e-24   5.1871390087e-14   1.5933256772e-06   2.0000000000e-02 
  2.2032934037e+21   1.9325399000e+18   1.1778826379e+62   2.2245872600e-24   5.1871390087e-14   1.1728598470e-06   2.0000000000e-02 
  2.2052259436e+21   1.9325399000e+18   1.1799507264e+62   2.2245872600e-24   5.1871390086e-14   5.3925699700e-07   2.0000000000e-02 
  2.2071584835e+21   1.9325399000e+18   1.1820206290e+62   2.2245872600e-24   5.1871390086e-14  -2.9716209755e-07   2.0000000000e-02 
  2.2090910234e+21   1.9325399000e+18   1.1840923454e+62   2.2245872600e-24   5.1871390086e-14  -7.9457828186e-07   2.0000000000e-02 
  2.2110235633e+21   1.9325399000e+18   1.1861658758e+62   2.2245872600e-24   5.1871390086e-14  -9.6965715428e-07   2.0000000000e-02 
  2.2129561032e+21   1.9325399000e+18   1.1882412202e+62   2.2245872600e-24   5.1871390086e-14  -1.1850194342e-06   2.0000000000e-02 
  2.2148886431e+21   1.9325399000e+18   1.1903183785e+62   2.2245872600e-24   5.1871390086e-14  -1.5023120163e-06   2.0000000000e-02 
  2.2168211830e+21   1.9325399000e+18   1.1923973508e+62   2.2245872600e-24   5.1871390086e-14  -1.6119661634e-06   2.0000000000e-02 
  2.2187537229e+21   1.9325399000e+18   1.1944781370e+62   2.2245872600e-24   5.1871390086e-14  -1.6149830138e-06   2.0000000000e-02 
  2.2206862628e+21   1.9325399000e+18   1.1965607371e+62   2.2245872600e-24   5.1871390086e-14  -1.5729696263e-06   2.0000000000e-02 
  2.2226188027e+21   1.9325399000e+18   1.1986451512e+62   2.2245872600e-24   5.1871390086e-14  -1.6128050878e-06   2.0000000000e-02 
  2.2245513426e+21   1.9325399000e+18   1.2007313793e+62   2.2245872600e-24   5.1871390086e-14  -1.6678828010e-06   2.0000000000e-02 
  2.2264838825e+21   1.9325399000e+18   1.2028194213e+62   2.2245872600e-24   5.1871390086e-14  -1.6412036378e-06   2.0000000000e-02 
  2.2284164224e+21   1.9325399000e+18   1.2049092773e+62   2.2245872600e-24   5.1871390086e-14  -1.6383760709e-06   2.0000000000e-02 
  2.2303489623e+21   1.9325399000e+18   1.2070009472e+62   2.2245872600e-24   5.1871390086e-14  -1.6864437290e-06   2.0000000000e-02 
  2.2322815022e+21   1.9325399000e+18   1.2090944310e+62   2.2245872600e-24   5.1871390086e-14  -1.6804981074e-06   2.0000000000e-02 
  2.2342140421e+21   1.9325399000e+18   1.2111897288e+62   2.2245872600e-24   5.1871390086e-14  -1.4254926796e-06   2.0000000000e-02 
  2.2361465820e+21   1.9325399000e+18   1.2132868406e+62   2.2245872600e-24   5.1871390086e-14  -1.1037542540e-06   2.0000000000e-02 
  2.2380791219e+21   1.9325399000e+18   1.2153857663e+62   2.2245872600e-24   5.1871390086e-14  -9.6448617249e-07   2.0000000000e-02 
  2.2400116618e+21   1.9325399000e+18   1.2174865060e+62   2.2245872600e-24   5.1871390086e-14  -9.0487215576e-07   2.0000000000e-02 
  2.2419442017e+21   1.9325399000e+18   1.2195890596e+62   2.2245872600e-24   5.1871390086e-14  -8.0119243681e-07   2.0000000000e-02 
  2.2438767416e+21   1.9325399000e+18   1.2216934271e+62   2.2245872600e-24   5.1871390086e-14  -4.0324239793e-07   2.0000000000e-02 
  2.2458092815e+21   1.9325399000e+18   1.2237996086e+62   2.2245872600e-24   5.1871390086e-14   0.0000000000e+00   2.0000000000e-02 
