# time = 1.112668e+15 [s] 
# r                  dr                 dV                 Density            Pressure           Velocity           Z
  2.1304517832e+18   2.1304517832e+18   4.0504543152e+55   3.9562104745e-31   1.9926759739e-12   0.0000000000e+00   9.9248591688e-02 
  2.6526000705e+18   5.2214828721e+17   3.7676946258e+55   3.9562104745e-31   1.9926759739e-12   3.4893372719e+05   9.9248591688e-02 
  3.0068183319e+18   3.5421826141e+17   3.5688735232e+55   3.9574509485e-31   1.9925873455e-12   5.9720370999e+05   9.9248591688e-02 
  3.5128050988e+18   5.0598676691e+17   6.7702567792e+55   3.9638030765e-31   1.9924827813e-12   8.2689914888e+05   9.9248591688e-02 
  3.9603350349e+18   4.4752993618e+17   7.8613488009e+55   3.9746463415e-31   1.9923491300e-12   1.0163643503e+06   9.9248591688e-02 
  4.2588616177e+18   2.9852658271e+17   6.3384425091e+55   3.9877880535e-31   1.9922220435e-12   1.1310112451e+06   9.9248591688e-02 
  4.8150014864e+18   5.5613986875e+17   1.4403293735e+56   4.0099977085e-31   1.9920479393e-12   1.2156534451e+06   9.9248591688e-02 
  5.2627951834e+18   4.4779369702e+17   1.4296994673e+56   4.0440972281e-31   1.9918770082e-12   1.2899360162e+06   9.9248591688e-02 
  5.9444956164e+18   6.8170043296e+17   2.6932706884e+56   4.0919456011e-31   1.9916697287e-12   1.3869767630e+06   9.9248591688e-02 
  6.5517822611e+18   6.0728664467e+17   2.9815816617e+56   4.1568228875e-31   1.9914353216e-12   1.4891686515e+06   9.9248591688e-02 
  7.3708281713e+18   8.1904591021e+17   4.9934438793e+56   4.2405895632e-31   1.9912656612e-12   1.6075046022e+06   9.9248591688e-02 
  8.1507542023e+18   7.7992603100e+17   5.9080019724e+56   4.3474710611e-31   1.9910821119e-12   1.7614844172e+06   9.9248591688e-02 
  9.1276908166e+18   9.7693661429e+17   9.1725083644e+56   4.4801901009e-31   1.9909671684e-12   1.9647647704e+06   9.9248591688e-02 
  1.0110502327e+19   9.8281151030e+17   1.1437373798e+57   4.6480437547e-31   1.9909047641e-12   2.2240498230e+06   9.9248591688e-02 
  1.1263201455e+19   1.1526991286e+18   1.6559463327e+57   4.8503461661e-31   1.9909435311e-12   2.5222681264e+06   9.9248591688e-02 
  1.2462872227e+19   1.1996707717e+18   2.1234090139e+57   5.0970324366e-31   1.9911035208e-12   2.8079833043e+06   9.9248591688e-02 
  1.3793950270e+19   1.3310780427e+18   2.8854237755e+57   5.3895443202e-31   1.9912844467e-12   3.0108161910e+06   9.9248591688e-02 
  1.5224497464e+19   1.4305471939e+18   3.7874952203e+57   5.7396215232e-31   1.9916263317e-12   3.1858448418e+06   9.9248591688e-02 
  1.6760180990e+19   1.5356835260e+18   4.9393428023e+57   6.1512648636e-31   1.9916611985e-12   3.4256654460e+06   9.9248591688e-02 
  1.8445689014e+19   1.6855080244e+18   6.5681421960e+57   6.6415931759e-31   1.9915703924e-12   3.7534522216e+06   9.9248591688e-02 
  2.0207959529e+19   1.7622705143e+18   8.2775961458e+57   7.2134668545e-31   1.9913874827e-12   4.1796751861e+06   9.9248591688e-02 
  2.2173530506e+19   1.9655709776e+18   1.1099471824e+58   7.8972935906e-31   1.9911645772e-12   4.6844549259e+06   9.9248591688e-02 
  2.4180048788e+19   2.0065182818e+18   1.3552852655e+58   8.6878510986e-31   1.9910058422e-12   5.2087682200e+06   9.9248591688e-02 
  2.6463454062e+19   2.2834052737e+18   1.8410879712e+58   9.6296116598e-31   1.9909657755e-12   5.7457250185e+06   9.9248591688e-02 
  2.8746877946e+19   2.2834238841e+18   2.1878859762e+58   1.0725048980e-30   1.9909516637e-12   6.1866570203e+06   9.9248591688e-02 
  3.1301583412e+19   2.5547054657e+18   2.8957190444e+58   1.2001469633e-30   1.9912993604e-12   6.6627389449e+06   9.9248591688e-02 
  3.3829814175e+19   2.5282307639e+18   3.3710520202e+58   1.3466403396e-30   1.9911776912e-12   7.2396733839e+06   9.9248591688e-02 
  3.6766174782e+19   2.9363606065e+18   4.6001256355e+58   1.5217744491e-30   1.9909677862e-12   7.8777404527e+06   9.9248591688e-02 
  3.9314985826e+19   2.5488110443e+18   4.6366489398e+58   1.7132835318e-30   1.9909003828e-12   8.4452338078e+06   9.9248591688e-02 
  4.2741726263e+19   3.4267404364e+18   7.2529000750e+58   1.9465391325e-30   1.9910261492e-12   9.0865990853e+06   9.9248591688e-02 
  4.9346050945e+19   6.6043246819e+18   1.7624882048e+59   2.3748300448e-30   1.9909224322e-12   1.0232329597e+07   9.9248591688e-02 
  5.0789304537e+19   1.4432535922e+18   4.5467123515e+58   2.7366888345e-30   1.9905478515e-12   1.1251056617e+07   9.9248591688e-02 
  5.2776491024e+19   1.9871864868e+18   6.6969103247e+58   2.9246168051e-30   1.9904423676e-12   1.1603059120e+07   9.9248591688e-02 
  5.4679134855e+19   1.9026438310e+18   6.9025739732e+58   3.1727507051e-30   1.9908313806e-12   1.1978372742e+07   9.9248591688e-02 
  5.6731084757e+19   2.0519499027e+18   8.0023177384e+58   3.4648314893e-30   1.9907193441e-12   1.2421720724e+07   9.9248591688e-02 
  5.8363209792e+19   1.6321250350e+18   6.7926619274e+58   3.7675049452e-30   1.9904127929e-12   1.2900561662e+07   9.9248591688e-02 
  6.0728359648e+19   2.3651498560e+18   1.0539685859e+59   4.1526446473e-30   1.9901280627e-12   1.3401088591e+07   9.9248591688e-02 
  6.2819791021e+19   2.0914313724e+18   1.0030150992e+59   4.6240766168e-30   1.9898139186e-12   1.3881729689e+07   9.9248591688e-02 
  6.4847244009e+19   2.0274529882e+18   1.0382327358e+59   5.1098751520e-30   1.9900125523e-12   1.4308094937e+07   9.9248591688e-02 
  6.6609776439e+19   1.7625324300e+18   9.5693090615e+58   5.6052022398e-30   1.9898649844e-12   1.4734767696e+07   9.9248591688e-02 
  6.9051563542e+19   2.4417871028e+18   1.4119417166e+59   6.2219796241e-30   1.9895463610e-12   1.5252070177e+07   9.9248591688e-02 
  7.1339608476e+19   2.2880449339e+18   1.4168780451e+59   6.9648672171e-30   1.9891678218e-12   1.5816599815e+07   9.9248591688e-02 
  7.3479184137e+19   2.1395756611e+18   1.4098047315e+59   7.7082003127e-30   1.9887772062e-12   1.6336419455e+07   9.9248591688e-02 
  7.5515728513e+19   2.0365443763e+18   1.4204098516e+59   8.4534561002e-30   1.9884514367e-12   1.6811876342e+07   9.9248591688e-02 
  7.8199820694e+19   2.6840921810e+18   1.9926317160e+59   9.3435702873e-30   1.9880901397e-12   1.7352203332e+07   9.9248591688e-02 
  8.0807395072e+19   2.6075743779e+18   2.0713771152e+59   1.0345704253e-29   1.9875263600e-12   1.7970718113e+07   9.9248591688e-02 
  8.3198921702e+19   2.3915266304e+18   2.0210498484e+59   1.1290759200e-29   1.9869470027e-12   1.8552781641e+07   9.9248591688e-02 
  8.5869919559e+19   2.6709978570e+18   2.3987594262e+59   1.2233778576e-29   1.9863418239e-12   1.9139105225e+07   9.9248591688e-02 
  8.9141854759e+19   3.2719351995e+18   3.1487610011e+59   1.3339213078e-29   1.9855527214e-12   1.9833115402e+07   9.9248591688e-02 
  9.2384643059e+19   3.2427883002e+18   3.3573353495e+59   1.4557691062e-29   1.9846124035e-12   2.0593710273e+07   9.9248591688e-02 
  9.4890923063e+19   2.5062800036e+18   2.7616435685e+59   1.5659846736e-29   1.9836978661e-12   2.1263122448e+07   9.9248591688e-02 
  9.8702546744e+19   3.8116236808e+18   4.4884605364e+59   1.6920356658e-29   1.9825032468e-12   2.1985650513e+07   9.9248591688e-02 
  1.0352522542e+20   4.8226786811e+18   6.1972942512e+59   1.8780286370e-29   1.9804510851e-12   2.2952239714e+07   9.9248591688e-02 
  1.0844612263e+20   4.9208972096e+18   6.9474671351e+59   2.1093755225e-29   1.9775865642e-12   2.4019765022e+07   9.9248591688e-02 
  1.1249424960e+20   4.0481269663e+18   6.2087297474e+59   2.3645655874e-29   1.9742208056e-12   2.4976818743e+07   9.9248591688e-02 
  1.1829102812e+20   5.7967785199e+18   9.7016165080e+59   2.6861557997e-29   1.9704046529e-12   2.5988350607e+07   9.9248591688e-02 
  1.2204932276e+20   3.7582946391e+18   6.8207082998e+59   3.0852645964e-29   1.9654172079e-12   2.7048612989e+07   9.9248591688e-02 
  1.2772028535e+20   5.6709625923e+18   1.1116305175e+60   3.6423258941e-29   1.9595876700e-12   2.7970795587e+07   9.9248591688e-02 
  1.3535850054e+20   7.6382151903e+18   1.6612516884e+60   4.5716606667e-29   1.9482083128e-12   2.9181170834e+07   9.9248591688e-02 
  1.4216597651e+20   6.8074759713e+18   1.6475009356e+60   5.8501699167e-29   1.9317615197e-12   3.0386988503e+07   9.9248591688e-02 
  1.5394116799e+20   1.1775191481e+19   3.2452226027e+60   7.6745839700e-29   1.9003304236e-12   3.1741095171e+07   9.9248591688e-02 
  1.6097698109e+20   7.0358130958e+18   2.1924606170e+60   9.4838917189e-29   1.8591719815e-12   3.3010010590e+07   9.9248591688e-02 
  1.6652708454e+20   5.5501034525e+18   1.8703630551e+60   1.0409692375e-28   1.8252223042e-12   3.3706380930e+07   9.9248591688e-02 
  1.7317702891e+20   6.6499443723e+18   2.4111541026e+60   1.0931619263e-28   1.7861341943e-12   3.4122926727e+07   9.9248591688e-02 
  1.7959743535e+20   6.4204064370e+18   2.5104676194e+60   1.1209125867e-28   1.7383743621e-12   3.4335124986e+07   9.9248591688e-02 
  1.8817583606e+20   8.5784007061e+18   3.6458204938e+60   1.1255915965e-28   1.6789671573e-12   3.4244497184e+07   9.9248591688e-02 
  1.9483326638e+20   6.6574303179e+18   3.0684456030e+60   1.1127931114e-28   1.6185923295e-12   3.3811792361e+07   9.9248591688e-02 
  2.0340559869e+20   8.5723323169e+18   4.2717244090e+60   1.0822835867e-28   1.5532031806e-12   3.3167306979e+07   9.9248591688e-02 
  2.1156407550e+20   8.1584768079e+18   4.4141555003e+60   1.0373947825e-28   1.4773137481e-12   3.2075475854e+07   9.9248591688e-02 
  2.1588086650e+20   4.3167909970e+18   2.4779128290e+60   9.9857736793e-29   1.4205978124e-12   3.0876725921e+07   9.9248591688e-02 
  2.2010129747e+20   4.2204309742e+18   2.5203316025e+60   9.6333328021e-29   1.3788471037e-12   2.9880579141e+07   9.9248591688e-02 
  2.3011147804e+20   1.0010180567e+19   6.3752757539e+60   8.9038621386e-29   1.3041838573e-12   2.7180023830e+07   9.9248591688e-02 
  2.3794078710e+20   7.8293090594e+18   5.3889296822e+60   7.9775783835e-29   1.2121116099e-12   2.3709794812e+07   9.9248591688e-02 
  2.4337028648e+20   5.4294993817e+18   3.9516619877e+60   7.3072692884e-29   1.1549955603e-12   2.1527212857e+07   9.9248591688e-02 
  2.4852887452e+20   5.1585880418e+18   3.9214691625e+60   6.8485523637e-29   1.1189731808e-12   2.0304125488e+07   9.9248591688e-02 
  2.5272740201e+20   4.1985274901e+18   3.3141844666e+60   6.5603627251e-29   1.0903055960e-12   1.9342117868e+07   9.9248591687e-02 
  2.6458329968e+20   1.1855897671e+19   9.9692680114e+60   6.2967637244e-29   1.0481594577e-12   1.8156084669e+07   9.9248591685e-02 
  2.7135189732e+20   6.7685976388e+18   6.1079605094e+60   6.1008662018e-29   1.0087007538e-12   1.7611906910e+07   9.9248591676e-02 
  2.7317506552e+20   1.8231682012e+18   1.6983101743e+60   6.0685456615e-29   9.9148743969e-13   1.7413380171e+07   9.9248591656e-02 
  2.7432961132e+20   1.1545457984e+18   1.0872698575e+60   6.1280382192e-29   9.8597867925e-13   1.7370934121e+07   9.9248591423e-02 
  2.7957870938e+20   5.2490980620e+18   5.0596833385e+60   6.4167005238e-29   9.7383492242e-13   1.7301989298e+07   9.9248590527e-02 
  2.8414014492e+20   4.5614355384e+18   4.5539264719e+60   6.8859725959e-29   9.5574175785e-13   1.7246189807e+07   9.9248585600e-02 
  2.8957226631e+20   5.4321213881e+18   5.6172119006e+60   7.1580748162e-29   9.3670323532e-13   1.7252252364e+07   9.9248567329e-02 
  3.0097532491e+20   1.1403058597e+19   1.2494963897e+61   7.2900276984e-29   9.0623570056e-13   1.7371215106e+07   9.9248504338e-02 
  3.1604681353e+20   1.5071488620e+19   1.8029923307e+61   7.1681677538e-29   8.5528371042e-13   1.7522482411e+07   9.9248227563e-02 
  3.3268760921e+20   1.6640795683e+19   2.2006607056e+61   6.7576085727e-29   7.9447180081e-13   1.6793073384e+07   9.9246985765e-02 
  3.4779458004e+20   1.5106970827e+19   2.1980224859e+61   6.1319519986e-29   7.3775768821e-13   1.5964469202e+07   9.9240568051e-02 
  3.5562148294e+20   7.8269029075e+18   1.2166966298e+61   5.5466840959e-29   7.0306499234e-13   1.5516734937e+07   9.9214908821e-02 
  3.6312027773e+20   7.4987947812e+18   1.2170344091e+61   4.9342659673e-29   6.8306972670e-13   1.5196716219e+07   9.9039732725e-02 
  3.6772030080e+20   4.6000230716e+18   7.7189979050e+60   4.3357968387e-29   6.7025558159e-13   1.5064438986e+07   9.8433664958e-02 
  3.7255599555e+20   4.8356947527e+18   8.3253522081e+60   3.8893404987e-29   6.6199300328e-13   1.4964815510e+07   9.7272191325e-02 
  3.7979240970e+20   7.2364141462e+18   1.2868404051e+61   3.4506291180e-29   6.5285360265e-13   1.4860741595e+07   9.6729736837e-02 
  3.8250387788e+20   2.7114681819e+18   4.9499843544e+60   3.1349780011e-29   6.4598366881e-13   1.4770582864e+07   9.6608826560e-02 
  3.8388756920e+20   1.3836913268e+18   2.5532354287e+60   3.0310663606e-29   6.4341138443e-13   1.4725890220e+07   9.6584967294e-02 
  3.8587507158e+20   1.9875023800e+18   3.6997480854e+60   2.9710811470e-29   6.4134285309e-13   1.4683466529e+07   9.6581835440e-02 
  3.9162683159e+20   5.7517600064e+18   1.0923491457e+61   2.8683270005e-29   6.3668163269e-13   1.4578835406e+07   9.6581696135e-02 
  3.9621248697e+20   4.5856553821e+18   8.9419346890e+60   2.7468715822e-29   6.3056769574e-13   1.4426665093e+07   9.6581672604e-02 
  3.9942943319e+20   3.2169462167e+18   6.3978102148e+60   2.6692505885e-29   6.2610097707e-13   1.4299700806e+07   9.6581671487e-02 
  4.0239037109e+20   2.9609379006e+18   5.9804615617e+60   2.6196937516e-29   6.2261711425e-13   1.4188874652e+07   9.6581671424e-02 
  4.0567662702e+20   3.2862559329e+18   6.7413735190e+60   2.5826910804e-29   6.1912087559e-13   1.4066921460e+07   9.6581671422e-02 
  4.0883280773e+20   3.1561807074e+18   6.5781859484e+60   2.5560473791e-29   6.1552852005e-13   1.3931902867e+07   9.6581671421e-02 
  4.2035924121e+20   1.1526433477e+19   2.4899065704e+61   2.5201266760e-29   6.0729928631e-13   1.3568528119e+07   9.6581671420e-02 
  4.3064756546e+20   1.0288324252e+19   2.3408939621e+61   2.4772203059e-29   5.9511114068e-13   1.2901402385e+07   9.6581671417e-02 
  4.3417184681e+20   3.5242813480e+18   8.2808269159e+60   2.4613523198e-29   5.8751126608e-13   1.2422018542e+07   9.6581671415e-02 
  4.3678728505e+20   2.6154382433e+18   6.2329149656e+60   2.4629514937e-29   5.8412595336e-13   1.2176419428e+07   9.6581671413e-02 
  4.3926335787e+20   2.4760728180e+18   5.9699798744e+60   2.4752618529e-29   5.8122136157e-13   1.1971251893e+07   9.6581671412e-02 
  4.4129880352e+20   2.0354456551e+18   4.9582702775e+60   2.5033972162e-29   5.7863499740e-13   1.1781590414e+07   9.6581671411e-02 
  4.5011537523e+20   8.8165717027e+18   2.2010142430e+61   2.6069946613e-29   5.7192251969e-13   1.1286918315e+07   9.6581671407e-02 
  4.5570701222e+20   5.5916369916e+18   1.4413865278e+61   2.7666094504e-29   5.6270039465e-13   1.0546636621e+07   9.6581671392e-02 
  4.5794961040e+20   2.2425981801e+18   5.8812308050e+60   2.8831740818e-29   5.5735618815e-13   1.0157999394e+07   9.6581671318e-02 
  4.6028512503e+20   2.3355146320e+18   6.1864404469e+60   3.0056844003e-29   5.5407921637e-13   9.9110132406e+06   9.6581669473e-02 
  4.6475731595e+20   4.4721909209e+18   1.2022558783e+61   3.1901442316e-29   5.4880612105e-13   9.5391129302e+06   9.6581659349e-02 
  4.6891658502e+20   4.1592690658e+18   1.1390956669e+61   3.3725961904e-29   5.4196178067e-13   9.0710802005e+06   9.6581554735e-02 
  4.7461297511e+20   5.6963900886e+18   1.5931838416e+61   3.4755623383e-29   5.3410476375e-13   8.5897589318e+06   9.6580962880e-02 
  4.8789029594e+20   1.3277320834e+19   3.8644909724e+61   3.5292632104e-29   5.1910653949e-13   7.6969554815e+06   9.6578918098e-02 
  5.0572992873e+20   1.7839632788e+19   5.5337978673e+61   3.5299184678e-29   4.9831114414e-13   6.8940422054e+06   9.6570723206e-02 
  5.2114419496e+20   1.5414266229e+19   5.1066931959e+61   3.4620527731e-29   4.7950843072e-13   6.5122013771e+06   9.6542678194e-02 
  5.3045601540e+20   9.3118204479e+18   3.2351702879e+61   3.3718116454e-29   4.6728108329e-13   6.3639880164e+06   9.6465998471e-02 
  5.3716282734e+20   6.7068119323e+18   2.4016193516e+61   3.2694485587e-29   4.6002809445e-13   6.2791270852e+06   9.6056954759e-02 
  5.4297525876e+20   5.8124314273e+18   2.1304456848e+61   3.1487555735e-29   4.5506151848e-13   6.3040434559e+06   9.2927754043e-02 
  5.4574553472e+20   2.7702759562e+18   1.0315894165e+61   2.9949050400e-29   4.5180000281e-13   6.3105108041e+06   8.6259489158e-02 
  5.5096155015e+20   5.2160154262e+18   1.9709395872e+61   2.7989887083e-29   4.4890255291e-13   6.2726869690e+06   7.8023548259e-02 
  5.5272654815e+20   1.7649979998e+18   6.7544062654e+60   2.5620346379e-29   4.4668819459e-13   6.2740905260e+06   7.4456527550e-02 
  5.5488417726e+20   2.1576291175e+18   8.3157518569e+60   2.4896393141e-29   4.4550741336e-13   6.2668137650e+06   7.3394909946e-02 
  5.5952184458e+20   4.6376673199e+18   1.8094178560e+61   2.3900952992e-29   4.4347914569e-13   6.2381653004e+06   7.3327310696e-02 
  5.6274649400e+20   3.2246494155e+18   1.2759304278e+61   2.3103486272e-29   4.4143766830e-13   6.2454736881e+06   7.3314508710e-02 
  5.6562550348e+20   2.8790094792e+18   1.1515916563e+61   2.2753068983e-29   4.3993970467e-13   6.2567507766e+06   7.3313091711e-02 
  5.6959990274e+20   3.9743992661e+18   1.6091159699e+61   2.2488800842e-29   4.3817596971e-13   6.2562189055e+06   7.3313022467e-02 
  5.7391257902e+20   4.3126762738e+18   1.7716609392e+61   2.2281054756e-29   4.3604065527e-13   6.2172206178e+06   7.3313012620e-02 
  5.7799067416e+20   4.0780951390e+18   1.6999691889e+61   2.2152841466e-29   4.3383776778e-13   6.1626909059e+06   7.3313011824e-02 
  5.8706820375e+20   9.0775295876e+18   3.8709902835e+61   2.2060528648e-29   4.3053026668e-13   6.0894124796e+06   7.3313011772e-02 
  5.9363506335e+20   6.5668596005e+18   2.8760313246e+61   2.2020157901e-29   4.2670951921e-13   5.9968257147e+06   7.3313011754e-02 
  5.9778972847e+20   4.1546651272e+18   1.8527674979e+61   2.2050121229e-29   4.2415289246e-13   5.9181693184e+06   7.3313011751e-02 
  6.0884348392e+20   1.1053755448e+19   5.0561788006e+61   2.2188550082e-29   4.2047051973e-13   5.7590520406e+06   7.3313011746e-02 
  6.1688906362e+20   8.0455796976e+18   3.7975621279e+61   2.2388272229e-29   4.1585873870e-13   5.5471880519e+06   7.3313011707e-02 
  6.2767308507e+20   1.0784021452e+19   5.2477684199e+61   2.2582600447e-29   4.1147491700e-13   5.3333976872e+06   7.3313011453e-02 
  6.3432619333e+20   6.6531082630e+18   3.3288689617e+61   2.2769418857e-29   4.0759830263e-13   5.1566158969e+06   7.3313010525e-02 
  6.4093542727e+20   6.6092339352e+18   3.3767854235e+61   2.2923432442e-29   4.0472689886e-13   5.0197401967e+06   7.3312999417e-02 
  6.5453668266e+20   1.3601255388e+19   7.1713506842e+61   2.3187233561e-29   4.0046988283e-13   4.8223976434e+06   7.3312965894e-02 
  6.7086310949e+20   1.6326426830e+19   9.0106636934e+61   2.3682204627e-29   3.9472572695e-13   4.6512337837e+06   7.3312814876e-02 
  6.7659873159e+20   5.7356221015e+18   3.2716435124e+61   2.4164699768e-29   3.9074154749e-13   4.5681874427e+06   7.3312586944e-02 
  6.8174392226e+20   5.1451906739e+18   2.9824426427e+61   2.4415374645e-29   3.8882586404e-13   4.5203112977e+06   7.3308205938e-02 
  6.9481576762e+20   1.3071845356e+19   7.7819766560e+61   2.4568739296e-29   3.8576953475e-13   4.4502904252e+06   7.3292428937e-02 
  7.0190162078e+20   7.0858531664e+18   4.3427299815e+61   2.4610318013e-29   3.8252142399e-13   4.3829216449e+06   7.3231912691e-02 
  7.0469049366e+20   2.7888728723e+18   1.7334667525e+61   2.4578854679e-29   3.8102577361e-13   4.3455601714e+06   7.3071134751e-02 
  7.0902943506e+20   4.3389414020e+18   2.7243429774e+61   2.4476368998e-29   3.7998335506e-13   4.3155282900e+06   7.2294976332e-02 
  7.1169884347e+20   2.6694084119e+18   1.6927290916e+61   2.4293153571e-29   3.7896829577e-13   4.2821925461e+06   7.0980253999e-02 
  7.1507510936e+20   3.3762658938e+18   2.1592238543e+61   2.4054802190e-29   3.7812388163e-13   4.2554373865e+06   6.9394854168e-02 
  7.1721512466e+20   2.1400152971e+18   1.3792059913e+61   2.3773441972e-29   3.7735170976e-13   4.2261469754e+06   6.8617744937e-02 
  7.2303411848e+20   5.8189938204e+18   3.7920621198e+61   2.3464118358e-29   3.7627895020e-13   4.1809158524e+06   6.8495684412e-02 
  7.2669461734e+20   3.6604988608e+18   2.4169327492e+61   2.3167009446e-29   3.7500409407e-13   4.1239821223e+06   6.8452241305e-02 
  7.3364219443e+20   6.9475770858e+18   4.6547095790e+61   2.2973026755e-29   3.7362601044e-13   4.0614629864e+06   6.8446281476e-02 
  7.3683244568e+20   3.1902512514e+18   2.1671577230e+61   2.2819978100e-29   3.7231459761e-13   4.0002777448e+06   6.8445284648e-02 
  7.3940309703e+20   2.5706513479e+18   1.7599681348e+61   2.2771367690e-29   3.7157884062e-13   3.9636164099e+06   6.8445094925e-02 
  7.4244836281e+20   3.0452657787e+18   2.1008015580e+61   2.2754705134e-29   3.7086041482e-13   3.9252568555e+06   6.8445083675e-02 
  7.4425147152e+20   1.8031087147e+18   1.2520410961e+61   2.2760532530e-29   3.7024326073e-13   3.8905131984e+06   6.8445083547e-02 
  7.4935890394e+20   5.1074324213e+18   3.5795533376e+61   2.2805932687e-29   3.6936121597e-13   3.8359829232e+06   6.8445085347e-02 
  7.5279352881e+20   3.4346248690e+18   2.4347700486e+61   2.2894169747e-29   3.6828394340e-13   3.7713302189e+06   6.8445097508e-02 
  7.5603132809e+20   3.2377992783e+18   2.3156777436e+61   2.2984686358e-29   3.6745198503e-13   3.7205348372e+06   6.8445339414e-02 
  7.5893223917e+20   2.9009110764e+18   2.0916508787e+61   2.3075631861e-29   3.6669790385e-13   3.6717131281e+06   6.8446536736e-02 
  7.7328866120e+20   1.4356422033e+19   1.0588917445e+62   2.3354576518e-29   3.6464158032e-13   3.5332960400e+06   6.8450575797e-02 
  7.8322164334e+20   9.9329821392e+18   7.5603068583e+61   2.3782837040e-29   3.6178667475e-13   3.3388273171e+06   6.8459735206e-02 
  7.9006367186e+20   6.8420285189e+18   5.3205002600e+61   2.4186041206e-29   3.5988430244e-13   3.2019397510e+06   6.8483013905e-02 
  8.0313281571e+20   1.3069143852e+19   1.0421864749e+62   2.4895820216e-29   3.5763045119e-13   3.0112200241e+06   6.8545380182e-02 
  8.0993063562e+20   6.7978199060e+18   5.5568030013e+61   2.5654312574e-29   3.5539944070e-13   2.8200110398e+06   6.8663877904e-02 
  8.1564785152e+20   5.7172159067e+18   4.7462667534e+61   2.5961572172e-29   3.5401854755e-13   2.6927905673e+06   6.9382252424e-02 
  8.2173657755e+20   6.0887260275e+18   5.1283731688e+61   2.6106733856e-29   3.5276714356e-13   2.5744734375e+06   7.2281742516e-02 
  8.2487965840e+20   3.1430808515e+18   2.6772611725e+61   2.6140018211e-29   3.5182869023e-13   2.4866809494e+06   7.6571388792e-02 
  8.2740351409e+20   2.5238556902e+18   2.1646300803e+61   2.6121995996e-29   3.5127306601e-13   2.4311079506e+06   8.8018854933e-02 
  8.3534262406e+20   7.9391099734e+18   6.8956766189e+61   2.6004453130e-29   3.5030124604e-13   2.3278971609e+06   9.1974182040e-02 
  8.4136334146e+20   6.0207173909e+18   5.3175771604e+61   2.5780859294e-29   3.4906542666e-13   2.1943312579e+06   9.5603915800e-02 
  8.4750679999e+20   6.1434585379e+18   5.5049988813e+61   2.5598927505e-29   3.4808955777e-13   2.0751300225e+06   9.7056855106e-02 
  8.5565552301e+20   8.1487230125e+18   7.4259979426e+61   2.5465063491e-29   3.4704401704e-13   1.9358683235e+06   9.7283815541e-02 
  8.6221803029e+20   6.5625072840e+18   6.0842096599e+61   2.5405705623e-29   3.4607291546e-13   1.7945554288e+06   9.7331959372e-02 
  8.7228193389e+20   1.0063903601e+19   9.5119553898e+61   2.5421493529e-29   3.4509019438e-13   1.6380902250e+06   9.7335717477e-02 
  8.7975446221e+20   7.4725283149e+18   7.2062001935e+61   2.5512890868e-29   3.4413695003e-13   1.4867048180e+06   9.7331072373e-02 
  8.8339074976e+20   3.6362875490e+18   3.5512796403e+61   2.5670437892e-29   3.4361880130e-13   1.4134594406e+06   9.7319702337e-02 
  8.8744868636e+20   4.0579366057e+18   3.9977373803e+61   2.5907701739e-29   3.4325213267e-13   1.3647893951e+06   9.7281398299e-02 
  9.0133004081e+20   1.3881354447e+19   1.3954159317e+62   2.6753032148e-29   3.4248588260e-13   1.2656837004e+06   9.7315281083e-02 
  9.1917388945e+20   1.7843848641e+19   1.8579565468e+62   2.8439066818e-29   3.4142775045e-13   1.1590841025e+06   9.7712332889e-02 
  9.2502817577e+20   5.8542863215e+18   6.2552158221e+61   2.9787070160e-29   3.4072646291e-13   1.0844940337e+06   9.8245962112e-02 
  9.3153094779e+20   6.5027720222e+18   7.0415415404e+61   3.0748195478e-29   3.4042593948e-13   1.0551182673e+06   1.0021430550e-01 
  9.4258056746e+20   1.1049619670e+19   1.2192509230e+62   3.2433834708e-29   3.3996731183e-13   1.0267024537e+06   1.0062781660e-01 
  9.4748324211e+20   4.9026746449e+18   5.5022060846e+61   3.4153666952e-29   3.3958220624e-13   9.9655987300e+05   1.0045634091e-01 
  9.5818381227e+20   1.0700570164e+19   1.2208306042e+62   3.6498228922e-29   3.3947002585e-13   9.4091226525e+05   9.9524007484e-02 
  9.6741902711e+20   9.2352148429e+18   1.0758052044e+62   4.0087679849e-29   3.3957689484e-13   8.4642685548e+05   9.8287680291e-02 
  9.7519891410e+20   7.7798869835e+18   9.2235960244e+61   4.4024433135e-29   3.4011599918e-13   6.7962037223e+05   9.9665818633e-02 
  9.8054306335e+20   5.3441492572e+18   6.4217389569e+61   4.8439784709e-29   3.4029965292e-13   6.6155837535e+05   1.0637726998e-01 
  9.8325035235e+20   2.7072889931e+18   3.2800190386e+61   5.3073454013e-29   3.3965411773e-13   7.7506204965e+05   1.1981457887e-01 
  9.8818216108e+20   4.9318087311e+18   6.0217238227e+61   6.2705598126e-29   3.3938162810e-13   7.8300859831e+05   1.5228007182e-01 
  9.9075242267e+20   2.5702615889e+18   3.1622071727e+61   7.7895258585e-29   3.3977455536e-13   7.1400425179e+05   1.8455555381e-01 
  9.9342305985e+20   2.6706371783e+18   3.3031263270e+61   9.9899297264e-29   3.3992798463e-13   6.3618640597e+05   1.9576578101e-01 
  9.9603890104e+20   2.6158411911e+18   3.2526158699e+61   1.4416430853e-28   3.4021049407e-13   6.0877008429e+05   1.6937182103e-01 
  9.9780291425e+20   1.7640132088e+18   2.2030949681e+61   2.1939119096e-28   3.4012740112e-13   5.4971994876e+05   9.4124131411e-02 
  1.0008816671e+21   3.0787528174e+18   3.8637904326e+61   4.8858979271e-28   3.4094217756e-13   5.2926092278e+05   3.3987754786e-02 
  1.0095681419e+21   8.6864748457e+18   1.1030180320e+62   1.9875519376e-27   3.3954146623e-13   5.2230506663e+05   2.3840604229e-02 
  1.0135516127e+21   3.9834707748e+18   5.1221848899e+61   3.3197851226e-23   3.3497047865e-13   5.1732664008e+05   2.0026236960e-02 
  1.0139930620e+21   4.4144933006e+17   5.7012699639e+60   5.6930687451e-23   5.0018620576e-13   4.8611263085e+05   2.0014327451e-02 
  1.0145549479e+21   5.6188587890e+17   7.2638786930e+60   5.8872022859e-23   5.1307087709e-13   4.8612671428e+05   2.0006613789e-02 
  1.0150073466e+21   4.5239868407e+17   5.8543136263e+60   6.0615329861e-23   5.2441382805e-13   4.8653880632e+05   2.0002863212e-02 
  1.0154498606e+21   4.4251399613e+17   5.7314508556e+60   6.0783957925e-23   5.2569528360e-13   4.8519695224e+05   2.0001241984e-02 
  1.0160362535e+21   5.8639294832e+17   7.6026735020e+60   5.8978255018e-23   5.1428082681e-13   4.7909188383e+05   2.0000488557e-02 
  1.0168401540e+21   8.0390044392e+17   1.0436962312e+61   4.8548396342e-23   4.4509162760e-13   4.6076764101e+05   2.0000169924e-02 
  1.0178353636e+21   9.9520965889e+17   1.2943591810e+61   3.7720933561e-23   3.6861254082e-13   4.3560012544e+05   2.0000051328e-02 
  1.0189068793e+21   1.0715157066e+18   1.3964345844e+61   3.4937231304e-23   3.4788821834e-13   4.2451109270e+05   2.0000016233e-02 
  1.0199699941e+21   1.0631147925e+18   1.3883919046e+61   3.5007204134e-23   3.4827873128e-13   4.2114574977e+05   2.0000005104e-02 
  1.0209583838e+21   9.8838963174e+17   1.2934022624e+61   3.6232231383e-23   3.5723218952e-13   4.2051009317e+05   2.0000001519e-02 
  1.0219387896e+21   9.8040587289e+17   1.2854311654e+61   3.7890602806e-23   3.6926811972e-13   4.2158313868e+05   2.0000000428e-02 
  1.0228293707e+21   8.9058109455e+17   1.1697997380e+61   4.0078206610e-23   3.8493903727e-13   4.2345846419e+05   2.0000000113e-02 
  1.0237008497e+21   8.7147901387e+17   1.1466824257e+61   4.2248762888e-23   4.0027511790e-13   4.2635683239e+05   2.0000000028e-02 
  1.0244704446e+21   7.6959486750e+17   1.0142490416e+61   4.4807519734e-23   4.1812200952e-13   4.2896952280e+05   2.0000000007e-02 
  1.0251368848e+21   6.6644018670e+17   8.7953352143e+60   4.7278333869e-23   4.3529379637e-13   4.3101510848e+05   2.0000000002e-02 
  1.0257851430e+21   6.4825816810e+17   8.5663572857e+60   4.9539261404e-23   4.5084048547e-13   4.3265620337e+05   2.0000000000e-02 
  1.0264178640e+21   6.3272099569e+17   8.3714901705e+60   5.1750309286e-23   4.6579276732e-13   4.3527560642e+05   2.0000000000e-02 
  1.0269952969e+21   5.7743295306e+17   7.6489906703e+60   5.3464577129e-23   4.7743619575e-13   4.3779638536e+05   2.0000000000e-02 
  1.0273603336e+21   3.6503667363e+17   4.8399138238e+60   5.1130935971e-23   4.6253981571e-13   4.3347745890e+05   2.0000000000e-02 
  1.0276526844e+21   2.9235078642e+17   3.8786741590e+60   3.8349484244e-23   3.7655046897e-13   4.0002968532e+05   2.0000000000e-02 
  1.0286193663e+21   9.6668189437e+17   1.2840875469e+61   9.0751779005e-24   1.3861695398e-13   2.4083137056e+05   2.0000000000e-02 
  1.0302701813e+21   1.6508150693e+18   2.1984393456e+61   2.6334759506e-24   5.9746039158e-14   3.3768676606e+04   2.0000000000e-02 
  1.0321758678e+21   1.9056865157e+18   2.5466346912e+61   2.2502545375e-24   5.2345657439e-14   2.1220751748e+03   2.0000000000e-02 
  1.0341068502e+21   1.9309823191e+18   2.5900478230e+61   2.2260117382e-24   5.1897536453e-14   1.1495748237e+02   2.0000000000e-02 
  1.0360393061e+21   1.9324559106e+18   2.6017263180e+61   2.2246640244e-24   5.1872799358e-14   6.1898496625e+00   2.0000000000e-02 
  1.0379718415e+21   1.9325354163e+18   2.6115577430e+61   2.2245913620e-24   5.1871465539e-14   3.3130769759e-01   2.0000000000e-02 
  1.0399043812e+21   1.9325396690e+18   2.6213062451e+61   2.2245874757e-24   5.1871394077e-14   1.7520618924e-02   2.0000000000e-02 
  1.0418369211e+21   1.9325398927e+18   2.6310674556e+61   2.2245872719e-24   5.1871390304e-14   9.0428354491e-04   2.0000000000e-02 
  1.0437694610e+21   1.9325399057e+18   2.6408465205e+61   2.2245872598e-24   5.1871390088e-14   3.6386812443e-05   2.0000000000e-02 
  1.0457020009e+21   1.9325399057e+18   2.6506437072e+61   2.2245872600e-24   5.1871390089e-14  -5.9164253321e-06   2.0000000000e-02 
  1.0476345408e+21   1.9325399057e+18   2.6604590335e+61   2.2245872600e-24   5.1871390089e-14  -7.2247795251e-06   2.0000000000e-02 
  1.0495670807e+21   1.9325399057e+18   2.6702924992e+61   2.2245872600e-24   5.1871390089e-14  -7.3120087087e-06   2.0000000000e-02 
  1.0514996206e+21   1.9325399057e+18   2.6801441045e+61   2.2245872600e-24   5.1871390089e-14  -7.3616181963e-06   2.0000000000e-02 
  1.0534321605e+21   1.9325399057e+18   2.6900138492e+61   2.2245872600e-24   5.1871390089e-14  -7.3535928632e-06   2.0000000000e-02 
  1.0553647004e+21   1.9325399057e+18   2.6999017335e+61   2.2245872600e-24   5.1871390089e-14  -7.4134567972e-06   2.0000000000e-02 
  1.0572972403e+21   1.9325399057e+18   2.7098077572e+61   2.2245872600e-24   5.1871390089e-14  -7.6053854381e-06   2.0000000000e-02 
  1.0592297802e+21   1.9325399057e+18   2.7197319205e+61   2.2245872600e-24   5.1871390089e-14  -7.7219324882e-06   2.0000000000e-02 
  1.0611623201e+21   1.9325399057e+18   2.7296742232e+61   2.2245872600e-24   5.1871390089e-14  -7.6360049661e-06   2.0000000000e-02 
  1.0630948600e+21   1.9325399057e+18   2.7396346655e+61   2.2245872600e-24   5.1871390089e-14  -7.4606538405e-06   2.0000000000e-02 
  1.0650273999e+21   1.9325399057e+18   2.7496132472e+61   2.2245872600e-24   5.1871390089e-14  -7.2182993015e-06   2.0000000000e-02 
  1.0669599398e+21   1.9325399057e+18   2.7596099684e+61   2.2245872600e-24   5.1871390089e-14  -7.0491331002e-06   2.0000000000e-02 
  1.0688924797e+21   1.9325399057e+18   2.7696248292e+61   2.2245872600e-24   5.1871390089e-14  -6.9513105762e-06   2.0000000000e-02 
  1.0708250196e+21   1.9325399057e+18   2.7796578294e+61   2.2245872600e-24   5.1871390089e-14  -6.9122531057e-06   2.0000000000e-02 
  1.0727575595e+21   1.9325399057e+18   2.7897089691e+61   2.2245872600e-24   5.1871390089e-14  -6.9299917313e-06   2.0000000000e-02 
  1.0746900995e+21   1.9325399057e+18   2.7997782484e+61   2.2245872600e-24   5.1871390089e-14  -7.1609922854e-06   2.0000000000e-02 
  1.0766226394e+21   1.9325399057e+18   2.8098656671e+61   2.2245872600e-24   5.1871390089e-14  -8.1379062076e-06   2.0000000000e-02 
  1.0785551793e+21   1.9325399057e+18   2.8199712253e+61   2.2245872600e-24   5.1871390090e-14  -1.0221564491e-05   2.0000000000e-02 
  1.0804877192e+21   1.9325399057e+18   2.8300949231e+61   2.2245872600e-24   5.1871390090e-14  -1.2511645053e-05   2.0000000000e-02 
  1.0824202591e+21   1.9325399057e+18   2.8402367603e+61   2.2245872600e-24   5.1871390091e-14  -1.4051813577e-05   2.0000000000e-02 
  1.0843527990e+21   1.9325399057e+18   2.8503967370e+61   2.2245872600e-24   5.1871390091e-14  -1.3930346715e-05   2.0000000000e-02 
  1.0862853389e+21   1.9325399057e+18   2.8605748532e+61   2.2245872600e-24   5.1871390091e-14  -1.3071937919e-05   2.0000000000e-02 
  1.0882178788e+21   1.9325399057e+18   2.8707711089e+61   2.2245872600e-24   5.1871390091e-14  -1.2700454168e-05   2.0000000000e-02 
  1.0901504187e+21   1.9325399057e+18   2.8809855042e+61   2.2245872600e-24   5.1871390091e-14  -1.2913229154e-05   2.0000000000e-02 
  1.0920829586e+21   1.9325399057e+18   2.8912180389e+61   2.2245872600e-24   5.1871390091e-14  -1.2775087950e-05   2.0000000000e-02 
  1.0940154985e+21   1.9325399057e+18   2.9014687131e+61   2.2245872600e-24   5.1871390092e-14  -1.1472537834e-05   2.0000000000e-02 
  1.0959480384e+21   1.9325399057e+18   2.9117375268e+61   2.2245872600e-24   5.1871390092e-14  -9.6587668809e-06   2.0000000000e-02 
  1.0978805783e+21   1.9325399057e+18   2.9220244800e+61   2.2245872600e-24   5.1871390093e-14  -7.9959585802e-06   2.0000000000e-02 
  1.0998131182e+21   1.9325399057e+18   2.9323295727e+61   2.2245872600e-24   5.1871390093e-14  -7.1631883239e-06   2.0000000000e-02 
  1.1017456581e+21   1.9325399057e+18   2.9426528049e+61   2.2245872600e-24   5.1871390093e-14  -6.8000853999e-06   2.0000000000e-02 
  1.1036781980e+21   1.9325399057e+18   2.9529941766e+61   2.2245872600e-24   5.1871390093e-14  -6.6737916966e-06   2.0000000000e-02 
  1.1056107379e+21   1.9325399057e+18   2.9633536878e+61   2.2245872600e-24   5.1871390093e-14  -6.6399273220e-06   2.0000000000e-02 
  1.1075432778e+21   1.9325399057e+18   2.9737313386e+61   2.2245872600e-24   5.1871390093e-14  -6.6969899251e-06   2.0000000000e-02 
  1.1094758178e+21   1.9325399057e+18   2.9841271288e+61   2.2245872600e-24   5.1871390093e-14  -6.7975647518e-06   2.0000000000e-02 
  1.1114083577e+21   1.9325399057e+18   2.9945410585e+61   2.2245872600e-24   5.1871390093e-14  -6.9974609484e-06   2.0000000000e-02 
  1.1133408976e+21   1.9325399057e+18   3.0049731276e+61   2.2245872600e-24   5.1871390093e-14  -7.2483047903e-06   2.0000000000e-02 
  1.1152734375e+21   1.9325399057e+18   3.0154233363e+61   2.2245872600e-24   5.1871390093e-14  -7.4131032780e-06   2.0000000000e-02 
  1.1172059774e+21   1.9325399057e+18   3.0258916845e+61   2.2245872600e-24   5.1871390093e-14  -7.3169241986e-06   2.0000000000e-02 
  1.1191385173e+21   1.9325399057e+18   3.0363781722e+61   2.2245872600e-24   5.1871390093e-14  -7.0448541931e-06   2.0000000000e-02 
  1.1210710572e+21   1.9325399057e+18   3.0468827994e+61   2.2245872600e-24   5.1871390093e-14  -6.7430374356e-06   2.0000000000e-02 
  1.1230035971e+21   1.9325399057e+18   3.0574055661e+61   2.2245872600e-24   5.1871390093e-14  -6.5367635561e-06   2.0000000000e-02 
  1.1249361370e+21   1.9325399057e+18   3.0679464723e+61   2.2245872600e-24   5.1871390093e-14  -6.2746735697e-06   2.0000000000e-02 
  1.1268686769e+21   1.9325399057e+18   3.0785055180e+61   2.2245872600e-24   5.1871390093e-14  -6.0600515058e-06   2.0000000000e-02 
  1.1288012168e+21   1.9325399057e+18   3.0890827032e+61   2.2245872600e-24   5.1871390093e-14  -5.8685772110e-06   2.0000000000e-02 
  1.1307337567e+21   1.9325399057e+18   3.0996780279e+61   2.2245872600e-24   5.1871390093e-14  -5.6978685115e-06   2.0000000000e-02 
  1.1326662966e+21   1.9325399057e+18   3.1102914920e+61   2.2245872600e-24   5.1871390093e-14  -5.5753125434e-06   2.0000000000e-02 
  1.1345988365e+21   1.9325399057e+18   3.1209230957e+61   2.2245872600e-24   5.1871390093e-14  -5.4071766016e-06   2.0000000000e-02 
  1.1365313764e+21   1.9325399057e+18   3.1315728389e+61   2.2245872600e-24   5.1871390094e-14  -4.5287452961e-06   2.0000000000e-02 
  1.1384639163e+21   1.9325399057e+18   3.1422407216e+61   2.2245872600e-24   5.1871390094e-14  -2.3063582505e-06   2.0000000000e-02 
  1.1403964562e+21   1.9325399057e+18   3.1529267437e+61   2.2245872600e-24   5.1871390094e-14   8.0112074178e-07   2.0000000000e-02 
  1.1423289962e+21   1.9325399057e+18   3.1636309054e+61   2.2245872600e-24   5.1871390095e-14   2.3386661083e-06   2.0000000000e-02 
  1.1442615361e+21   1.9325399057e+18   3.1743532066e+61   2.2245872600e-24   5.1871390095e-14   2.9037599060e-06   2.0000000000e-02 
  1.1461940760e+21   1.9325399057e+18   3.1850936473e+61   2.2245872600e-24   5.1871390095e-14   3.1084966828e-06   2.0000000000e-02 
  1.1481266159e+21   1.9325399057e+18   3.1958522274e+61   2.2245872600e-24   5.1871390095e-14   3.1591798679e-06   2.0000000000e-02 
  1.1500591558e+21   1.9325399057e+18   3.2066289471e+61   2.2245872600e-24   5.1871390095e-14   3.1645050708e-06   2.0000000000e-02 
  1.1519916957e+21   1.9325399057e+18   3.2174238063e+61   2.2245872600e-24   5.1871390095e-14   3.2828156773e-06   2.0000000000e-02 
  1.1539242356e+21   1.9325399057e+18   3.2282368049e+61   2.2245872600e-24   5.1871390095e-14   3.4822529415e-06   2.0000000000e-02 
  1.1558567755e+21   1.9325399057e+18   3.2390679431e+61   2.2245872600e-24   5.1871390095e-14   3.7951142408e-06   2.0000000000e-02 
  1.1577893154e+21   1.9325399057e+18   3.2499172207e+61   2.2245872600e-24   5.1871390095e-14   3.9895380772e-06   2.0000000000e-02 
  1.1597218553e+21   1.9325399057e+18   3.2607846379e+61   2.2245872600e-24   5.1871390094e-14   3.7533763279e-06   2.0000000000e-02 
  1.1616543952e+21   1.9325399057e+18   3.2716701946e+61   2.2245872600e-24   5.1871390094e-14   3.3097443398e-06   2.0000000000e-02 
  1.1635869351e+21   1.9325399057e+18   3.2825738907e+61   2.2245872600e-24   5.1871390094e-14   2.8699147469e-06   2.0000000000e-02 
  1.1655194750e+21   1.9325399057e+18   3.2934957264e+61   2.2245872600e-24   5.1871390094e-14   2.5492172205e-06   2.0000000000e-02 
  1.1674520149e+21   1.9325399057e+18   3.3044357015e+61   2.2245872600e-24   5.1871390094e-14   1.6546014324e-06   2.0000000000e-02 
  1.1693845548e+21   1.9325399057e+18   3.3153938162e+61   2.2245872600e-24   5.1871390094e-14   8.9103479586e-07   2.0000000000e-02 
  1.1713170947e+21   1.9325399057e+18   3.3263700703e+61   2.2245872600e-24   5.1871390094e-14   5.0311843305e-07   2.0000000000e-02 
  1.1732496346e+21   1.9325399057e+18   3.3373644640e+61   2.2245872600e-24   5.1871390094e-14   1.8933836793e-07   2.0000000000e-02 
  1.1751821745e+21   1.9325399057e+18   3.3483769971e+61   2.2245872600e-24   5.1871390094e-14  -4.8796439518e-07   2.0000000000e-02 
  1.1771147145e+21   1.9325399057e+18   3.3594076697e+61   2.2245872600e-24   5.1871390094e-14  -1.3518398087e-06   2.0000000000e-02 
  1.1790472544e+21   1.9325399057e+18   3.3704564819e+61   2.2245872600e-24   5.1871390094e-14  -1.6804969381e-06   2.0000000000e-02 
  1.1809797943e+21   1.9325399057e+18   3.3815234335e+61   2.2245872600e-24   5.1871390094e-14  -1.5926084786e-06   2.0000000000e-02 
  1.1829123342e+21   1.9325399057e+18   3.3926085247e+61   2.2245872600e-24   5.1871390094e-14  -1.3994107672e-06   2.0000000000e-02 
  1.1848448741e+21   1.9325399057e+18   3.4037117553e+61   2.2245872600e-24   5.1871390094e-14  -1.0253093444e-06   2.0000000000e-02 
  1.1867774140e+21   1.9325399057e+18   3.4148331254e+61   2.2245872600e-24   5.1871390094e-14   3.2217294130e-07   2.0000000000e-02 
  1.1887099539e+21   1.9325399057e+18   3.4259726351e+61   2.2245872600e-24   5.1871390093e-14   3.1916496070e-06   2.0000000000e-02 
  1.1906424938e+21   1.9325399057e+18   3.4371302842e+61   2.2245872600e-24   5.1871390093e-14   5.2530095702e-06   2.0000000000e-02 
  1.1925750337e+21   1.9325399057e+18   3.4483060728e+61   2.2245872600e-24   5.1871390093e-14   5.8392985551e-06   2.0000000000e-02 
  1.1945075736e+21   1.9325399057e+18   3.4595000009e+61   2.2245872600e-24   5.1871390093e-14   6.3471927617e-06   2.0000000000e-02 
  1.1964401135e+21   1.9325399057e+18   3.4707120686e+61   2.2245872600e-24   5.1871390092e-14   6.7383066183e-06   2.0000000000e-02 
  1.1983726534e+21   1.9325399057e+18   3.4819422757e+61   2.2245872600e-24   5.1871390092e-14   6.9379791405e-06   2.0000000000e-02 
  1.2003051933e+21   1.9325399057e+18   3.4931906223e+61   2.2245872600e-24   5.1871390092e-14   6.9316879876e-06   2.0000000000e-02 
  1.2022377332e+21   1.9325399057e+18   3.5044571084e+61   2.2245872600e-24   5.1871390092e-14   6.9621105697e-06   2.0000000000e-02 
  1.2041702731e+21   1.9325399057e+18   3.5157417341e+61   2.2245872600e-24   5.1871390092e-14   7.0910388266e-06   2.0000000000e-02 
  1.2061028130e+21   1.9325399057e+18   3.5270444992e+61   2.2245872600e-24   5.1871390092e-14   7.1989134139e-06   2.0000000000e-02 
  1.2080353529e+21   1.9325399057e+18   3.5383654038e+61   2.2245872600e-24   5.1871390092e-14   7.1984799394e-06   2.0000000000e-02 
  1.2099678929e+21   1.9325399057e+18   3.5497044479e+61   2.2245872600e-24   5.1871390092e-14   7.2146883771e-06   2.0000000000e-02 
  1.2119004328e+21   1.9325399057e+18   3.5610616315e+61   2.2245872600e-24   5.1871390092e-14   7.2176314153e-06   2.0000000000e-02 
  1.2138329727e+21   1.9325399057e+18   3.5724369546e+61   2.2245872600e-24   5.1871390092e-14   7.1114620607e-06   2.0000000000e-02 
  1.2157655126e+21   1.9325399057e+18   3.5838304172e+61   2.2245872600e-24   5.1871390092e-14   6.8532676277e-06   2.0000000000e-02 
  1.2176980525e+21   1.9325399057e+18   3.5952420193e+61   2.2245872600e-24   5.1871390092e-14   6.5317393532e-06   2.0000000000e-02 
  1.2196305924e+21   1.9325399057e+18   3.6066717609e+61   2.2245872600e-24   5.1871390092e-14   6.2042027511e-06   2.0000000000e-02 
  1.2215631323e+21   1.9325399057e+18   3.6181196420e+61   2.2245872600e-24   5.1871390092e-14   5.8726376370e-06   2.0000000000e-02 
  1.2234956722e+21   1.9325399057e+18   3.6295856626e+61   2.2245872600e-24   5.1871390092e-14   5.5645003103e-06   2.0000000000e-02 
  1.2254282121e+21   1.9325399057e+18   3.6410698227e+61   2.2245872600e-24   5.1871390092e-14   5.3612675560e-06   2.0000000000e-02 
  1.2273607520e+21   1.9325399057e+18   3.6525721223e+61   2.2245872600e-24   5.1871390092e-14   5.3240193091e-06   2.0000000000e-02 
  1.2292932919e+21   1.9325399057e+18   3.6640925614e+61   2.2245872600e-24   5.1871390092e-14   5.3794570765e-06   2.0000000000e-02 
  1.2312258318e+21   1.9325399057e+18   3.6756311400e+61   2.2245872600e-24   5.1871390092e-14   5.6404458521e-06   2.0000000000e-02 
  1.2331583717e+21   1.9325399057e+18   3.6871878581e+61   2.2245872600e-24   5.1871390092e-14   6.2936747554e-06   2.0000000000e-02 
  1.2350909116e+21   1.9325399057e+18   3.6987627157e+61   2.2245872600e-24   5.1871390092e-14   7.7117053084e-06   2.0000000000e-02 
  1.2370234515e+21   1.9325399057e+18   3.7103557128e+61   2.2245872600e-24   5.1871390091e-14   9.2163911511e-06   2.0000000000e-02 
  1.2389559914e+21   1.9325399057e+18   3.7219668494e+61   2.2245872600e-24   5.1871390091e-14   1.0450944532e-05   2.0000000000e-02 
  1.2408885313e+21   1.9325399057e+18   3.7335961255e+61   2.2245872600e-24   5.1871390090e-14   1.0981055285e-05   2.0000000000e-02 
  1.2428210712e+21   1.9325399057e+18   3.7452435411e+61   2.2245872600e-24   5.1871390090e-14   1.0902035916e-05   2.0000000000e-02 
  1.2447536112e+21   1.9325399057e+18   3.7569090962e+61   2.2245872600e-24   5.1871390090e-14   1.0657072009e-05   2.0000000000e-02 
  1.2466861511e+21   1.9325399057e+18   3.7685927907e+61   2.2245872600e-24   5.1871390090e-14   1.0364741654e-05   2.0000000000e-02 
  1.2486186910e+21   1.9325399057e+18   3.7802946248e+61   2.2245872600e-24   5.1871390090e-14   9.9813703967e-06   2.0000000000e-02 
  1.2505512309e+21   1.9325399057e+18   3.7920145984e+61   2.2245872600e-24   5.1871390089e-14   8.8872399499e-06   2.0000000000e-02 
  1.2524837708e+21   1.9325399057e+18   3.8037527115e+61   2.2245872600e-24   5.1871390089e-14   7.0477896003e-06   2.0000000000e-02 
  1.2544163107e+21   1.9325399057e+18   3.8155089640e+61   2.2245872600e-24   5.1871390089e-14   5.8985238706e-06   2.0000000000e-02 
  1.2563488506e+21   1.9325399057e+18   3.8272833561e+61   2.2245872600e-24   5.1871390089e-14   5.6888831474e-06   2.0000000000e-02 
  1.2582813905e+21   1.9325399057e+18   3.8390758877e+61   2.2245872600e-24   5.1871390089e-14   5.7402493084e-06   2.0000000000e-02 
  1.2602139304e+21   1.9325399057e+18   3.8508865588e+61   2.2245872600e-24   5.1871390089e-14   5.8882634578e-06   2.0000000000e-02 
  1.2621464703e+21   1.9325399057e+18   3.8627153693e+61   2.2245872600e-24   5.1871390088e-14   6.0077709716e-06   2.0000000000e-02 
  1.2640790102e+21   1.9325399057e+18   3.8745623194e+61   2.2245872600e-24   5.1871390088e-14   5.9759297850e-06   2.0000000000e-02 
  1.2660115501e+21   1.9325399057e+18   3.8864274090e+61   2.2245872600e-24   5.1871390088e-14   6.0156562202e-06   2.0000000000e-02 
  1.2679440900e+21   1.9325399057e+18   3.8983106380e+61   2.2245872600e-24   5.1871390088e-14   6.0642803556e-06   2.0000000000e-02 
  1.2698766299e+21   1.9325399057e+18   3.9102120066e+61   2.2245872600e-24   5.1871390088e-14   6.1056672724e-06   2.0000000000e-02 
  1.2718091698e+21   1.9325399057e+18   3.9221315146e+61   2.2245872600e-24   5.1871390088e-14   6.2342834154e-06   2.0000000000e-02 
  1.2737417097e+21   1.9325399057e+18   3.9340691622e+61   2.2245872600e-24   5.1871390088e-14   6.4556776269e-06   2.0000000000e-02 
  1.2756742496e+21   1.9325399057e+18   3.9460249492e+61   2.2245872600e-24   5.1871390088e-14   6.7136008651e-06   2.0000000000e-02 
  1.2776067896e+21   1.9325399057e+18   3.9579988758e+61   2.2245872600e-24   5.1871390088e-14   6.9204513254e-06   2.0000000000e-02 
  1.2795393295e+21   1.9325399057e+18   3.9699909419e+61   2.2245872600e-24   5.1871390088e-14   6.9559462938e-06   2.0000000000e-02 
  1.2814718694e+21   1.9325399057e+18   3.9820011474e+61   2.2245872600e-24   5.1871390088e-14   6.5716564186e-06   2.0000000000e-02 
  1.2834044093e+21   1.9325399057e+18   3.9940294925e+61   2.2245872600e-24   5.1871390088e-14   5.5944365130e-06   2.0000000000e-02 
  1.2853369492e+21   1.9325399057e+18   4.0060759770e+61   2.2245872600e-24   5.1871390087e-14   3.2091662476e-06   2.0000000000e-02 
  1.2872694891e+21   1.9325399057e+18   4.0181406010e+61   2.2245872600e-24   5.1871390087e-14   6.7304221481e-07   2.0000000000e-02 
  1.2892020290e+21   1.9325399057e+18   4.0302233646e+61   2.2245872600e-24   5.1871390087e-14  -7.1678561312e-07   2.0000000000e-02 
  1.2911345689e+21   1.9325399057e+18   4.0423242676e+61   2.2245872600e-24   5.1871390087e-14  -1.7440017992e-06   2.0000000000e-02 
  1.2930671088e+21   1.9325399057e+18   4.0544433102e+61   2.2245872600e-24   5.1871390087e-14  -2.7205040243e-06   2.0000000000e-02 
  1.2949996487e+21   1.9325399057e+18   4.0665804922e+61   2.2245872600e-24   5.1871390087e-14  -3.5592727307e-06   2.0000000000e-02 
  1.2969321886e+21   1.9325399057e+18   4.0787358138e+61   2.2245872600e-24   5.1871390087e-14  -3.8426529169e-06   2.0000000000e-02 
  1.2988647285e+21   1.9325399057e+18   4.0909092748e+61   2.2245872600e-24   5.1871390087e-14  -3.9501560210e-06   2.0000000000e-02 
  1.3007972684e+21   1.9325399057e+18   4.1031008753e+61   2.2245872600e-24   5.1871390087e-14  -3.7018693000e-06   2.0000000000e-02 
  1.3027298083e+21   1.9325399057e+18   4.1153106154e+61   2.2245872600e-24   5.1871390087e-14  -2.9268671502e-06   2.0000000000e-02 
  1.3046623482e+21   1.9325399057e+18   4.1275384949e+61   2.2245872600e-24   5.1871390087e-14  -1.6906121251e-06   2.0000000000e-02 
  1.3065948881e+21   1.9325399057e+18   4.1397845139e+61   2.2245872600e-24   5.1871390087e-14  -6.7918393665e-07   2.0000000000e-02 
  1.3085274280e+21   1.9325399057e+18   4.1520486724e+61   2.2245872600e-24   5.1871390087e-14  -2.7779427008e-07   2.0000000000e-02 
  1.3104599679e+21   1.9325399057e+18   4.1643309705e+61   2.2245872600e-24   5.1871390087e-14  -7.1166945498e-08   2.0000000000e-02 
  1.3123925079e+21   1.9325399057e+18   4.1766314080e+61   2.2245872600e-24   5.1871390087e-14   2.8755676330e-08   2.0000000000e-02 
  1.3143250478e+21   1.9325399057e+18   4.1889499850e+61   2.2245872600e-24   5.1871390087e-14   9.6095550097e-08   2.0000000000e-02 
  1.3162575877e+21   1.9325399057e+18   4.2012867015e+61   2.2245872600e-24   5.1871390087e-14   1.7110545728e-07   2.0000000000e-02 
  1.3181901276e+21   1.9325399057e+18   4.2136415576e+61   2.2245872600e-24   5.1871390087e-14   1.7605611037e-07   2.0000000000e-02 
  1.3201226675e+21   1.9325399057e+18   4.2260145531e+61   2.2245872600e-24   5.1871390087e-14   1.5310146975e-07   2.0000000000e-02 
  1.3220552074e+21   1.9325399057e+18   4.2384056881e+61   2.2245872600e-24   5.1871390087e-14   1.4439301097e-07   2.0000000000e-02 
  1.3239877473e+21   1.9325399057e+18   4.2508149626e+61   2.2245872600e-24   5.1871390087e-14   1.5882378907e-07   2.0000000000e-02 
  1.3259202872e+21   1.9325399057e+18   4.2632423766e+61   2.2245872600e-24   5.1871390087e-14   2.2283833822e-07   2.0000000000e-02 
  1.3278528271e+21   1.9325399057e+18   4.2756879301e+61   2.2245872600e-24   5.1871390087e-14   3.2374150314e-07   2.0000000000e-02 
  1.3297853670e+21   1.9325399057e+18   4.2881516231e+61   2.2245872600e-24   5.1871390087e-14   4.9484647086e-07   2.0000000000e-02 
  1.3317179069e+21   1.9325399057e+18   4.3006334556e+61   2.2245872600e-24   5.1871390087e-14   6.2984969133e-07   2.0000000000e-02 
  1.3336504468e+21   1.9325399057e+18   4.3131334276e+61   2.2245872600e-24   5.1871390087e-14   6.2100356541e-07   2.0000000000e-02 
  1.3355829867e+21   1.9325399057e+18   4.3256515391e+61   2.2245872600e-24   5.1871390087e-14   4.8021385054e-07   2.0000000000e-02 
  1.3375155266e+21   1.9325399057e+18   4.3381877901e+61   2.2245872600e-24   5.1871390087e-14   3.1525353196e-07   2.0000000000e-02 
  1.3394480665e+21   1.9325399057e+18   4.3507421806e+61   2.2245872600e-24   5.1871390087e-14   2.1912816001e-07   2.0000000000e-02 
  1.3413806064e+21   1.9325399057e+18   4.3633147106e+61   2.2245872600e-24   5.1871390087e-14   1.8823202582e-07   2.0000000000e-02 
  1.3433131463e+21   1.9325399057e+18   4.3759053801e+61   2.2245872600e-24   5.1871390087e-14   2.5990441251e-07   2.0000000000e-02 
  1.3452456863e+21   1.9325399057e+18   4.3885141891e+61   2.2245872600e-24   5.1871390087e-14   4.9079215843e-07   2.0000000000e-02 
  1.3471782262e+21   1.9325399057e+18   4.4011411376e+61   2.2245872600e-24   5.1871390087e-14   7.2577605714e-07   2.0000000000e-02 
  1.3491107661e+21   1.9325399057e+18   4.4137862256e+61   2.2245872600e-24   5.1871390087e-14   8.2279291313e-07   2.0000000000e-02 
  1.3510433060e+21   1.9325399057e+18   4.4264494531e+61   2.2245872600e-24   5.1871390087e-14   8.1221890191e-07   2.0000000000e-02 
  1.3529758459e+21   1.9325399057e+18   4.4391308201e+61   2.2245872600e-24   5.1871390087e-14   8.0781161969e-07   2.0000000000e-02 
  1.3549083858e+21   1.9325399057e+18   4.4518303266e+61   2.2245872600e-24   5.1871390087e-14   8.6370661135e-07   2.0000000000e-02 
  1.3568409257e+21   1.9325399057e+18   4.4645479726e+61   2.2245872600e-24   5.1871390087e-14   8.1985261579e-07   2.0000000000e-02 
  1.3587734656e+21   1.9325399057e+18   4.4772837581e+61   2.2245872600e-24   5.1871390087e-14   7.5827703932e-07   2.0000000000e-02 
  1.3607060055e+21   1.9325399057e+18   4.4900376830e+61   2.2245872600e-24   5.1871390087e-14   6.9785199945e-07   2.0000000000e-02 
  1.3626385454e+21   1.9325399057e+18   4.5028097475e+61   2.2245872600e-24   5.1871390087e-14   5.9077774867e-07   2.0000000000e-02 
  1.3645710853e+21   1.9325399057e+18   4.5155999515e+61   2.2245872600e-24   5.1871390087e-14   3.7588246365e-07   2.0000000000e-02 
  1.3665036252e+21   1.9325399057e+18   4.5284082950e+61   2.2245872600e-24   5.1871390087e-14   1.1216535386e-07   2.0000000000e-02 
  1.3684361651e+21   1.9325399057e+18   4.5412347779e+61   2.2245872600e-24   5.1871390087e-14  -4.6282899126e-08   2.0000000000e-02 
  1.3703687050e+21   1.9325399057e+18   4.5540794004e+61   2.2245872600e-24   5.1871390087e-14  -1.2787599719e-07   2.0000000000e-02 
  1.3723012449e+21   1.9325399057e+18   4.5669421624e+61   2.2245872600e-24   5.1871390087e-14  -1.8085021319e-07   2.0000000000e-02 
  1.3742337848e+21   1.9325399057e+18   4.5798230639e+61   2.2245872600e-24   5.1871390087e-14  -2.0815817481e-07   2.0000000000e-02 
  1.3761663247e+21   1.9325399057e+18   4.5927221048e+61   2.2245872600e-24   5.1871390087e-14  -1.9329467010e-07   2.0000000000e-02 
  1.3780988646e+21   1.9325399057e+18   4.6056392853e+61   2.2245872600e-24   5.1871390087e-14  -1.2344878262e-07   2.0000000000e-02 
  1.3800314046e+21   1.9325399057e+18   4.6185746053e+61   2.2245872600e-24   5.1871390087e-14  -4.4547798728e-08   2.0000000000e-02 
  1.3819639445e+21   1.9325399057e+18   4.6315280647e+61   2.2245872600e-24   5.1871390087e-14   5.8484377780e-08   2.0000000000e-02 
  1.3838964844e+21   1.9325399057e+18   4.6444996637e+61   2.2245872600e-24   5.1871390087e-14   1.9298350744e-07   2.0000000000e-02 
  1.3858290243e+21   1.9325399057e+18   4.6574894021e+61   2.2245872600e-24   5.1871390087e-14   3.6687540013e-07   2.0000000000e-02 
  1.3877615642e+21   1.9325399057e+18   4.6704972801e+61   2.2245872600e-24   5.1871390087e-14   6.4836694522e-07   2.0000000000e-02 
  1.3896941041e+21   1.9325399057e+18   4.6835232976e+61   2.2245872600e-24   5.1871390087e-14   9.1284275397e-07   2.0000000000e-02 
  1.3916266440e+21   1.9325399057e+18   4.6965674545e+61   2.2245872600e-24   5.1871390087e-14   1.0139722487e-06   2.0000000000e-02 
  1.3935591839e+21   1.9325399057e+18   4.7096297510e+61   2.2245872600e-24   5.1871390087e-14   9.6998748659e-07   2.0000000000e-02 
  1.3954917238e+21   1.9325399057e+18   4.7227101869e+61   2.2245872600e-24   5.1871390087e-14   8.6031207854e-07   2.0000000000e-02 
  1.3974242637e+21   1.9325399057e+18   4.7358087624e+61   2.2245872600e-24   5.1871390087e-14   7.3853829256e-07   2.0000000000e-02 
  1.3993568036e+21   1.9325399057e+18   4.7489254773e+61   2.2245872600e-24   5.1871390087e-14   7.0790071929e-07   2.0000000000e-02 
  1.4012893435e+21   1.9325399057e+18   4.7620603318e+61   2.2245872600e-24   5.1871390087e-14   7.4363696101e-07   2.0000000000e-02 
  1.4032218834e+21   1.9325399057e+18   4.7752133257e+61   2.2245872600e-24   5.1871390087e-14   8.2685353698e-07   2.0000000000e-02 
  1.4051544233e+21   1.9325399057e+18   4.7883844591e+61   2.2245872600e-24   5.1871390087e-14   8.4124498754e-07   2.0000000000e-02 
  1.4070869632e+21   1.9325399057e+18   4.8015737321e+61   2.2245872600e-24   5.1871390087e-14   7.6661056510e-07   2.0000000000e-02 
  1.4090195031e+21   1.9325399057e+18   4.8147811445e+61   2.2245872600e-24   5.1871390087e-14   7.7841813508e-07   2.0000000000e-02 
  1.4109520430e+21   1.9325399057e+18   4.8280066965e+61   2.2245872600e-24   5.1871390087e-14   8.4731839675e-07   2.0000000000e-02 
  1.4128845830e+21   1.9325399057e+18   4.8412503879e+61   2.2245872600e-24   5.1871390087e-14   8.9987968944e-07   2.0000000000e-02 
  1.4148171229e+21   1.9325399057e+18   4.8545122188e+61   2.2245872600e-24   5.1871390087e-14   9.2427398930e-07   2.0000000000e-02 
  1.4167496628e+21   1.9325399057e+18   4.8677921893e+61   2.2245872600e-24   5.1871390087e-14   8.9050698560e-07   2.0000000000e-02 
  1.4186822027e+21   1.9325399057e+18   4.8810902992e+61   2.2245872600e-24   5.1871390087e-14   7.9450648286e-07   2.0000000000e-02 
  1.4206147426e+21   1.9325399057e+18   4.8944065486e+61   2.2245872600e-24   5.1871390087e-14   5.2160651898e-07   2.0000000000e-02 
  1.4225472825e+21   1.9325399057e+18   4.9077409376e+61   2.2245872600e-24   5.1871390087e-14   1.7445855760e-07   2.0000000000e-02 
  1.4244798224e+21   1.9325399057e+18   4.9210934660e+61   2.2245872600e-24   5.1871390087e-14   2.0346882164e-08   2.0000000000e-02 
  1.4264123623e+21   1.9325399057e+18   4.9344641339e+61   2.2245872600e-24   5.1871390087e-14  -2.3820276168e-08   2.0000000000e-02 
  1.4283449022e+21   1.9325399057e+18   4.9478529413e+61   2.2245872600e-24   5.1871390087e-14  -2.5658672759e-08   2.0000000000e-02 
  1.4302774421e+21   1.9325399057e+18   4.9612598883e+61   2.2245872600e-24   5.1871390087e-14   1.7651088108e-09   2.0000000000e-02 
  1.4322099820e+21   1.9325399057e+18   4.9746849747e+61   2.2245872600e-24   5.1871390087e-14   4.8148288397e-11   2.0000000000e-02 
  1.4341425219e+21   1.9325399057e+18   4.9881282006e+61   2.2245872600e-24   5.1871390087e-14  -6.4767583478e-08   2.0000000000e-02 
  1.4360750618e+21   1.9325399057e+18   5.0015895660e+61   2.2245872600e-24   5.1871390087e-14  -1.4132239076e-07   2.0000000000e-02 
  1.4380076017e+21   1.9325399057e+18   5.0150690709e+61   2.2245872600e-24   5.1871390087e-14  -1.8939814550e-07   2.0000000000e-02 
  1.4399401416e+21   1.9325399057e+18   5.0285667153e+61   2.2245872600e-24   5.1871390087e-14  -2.1860682828e-07   2.0000000000e-02 
  1.4418726815e+21   1.9325399057e+18   5.0420824992e+61   2.2245872600e-24   5.1871390087e-14  -2.4565000458e-07   2.0000000000e-02 
  1.4438052214e+21   1.9325399057e+18   5.0556164226e+61   2.2245872600e-24   5.1871390087e-14  -2.6832893567e-07   2.0000000000e-02 
  1.4457377613e+21   1.9325399057e+18   5.0691684856e+61   2.2245872600e-24   5.1871390087e-14  -2.7165013784e-07   2.0000000000e-02 
  1.4476703013e+21   1.9325399057e+18   5.0827386880e+61   2.2245872600e-24   5.1871390087e-14  -2.5292391961e-07   2.0000000000e-02 
  1.4496028412e+21   1.9325399057e+18   5.0963270299e+61   2.2245872600e-24   5.1871390087e-14  -2.3698655512e-07   2.0000000000e-02 
  1.4515353811e+21   1.9325399057e+18   5.1099335113e+61   2.2245872600e-24   5.1871390087e-14  -2.1694033648e-07   2.0000000000e-02 
  1.4534679210e+21   1.9325399057e+18   5.1235581322e+61   2.2245872600e-24   5.1871390087e-14  -1.7327498831e-07   2.0000000000e-02 
  1.4554004609e+21   1.9325399057e+18   5.1372008926e+61   2.2245872600e-24   5.1871390087e-14  -1.1619767171e-07   2.0000000000e-02 
  1.4573330008e+21   1.9325399057e+18   5.1508617925e+61   2.2245872600e-24   5.1871390087e-14  -3.9089988241e-08   2.0000000000e-02 
  1.4592655407e+21   1.9325399057e+18   5.1645408319e+61   2.2245872600e-24   5.1871390087e-14   5.4689337343e-08   2.0000000000e-02 
  1.4611980806e+21   1.9325399057e+18   5.1782380108e+61   2.2245872600e-24   5.1871390087e-14   2.3078922611e-07   2.0000000000e-02 
  1.4631306205e+21   1.9325399057e+18   5.1919533291e+61   2.2245872600e-24   5.1871390087e-14   5.5814312933e-07   2.0000000000e-02 
  1.4650631604e+21   1.9325399057e+18   5.2056867870e+61   2.2245872600e-24   5.1871390087e-14   1.2427593744e-06   2.0000000000e-02 
  1.4669957003e+21   1.9325399057e+18   5.2194383844e+61   2.2245872600e-24   5.1871390087e-14   2.2143217381e-06   2.0000000000e-02 
  1.4689282402e+21   1.9325399057e+18   5.2332081213e+61   2.2245872600e-24   5.1871390087e-14   2.8525287566e-06   2.0000000000e-02 
  1.4708607801e+21   1.9325399057e+18   5.2469959977e+61   2.2245872600e-24   5.1871390087e-14   3.0739158747e-06   2.0000000000e-02 
  1.4727933200e+21   1.9325399057e+18   5.2608020136e+61   2.2245872600e-24   5.1871390087e-14   3.0768731758e-06   2.0000000000e-02 
  1.4747258599e+21   1.9325399057e+18   5.2746261690e+61   2.2245872600e-24   5.1871390087e-14   3.0292412775e-06   2.0000000000e-02 
  1.4766583998e+21   1.9325399057e+18   5.2884684638e+61   2.2245872600e-24   5.1871390087e-14   2.9542647754e-06   2.0000000000e-02 
  1.4785909397e+21   1.9325399057e+18   5.3023288982e+61   2.2245872600e-24   5.1871390087e-14   2.7653606776e-06   2.0000000000e-02 
  1.4805234797e+21   1.9325399057e+18   5.3162074721e+61   2.2245872600e-24   5.1871390087e-14   2.5134649994e-06   2.0000000000e-02 
  1.4824560196e+21   1.9325399057e+18   5.3301041855e+61   2.2245872600e-24   5.1871390087e-14   2.2426226613e-06   2.0000000000e-02 
  1.4843885595e+21   1.9325399057e+18   5.3440190383e+61   2.2245872600e-24   5.1871390087e-14   1.5249094230e-06   2.0000000000e-02 
  1.4863210994e+21   1.9325399057e+18   5.3579520307e+61   2.2245872600e-24   5.1871390087e-14  -1.1396250778e-06   2.0000000000e-02 
  1.4882536393e+21   1.9325399057e+18   5.3719031626e+61   2.2245872600e-24   5.1871390088e-14  -4.7829189970e-06   2.0000000000e-02 
  1.4901861792e+21   1.9325399057e+18   5.3858724340e+61   2.2245872600e-24   5.1871390088e-14  -6.6202290773e-06   2.0000000000e-02 
  1.4921187191e+21   1.9325399057e+18   5.3998598448e+61   2.2245872600e-24   5.1871390088e-14  -7.1092519481e-06   2.0000000000e-02 
  1.4940512590e+21   1.9325399057e+18   5.4138653952e+61   2.2245872600e-24   5.1871390088e-14  -6.9748625806e-06   2.0000000000e-02 
  1.4959837989e+21   1.9325399057e+18   5.4278890850e+61   2.2245872600e-24   5.1871390089e-14  -6.8524247860e-06   2.0000000000e-02 
  1.4979163388e+21   1.9325399057e+18   5.4419309144e+61   2.2245872600e-24   5.1871390089e-14  -6.9759112789e-06   2.0000000000e-02 
  1.4998488787e+21   1.9325399057e+18   5.4559908833e+61   2.2245872600e-24   5.1871390089e-14  -7.1521434975e-06   2.0000000000e-02 
  1.5017814186e+21   1.9325399057e+18   5.4700689916e+61   2.2245872600e-24   5.1871390089e-14  -7.2769759770e-06   2.0000000000e-02 
  1.5037139585e+21   1.9325399057e+18   5.4841652395e+61   2.2245872600e-24   5.1871390089e-14  -7.3606934969e-06   2.0000000000e-02 
  1.5056464984e+21   1.9325399057e+18   5.4982796268e+61   2.2245872600e-24   5.1871390089e-14  -7.5398851080e-06   2.0000000000e-02 
  1.5075790383e+21   1.9325399057e+18   5.5124121537e+61   2.2245872600e-24   5.1871390089e-14  -7.8258796909e-06   2.0000000000e-02 
  1.5095115782e+21   1.9325399057e+18   5.5265628200e+61   2.2245872600e-24   5.1871390089e-14  -7.9377825359e-06   2.0000000000e-02 
  1.5114441181e+21   1.9325399057e+18   5.5407316259e+61   2.2245872600e-24   5.1871390089e-14  -7.7915572714e-06   2.0000000000e-02 
  1.5133766580e+21   1.9325399057e+18   5.5549185712e+61   2.2245872600e-24   5.1871390089e-14  -7.5520863722e-06   2.0000000000e-02 
  1.5153091980e+21   1.9325399057e+18   5.5691236561e+61   2.2245872600e-24   5.1871390089e-14  -7.2993193313e-06   2.0000000000e-02 
  1.5172417379e+21   1.9325399057e+18   5.5833468804e+61   2.2245872600e-24   5.1871390089e-14  -7.1299683385e-06   2.0000000000e-02 
  1.5191742778e+21   1.9325399057e+18   5.5975882443e+61   2.2245872600e-24   5.1871390089e-14  -7.0523125401e-06   2.0000000000e-02 
  1.5211068177e+21   1.9325399057e+18   5.6118477476e+61   2.2245872600e-24   5.1871390089e-14  -7.0358754793e-06   2.0000000000e-02 
  1.5230393576e+21   1.9325399057e+18   5.6261253905e+61   2.2245872600e-24   5.1871390089e-14  -7.0935693960e-06   2.0000000000e-02 
  1.5249718975e+21   1.9325399057e+18   5.6404211728e+61   2.2245872600e-24   5.1871390089e-14  -7.4354904493e-06   2.0000000000e-02 
  1.5269044374e+21   1.9325399057e+18   5.6547350946e+61   2.2245872600e-24   5.1871390089e-14  -8.4198376737e-06   2.0000000000e-02 
  1.5288369773e+21   1.9325399057e+18   5.6690671560e+61   2.2245872600e-24   5.1871390090e-14  -1.0309177344e-05   2.0000000000e-02 
  1.5307695172e+21   1.9325399057e+18   5.6834173568e+61   2.2245872600e-24   5.1871390090e-14  -1.2653365359e-05   2.0000000000e-02 
  1.5327020571e+21   1.9325399057e+18   5.6977856971e+61   2.2245872600e-24   5.1871390091e-14  -1.4259239193e-05   2.0000000000e-02 
  1.5346345970e+21   1.9325399057e+18   5.7121721770e+61   2.2245872600e-24   5.1871390091e-14  -1.4223675412e-05   2.0000000000e-02 
  1.5365671369e+21   1.9325399057e+18   5.7265767963e+61   2.2245872600e-24   5.1871390091e-14  -1.3387361873e-05   2.0000000000e-02 
  1.5384996768e+21   1.9325399057e+18   5.7409995551e+61   2.2245872600e-24   5.1871390091e-14  -1.3013879421e-05   2.0000000000e-02 
  1.5404322167e+21   1.9325399057e+18   5.7554404534e+61   2.2245872600e-24   5.1871390091e-14  -1.3218133183e-05   2.0000000000e-02 
  1.5423647566e+21   1.9325399057e+18   5.7698994913e+61   2.2245872600e-24   5.1871390091e-14  -1.3074042870e-05   2.0000000000e-02 
  1.5442972965e+21   1.9325399057e+18   5.7843766686e+61   2.2245872600e-24   5.1871390092e-14  -1.1789733113e-05   2.0000000000e-02 
  1.5462298364e+21   1.9325399057e+18   5.7988719854e+61   2.2245872600e-24   5.1871390092e-14  -9.8548377936e-06   2.0000000000e-02 
  1.5481623764e+21   1.9325399057e+18   5.8133854417e+61   2.2245872600e-24   5.1871390093e-14  -8.2967298113e-06   2.0000000000e-02 
  1.5500949163e+21   1.9325399057e+18   5.8279170375e+61   2.2245872600e-24   5.1871390093e-14  -7.4445553608e-06   2.0000000000e-02 
  1.5520274562e+21   1.9325399057e+18   5.8424667728e+61   2.2245872600e-24   5.1871390093e-14  -7.0649320059e-06   2.0000000000e-02 
  1.5539599961e+21   1.9325399057e+18   5.8570346477e+61   2.2245872600e-24   5.1871390093e-14  -6.9190972605e-06   2.0000000000e-02 
  1.5558925360e+21   1.9325399057e+18   5.8716206620e+61   2.2245872600e-24   5.1871390093e-14  -6.8866281208e-06   2.0000000000e-02 
  1.5578250759e+21   1.9325399057e+18   5.8862248158e+61   2.2245872600e-24   5.1871390093e-14  -6.9451618049e-06   2.0000000000e-02 
  1.5597576158e+21   1.9325399057e+18   5.9008471091e+61   2.2245872600e-24   5.1871390093e-14  -7.0403209044e-06   2.0000000000e-02 
  1.5616901557e+21   1.9325399057e+18   5.9154875419e+61   2.2245872600e-24   5.1871390093e-14  -7.2178278610e-06   2.0000000000e-02 
  1.5636226956e+21   1.9325399057e+18   5.9301461142e+61   2.2245872600e-24   5.1871390093e-14  -7.4607814858e-06   2.0000000000e-02 
  1.5655552355e+21   1.9325399057e+18   5.9448228260e+61   2.2245872600e-24   5.1871390093e-14  -7.5967801493e-06   2.0000000000e-02 
  1.5674877754e+21   1.9325399057e+18   5.9595176773e+61   2.2245872600e-24   5.1871390093e-14  -7.5192195885e-06   2.0000000000e-02 
  1.5694203153e+21   1.9325399057e+18   5.9742306681e+61   2.2245872600e-24   5.1871390093e-14  -7.3145311105e-06   2.0000000000e-02 
  1.5713528552e+21   1.9325399057e+18   5.9889617984e+61   2.2245872600e-24   5.1871390093e-14  -7.0324873822e-06   2.0000000000e-02 
  1.5732853951e+21   1.9325399057e+18   6.0037110682e+61   2.2245872600e-24   5.1871390093e-14  -6.8298079020e-06   2.0000000000e-02 
  1.5752179350e+21   1.9325399057e+18   6.0184784775e+61   2.2245872600e-24   5.1871390093e-14  -6.5369740885e-06   2.0000000000e-02 
  1.5771504749e+21   1.9325399057e+18   6.0332640263e+61   2.2245872600e-24   5.1871390093e-14  -6.2513962024e-06   2.0000000000e-02 
  1.5790830148e+21   1.9325399057e+18   6.0480677146e+61   2.2245872600e-24   5.1871390093e-14  -6.0172099944e-06   2.0000000000e-02 
  1.5810155547e+21   1.9325399057e+18   6.0628895424e+61   2.2245872600e-24   5.1871390093e-14  -5.8113942145e-06   2.0000000000e-02 
  1.5829480947e+21   1.9325399057e+18   6.0777295096e+61   2.2245872600e-24   5.1871390093e-14  -5.6705816813e-06   2.0000000000e-02 
  1.5848806346e+21   1.9325399057e+18   6.0925876164e+61   2.2245872600e-24   5.1871390094e-14  -5.5403510387e-06   2.0000000000e-02 
  1.5868131745e+21   1.9325399057e+18   6.1074638627e+61   2.2245872600e-24   5.1871390094e-14  -4.8364106508e-06   2.0000000000e-02 
  1.5887457144e+21   1.9325399057e+18   6.1223582485e+61   2.2245872600e-24   5.1871390094e-14  -3.2271634574e-06   2.0000000000e-02 
  1.5906782543e+21   1.9325399057e+18   6.1372707738e+61   2.2245872600e-24   5.1871390095e-14   8.8626864727e-08   2.0000000000e-02 
  1.5926107942e+21   1.9325399057e+18   6.1522014386e+61   2.2245872600e-24   5.1871390095e-14   1.9622153942e-06   2.0000000000e-02 
  1.5945433341e+21   1.9325399057e+18   6.1671502428e+61   2.2245872600e-24   5.1871390095e-14   2.4140657733e-06   2.0000000000e-02 
  1.5964758740e+21   1.9325399057e+18   6.1821171866e+61   2.2245872600e-24   5.1871390095e-14   2.6912129951e-06   2.0000000000e-02 
  1.5984084139e+21   1.9325399057e+18   6.1971022699e+61   2.2245872600e-24   5.1871390095e-14   2.9161503918e-06   2.0000000000e-02 
  1.6003409538e+21   1.9325399057e+18   6.2121054927e+61   2.2245872600e-24   5.1871390095e-14   3.0527170966e-06   2.0000000000e-02 
  1.6022734937e+21   1.9325399057e+18   6.2271268549e+61   2.2245872600e-24   5.1871390095e-14   3.1867687402e-06   2.0000000000e-02 
  1.6042060336e+21   1.9325399057e+18   6.2421663567e+61   2.2245872600e-24   5.1871390095e-14   3.3798815358e-06   2.0000000000e-02 
  1.6061385735e+21   1.9325399057e+18   6.2572239980e+61   2.2245872600e-24   5.1871390095e-14   3.5309498387e-06   2.0000000000e-02 
  1.6080711134e+21   1.9325399057e+18   6.2722997787e+61   2.2245872600e-24   5.1871390095e-14   3.4024823824e-06   2.0000000000e-02 
  1.6100036533e+21   1.9325399057e+18   6.2873936990e+61   2.2245872600e-24   5.1871390095e-14   3.1305972560e-06   2.0000000000e-02 
  1.6119361932e+21   1.9325399057e+18   6.3025057587e+61   2.2245872600e-24   5.1871390095e-14   2.8303562275e-06   2.0000000000e-02 
  1.6138687331e+21   1.9325399057e+18   6.3176359580e+61   2.2245872600e-24   5.1871390095e-14   2.6139197774e-06   2.0000000000e-02 
  1.6158012731e+21   1.9325399057e+18   6.3327842968e+61   2.2245872600e-24   5.1871390094e-14   1.9417046917e-06   2.0000000000e-02 
  1.6177338130e+21   1.9325399057e+18   6.3479507750e+61   2.2245872600e-24   5.1871390094e-14   1.0713283722e-06   2.0000000000e-02 
  1.6196663529e+21   1.9325399057e+18   6.3631353928e+61   2.2245872600e-24   5.1871390094e-14   7.7853915564e-07   2.0000000000e-02 
  1.6215988928e+21   1.9325399057e+18   6.3783381500e+61   2.2245872600e-24   5.1871390094e-14   6.8862158194e-07   2.0000000000e-02 
  1.6235314327e+21   1.9325399057e+18   6.3935590468e+61   2.2245872600e-24   5.1871390094e-14   6.3577222971e-07   2.0000000000e-02 
  1.6254639726e+21   1.9325399057e+18   6.4087980830e+61   2.2245872600e-24   5.1871390094e-14   6.1302490642e-07   2.0000000000e-02 
  1.6273965125e+21   1.9325399057e+18   6.4240552588e+61   2.2245872600e-24   5.1871390094e-14   6.2507970443e-07   2.0000000000e-02 
  1.6293290524e+21   1.9325399057e+18   6.4393305740e+61   2.2245872600e-24   5.1871390094e-14   6.5069889711e-07   2.0000000000e-02 
  1.6312615923e+21   1.9325399057e+18   6.4546240288e+61   2.2245872600e-24   5.1871390094e-14   6.8835775380e-07   2.0000000000e-02 
  1.6331941322e+21   1.9325399057e+18   6.4699356230e+61   2.2245872600e-24   5.1871390094e-14   7.7088233345e-07   2.0000000000e-02 
  1.6351266721e+21   1.9325399057e+18   6.4852653568e+61   2.2245872600e-24   5.1871390094e-14   9.0682184574e-07   2.0000000000e-02 
  1.6370592120e+21   1.9325399057e+18   6.5006132300e+61   2.2245872600e-24   5.1871390094e-14   1.0850365134e-06   2.0000000000e-02 
  1.6389917519e+21   1.9325399057e+18   6.5159792427e+61   2.2245872600e-24   5.1871390094e-14   1.1825199371e-06   2.0000000000e-02 
  1.6409242918e+21   1.9325399057e+18   6.5313633950e+61   2.2245872600e-24   5.1871390094e-14   1.2130975796e-06   2.0000000000e-02 
  1.6428568317e+21   1.9325399057e+18   6.5467656867e+61   2.2245872600e-24   5.1871390094e-14   1.2086810644e-06   2.0000000000e-02 
  1.6447893716e+21   1.9325399057e+18   6.5621861179e+61   2.2245872600e-24   5.1871390094e-14   1.1820716630e-06   2.0000000000e-02 
  1.6467219115e+21   1.9325399057e+18   6.5776246887e+61   2.2245872600e-24   5.1871390094e-14   1.1586925485e-06   2.0000000000e-02 
  1.6486544514e+21   1.9325399057e+18   6.5930813989e+61   2.2245872600e-24   5.1871390094e-14   1.1281694079e-06   2.0000000000e-02 
  1.6505869914e+21   1.9325399057e+18   6.6085562486e+61   2.2245872600e-24   5.1871390094e-14   1.0715106126e-06   2.0000000000e-02 
  1.6525195313e+21   1.9325399057e+18   6.6240492379e+61   2.2245872600e-24   5.1871390094e-14   9.9516126488e-07   2.0000000000e-02 
  1.6544520712e+21   1.9325399057e+18   6.6395603666e+61   2.2245872600e-24   5.1871390094e-14   9.6369830259e-07   2.0000000000e-02 
  1.6563846111e+21   1.9325399057e+18   6.6550896348e+61   2.2245872600e-24   5.1871390094e-14   9.7116509995e-07   2.0000000000e-02 
  1.6583171510e+21   1.9325399057e+18   6.6706370425e+61   2.2245872600e-24   5.1871390094e-14   1.0078649284e-06   2.0000000000e-02 
  1.6602496909e+21   1.9325399057e+18   6.6862025897e+61   2.2245872600e-24   5.1871390094e-14   1.0862172396e-06   2.0000000000e-02 
  1.6621822308e+21   1.9325399057e+18   6.7017862765e+61   2.2245872600e-24   5.1871390094e-14   1.0814419202e-06   2.0000000000e-02 
  1.6641147707e+21   1.9325399057e+18   6.7173881027e+61   2.2245872600e-24   5.1871390094e-14   1.0207850714e-06   2.0000000000e-02 
  1.6660473106e+21   1.9325399057e+18   6.7330080684e+61   2.2245872600e-24   5.1871390094e-14   1.0142464208e-06   2.0000000000e-02 
  1.6679798505e+21   1.9325399057e+18   6.7486461736e+61   2.2245872600e-24   5.1871390094e-14   1.0533550498e-06   2.0000000000e-02 
  1.6699123904e+21   1.9325399057e+18   6.7643024183e+61   2.2245872600e-24   5.1871390094e-14   1.1111563129e-06   2.0000000000e-02 
  1.6718449303e+21   1.9325399057e+18   6.7799768025e+61   2.2245872600e-24   5.1871390094e-14   1.1571705005e-06   2.0000000000e-02 
  1.6737774702e+21   1.9325399057e+18   6.7956693262e+61   2.2245872600e-24   5.1871390094e-14   1.1964552382e-06   2.0000000000e-02 
  1.6757100101e+21   1.9325399057e+18   6.8113799894e+61   2.2245872600e-24   5.1871390094e-14   1.2610317264e-06   2.0000000000e-02 
  1.6776425500e+21   1.9325399057e+18   6.8271087921e+61   2.2245872600e-24   5.1871390094e-14   1.3110900293e-06   2.0000000000e-02 
  1.6795750899e+21   1.9325399057e+18   6.8428557343e+61   2.2245872600e-24   5.1871390094e-14   1.2852710246e-06   2.0000000000e-02 
  1.6815076298e+21   1.9325399057e+18   6.8586208160e+61   2.2245872600e-24   5.1871390094e-14   1.1723725823e-06   2.0000000000e-02 
  1.6834401697e+21   1.9325399057e+18   6.8744040372e+61   2.2245872600e-24   5.1871390094e-14   9.1812494079e-07   2.0000000000e-02 
  1.6853727097e+21   1.9325399057e+18   6.8902053979e+61   2.2245872600e-24   5.1871390094e-14   3.1375233099e-07   2.0000000000e-02 
  1.6873052496e+21   1.9325399057e+18   6.9060248981e+61   2.2245872600e-24   5.1871390094e-14  -8.6612239013e-07   2.0000000000e-02 
  1.6892377895e+21   1.9325399057e+18   6.9218625378e+61   2.2245872600e-24   5.1871390094e-14  -1.8017391454e-06   2.0000000000e-02 
  1.6911703294e+21   1.9325399057e+18   6.9377183170e+61   2.2245872600e-24   5.1871390094e-14  -2.0836691733e-06   2.0000000000e-02 
  1.6931028693e+21   1.9325399057e+18   6.9535922357e+61   2.2245872600e-24   5.1871390094e-14  -2.1427133418e-06   2.0000000000e-02 
  1.6950354092e+21   1.9325399057e+18   6.9694842939e+61   2.2245872600e-24   5.1871390094e-14  -2.0781875962e-06   2.0000000000e-02 
  1.6969679491e+21   1.9325399057e+18   6.9853944916e+61   2.2245872600e-24   5.1871390094e-14  -1.8640406781e-06   2.0000000000e-02 
  1.6989004890e+21   1.9325399057e+18   7.0013228288e+61   2.2245872600e-24   5.1871390094e-14  -1.3413722053e-06   2.0000000000e-02 
  1.7008330289e+21   1.9325399057e+18   7.0172693055e+61   2.2245872600e-24   5.1871390094e-14  -8.8891449624e-07   2.0000000000e-02 
  1.7027655688e+21   1.9325399057e+18   7.0332339216e+61   2.2245872600e-24   5.1871390094e-14  -1.6620647375e-07   2.0000000000e-02 
  1.7046981087e+21   1.9325399057e+18   7.0492166773e+61   2.2245872600e-24   5.1871390094e-14   2.2698460648e-06   2.0000000000e-02 
  1.7066306486e+21   1.9325399057e+18   7.0652175725e+61   2.2245872600e-24   5.1871390093e-14   4.6933671331e-06   2.0000000000e-02 
  1.7085631885e+21   1.9325399057e+18   7.0812366072e+61   2.2245872600e-24   5.1871390092e-14   5.4138403013e-06   2.0000000000e-02 
  1.7104957284e+21   1.9325399057e+18   7.0972737814e+61   2.2245872600e-24   5.1871390092e-14   6.0401135833e-06   2.0000000000e-02 
  1.7124282683e+21   1.9325399057e+18   7.1133290950e+61   2.2245872600e-24   5.1871390092e-14   6.4991822309e-06   2.0000000000e-02 
  1.7143608082e+21   1.9325399057e+18   7.1294025482e+61   2.2245872600e-24   5.1871390092e-14   6.7019042442e-06   2.0000000000e-02 
  1.7162933481e+21   1.9325399057e+18   7.1454941409e+61   2.2245872600e-24   5.1871390092e-14   6.6730107721e-06   2.0000000000e-02 
  1.7182258881e+21   1.9325399057e+18   7.1616038730e+61   2.2245872600e-24   5.1871390092e-14   6.6472633063e-06   2.0000000000e-02 
  1.7201584280e+21   1.9325399057e+18   7.1777317447e+61   2.2245872600e-24   5.1871390092e-14   6.6521337804e-06   2.0000000000e-02 
  1.7220909679e+21   1.9325399057e+18   7.1938777559e+61   2.2245872600e-24   5.1871390092e-14   6.6931224608e-06   2.0000000000e-02 
  1.7240235078e+21   1.9325399057e+18   7.2100419065e+61   2.2245872600e-24   5.1871390092e-14   6.7572022955e-06   2.0000000000e-02 
  1.7259560477e+21   1.9325399057e+18   7.2262241967e+61   2.2245872600e-24   5.1871390092e-14   6.8224314716e-06   2.0000000000e-02 
  1.7278885876e+21   1.9325399057e+18   7.2424246264e+61   2.2245872600e-24   5.1871390092e-14   6.8366020835e-06   2.0000000000e-02 
  1.7298211275e+21   1.9325399057e+18   7.2586431955e+61   2.2245872600e-24   5.1871390092e-14   6.7560834710e-06   2.0000000000e-02 
  1.7317536674e+21   1.9325399057e+18   7.2748799042e+61   2.2245872600e-24   5.1871390092e-14   6.5336073619e-06   2.0000000000e-02 
  1.7336862073e+21   1.9325399057e+18   7.2911347523e+61   2.2245872600e-24   5.1871390092e-14   6.2717921798e-06   2.0000000000e-02 
  1.7356187472e+21   1.9325399057e+18   7.3074077400e+61   2.2245872600e-24   5.1871390092e-14   5.9880216841e-06   2.0000000000e-02 
  1.7375512871e+21   1.9325399057e+18   7.3236988671e+61   2.2245872600e-24   5.1871390092e-14   5.6762223022e-06   2.0000000000e-02 
  1.7394838270e+21   1.9325399057e+18   7.3400081338e+61   2.2245872600e-24   5.1871390092e-14   5.3454308579e-06   2.0000000000e-02 
  1.7414163669e+21   1.9325399057e+18   7.3563355399e+61   2.2245872600e-24   5.1871390092e-14   5.1343371419e-06   2.0000000000e-02 
  1.7433489068e+21   1.9325399057e+18   7.3726810856e+61   2.2245872600e-24   5.1871390092e-14   5.1382853597e-06   2.0000000000e-02 
  1.7452814467e+21   1.9325399057e+18   7.3890447707e+61   2.2245872600e-24   5.1871390092e-14   5.2242226768e-06   2.0000000000e-02 
  1.7472139866e+21   1.9325399057e+18   7.4054265954e+61   2.2245872600e-24   5.1871390092e-14   5.5095252381e-06   2.0000000000e-02 
  1.7491465265e+21   1.9325399057e+18   7.4218265595e+61   2.2245872600e-24   5.1871390092e-14   6.1563755510e-06   2.0000000000e-02 
  1.7510790664e+21   1.9325399057e+18   7.4382446632e+61   2.2245872600e-24   5.1871390092e-14   7.4528232314e-06   2.0000000000e-02 
  1.7530116064e+21   1.9325399057e+18   7.4546809063e+61   2.2245872600e-24   5.1871390091e-14   8.8478151249e-06   2.0000000000e-02 
  1.7549441463e+21   1.9325399057e+18   7.4711352889e+61   2.2245872600e-24   5.1871390091e-14   1.0082714154e-05   2.0000000000e-02 
  1.7568766862e+21   1.9325399057e+18   7.4876078111e+61   2.2245872600e-24   5.1871390090e-14   1.0463117593e-05   2.0000000000e-02 
  1.7588092261e+21   1.9325399057e+18   7.5040984727e+61   2.2245872600e-24   5.1871390090e-14   1.0373424951e-05   2.0000000000e-02 
  1.7607417660e+21   1.9325399057e+18   7.5206072738e+61   2.2245872600e-24   5.1871390090e-14   1.0208634171e-05   2.0000000000e-02 
  1.7626743059e+21   1.9325399057e+18   7.5371342145e+61   2.2245872600e-24   5.1871390090e-14   1.0128469510e-05   2.0000000000e-02 
  1.7646068458e+21   1.9325399057e+18   7.5536792946e+61   2.2245872600e-24   5.1871390089e-14   9.8480869307e-06   2.0000000000e-02 
  1.7665393857e+21   1.9325399057e+18   7.5702425142e+61   2.2245872600e-24   5.1871390089e-14   8.5242639364e-06   2.0000000000e-02 
  1.7684719256e+21   1.9325399057e+18   7.5868238733e+61   2.2245872600e-24   5.1871390089e-14   6.6482853911e-06   2.0000000000e-02 
  1.7704044655e+21   1.9325399057e+18   7.6034233720e+61   2.2245872600e-24   5.1871390089e-14   5.6895723540e-06   2.0000000000e-02 
  1.7723370054e+21   1.9325399057e+18   7.6200410101e+61   2.2245872600e-24   5.1871390089e-14   5.5608026987e-06   2.0000000000e-02 
  1.7742695453e+21   1.9325399057e+18   7.6366767877e+61   2.2245872600e-24   5.1871390089e-14   5.6513124272e-06   2.0000000000e-02 
  1.7762020852e+21   1.9325399057e+18   7.6533307048e+61   2.2245872600e-24   5.1871390089e-14   5.7822445534e-06   2.0000000000e-02 
  1.7781346251e+21   1.9325399057e+18   7.6700027614e+61   2.2245872600e-24   5.1871390088e-14   5.9268922643e-06   2.0000000000e-02 
  1.7800671650e+21   1.9325399057e+18   7.6866929575e+61   2.2245872600e-24   5.1871390088e-14   6.0017793323e-06   2.0000000000e-02 
  1.7819997049e+21   1.9325399057e+18   7.7034012932e+61   2.2245872600e-24   5.1871390088e-14   6.0268222521e-06   2.0000000000e-02 
  1.7839322448e+21   1.9325399057e+18   7.7201277683e+61   2.2245872600e-24   5.1871390088e-14   6.1472606075e-06   2.0000000000e-02 
  1.7858647848e+21   1.9325399057e+18   7.7368723829e+61   2.2245872600e-24   5.1871390088e-14   6.3054848070e-06   2.0000000000e-02 
  1.7877973247e+21   1.9325399057e+18   7.7536351370e+61   2.2245872600e-24   5.1871390088e-14   6.4215850034e-06   2.0000000000e-02 
  1.7897298646e+21   1.9325399057e+18   7.7704160306e+61   2.2245872600e-24   5.1871390088e-14   6.4873152930e-06   2.0000000000e-02 
  1.7916624045e+21   1.9325399057e+18   7.7872150637e+61   2.2245872600e-24   5.1871390088e-14   6.5996041500e-06   2.0000000000e-02 
  1.7935949444e+21   1.9325399057e+18   7.8040322363e+61   2.2245872600e-24   5.1871390088e-14   6.8299155217e-06   2.0000000000e-02 
  1.7955274843e+21   1.9325399057e+18   7.8208675484e+61   2.2245872600e-24   5.1871390088e-14   6.9474064655e-06   2.0000000000e-02 
  1.7974600242e+21   1.9325399057e+18   7.8377210000e+61   2.2245872600e-24   5.1871390088e-14   6.5902555174e-06   2.0000000000e-02 
  1.7993925641e+21   1.9325399057e+18   7.8545925911e+61   2.2245872600e-24   5.1871390088e-14   5.5298952156e-06   2.0000000000e-02 
  1.8013251040e+21   1.9325399057e+18   7.8714823217e+61   2.2245872600e-24   5.1871390087e-14   2.9616307499e-06   2.0000000000e-02 
  1.8032576439e+21   1.9325399057e+18   7.8883901918e+61   2.2245872600e-24   5.1871390087e-14   3.2977600361e-07   2.0000000000e-02 
  1.8051901838e+21   1.9325399057e+18   7.9053162014e+61   2.2245872600e-24   5.1871390087e-14  -8.6888095463e-07   2.0000000000e-02 
  1.8071227237e+21   1.9325399057e+18   7.9222603505e+61   2.2245872600e-24   5.1871390087e-14  -1.6999998734e-06   2.0000000000e-02 
  1.8090552636e+21   1.9325399057e+18   7.9392226391e+61   2.2245872600e-24   5.1871390087e-14  -2.5698473238e-06   2.0000000000e-02 
  1.8109878035e+21   1.9325399057e+18   7.9562030672e+61   2.2245872600e-24   5.1871390087e-14  -3.3640396550e-06   2.0000000000e-02 
  1.8129203434e+21   1.9325399057e+18   7.9732016347e+61   2.2245872600e-24   5.1871390087e-14  -3.7210010303e-06   2.0000000000e-02 
  1.8148528833e+21   1.9325399057e+18   7.9902183418e+61   2.2245872600e-24   5.1871390087e-14  -3.7715903865e-06   2.0000000000e-02 
  1.8167854232e+21   1.9325399057e+18   8.0072531884e+61   2.2245872600e-24   5.1871390087e-14  -3.6499518525e-06   2.0000000000e-02 
  1.8187179631e+21   1.9325399057e+18   8.0243061745e+61   2.2245872600e-24   5.1871390087e-14  -2.9834114122e-06   2.0000000000e-02 
  1.8206505031e+21   1.9325399057e+18   8.0413773001e+61   2.2245872600e-24   5.1871390087e-14  -1.6813888971e-06   2.0000000000e-02 
  1.8225830430e+21   1.9325399057e+18   8.0584665651e+61   2.2245872600e-24   5.1871390087e-14  -7.0529963996e-07   2.0000000000e-02 
  1.8245155829e+21   1.9325399057e+18   8.0755739697e+61   2.2245872600e-24   5.1871390087e-14  -3.4741378876e-07   2.0000000000e-02 
  1.8264481228e+21   1.9325399057e+18   8.0926995138e+61   2.2245872600e-24   5.1871390087e-14  -1.9829265048e-07   2.0000000000e-02 
  1.8283806627e+21   1.9325399057e+18   8.1098431974e+61   2.2245872600e-24   5.1871390087e-14  -9.9205517902e-08   2.0000000000e-02 
  1.8303132026e+21   1.9325399057e+18   8.1270050204e+61   2.2245872600e-24   5.1871390087e-14  -2.3850627823e-08   2.0000000000e-02 
  1.8322457425e+21   1.9325399057e+18   8.1441849830e+61   2.2245872600e-24   5.1871390087e-14   3.1312469697e-08   2.0000000000e-02 
  1.8341782824e+21   1.9325399057e+18   8.1613830851e+61   2.2245872600e-24   5.1871390087e-14   7.0167725431e-08   2.0000000000e-02 
  1.8361108223e+21   1.9325399057e+18   8.1785993266e+61   2.2245872600e-24   5.1871390087e-14   1.3300949594e-07   2.0000000000e-02 
  1.8380433622e+21   1.9325399057e+18   8.1958337077e+61   2.2245872600e-24   5.1871390087e-14   1.6531240247e-07   2.0000000000e-02 
  1.8399759021e+21   1.9325399057e+18   8.2130862283e+61   2.2245872600e-24   5.1871390087e-14   9.6328219091e-08   2.0000000000e-02 
  1.8419084420e+21   1.9325399057e+18   8.2303568883e+61   2.2245872600e-24   5.1871390087e-14  -3.3925836657e-09   2.0000000000e-02 
  1.8438409819e+21   1.9325399057e+18   8.2476456879e+61   2.2245872600e-24   5.1871390087e-14  -8.0622373690e-08   2.0000000000e-02 
  1.8457735218e+21   1.9325399057e+18   8.2649526269e+61   2.2245872600e-24   5.1871390087e-14  -1.2439241139e-07   2.0000000000e-02 
  1.8477060617e+21   1.9325399057e+18   8.2822777055e+61   2.2245872600e-24   5.1871390087e-14  -1.2281900100e-07   2.0000000000e-02 
  1.8496386016e+21   1.9325399057e+18   8.2996209236e+61   2.2245872600e-24   5.1871390087e-14  -1.1375444304e-07   2.0000000000e-02 
  1.8515711415e+21   1.9325399057e+18   8.3169822811e+61   2.2245872600e-24   5.1871390087e-14  -6.5233578515e-08   2.0000000000e-02 
  1.8535036815e+21   1.9325399057e+18   8.3343617782e+61   2.2245872600e-24   5.1871390087e-14  -1.6375917607e-08   2.0000000000e-02 
  1.8554362214e+21   1.9325399057e+18   8.3517594147e+61   2.2245872600e-24   5.1871390087e-14   3.7192374174e-09   2.0000000000e-02 
  1.8573687613e+21   1.9325399057e+18   8.3691751907e+61   2.2245872600e-24   5.1871390087e-14   2.6669419892e-08   2.0000000000e-02 
  1.8593013012e+21   1.9325399057e+18   8.3866091063e+61   2.2245872600e-24   5.1871390087e-14   6.6921506672e-08   2.0000000000e-02 
  1.8612338411e+21   1.9325399057e+18   8.4040611613e+61   2.2245872600e-24   5.1871390087e-14   1.4635918498e-07   2.0000000000e-02 
  1.8631663810e+21   1.9325399057e+18   8.4215313559e+61   2.2245872600e-24   5.1871390087e-14   1.7998224734e-07   2.0000000000e-02 
  1.8650989209e+21   1.9325399057e+18   8.4390196899e+61   2.2245872600e-24   5.1871390087e-14   1.3866599831e-07   2.0000000000e-02 
  1.8670314608e+21   1.9325399057e+18   8.4565261635e+61   2.2245872600e-24   5.1871390087e-14   8.9456189626e-08   2.0000000000e-02 
  1.8689640007e+21   1.9325399057e+18   8.4740507765e+61   2.2245872600e-24   5.1871390087e-14   6.9676831108e-08   2.0000000000e-02 
  1.8708965406e+21   1.9325399057e+18   8.4915935290e+61   2.2245872600e-24   5.1871390087e-14   6.3765301902e-08   2.0000000000e-02 
  1.8728290805e+21   1.9325399057e+18   8.5091544211e+61   2.2245872600e-24   5.1871390087e-14   9.2101869487e-08   2.0000000000e-02 
  1.8747616204e+21   1.9325399057e+18   8.5267334526e+61   2.2245872600e-24   5.1871390087e-14   1.6542147844e-07   2.0000000000e-02 
  1.8766941603e+21   1.9325399057e+18   8.5443306236e+61   2.2245872600e-24   5.1871390087e-14   2.5721908557e-07   2.0000000000e-02 
  1.8786267002e+21   1.9325399057e+18   8.5619459342e+61   2.2245872600e-24   5.1871390087e-14   3.9316695838e-07   2.0000000000e-02 
  1.8805592401e+21   1.9325399057e+18   8.5795793842e+61   2.2245872600e-24   5.1871390087e-14   5.6815602665e-07   2.0000000000e-02 
  1.8824917800e+21   1.9325399057e+18   8.5972309737e+61   2.2245872600e-24   5.1871390087e-14   6.8469932088e-07   2.0000000000e-02 
  1.8844243199e+21   1.9325399057e+18   8.6149007027e+61   2.2245872600e-24   5.1871390087e-14   6.8145039595e-07   2.0000000000e-02 
  1.8863568598e+21   1.9325399057e+18   8.6325885712e+61   2.2245872600e-24   5.1871390087e-14   5.8056798451e-07   2.0000000000e-02 
  1.8882893998e+21   1.9325399057e+18   8.6502945793e+61   2.2245872600e-24   5.1871390087e-14   3.9218739403e-07   2.0000000000e-02 
  1.8902219397e+21   1.9325399057e+18   8.6680187268e+61   2.2245872600e-24   5.1871390087e-14   1.6793753671e-07   2.0000000000e-02 
  1.8921544796e+21   1.9325399057e+18   8.6857610138e+61   2.2245872600e-24   5.1871390087e-14  -4.8693105359e-11   2.0000000000e-02 
  1.8940870195e+21   1.9325399057e+18   8.7035214403e+61   2.2245872600e-24   5.1871390087e-14  -9.2456217547e-08   2.0000000000e-02 
  1.8960195594e+21   1.9325399057e+18   8.7213000063e+61   2.2245872600e-24   5.1871390087e-14  -1.1908691632e-07   2.0000000000e-02 
  1.8979520993e+21   1.9325399057e+18   8.7390967118e+61   2.2245872600e-24   5.1871390087e-14  -1.2118167307e-07   2.0000000000e-02 
  1.8998846392e+21   1.9325399057e+18   8.7569115569e+61   2.2245872600e-24   5.1871390087e-14  -9.3897837106e-08   2.0000000000e-02 
  1.9018171791e+21   1.9325399057e+18   8.7747445414e+61   2.2245872600e-24   5.1871390087e-14  -3.0531404796e-08   2.0000000000e-02 
  1.9037497190e+21   1.9325399057e+18   8.7925956654e+61   2.2245872600e-24   5.1871390087e-14   1.0780124539e-07   2.0000000000e-02 
  1.9056822589e+21   1.9325399057e+18   8.8104649289e+61   2.2245872600e-24   5.1871390087e-14   4.1356528996e-07   2.0000000000e-02 
  1.9076147988e+21   1.9325399057e+18   8.8283523319e+61   2.2245872600e-24   5.1871390087e-14   7.4556403446e-07   2.0000000000e-02 
  1.9095473387e+21   1.9325399057e+18   8.8462578744e+61   2.2245872600e-24   5.1871390087e-14   8.9493779136e-07   2.0000000000e-02 
  1.9114798786e+21   1.9325399057e+18   8.8641815564e+61   2.2245872600e-24   5.1871390087e-14   8.7224166859e-07   2.0000000000e-02 
  1.9134124185e+21   1.9325399057e+18   8.8821233779e+61   2.2245872600e-24   5.1871390087e-14   7.6100712668e-07   2.0000000000e-02 
  1.9153449584e+21   1.9325399057e+18   8.9000833389e+61   2.2245872600e-24   5.1871390087e-14   6.5150329760e-07   2.0000000000e-02 
  1.9172774983e+21   1.9325399057e+18   8.9180614394e+61   2.2245872600e-24   5.1871390087e-14   6.1919549481e-07   2.0000000000e-02 
  1.9192100382e+21   1.9325399057e+18   8.9360576794e+61   2.2245872600e-24   5.1871390087e-14   5.8500234383e-07   2.0000000000e-02 
  1.9211425782e+21   1.9325399057e+18   8.9540720589e+61   2.2245872600e-24   5.1871390087e-14   6.1731521611e-07   2.0000000000e-02 
  1.9230751181e+21   1.9325399057e+18   8.9721045778e+61   2.2245872600e-24   5.1871390087e-14   6.6356821667e-07   2.0000000000e-02 
  1.9250076580e+21   1.9325399057e+18   8.9901552363e+61   2.2245872600e-24   5.1871390087e-14   6.6874742140e-07   2.0000000000e-02 
  1.9269401979e+21   1.9325399057e+18   9.0082240343e+61   2.2245872600e-24   5.1871390087e-14   6.1818205615e-07   2.0000000000e-02 
  1.9288727378e+21   1.9325399057e+18   9.0263109718e+61   2.2245872600e-24   5.1871390087e-14   4.0979076426e-07   2.0000000000e-02 
  1.9308052777e+21   1.9325399057e+18   9.0444160488e+61   2.2245872600e-24   5.1871390087e-14   1.2008935297e-07   2.0000000000e-02 
  1.9327378176e+21   1.9325399057e+18   9.0625392653e+61   2.2245872600e-24   5.1871390087e-14  -8.3945569899e-08   2.0000000000e-02 
  1.9346703575e+21   1.9325399057e+18   9.0806806212e+61   2.2245872600e-24   5.1871390087e-14  -1.7135469559e-07   2.0000000000e-02 
  1.9366028974e+21   1.9325399057e+18   9.0988401167e+61   2.2245872600e-24   5.1871390087e-14  -1.8116707022e-07   2.0000000000e-02 
  1.9385354373e+21   1.9325399057e+18   9.1170177517e+61   2.2245872600e-24   5.1871390087e-14  -1.7016316115e-07   2.0000000000e-02 
  1.9404679772e+21   1.9325399057e+18   9.1352135262e+61   2.2245872600e-24   5.1871390087e-14  -1.6894180219e-07   2.0000000000e-02 
  1.9424005171e+21   1.9325399057e+18   9.1534274401e+61   2.2245872600e-24   5.1871390087e-14  -1.7370775358e-07   2.0000000000e-02 
  1.9443330570e+21   1.9325399057e+18   9.1716594936e+61   2.2245872600e-24   5.1871390087e-14  -1.5598780139e-07   2.0000000000e-02 
  1.9462655969e+21   1.9325399057e+18   9.1899096866e+61   2.2245872600e-24   5.1871390087e-14  -1.2828916927e-07   2.0000000000e-02 
  1.9481981368e+21   1.9325399057e+18   9.2081780190e+61   2.2245872600e-24   5.1871390087e-14  -1.0131235237e-07   2.0000000000e-02 
  1.9501306767e+21   1.9325399057e+18   9.2264644910e+61   2.2245872600e-24   5.1871390087e-14  -4.1657914032e-08   2.0000000000e-02 
  1.9520632166e+21   1.9325399057e+18   9.2447691025e+61   2.2245872600e-24   5.1871390087e-14   1.4702054308e-08   2.0000000000e-02 
  1.9539957565e+21   1.9325399057e+18   9.2630918534e+61   2.2245872600e-24   5.1871390087e-14   3.1774901943e-08   2.0000000000e-02 
  1.9559282965e+21   1.9325399057e+18   9.2814327439e+61   2.2245872600e-24   5.1871390087e-14   4.6566933604e-08   2.0000000000e-02 
  1.9578608364e+21   1.9325399057e+18   9.2997917739e+61   2.2245872600e-24   5.1871390087e-14   3.0576185493e-08   2.0000000000e-02 
  1.9597933763e+21   1.9325399057e+18   9.3181689433e+61   2.2245872600e-24   5.1871390087e-14  -4.0225754813e-08   2.0000000000e-02 
  1.9617259162e+21   1.9325399057e+18   9.3365642523e+61   2.2245872600e-24   5.1871390087e-14  -1.0198854001e-07   2.0000000000e-02 
  1.9636584561e+21   1.9325399057e+18   9.3549777007e+61   2.2245872600e-24   5.1871390087e-14  -1.0623225376e-07   2.0000000000e-02 
  1.9655909960e+21   1.9325399057e+18   9.3734092887e+61   2.2245872600e-24   5.1871390087e-14  -9.9578615847e-08   2.0000000000e-02 
  1.9675235359e+21   1.9325399057e+18   9.3918590161e+61   2.2245872600e-24   5.1871390087e-14  -1.3235470629e-07   2.0000000000e-02 
  1.9694560758e+21   1.9325399057e+18   9.4103268831e+61   2.2245872600e-24   5.1871390087e-14  -1.6860149578e-07   2.0000000000e-02 
  1.9713886157e+21   1.9325399057e+18   9.4288128895e+61   2.2245872600e-24   5.1871390087e-14  -1.5557391350e-07   2.0000000000e-02 
  1.9733211556e+21   1.9325399057e+18   9.4473170355e+61   2.2245872600e-24   5.1871390087e-14  -1.3311461771e-07   2.0000000000e-02 
  1.9752536955e+21   1.9325399057e+18   9.4658393209e+61   2.2245872600e-24   5.1871390087e-14  -1.0308940013e-07   2.0000000000e-02 
  1.9771862354e+21   1.9325399057e+18   9.4843797459e+61   2.2245872600e-24   5.1871390087e-14  -4.4095156976e-08   2.0000000000e-02 
  1.9791187753e+21   1.9325399057e+18   9.5029383103e+61   2.2245872600e-24   5.1871390087e-14   0.0000000000e+00   2.0000000000e-02 
