# time = 3.651101e+15 [s] 
# r                  dr                 dV                 Density            Pressure           Velocity           Z
  2.1304517832e+18   2.1304517832e+18   4.0504543150e+55   4.1749695104e-31   3.6738634851e-14   0.0000000000e+00   9.9248591688e-02 
  2.5841311228e+18   4.5367933956e+17   3.1777804454e+55   4.1749695104e-31   3.6738634851e-14  -1.7666233801e+03   9.9248591688e-02 
  3.4491975454e+18   8.6506642262e+17   9.9604566362e+55   4.1752164647e-31   3.6738592212e-14  -3.5010066623e+03   9.9248591688e-02 
  4.3857730962e+18   9.3657555080e+17   1.8148097877e+56   4.1759925008e-31   3.6738609541e-14  -5.9825564162e+03   9.9248591688e-02 
  4.8326189738e+18   4.4684587759e+17   1.1938726247e+56   4.1770483594e-31   3.6738619972e-14  -7.5201868966e+03   9.9248591688e-02 
  5.2284596399e+18   3.9584066610e+17   1.2594571451e+56   4.1783624771e-31   3.6738621317e-14  -8.3949873861e+03   9.9248591688e-02 
  5.9215052477e+18   6.9304560782e+17   2.7103015988e+56   4.1811450122e-31   3.6738623566e-14  -9.4728777169e+03   9.9248591688e-02 
  6.5526444299e+18   6.3113918222e+17   3.0879292920e+56   4.1854069198e-31   3.6738628004e-14  -1.0744056956e+04   9.9248591688e-02 
  7.4026211546e+18   8.4997672467e+17   5.2067870888e+56   4.1913877459e-31   3.6738635437e-14  -1.2109321233e+04   9.9248591688e-02 
  8.2285889172e+18   8.2596776262e+17   6.3460309896e+56   4.1993272873e-31   3.6738647056e-14  -1.3607836150e+04   9.9248591688e-02 
  9.2637498213e+18   1.0351609041e+18   9.9623126417e+56   4.2096459117e-31   3.6738661651e-14  -1.5221209521e+04   9.9248591688e-02 
  1.0336814518e+19   1.0730646969e+18   1.2964226283e+57   4.2228845783e-31   3.6738681736e-14  -1.7018331132e+04   9.9248591688e-02 
  1.1606016443e+19   1.2692019253e+18   1.9219848835e+57   4.2394594453e-31   3.6738708999e-14  -1.8944946514e+04   9.9248591688e-02 
  1.2968427812e+19   1.3624113682e+18   2.5874398644e+57   4.2600919150e-31   3.6738710693e-14  -2.1128542270e+04   9.9248591688e-02 
  1.4527033211e+19   1.5586053995e+18   3.7057232643e+57   4.2853424139e-31   3.6738725061e-14  -2.3580810359e+04   9.9248591688e-02 
  1.6283121638e+19   1.7560884264e+18   5.2426884891e+57   4.3166408102e-31   3.6738727876e-14  -2.6348877181e+04   9.9248591688e-02 
  1.8241909719e+19   1.9587880815e+18   7.3429610034e+57   4.3547031915e-31   3.6738719702e-14  -2.9438895493e+04   9.9248591688e-02 
  2.0453053465e+19   2.2111437460e+18   1.0412335923e+58   4.4008436347e-31   3.6738699268e-14  -3.2883407105e+04   9.9248591688e-02 
  2.2850925636e+19   2.3978721714e+18   1.4140838304e+58   4.4556574554e-31   3.6738664188e-14  -3.6684608100e+04   9.9248591688e-02 
  2.5577404905e+19   2.7264792690e+18   2.0109889019e+58   4.5210422066e-31   3.6738611861e-14  -4.0896123033e+04   9.9248591688e-02 
  2.8506510627e+19   2.9291057217e+18   2.6942977017e+58   4.5981191876e-31   3.6738541204e-14  -4.5519141358e+04   9.9248591688e-02 
  3.1908607847e+19   3.4020972199e+18   3.9052304665e+58   4.6902290745e-31   3.6738449213e-14  -5.0652448816e+04   9.9248591688e-02 
  3.5519863003e+19   3.6112551556e+18   5.1630901094e+58   4.7986235438e-31   3.6738332772e-14  -5.6284433690e+04   9.9248591688e-02 
  3.9617114381e+19   4.0972513789e+18   7.2741152558e+58   4.9252644974e-31   3.6738185279e-14  -6.2432770995e+04   9.9248591688e-02 
  4.3972086729e+19   4.3549723474e+18   9.5681591940e+58   5.0724518724e-31   3.6738006744e-14  -6.9154523133e+04   9.9248591688e-02 
  4.8950974863e+19   4.9788881344e+18   1.3519003120e+59   5.2448782248e-31   3.6737787091e-14  -7.6555985016e+04   9.9248591688e-02 
  5.3824452594e+19   4.8734777309e+18   1.6184259330e+59   5.4374130607e-31   3.6737536979e-14  -8.4380869016e+04   9.9248591688e-02 
  6.1213538949e+19   7.3890863551e+18   3.0762387887e+59   5.6922195146e-31   3.6737174817e-14  -9.4137058340e+04   9.9248591688e-02 
  7.2300890811e+19   1.1087351862e+19   6.2234509442e+59   6.0941313061e-31   3.6736541211e-14  -1.0907378074e+05   9.9248591688e-02 
  7.6406225888e+19   4.1053350769e+18   2.8528064364e+59   6.4370504324e-31   3.6735956455e-14  -1.2128724608e+05   9.9248591688e-02 
  8.0144571005e+19   3.7383451169e+18   2.8788721022e+59   6.6328796565e-31   3.6735554382e-14  -1.2749078707e+05   9.9248591688e-02 
  8.4060631617e+19   3.9160606122e+18   3.3178399469e+59   6.8457130407e-31   3.6735193411e-14  -1.3382177081e+05   9.9248591688e-02 
  8.8248609472e+19   4.1879778558e+18   3.9071213286e+59   7.0949780037e-31   3.6734731063e-14  -1.4050759241e+05   9.9248591688e-02 
  9.2120615257e+19   3.8720057844e+18   3.9580151765e+59   7.3673267852e-31   3.6734290898e-14  -1.4720488230e+05   9.9248591688e-02 
  9.7080118111e+19   4.9595028544e+18   5.5787012807e+59   7.6973478358e-31   3.6733774012e-14  -1.5462857287e+05   9.9248591688e-02 
  1.0194096377e+20   4.8608456618e+18   6.0498724251e+59   8.0949976980e-31   3.6733111156e-14  -1.6270881344e+05   9.9248591688e-02 
  1.0662900166e+20   4.6880378825e+18   6.4079284677e+59   8.5155818737e-31   3.6732372697e-14  -1.7046565617e+05   9.9248591688e-02 
  1.1111705218e+20   4.4880505231e+18   6.6860511113e+59   8.9571231394e-31   3.6731576163e-14  -1.7785810309e+05   9.9248591688e-02 
  1.1665095148e+20   5.5338992999e+18   9.0209443248e+59   9.4862018522e-31   3.6730593624e-14  -1.8593855735e+05   9.9248591688e-02 
  1.2223419377e+20   5.5832422944e+18   1.0011374516e+60   1.0120441504e-30   3.6729398395e-14  -1.9498501401e+05   9.9248591688e-02 
  1.2760633068e+20   5.3721369118e+18   1.0536336622e+60   1.0797365955e-30   3.6728106777e-14  -2.0403056329e+05   9.9248591688e-02 
  1.3296829071e+20   5.3619600215e+18   1.1439287332e+60   1.1519807752e-30   3.6726764523e-14  -2.1318998938e+05   9.9248591688e-02 
  1.3931888063e+20   6.3505899202e+18   1.4794389326e+60   1.2380297666e-30   3.6725007452e-14  -2.2295803058e+05   9.9248591688e-02 
  1.4570747158e+20   6.3885909516e+18   1.6307887481e+60   1.3391737704e-30   3.6722873550e-14  -2.3388374560e+05   9.9248591688e-02 
  1.5182829436e+20   6.1208227839e+18   1.7025477256e+60   1.4468345006e-30   3.6720407687e-14  -2.4434803604e+05   9.9248591688e-02 
  1.5841140701e+20   6.5831126463e+18   1.9908616654e+60   1.5661085554e-30   3.6717531723e-14  -2.5524836092e+05   9.9248591688e-02 
  1.6591971944e+20   7.5083124334e+18   2.4816872324e+60   1.7100251038e-30   3.6713922525e-14  -2.6785399138e+05   9.9248591688e-02 
  1.7326469706e+20   7.3449776224e+18   2.6550946691e+60   1.8740819269e-30   3.6709505363e-14  -2.8127557548e+05   9.9248591688e-02 
  1.7971623958e+20   6.4515425170e+18   2.5255984145e+60   2.0399013366e-30   3.6704680900e-14  -2.9370739977e+05   9.9248591688e-02 
  1.8820746516e+20   8.4912255767e+18   3.6117101492e+60   2.2381211557e-30   3.6698573691e-14  -3.0765570802e+05   9.9248591688e-02 
  1.9852920827e+20   1.0321743107e+19   4.8510610459e+60   2.5084734591e-30   3.6689465134e-14  -3.2605341514e+05   9.9248591688e-02 
  2.0902909299e+20   1.0499884729e+19   5.4803710623e+60   2.8302300296e-30   3.6677104597e-14  -3.4664130996e+05   9.9248591688e-02 
  2.1868845886e+20   9.6593658610e+18   5.5524730494e+60   3.1668510803e-30   3.6662583281e-14  -3.6689794741e+05   9.9248591688e-02 
  2.3065816586e+20   1.1969707009e+19   7.5944979825e+60   3.5612056874e-30   3.6643481302e-14  -3.8976683906e+05   9.9248591688e-02 
  2.4106944963e+20   1.0411283763e+19   7.2795958522e+60   4.0009207223e-30   3.6619392588e-14  -4.1339159089e+05   9.9248591688e-02 
  2.5642549743e+20   1.5356047801e+19   1.1943856580e+61   4.5527092348e-30   3.6584704379e-14  -4.4284719775e+05   9.9248591688e-02 
  2.6743394326e+20   1.1008445834e+19   9.4922540876e+60   5.1525698730e-30   3.6541810367e-14  -4.7260779202e+05   9.9248591688e-02 
  2.7727670062e+20   9.8427573539e+18   9.1758359425e+60   5.6701803462e-30   3.6500898828e-14  -4.9599237659e+05   9.9248591688e-02 
  2.8766711661e+20   1.0390415990e+19   1.0419389999e+61   6.1787399932e-30   3.6455469378e-14  -5.2061285633e+05   9.9248591688e-02 
  2.9720869256e+20   9.5415759521e+18   1.0255003873e+61   6.6366475652e-30   3.6404767181e-14  -5.4447782262e+05   9.9248591688e-02 
  3.1157068547e+20   1.4361992908e+19   1.6724956936e+61   7.1162718441e-30   3.6335972475e-14  -5.7403906579e+05   9.9248591688e-02 
  3.2641114906e+20   1.4840463594e+19   1.8979828858e+61   7.6436944482e-30   3.6242837258e-14  -6.0951384198e+05   9.9248591688e-02 
  3.3612718610e+20   9.7160370398e+18   1.3399610990e+61   8.0393340632e-30   3.6158837745e-14  -6.3615509958e+05   9.9248591688e-02 
  3.4527336030e+20   9.1461741966e+18   1.3341982826e+61   8.2888104975e-30   3.6090225858e-14  -6.5423885189e+05   9.9248591688e-02 
  3.6027717903e+20   1.5003818729e+19   2.3467855087e+61   8.5362203590e-30   3.5998019778e-14  -6.7456659833e+05   9.9248591688e-02 
  3.7703523203e+20   1.6758053008e+19   2.8625382501e+61   8.8055649036e-30   3.5871883745e-14  -6.9593579305e+05   9.9248591688e-02 
  3.9483255702e+20   1.7797324989e+19   3.3317115627e+61   9.0486964749e-30   3.5727401548e-14  -7.1054347500e+05   9.9248591688e-02 
  4.0476995524e+20   9.9373982155e+18   1.9961502378e+61   9.2098344101e-30   3.5606431554e-14  -7.1599581338e+05   9.9248591688e-02 
  4.1434652028e+20   9.5765650438e+18   2.0186951756e+61   9.2888998181e-30   3.5517215674e-14  -7.1718003623e+05   9.9248591688e-02 
  4.3107574401e+20   1.6729223723e+19   3.7569006001e+61   9.3519616598e-30   3.5391168152e-14  -7.1831806189e+05   9.9248591688e-02 
  4.4992370447e+20   1.8847960459e+19   4.5965475915e+61   9.4063601770e-30   3.5213364589e-14  -7.1848258678e+05   9.9248591688e-02 
  4.6639361458e+20   1.6469910120e+19   4.3448987261e+61   9.4391516458e-30   3.5029084025e-14  -7.1590722719e+05   9.9248591688e-02 
  4.7518261849e+20   8.7890039064e+18   2.4480096121e+61   9.4508231774e-30   3.4894459961e-14  -7.1309410377e+05   9.9248591688e-02 
  4.8396309567e+20   8.7804771803e+18   2.5377527326e+61   9.4493830910e-30   3.4800576555e-14  -7.1388208993e+05   9.9248591688e-02 
  5.0165391232e+20   1.7690816653e+19   5.3995897999e+61   9.4356461094e-30   3.4660490599e-14  -7.1919532551e+05   9.9248591688e-02 
  5.1654172570e+20   1.4887813379e+19   4.8492458441e+61   9.4084236524e-30   3.4489403429e-14  -7.3007985340e+05   9.9248591688e-02 
  5.2622642959e+20   9.6847038872e+18   3.3084473368e+61   9.3804512166e-30   3.4362406413e-14  -7.3956785147e+05   9.9248591688e-02 
  5.3424282965e+20   8.0164000555e+18   2.8322637559e+61   9.3538395736e-30   3.4271506041e-14  -7.4583370203e+05   9.9248591687e-02 
  5.4114967347e+20   6.9068438217e+18   2.5093976626e+61   9.3257220736e-30   3.4194719792e-14  -7.5042992688e+05   9.9248591685e-02 
  5.5832340555e+20   1.7173732086e+19   6.5225749008e+61   9.2681829461e-30   3.4071831579e-14  -7.5401571454e+05   9.9248591674e-02 
  5.6937342392e+20   1.1050018365e+19   4.4148046444e+61   9.1967151514e-30   3.3929824877e-14  -7.5114104647e+05   9.9248591641e-02 
  5.7217705483e+20   2.8036309086e+18   1.1477883864e+61   9.1569904452e-30   3.3857892753e-14  -7.4588157634e+05   9.9248591569e-02 
  5.7450225318e+20   2.3251983524e+18   9.6049349037e+60   9.1378238030e-30   3.3831719501e-14  -7.4385226113e+05   9.9248590829e-02 
  5.8276124904e+20   8.2589958602e+18   3.4749535789e+61   9.0838810159e-30   3.3778374332e-14  -7.3948965013e+05   9.9248588468e-02 
  5.9047279945e+20   7.7115504110e+18   3.3347796700e+61   8.9987932910e-30   3.3698532334e-14  -7.3255627153e+05   9.9248578308e-02 
  5.9881258887e+20   8.3397894196e+18   3.7058193308e+61   8.9080054610e-30   3.3620298297e-14  -7.2543234472e+05   9.9248538605e-02 
  6.1609064534e+20   1.7278056470e+19   8.0123039686e+61   8.7580943972e-30   3.3499378552e-14  -7.1435268298e+05   9.9248426716e-02 
  6.3051733963e+20   1.4426694294e+19   7.0436196808e+61   8.5691364696e-30   3.3353606966e-14  -7.0056194067e+05   9.9248193302e-02 
  6.4423090926e+20   1.3713569628e+19   7.0010953141e+61   8.3951499862e-30   3.3224849358e-14  -6.9421761472e+05   9.9247885655e-02 
  6.6195028100e+20   1.7719371734e+19   9.4979894549e+61   8.1933024778e-30   3.3085509980e-14  -6.8667578277e+05   9.9247034989e-02 
  6.7830713737e+20   1.6356856379e+19   9.2309779567e+61   7.9646660265e-30   3.2939007233e-14  -6.7647985241e+05   9.9244779416e-02 
  6.9412059673e+20   1.5813459351e+19   9.3578256537e+61   7.7391735417e-30   3.2809021117e-14  -6.6562259223e+05   9.9238739963e-02 
  7.0944471794e+20   1.5324121211e+19   9.4843585041e+61   7.5006339402e-30   3.2693751600e-14  -6.5478415353e+05   9.9219915574e-02 
  7.2657993838e+20   1.7135220446e+19   1.1101559059e+62   7.2396876755e-30   3.2585639107e-14  -6.3764590427e+05   9.9143765346e-02 
  7.4086980505e+20   1.4289866667e+19   9.6675905813e+61   6.9600794234e-30   3.2484675951e-14  -6.2605535383e+05   9.8878014637e-02 
  7.4904290846e+20   8.1731034122e+18   5.6998427587e+61   6.7480510840e-30   3.2418298668e-14  -6.1514186475e+05   9.8443359287e-02 
  7.5604626262e+20   7.0033541582e+18   4.9840634015e+61   6.5770179710e-30   3.2374709274e-14  -6.0524648697e+05   9.7595142045e-02 
  7.6531778035e+20   9.2715177289e+18   6.7417458652e+61   6.3702824585e-30   3.2329710521e-14  -5.9050106427e+05   9.6986220047e-02 
  7.6905890520e+20   3.7411248467e+18   2.7670494248e+61   6.1882842947e-30   3.2294517619e-14  -5.7724790036e+05   9.6710437864e-02 
  7.7078705813e+20   1.7281529292e+18   1.2873207944e+61   6.1041227636e-30   3.2278660421e-14  -5.7266212498e+05   9.6620237644e-02 
  7.7348103820e+20   2.6939800723e+18   2.0183203110e+61   6.0435774907e-30   3.2265664842e-14  -5.6960091441e+05   9.6589649773e-02 
  7.8016687948e+20   6.6858412810e+18   5.0700685415e+61   5.9461242508e-30   3.2239313136e-14  -5.5851157654e+05   9.6584210578e-02 
  7.8552841624e+20   5.3615367607e+18   4.1290995320e+61   5.8359079337e-30   3.2202340570e-14  -5.4582836680e+05   9.6581999339e-02 
  7.8937333453e+20   3.8449182922e+18   2.9960205108e+61   5.7659195782e-30   3.2174371573e-14  -5.3621259382e+05   9.6581715980e-02 
  7.9292484464e+20   3.5515101105e+18   2.7934462159e+61   5.7214384288e-30   3.2152149042e-14  -5.2737088792e+05   9.6581674146e-02 
  7.9675844278e+20   3.8335981356e+18   3.0435365155e+61   5.6910729985e-30   3.2131112562e-14  -5.1762375392e+05   9.6581671559e-02 
  8.0031497681e+20   3.5565340352e+18   2.8498849189e+61   5.6715657802e-30   3.2111208087e-14  -5.0797834497e+05   9.6581671427e-02 
  8.1344455882e+20   1.3129582011e+19   1.0742070506e+62   5.6529534653e-30   3.2068080236e-14  -4.9143744087e+05   9.6581671421e-02 
  8.2606060560e+20   1.2616046774e+19   1.0653868038e+62   5.6312596574e-30   3.2003103785e-14  -4.7069626708e+05   9.6581671417e-02 
  8.3072633707e+20   4.6657314720e+18   4.0235007557e+61   5.6204963393e-30   3.1963619734e-14  -4.6052899926e+05   9.6581671415e-02 
  8.3386202380e+20   3.1356867276e+18   2.7295858707e+61   5.6172596586e-30   3.1946629863e-14  -4.5898020511e+05   9.6581671414e-02 
  8.3686193604e+20   2.9999122460e+18   2.6306816292e+61   5.6158663673e-30   3.1933734095e-14  -4.5825598434e+05   9.6581671408e-02 
  8.4005081131e+20   3.1888752698e+18   2.8171427944e+61   5.6159025914e-30   3.1921494655e-14  -4.5714375779e+05   9.6581671361e-02 
  8.5133495602e+20   1.1284144705e+19   1.0141689417e+62   5.6198451957e-30   3.1893587537e-14  -4.5608263962e+05   9.6581671194e-02 
  8.5877233302e+20   7.4373769985e+18   6.8331211905e+61   5.6280683858e-30   3.1858115270e-14  -4.5574464204e+05   9.6581670457e-02 
  8.6192610103e+20   3.1537680122e+18   2.9335238933e+61   5.6360767679e-30   3.1839389604e-14  -4.5593045665e+05   9.6581668564e-02 
  8.6594260451e+20   4.0165034831e+18   3.7672139074e+61   5.6440752973e-30   3.1826823582e-14  -4.5605434987e+05   9.6581649042e-02 
  8.7302222944e+20   7.0796249318e+18   6.7258026705e+61   5.6560956329e-30   3.1807725810e-14  -4.5604361796e+05   9.6581586462e-02 
  8.8024184310e+20   7.2196136572e+18   6.9720573701e+61   5.6665066136e-30   3.1783682940e-14  -4.5511719287e+05   9.6581086386e-02 
  8.8995416701e+20   9.7123239127e+18   9.5613695371e+61   5.6738841142e-30   3.1755901043e-14  -4.5258255091e+05   9.6579723569e-02 
  9.0046197909e+20   1.0507812075e+19   1.0582179586e+62   5.6786846998e-30   3.1723039598e-14  -4.4827401252e+05   9.6577261116e-02 
  9.1084372537e+20   1.0381746279e+19   1.0700610326e+62   5.6799657162e-30   3.1688859772e-14  -4.4231261852e+05   9.6576072248e-02 
  9.2709695033e+20   1.6253224964e+19   1.7248991912e+62   5.6772038647e-30   3.1644634773e-14  -4.3113808750e+05   9.6570935024e-02 
  9.4177326210e+20   1.4676311772e+19   1.6104009318e+62   5.6699271907e-30   3.1591290499e-14  -4.1149576783e+05   9.6557236643e-02 
  9.5505484742e+20   1.3281585316e+19   1.5012839456e+62   5.6601797912e-30   3.1538780017e-14  -3.8359552549e+05   9.6527728145e-02 
  9.6810609130e+20   1.3051243876e+19   1.5164905335e+62   5.6470359388e-30   3.1486707316e-14  -3.5169316516e+05   9.6448689357e-02 
  9.8489086303e+20   1.6784771738e+19   2.0113105743e+62   5.6264803367e-30   3.1430474036e-14  -3.2028332890e+05   9.6144869864e-02 
  9.9745601376e+20   1.2565150731e+19   1.5512532107e+62   5.6015923367e-30   3.1377273554e-14  -2.9782314459e+05   9.5129161491e-02 
  1.0072404104e+21   9.7843966048e+18   1.2353345866e+62   5.5754153396e-30   3.1338948673e-14  -2.8802957355e+05   9.1870395408e-02 
  1.0125412641e+21   5.3008537008e+18   6.7936871401e+61   5.5510749093e-30   3.1316699718e-14  -2.8045296089e+05   8.8082514573e-02 
  1.0197040851e+21   7.1628210338e+18   9.2936871307e+61   5.5216744092e-30   3.1299582038e-14  -2.7650186592e+05   8.1686235718e-02 
  1.0226351776e+21   2.9310925219e+18   3.8409218540e+61   5.4905924227e-30   3.1284351848e-14  -2.7651585955e+05   7.6467028546e-02 
  1.0257180466e+21   3.0828689980e+18   4.0636376052e+61   5.4633660469e-30   3.1276938284e-14  -2.7645539481e+05   7.3827109077e-02 
  1.0314672902e+21   5.7492435461e+18   7.6437865305e+61   5.4117888419e-30   3.1265305932e-14  -2.7544104375e+05   7.3520131110e-02 
  1.0356189630e+21   4.1516728162e+18   5.5730222205e+61   5.3517968372e-30   3.1251859287e-14  -2.7826436434e+05   7.3367828553e-02 
  1.0393397706e+21   3.7208076145e+18   5.0327630239e+61   5.3116204453e-30   3.1243014738e-14  -2.7880578611e+05   7.3319744261e-02 
  1.0443126189e+21   4.9728483340e+18   6.7827599644e+61   5.2767096939e-30   3.1233044917e-14  -2.7956622405e+05   7.3314198335e-02 
  1.0497350117e+21   5.4223927592e+18   7.4699023837e+61   5.2429362661e-30   3.1221686788e-14  -2.8116121213e+05   7.3313108227e-02 
  1.0549018874e+21   5.1668757429e+18   7.1900700776e+61   5.2166702145e-30   3.1211823479e-14  -2.8113377188e+05   7.3313017173e-02 
  1.0658784865e+21   1.0976599096e+19   1.5510040957e+62   5.1870973234e-30   3.1195661983e-14  -2.8379963727e+05   7.3313012878e-02 
  1.0746763470e+21   8.7978604766e+18   1.2664326638e+62   5.1589291949e-30   3.1178436857e-14  -2.8433919882e+05   7.3313011879e-02 
  1.0805976720e+21   5.9213249582e+18   8.6412157447e+61   5.1413494424e-30   3.1165501314e-14  -2.8642015138e+05   7.3313011759e-02 
  1.0943388413e+21   1.3741169360e+19   2.0420788732e+62   5.1282010611e-30   3.1150595566e-14  -2.8641197932e+05   7.3313011675e-02 
  1.1057122515e+21   1.1373410123e+19   1.7294578224e+62   5.1160167939e-30   3.1131526615e-14  -2.8151149531e+05   7.3313011373e-02 
  1.1200600055e+21   1.4347754044e+19   2.2330644671e+62   5.1075025433e-30   3.1112840087e-14  -2.7022898345e+05   7.3313009729e-02 
  1.1302683437e+21   1.0208338233e+19   1.6240510836e+62   5.1020695410e-30   3.1094617994e-14  -2.5492501264e+05   7.3313002064e-02 
  1.1400409781e+21   9.7726344047e+18   1.5824655775e+62   5.0990365950e-30   3.1078839245e-14  -2.3791587241e+05   7.3312945716e-02 
  1.1580057430e+21   1.7964764894e+19   2.9805606629e+62   5.0967399769e-30   3.1056839157e-14  -2.0957288530e+05   7.3312816918e-02 
  1.1702604788e+21   1.2254735780e+19   2.0870031775e+62   5.0956037934e-30   3.1031147926e-14  -1.7233432857e+05   7.3312570217e-02 
  1.1820211984e+21   1.1760719579e+19   2.0444007783e+62   5.0967527636e-30   3.1012416215e-14  -1.4263891899e+05   7.3311642883e-02 
  1.1920648369e+21   1.0043638566e+19   1.7784286501e+62   5.1002596749e-30   3.0997393150e-14  -1.1775217497e+05   7.3306580829e-02 
  1.2004133060e+21   8.3484690459e+18   1.5012548877e+62   5.1058365416e-30   3.0987013429e-14  -9.9998029049e+04   7.3287141571e-02 
  1.2183140638e+21   1.7900757824e+19   3.2900542341e+62   5.1194598926e-30   3.0976854186e-14  -8.5093753500e+04   7.3237522336e-02 
  1.2303192724e+21   1.2005208563e+19   2.2613645378e+62   5.1388268334e-30   3.0969519332e-14  -7.7366798638e+04   7.3134997140e-02 
  1.2359572237e+21   5.6379513466e+18   1.0773466886e+62   5.1533535376e-30   3.0970024788e-14  -8.0676492160e+04   7.2988106021e-02 
  1.2423494880e+21   6.3922642615e+18   1.2334332811e+62   5.1680331545e-30   3.0970416233e-14  -8.4035142433e+04   7.2237441916e-02 
  1.2467975168e+21   4.4480287799e+18   8.6580285916e+61   5.1855696043e-30   3.0969140418e-14  -8.2228811270e+04   7.1107809534e-02 
  1.2516836527e+21   4.8861358857e+18   9.5822639203e+61   5.2055584969e-30   3.0963033579e-14  -7.1224122246e+04   6.9607610068e-02 
  1.2553359042e+21   3.6522515093e+18   7.2115115067e+61   5.2284514513e-30   3.0956798157e-14  -6.0216644281e+04   6.8869220785e-02 
  1.2630350994e+21   7.6991952660e+18   1.5340375154e+62   5.2700498913e-30   3.0953225633e-14  -5.4277939369e+04   6.8638565393e-02 
  1.2687010342e+21   5.6659347963e+18   1.1409301323e+62   5.3271449391e-30   3.0950951682e-14  -5.4434054263e+04   6.8509713610e-02 
  1.2777214168e+21   9.0203825290e+18   1.8375431820e+62   5.4065724359e-30   3.0959258585e-14  -7.0863421262e+04   6.8466898267e-02 
  1.2826408432e+21   4.9194264364e+18   1.0131359167e+62   5.4986473056e-30   3.0971200196e-14  -9.4595019107e+04   6.8451802953e-02 
  1.2862920403e+21   3.6511970986e+18   7.5699142271e+61   5.5766189576e-30   3.0972545792e-14  -9.4067939680e+04   6.8446628656e-02 
  1.2902330478e+21   3.9410075199e+18   8.2191371264e+61   5.6803568055e-30   3.0962395510e-14  -7.6737019084e+04   6.8445249756e-02 
  1.2928190208e+21   2.5859729491e+18   5.4205120811e+61   5.8056425430e-30   3.0951617936e-14  -5.8612361187e+04   6.8445122996e-02 
  1.2987914308e+21   5.9724100433e+18   1.2602006638e+62   6.0592189839e-30   3.0945795082e-14  -4.7199755925e+04   6.8445121723e-02 
  1.3029941516e+21   4.2027207564e+18   8.9376592035e+61   6.4328838107e-30   3.0940923189e-14  -5.1648489950e+04   6.8445239659e-02 
  1.3067224713e+21   3.7283196920e+18   7.9771914767e+61   6.8254691716e-30   3.0949091188e-14  -6.9921955695e+04   6.8446060297e-02 
  1.3090164116e+21   2.2939403957e+18   4.9308397652e+61   7.2456143276e-30   3.0960629608e-14  -6.9780709235e+04   6.8448119239e-02 
  1.3215561376e+21   1.2539725934e+19   2.7260999488e+62   8.9631158153e-30   3.0944129413e-14  -5.5189529624e+04   6.8458080351e-02 
  1.3291226982e+21   7.5665606464e+18   1.6701819684e+62   1.1827044563e-29   3.0914572129e-14  -2.5359670011e+04   6.8491695822e-02 
  1.3317727744e+21   2.6500761959e+18   5.8947312073e+61   1.4048505256e-29   3.0912171279e-14  -5.5530685415e+04   6.8554525758e-02 
  1.3393486234e+21   7.5758490041e+18   1.6981247822e+62   1.9370906849e-29   3.0999331605e-14  -1.5867475509e+05   6.9174412312e-02 
  1.3414665120e+21   2.1178885994e+18   4.7817493686e+61   2.7277607319e-29   3.1080833686e-14  -1.3405319072e+05   7.0736369196e-02 
  1.3428715162e+21   1.4050041540e+18   3.1805478117e+61   3.5727824552e-29   3.0935293776e-14  -2.5576390757e+04   7.2051196853e-02 
  1.3446898845e+21   1.8183683080e+18   4.1261839231e+61   5.7092156319e-29   3.0834412230e-14   1.4929237368e+04   7.1962539414e-02 
  1.3450392086e+21   3.4932405948e+17   7.9395420743e+60   8.7979357998e-29   3.0659508253e-14   9.6680752730e+03   6.8871428667e-02 
  1.3470102575e+21   1.9710489967e+18   4.4875927938e+61   2.8143870271e-28   3.0774660113e-14  -2.8385954701e+04   4.6351253855e-02 
  1.3473800535e+21   3.6979590811e+17   8.4339882745e+60   8.5020752586e-28   3.0825606212e-14  -4.2587410902e+04   2.8946446033e-02 
  1.3486783392e+21   1.2982857678e+18   2.9646866026e+61   4.4438995096e-27   3.0792660661e-14  -5.6749973602e+04   2.3900543686e-02 
  1.3495618068e+21   8.8346753486e+17   2.0206992605e+61   2.2972394416e-26   3.0771290912e-14  -6.1343588772e+04   2.1297199308e-02 
  1.3506605135e+21   1.0987067102e+18   2.5166957706e+61   5.1344255336e-26   3.1007434227e-14  -6.3005386122e+04   2.0412657803e-02 
  1.3516537290e+21   9.9321556814e+17   2.2785843537e+61   6.1520933947e-26   3.1156253658e-14  -6.0305496766e+04   2.0079674237e-02 
  1.3641309196e+21   1.2477190602e+19   2.8910819079e+62   6.6337976534e-26   3.1934728954e-14  -4.8147644679e+04   2.0049844000e-02 
  1.3736898283e+21   9.5589086703e+18   2.2509713651e+62   8.0472543158e-25   3.2244940860e-14  -4.5404661913e+04   2.0035460388e-02 
  1.3841798805e+21   1.0490052211e+19   2.5065542375e+62   8.3362199878e-25   3.2564001593e-14  -4.0571509863e+04   2.0032132822e-02 
  1.3953563118e+21   1.1176431290e+19   2.7126891636e+62   8.8504075000e-25   3.3266151117e-14  -3.5329224807e+04   2.0028743452e-02 
  1.4063920259e+21   1.1035714064e+19   2.7215154485e+62   9.3566046839e-25   3.3943987284e-14  -2.9724102293e+04   2.0028573829e-02 
  1.4223318634e+21   1.5939837562e+19   4.0070012427e+62   9.9432656139e-25   3.4818666858e-14  -2.3175628111e+04   2.0022769398e-02 
  1.4384450589e+21   1.6113195514e+19   4.1428969369e+62   1.0616855803e-24   3.5781755370e-14  -1.5916823817e+04   2.0022462478e-02 
  1.4584856590e+21   2.0040600004e+19   5.2837679755e+62   1.1543998668e-24   3.7082873327e-14  -8.2014307552e+03   2.0014596795e-02 
  1.4724562661e+21   1.3970607111e+19   3.7703604193e+62   1.2457079819e-24   3.8460552248e-14  -1.9837780028e+02   2.0005271120e-02 
  1.4833054396e+21   1.0849173535e+19   2.9777437059e+62   1.3246987873e-24   3.9614505693e-14   6.2104346565e+03   2.0001225312e-02 
  1.4938554316e+21   1.0549991976e+19   2.9377066389e+62   1.4030153859e-24   4.0722435744e-14   1.2007913324e+04   2.0000449259e-02 
  1.5046468622e+21   1.0791430594e+19   3.0481724982e+62   1.4841629545e-24   4.1844259516e-14   1.7722316106e+04   2.0000173647e-02 
  1.5152963976e+21   1.0649535392e+19   3.0512648122e+62   1.5692773416e-24   4.3081600028e-14   2.3245305102e+04   2.0000059522e-02 
  1.5254335368e+21   1.0137139255e+19   2.9445748147e+62   1.6605779706e-24   4.4378315137e-14   2.8772049525e+04   2.0000019188e-02 
  1.5348692694e+21   9.4357326091e+18   2.7762314853e+62   1.7547122284e-24   4.5685675785e-14   3.4176182554e+04   2.0000006011e-02 
  1.5435753280e+21   8.7060585947e+18   2.5920018093e+62   1.8514129048e-24   4.7000025179e-14   3.9240718211e+04   2.0000001767e-02 
  1.5517326026e+21   8.1572745499e+18   2.4552949954e+62   1.9474180687e-24   4.8289212573e-14   4.3987699286e+04   2.0000000504e-02 
  1.5593284833e+21   7.5958807396e+18   2.3096488170e+62   2.0481431353e-24   4.9701222722e-14   4.8854761786e+04   2.0000000135e-02 
  1.5664537157e+21   7.1252323907e+18   2.1870921691e+62   2.1566592368e-24   5.0947504503e-14   5.3401375902e+04   2.0000000035e-02 
  1.5729862147e+21   6.5324990252e+18   2.0227127340e+62   2.2491054920e-24   5.2180863361e-14   5.7082616016e+04   2.0000000008e-02 
  1.5789333078e+21   5.9470930837e+18   1.8561170690e+62   2.3393561373e-24   5.3356947709e-14   6.0599705743e+04   2.0000000002e-02 
  1.5845473320e+21   5.6140242175e+18   1.7650417082e+62   2.4295883826e-24   5.4516752246e-14   6.3920425711e+04   2.0000000000e-02 
  1.5899078205e+21   5.3604884536e+18   1.6970437639e+62   2.5132574688e-24   5.5578996660e-14   6.6876924173e+04   2.0000000000e-02 
  1.5948929211e+21   4.9851005726e+18   1.5885053551e+62   2.5884790545e-24   5.6522188120e-14   6.9379262501e+04   2.0000000000e-02 
  1.5996309844e+21   4.7380632999e+18   1.5190194492e+62   2.6579749766e-24   5.7431659430e-14   7.1609253976e+04   2.0000000000e-02 
  1.6041886625e+21   4.5576781933e+18   1.4697042285e+62   2.7268211039e-24   5.8331304304e-14   7.3775685327e+04   2.0000000000e-02 
  1.6086018215e+21   4.4131589567e+18   1.4310820220e+62   2.7962581400e-24   5.9230653540e-14   7.5906299286e+04   2.0000000000e-02 
  1.6133230364e+21   4.7212148732e+18   1.5396952331e+62   2.8701087829e-24   6.0178730728e-14   7.8119848284e+04   2.0000000000e-02 
  1.6182101197e+21   4.8870833006e+18   1.6033088059e+62   2.9514366437e-24   6.1213204513e-14   8.0480901512e+04   2.0000000000e-02 
  1.6228717185e+21   4.6615987868e+18   1.5383850779e+62   3.0356426818e-24   6.2273833111e-14   8.2854778680e+04   2.0000000000e-02 
  1.6273913766e+21   4.5196581657e+18   1.5000052366e+62   3.1198406198e-24   6.3324216488e-14   8.5154729941e+04   2.0000000000e-02 
  1.6318630708e+21   4.4716942113e+18   1.4923090622e+62   3.2057559393e-24   6.4385906020e-14   8.7420802598e+04   2.0000000000e-02 
  1.6362821960e+21   4.4191251436e+18   1.4828224154e+62   3.2944941860e-24   6.5472508841e-14   8.9679784365e+04   2.0000000000e-02 
  1.6405584073e+21   4.2762113449e+18   1.4425135897e+62   3.3831887305e-24   6.6549311549e-14   9.1878695763e+04   2.0000000000e-02 
  1.6445068500e+21   3.9484427187e+18   1.3386403948e+62   3.4648256206e-24   6.7532705421e-14   9.3816537140e+04   2.0000000000e-02 
  1.6482821945e+21   3.7753444661e+18   1.2859807349e+62   3.5387304612e-24   6.8416642931e-14   9.5475773119e+04   2.0000000000e-02 
  1.6518868640e+21   3.6046694750e+18   1.2333543519e+62   3.6073027385e-24   6.9250817330e-14   9.6989892616e+04   2.0000000000e-02 
  1.6551549920e+21   3.2681280448e+18   1.1228673688e+62   3.6718399101e-24   7.0054538278e-14   9.8398478829e+04   2.0000000000e-02 
  1.6582775128e+21   3.1225207896e+18   1.0769898158e+62   3.7347341347e-24   7.0833498546e-14   9.9733580360e+04   2.0000000000e-02 
  1.6613513331e+21   3.0738202726e+18   1.0641614612e+62   3.7974239780e-24   7.1605987615e-14   1.0108270523e+05   2.0000000000e-02 
  1.6643775480e+21   3.0262149125e+18   1.0515342999e+62   3.8625989438e-24   7.2405012262e-14   1.0243535096e+05   2.0000000000e-02 
  1.6672721241e+21   2.8945760833e+18   1.0093774734e+62   3.9276347949e-24   7.3198233427e-14   1.0380119836e+05   2.0000000000e-02 
  1.6698301755e+21   2.5580514352e+18   8.9494896666e+61   3.9905658608e-24   7.3963110261e-14   1.0508052649e+05   2.0000000000e-02 
  1.6722566676e+21   2.4264920813e+18   8.5146007522e+61   4.0497415977e-24   7.4677895789e-14   1.0629188107e+05   2.0000000000e-02 
  1.6746473138e+21   2.3906462277e+18   8.4130169915e+61   4.1094443601e-24   7.5395957850e-14   1.0748176415e+05   2.0000000000e-02 
  1.6770219828e+21   2.3746689230e+18   8.3806043124e+61   4.1701437440e-24   7.6122777200e-14   1.0869049155e+05   2.0000000000e-02 
  1.6793827519e+21   2.3607691622e+18   8.3551089597e+61   4.2327778813e-24   7.6869444993e-14   1.0991007979e+05   2.0000000000e-02 
  1.6817298326e+21   2.3470806656e+18   8.3299823085e+61   4.2967834538e-24   7.7629025066e-14   1.1114945104e+05   2.0000000000e-02 
  1.6840625065e+21   2.3326739538e+18   8.3019214049e+61   4.3625688555e-24   7.8406202912e-14   1.1240006845e+05   2.0000000000e-02 
  1.6863792047e+21   2.3166981736e+18   8.2678585702e+61   4.4297730389e-24   7.9196513614e-14   1.1366545392e+05   2.0000000000e-02 
  1.6886650040e+21   2.2857992584e+18   8.1798804860e+61   4.4984510764e-24   8.0000457070e-14   1.1493534467e+05   2.0000000000e-02 
  1.6908388781e+21   2.1738741188e+18   7.7999213576e+61   4.5669575161e-24   8.0798558966e-14   1.1618456383e+05   2.0000000000e-02 
  1.6926746274e+21   1.8357492638e+18   6.6023585665e+61   4.6302942205e-24   8.1532944593e-14   1.1732155080e+05   2.0000000000e-02 
  1.6943914127e+21   1.7167853835e+18   6.1874719904e+61   4.6878533937e-24   8.2197706030e-14   1.1834255288e+05   2.0000000000e-02 
  1.6960812721e+21   1.6898593687e+18   6.1026852596e+61   4.7444311085e-24   8.2848731840e-14   1.1933486751e+05   2.0000000000e-02 
  1.6977479865e+21   1.6667144016e+18   6.0310242477e+61   4.8016357157e-24   8.3504580574e-14   1.2032656106e+05   2.0000000000e-02 
  1.6993248051e+21   1.5768185432e+18   5.7166463772e+61   4.8583529326e-24   8.4152488580e-14   1.2129843925e+05   2.0000000000e-02 
  1.7006475820e+21   1.3227769106e+18   4.8038261289e+61   4.9098800439e-24   8.4739182550e-14   1.2216985805e+05   2.0000000000e-02 
  1.7021051402e+21   1.4575582305e+18   5.3019617903e+61   4.9586658034e-24   8.5292847568e-14   1.2297853133e+05   2.0000000000e-02 
  1.7033980866e+21   1.2929464167e+18   4.7107820624e+61   5.0055099461e-24   8.5823106681e-14   1.2373840292e+05   2.0000000000e-02 
  1.7048470564e+21   1.4489697617e+18   5.2877494674e+61   5.0501939259e-24   8.6327686611e-14   1.2444101669e+05   2.0000000000e-02 
  1.7061298856e+21   1.2828292210e+18   4.6889575860e+61   5.0922983114e-24   8.6800905937e-14   1.2508347096e+05   2.0000000000e-02 
  1.7075665258e+21   1.4366402330e+18   5.2595394164e+61   5.1326054954e-24   8.7253732993e-14   1.2568858688e+05   2.0000000000e-02 
  1.7088396572e+21   1.2731313675e+18   4.6683360334e+61   5.1725315257e-24   8.7718831151e-14   1.2628229439e+05   2.0000000000e-02 
  1.7102617316e+21   1.4220744369e+18   5.2227133026e+61   5.2132002401e-24   8.8191430599e-14   1.2688923830e+05   2.0000000000e-02 
  1.7114358250e+21   1.1740933671e+18   4.3185282374e+61   5.2534249019e-24   8.8657828112e-14   1.2748854238e+05   2.0000000000e-02 
  1.7125140868e+21   1.0782617607e+18   3.9712652584e+61   5.2892071655e-24   8.9071885159e-14   1.2802166929e+05   2.0000000000e-02 
  1.7135922749e+21   1.0781881531e+18   3.9759977063e+61   5.3242811135e-24   8.9477009332e-14   1.2854229922e+05   2.0000000000e-02 
  1.7146479882e+21   1.0557133101e+18   3.8979690444e+61   5.3596543162e-24   8.9884851660e-14   1.2906588622e+05   2.0000000000e-02 
  1.7156237348e+21   9.7574657992e+17   3.6069819472e+61   5.3939000508e-24   9.0278989462e-14   1.2957025585e+05   2.0000000000e-02 
  1.7162603059e+21   6.3657112350e+17   2.3553856345e+61   5.4213951529e-24   9.0594930822e-14   1.2997375684e+05   2.0000000000e-02 
  1.7167998313e+21   5.3952538444e+17   1.9976738345e+61   5.4416649150e-24   9.0827562317e-14   1.3026999413e+05   2.0000000000e-02 
  1.7173232079e+21   5.2337659036e+17   1.9390806474e+61   5.4601297702e-24   9.1039269775e-14   1.3053919118e+05   2.0000000000e-02 
  1.7178502228e+21   5.2701492604e+17   1.9537551133e+61   5.4785153362e-24   9.1249869381e-14   1.3080623472e+05   2.0000000000e-02 
  1.7183793185e+21   5.2909567617e+17   1.9626751459e+61   5.4971173009e-24   9.1462746361e-14   1.3107577775e+05   2.0000000000e-02 
  1.7189083893e+21   5.2907083367e+17   1.9637919106e+61   5.5158812283e-24   9.1677272752e-14   1.3134663656e+05   2.0000000000e-02 
  1.7194364728e+21   5.2808346429e+17   1.9613328958e+61   5.5347369448e-24   9.1892642851e-14   1.3161811707e+05   2.0000000000e-02 
  1.7199637015e+21   5.2722873800e+17   1.9593605902e+61   5.5536782581e-24   9.2108784863e-14   1.3188977463e+05   2.0000000000e-02 
  1.7204901424e+21   5.2644087499e+17   1.9576315249e+61   5.5726935955e-24   9.2325564389e-14   1.3216171457e+05   2.0000000000e-02 
  1.7210158945e+21   5.2575204382e+17   1.9562660459e+61   5.5917879931e-24   9.2543040614e-14   1.3243376275e+05   2.0000000000e-02 
  1.7215409747e+21   5.2508022367e+17   1.9549595877e+61   5.6109562370e-24   9.2761224153e-14   1.3270592892e+05   2.0000000000e-02 
  1.7220653645e+21   5.2438984793e+17   1.9535797664e+61   5.6302010785e-24   9.2980080027e-14   1.3297829078e+05   2.0000000000e-02 
  1.7225890478e+21   5.2368329845e+17   1.9521352985e+61   5.6495269107e-24   9.3199646056e-14   1.3325077976e+05   2.0000000000e-02 
  1.7231120233e+21   5.2297551215e+17   1.9506817719e+61   5.6689286797e-24   9.3419862798e-14   1.3352342484e+05   2.0000000000e-02 
  1.7236342968e+21   5.2227346634e+17   1.9492452278e+61   5.6884079494e-24   9.3640726047e-14   1.3379615310e+05   2.0000000000e-02 
  1.7241558721e+21   5.2157530324e+17   1.9478187817e+61   5.7079589714e-24   9.3862169512e-14   1.3406886941e+05   2.0000000000e-02 
  1.7246767476e+21   5.2087554226e+17   1.9463819865e+61   5.7275754004e-24   9.4084142106e-14   1.3434148072e+05   2.0000000000e-02 
  1.7251969277e+21   5.2018004184e+17   1.9449567425e+61   5.7472548952e-24   9.4306615230e-14   1.3461390607e+05   2.0000000000e-02 
  1.7257164128e+21   5.1948511697e+17   1.9435293009e+61   5.7669941448e-24   9.4529549715e-14   1.3488610943e+05   2.0000000000e-02 
  1.7262351986e+21   5.1878576752e+17   1.9420809467e+61   5.7867918780e-24   9.4752929824e-14   1.3515804999e+05   2.0000000000e-02 
  1.7267532917e+21   5.1809308741e+17   1.9406532112e+61   5.8066468022e-24   9.4976741534e-14   1.3542967161e+05   2.0000000000e-02 
  1.7272706890e+21   5.1739736661e+17   1.9392097536e+61   5.8265513687e-24   9.5200902655e-14   1.3570087291e+05   2.0000000000e-02 
  1.7277873953e+21   5.1670623915e+17   1.9377791883e+61   5.8464970684e-24   9.5425315369e-14   1.3597150811e+05   2.0000000000e-02 
  1.7283034176e+21   5.1602231234e+17   1.9363713467e+61   5.8664776469e-24   9.5649908097e-14   1.3624146211e+05   2.0000000000e-02 
  1.7288187573e+21   5.1533970440e+17   1.9349642056e+61   5.8864881489e-24   9.5874624358e-14   1.3651064670e+05   2.0000000000e-02 
  1.7293334203e+21   5.1466300389e+17   1.9335750245e+61   5.9065246243e-24   9.6099419298e-14   1.3677899402e+05   2.0000000000e-02 
  1.7298474092e+21   5.1398893155e+17   1.9321915283e+61   5.9265839585e-24   9.6324257707e-14   1.3704645295e+05   2.0000000000e-02 
  1.7303607288e+21   5.1331957324e+17   1.9308215921e+61   5.9466636667e-24   9.6549111640e-14   1.3731298517e+05   2.0000000000e-02 
  1.7308733827e+21   5.1265394356e+17   1.9294615512e+61   5.9667618219e-24   9.6773959564e-14   1.3757856320e+05   2.0000000000e-02 
  1.7313853783e+21   5.1199558939e+17   1.9281248033e+61   5.9868769921e-24   9.6998785604e-14   1.3784316886e+05   2.0000000000e-02 
  1.7318967147e+21   5.1133640942e+17   1.9267808803e+61   6.0070080293e-24   9.7223577148e-14   1.3810678998e+05   2.0000000000e-02 
  1.7324073997e+21   5.1068499270e+17   1.9254621715e+61   6.0271541067e-24   9.7448325247e-14   1.3836942067e+05   2.0000000000e-02 
  1.7329174369e+21   5.1003718581e+17   1.9241530750e+61   6.0473147492e-24   9.7673024932e-14   1.3863106117e+05   2.0000000000e-02 
  1.7334268315e+21   5.0939462710e+17   1.9228598123e+61   6.0674896577e-24   9.7897673243e-14   1.3889171507e+05   2.0000000000e-02 
  1.7339355913e+21   5.0875976415e+17   1.9215916799e+61   6.0876787913e-24   9.8122270116e-14   1.3915139020e+05   2.0000000000e-02 
  1.7344437171e+21   5.0812579419e+17   1.9203230322e+61   6.1078821523e-24   9.8346815980e-14   1.3941009598e+05   2.0000000000e-02 
  1.7349512140e+21   5.0749685333e+17   1.9190695250e+61   6.1280997898e-24   9.8571311810e-14   1.3966784330e+05   2.0000000000e-02 
  1.7354580867e+21   5.0687272965e+17   1.9178304034e+61   6.1483319207e-24   9.8795760459e-14   1.3992464533e+05   2.0000000000e-02 
  1.7359643402e+21   5.0625347654e+17   1.9166059150e+61   6.1685788509e-24   9.9020165767e-14   1.4018051583e+05   2.0000000000e-02 
  1.7364699781e+21   5.0563797470e+17   1.9153918641e+61   6.1888409352e-24   9.9244532080e-14   1.4043546893e+05   2.0000000000e-02 
  1.7369750085e+21   5.0503038940e+17   1.9142040785e+61   6.2091186383e-24   9.9468864937e-14   1.4068952062e+05   2.0000000000e-02 
  1.7374794319e+21   5.0442340148e+17   1.9130148649e+61   6.2294124142e-24   9.9693169747e-14   1.4094268727e+05   2.0000000000e-02 
  1.7379832517e+21   5.0381981214e+17   1.9118348636e+61   6.2497227247e-24   9.9917452013e-14   1.4119498458e+05   2.0000000000e-02 
  1.7384864711e+21   5.0321933920e+17   1.9106630354e+61   6.2700502021e-24   1.0014171906e-13   1.4144642919e+05   2.0000000000e-02 
  1.7389890786e+21   5.0260750596e+17   1.9094443961e+61   6.2903952657e-24   1.0036597580e-13   1.4169703535e+05   2.0000000000e-02 
  1.7394910775e+21   5.0199892926e+17   1.9082344271e+61   6.3107583821e-24   1.0059022763e-13   1.4194682001e+05   2.0000000000e-02 
  1.7399924725e+21   5.0139498251e+17   1.9070383847e+61   6.3311404408e-24   1.0081448466e-13   1.4219580592e+05   2.0000000000e-02 
  1.7404932723e+21   5.0079979325e+17   1.9058720245e+61   6.3515426432e-24   1.0103876041e-13   1.4244401700e+05   2.0000000000e-02 
  1.7409934784e+21   5.0020612191e+17   1.9047078506e+61   6.3719663399e-24   1.0126306993e-13   1.4269147607e+05   2.0000000000e-02 
  1.7414930945e+21   4.9961612360e+17   1.9035540922e+61   6.3924128815e-24   1.0148742807e-13   1.4293820778e+05   2.0000000000e-02 
  1.7419921491e+21   4.9905452655e+17   1.9025050800e+61   6.4128842627e-24   1.0171185669e-13   1.4318424917e+05   2.0000000000e-02 
  1.7424906810e+21   4.9853197383e+17   1.9016016730e+61   6.4333835499e-24   1.0193638944e-13   1.4342964998e+05   2.0000000000e-02 
  1.7429886971e+21   4.9801604715e+17   1.9007204515e+61   6.4539139903e-24   1.0216106179e-13   1.4367445537e+05   2.0000000000e-02 
  1.7434861772e+21   4.9748016326e+17   1.8997599305e+61   6.4744781380e-24   1.0238590130e-13   1.4391869905e+05   2.0000000000e-02 
  1.7439830953e+21   4.9691806432e+17   1.8986960201e+61   6.4950778942e-24   1.0261092825e-13   1.4416241474e+05   2.0000000000e-02 
  1.7444794288e+21   4.9633353188e+17   1.8975429555e+61   6.5157146923e-24   1.0283615833e-13   1.4440563876e+05   2.0000000000e-02 
  1.7449751697e+21   4.9574082443e+17   1.8963551020e+61   6.5363896780e-24   1.0306160492e-13   1.4464839515e+05   2.0000000000e-02 
  1.7454703179e+21   4.9514824200e+17   1.8951641680e+61   6.5571032489e-24   1.0328727363e-13   1.4489067569e+05   2.0000000000e-02 
  1.7459648732e+21   4.9455525194e+17   1.8939681166e+61   6.5778533806e-24   1.0351314306e-13   1.4513243661e+05   2.0000000000e-02 
  1.7464588409e+21   4.9396769736e+17   1.8927893428e+61   6.5986345417e-24   1.0373915347e-13   1.4537362000e+05   2.0000000000e-02 
  1.7469522242e+21   4.9338330987e+17   1.8916191966e+61   6.6194395011e-24   1.0396522751e-13   1.4561416231e+05   2.0000000000e-02 
  1.7474450242e+21   4.9280007682e+17   1.8904499849e+61   6.6402644597e-24   1.0419132156e-13   1.4585400322e+05   2.0000000000e-02 
  1.7479372447e+21   4.9222045311e+17   1.8892911453e+61   6.6611106389e-24   1.0441748738e-13   1.4609320551e+05   2.0000000000e-02 
  1.7484288849e+21   4.9164021912e+17   1.8881265015e+61   6.6820107417e-24   1.0464419484e-13   1.4633202732e+05   2.0000000000e-02 
  1.7489199423e+21   4.9105743217e+17   1.8869485835e+61   6.7029675145e-24   1.0487131311e-13   1.4657098422e+05   2.0000000000e-02 
  1.7494104168e+21   4.9047450163e+17   1.8857666376e+61   6.7240218319e-24   1.0509928254e-13   1.4680999851e+05   2.0000000000e-02 
  1.7499003041e+21   4.8988727956e+17   1.8845647037e+61   6.7451536867e-24   1.0532788603e-13   1.4704960218e+05   2.0000000000e-02 
  1.7503895986e+21   4.8929442230e+17   1.8833375738e+61   6.7664163302e-24   1.0555769458e-13   1.4728967063e+05   2.0000000000e-02 
  1.7508782970e+21   4.8869849249e+17   1.8820950741e+61   6.7877951783e-24   1.0578854338e-13   1.4753089851e+05   2.0000000000e-02 
  1.7513663894e+21   4.8809231594e+17   1.8808095279e+61   6.8093561968e-24   1.0602113692e-13   1.4777339547e+05   2.0000000000e-02 
  1.7518538656e+21   4.8747626052e+17   1.8794822686e+61   6.8311157118e-24   1.0625563474e-13   1.4801814143e+05   2.0000000000e-02 
  1.7523407112e+21   4.8684556493e+17   1.8780948415e+61   6.8531672782e-24   1.0649302769e-13   1.4826587283e+05   2.0000000000e-02 
  1.7528269005e+21   4.8618929234e+17   1.8766048980e+61   6.8755932072e-24   1.0673416976e-13   1.4851825395e+05   2.0000000000e-02 
  1.7533124011e+21   4.8550057305e+17   1.8749856844e+61   6.8985564841e-24   1.0698077506e-13   1.4877728354e+05   2.0000000000e-02 
  1.7537971638e+21   4.8476279784e+17   1.8731727292e+61   6.9222653966e-24   1.0723502130e-13   1.4904614620e+05   2.0000000000e-02 
  1.7542811183e+21   4.8395448617e+17   1.8710825458e+61   6.9470411652e-24   1.0750025247e-13   1.4932920387e+05   2.0000000000e-02 
  1.7547641893e+21   4.8307095748e+17   1.8686964265e+61   6.9732272738e-24   1.0777574670e-13   1.4963014697e+05   2.0000000000e-02 
  1.7552463273e+21   4.8213798073e+17   1.8661135033e+61   7.0004154767e-24   1.0805810649e-13   1.4994091125e+05   2.0000000000e-02 
  1.7557275363e+21   4.8120898204e+17   1.8635403192e+61   7.0275865103e-24   1.0834066213e-13   1.5025088473e+05   2.0000000000e-02 
  1.7562078632e+21   4.8032697377e+17   1.8611436236e+61   7.0539931231e-24   1.0861492943e-13   1.5054832150e+05   2.0000000000e-02 
  1.7566873547e+21   4.7949145917e+17   1.8589218964e+61   7.0798048641e-24   1.0888263059e-13   1.5083564358e+05   2.0000000000e-02 
  1.7571660478e+21   4.7869309476e+17   1.8568392846e+61   7.1051719734e-24   1.0914536008e-13   1.5111516506e+05   2.0000000000e-02 
  1.7576439727e+21   4.7792496558e+17   1.8548692634e+61   7.1302087013e-24   1.0940433241e-13   1.5138865920e+05   2.0000000000e-02 
  1.7581211506e+21   4.7717782088e+17   1.8529761612e+61   7.1550023863e-24   1.0966047588e-13   1.5165747295e+05   2.0000000000e-02 
  1.7585975992e+21   4.7644862180e+17   1.8511483498e+61   7.1796198824e-24   1.0991449755e-13   1.5192262297e+05   2.0000000000e-02 
  1.7590733340e+21   4.7573484236e+17   1.8493761629e+61   7.2041140472e-24   1.1016694733e-13   1.5218495915e+05   2.0000000000e-02 
  1.7595483631e+21   4.7502902360e+17   1.8476307149e+61   7.2285379044e-24   1.1041839778e-13   1.5244535204e+05   2.0000000000e-02 
  1.7600226955e+21   4.7433244417e+17   1.8459170543e+61   7.2529328418e-24   1.1066979992e-13   1.5270444449e+05   2.0000000000e-02 
  1.7604963395e+21   4.7364401031e+17   1.8442310030e+61   7.2772882379e-24   1.1092056577e-13   1.5296217425e+05   2.0000000000e-02 
  1.7609693034e+21   4.7296387032e+17   1.8425732110e+61   7.3015758635e-24   1.1117037686e-13   1.5321804907e+05   2.0000000000e-02 
  1.7614415964e+21   4.7229299107e+17   1.8409475215e+61   7.3258171280e-24   1.1141944271e-13   1.5347231183e+05   2.0000000000e-02 
  1.7619132243e+21   4.7162796461e+17   1.8393407210e+61   7.3500441275e-24   1.1166809707e-13   1.5372541398e+05   2.0000000000e-02 
  1.7623841892e+21   4.7096486592e+17   1.8377375425e+61   7.3742883844e-24   1.1191665514e-13   1.5397766240e+05   2.0000000000e-02 
  1.7628544941e+21   4.7030489304e+17   1.8361426842e+61   7.3985949570e-24   1.1216558814e-13   1.5422947974e+05   2.0000000000e-02 
  1.7633241355e+21   4.6964136630e+17   1.8345300764e+61   7.4230125308e-24   1.1241536426e-13   1.5448148449e+05   2.0000000000e-02 
  1.7637931119e+21   4.6897639234e+17   1.8329079287e+61   7.4476168077e-24   1.1266683145e-13   1.5473392105e+05   2.0000000000e-02 
  1.7642614379e+21   4.6832608539e+17   1.8313392626e+61   7.4720931091e-24   1.1291700797e-13   1.5498369614e+05   2.0000000000e-02 
  1.7647291511e+21   4.6771316322e+17   1.8299131094e+61   7.4959929234e-24   1.1316123006e-13   1.5522440109e+05   2.0000000000e-02 
  1.7651963125e+21   4.6716143494e+17   1.8287230089e+61   7.5189888886e-24   1.1339630565e-13   1.5545185370e+05   2.0000000000e-02 
  1.7656630035e+21   4.6669097296e+17   1.8278481076e+61   7.5407421112e-24   1.1361946962e-13   1.5566202839e+05   2.0000000000e-02 
  1.7661293179e+21   4.6631441022e+17   1.8273385976e+61   7.5609723955e-24   1.1382699410e-13   1.5585114324e+05   2.0000000000e-02 
  1.7665953589e+21   4.6604100527e+17   1.8272315675e+61   7.5795645920e-24   1.1401764257e-13   1.5601771191e+05   2.0000000000e-02 
  1.7670612205e+21   4.6586157509e+17   1.8274918382e+61   7.5966484863e-24   1.1419264929e-13   1.5616312219e+05   2.0000000000e-02 
  1.7675269738e+21   4.6575326660e+17   1.8280304678e+61   7.6125578374e-24   1.1435526464e-13   1.5629204677e+05   2.0000000000e-02 
  1.7679926593e+21   4.6568551853e+17   1.8287280003e+61   7.6278164943e-24   1.1451110634e-13   1.5641266602e+05   2.0000000000e-02 
  1.7684582822e+21   4.6562295874e+17   1.8294457563e+61   7.6429686650e-24   1.1467141337e-13   1.5653146570e+05   2.0000000000e-02 
  1.7689238244e+21   4.6554212168e+17   1.8300915090e+61   7.6584474435e-24   1.1483498001e-13   1.5665449516e+05   2.0000000000e-02 
  1.7693892621e+21   4.6543777563e+17   1.8306445244e+61   7.6743729250e-24   1.1500313666e-13   1.5678307722e+05   2.0000000000e-02 
  1.7698545639e+21   4.6530176567e+17   1.8310725076e+61   7.6908400546e-24   1.1517690153e-13   1.5691753556e+05   2.0000000000e-02 
  1.7703197019e+21   4.6513796774e+17   1.8313904611e+61   7.7077968966e-24   1.1535573793e-13   1.5705843728e+05   2.0000000000e-02 
  1.7707846471e+21   4.6494521523e+17   1.8315935578e+61   7.7252947237e-24   1.1554018170e-13   1.5720494327e+05   2.0000000000e-02 
  1.7712493732e+21   4.6472614768e+17   1.8316919642e+61   7.7432352675e-24   1.1572918979e-13   1.5735723240e+05   2.0000000000e-02 
  1.7717138544e+21   4.6448113683e+17   1.8316869289e+61   7.7616546027e-24   1.1592313257e-13   1.5751422295e+05   2.0000000000e-02 
  1.7721780709e+21   4.6421653590e+17   1.8316033109e+61   7.7804399637e-24   1.1612081344e-13   1.5767608381e+05   2.0000000000e-02 
  1.7726419994e+21   4.6392847866e+17   1.8314256819e+61   7.7996289168e-24   1.1632262104e-13   1.5784168410e+05   2.0000000000e-02 
  1.7731056250e+21   4.6362562879e+17   1.8311880760e+61   7.8191165491e-24   1.1652744120e-13   1.5801115031e+05   2.0000000000e-02 
  1.7735689302e+21   4.6330521927e+17   1.8308794337e+61   7.8389313268e-24   1.1673556757e-13   1.5818347716e+05   2.0000000000e-02 
  1.7740319032e+21   4.6297296824e+17   1.8305222248e+61   7.8589744250e-24   1.1694595509e-13   1.5835875991e+05   2.0000000000e-02 
  1.7744945324e+21   4.6262919551e+17   1.8301176175e+61   7.8792723536e-24   1.1715887854e-13   1.5853602357e+05   2.0000000000e-02 
  1.7749568097e+21   4.6227729477e+17   1.8296789526e+61   7.8997351779e-24   1.1737338722e-13   1.5871532050e+05   2.0000000000e-02 
  1.7754187266e+21   4.6191686958e+17   1.8292045934e+61   7.9203812584e-24   1.1758967288e-13   1.5889578519e+05   2.0000000000e-02 
  1.7758802805e+21   4.6155397741e+17   1.8287184766e+61   7.9411420339e-24   1.1780700778e-13   1.5907739000e+05   2.0000000000e-02 
  1.7763414646e+21   4.6118405041e+17   1.8282024701e+61   7.9620190942e-24   1.1802540977e-13   1.5925954931e+05   2.0000000000e-02 
  1.7768022791e+21   4.6081449467e+17   1.8276858984e+61   7.9829770829e-24   1.1824450001e-13   1.5944212833e+05   2.0000000000e-02 
  1.7772627206e+21   4.6044148192e+17   1.8271535695e+61   8.0040065034e-24   1.1846417690e-13   1.5962488677e+05   2.0000000000e-02 
  1.7777227891e+21   4.6006853653e+17   1.8266194524e+61   8.0250904969e-24   1.1868426210e-13   1.5980775161e+05   2.0000000000e-02 
  1.7781824827e+21   4.5969362645e+17   1.8260754739e+61   8.0462381577e-24   1.1890484467e-13   1.5999058061e+05   2.0000000000e-02 
  1.7786418023e+21   4.5931951874e+17   1.8255326190e+61   8.0674316002e-24   1.1912573871e-13   1.6017352538e+05   2.0000000000e-02 
  1.7791007441e+21   4.5894181538e+17   1.8249734019e+61   8.0887050839e-24   1.1934729529e-13   1.6035641981e+05   2.0000000000e-02 
  1.7795593102e+21   4.5856617347e+17   1.8244203064e+61   8.1100298435e-24   1.1956921565e-13   1.6053964005e+05   2.0000000000e-02 
  1.7800174946e+21   4.5818433784e+17   1.8238404813e+61   8.1314546198e-24   1.1979200342e-13   1.6072296209e+05   2.0000000000e-02 
  1.7804752983e+21   4.5780367711e+17   1.8232632306e+61   8.1529388331e-24   1.2001523777e-13   1.6090686168e+05   2.0000000000e-02 
  1.7809327161e+21   4.5741785625e+17   1.8226633152e+61   8.1745366332e-24   1.2023948177e-13   1.6109099690e+05   2.0000000000e-02 
  1.7813897475e+21   4.5703136507e+17   1.8220585978e+61   8.1962073609e-24   1.2046431116e-13   1.6127576467e+05   2.0000000000e-02 
  1.7818463877e+21   4.5664024338e+17   1.8214332734e+61   8.2179934166e-24   1.2069016718e-13   1.6146082492e+05   2.0000000000e-02 
  1.7823026365e+21   4.5624880567e+17   1.8208045275e+61   8.2398603639e-24   1.2091667467e-13   1.6164645060e+05   2.0000000000e-02 
  1.7827584886e+21   4.5585203283e+17   1.8201523129e+61   8.2618263833e-24   1.2114401545e-13   1.6183236891e+05   2.0000000000e-02 
  1.7832139449e+21   4.5545638925e+17   1.8195024179e+61   8.2838643878e-24   1.2137193081e-13   1.6201864579e+05   2.0000000000e-02 
  1.7836690018e+21   4.5505684653e+17   1.8188347492e+61   8.3059862555e-24   1.2160054288e-13   1.6220505901e+05   2.0000000000e-02 
  1.7841236591e+21   4.5465734316e+17   1.8181650299e+61   8.3281735435e-24   1.2182965873e-13   1.6239165337e+05   2.0000000000e-02 
  1.7845779151e+21   4.5425600359e+17   1.8174857553e+61   8.3504387007e-24   1.2205940398e-13   1.6257826955e+05   2.0000000000e-02 
  1.7850317689e+21   4.5385372681e+17   1.8168005108e+61   8.3727613910e-24   1.2228956714e-13   1.6276504200e+05   2.0000000000e-02 
  1.7854852190e+21   4.5345011150e+17   1.8161076820e+61   8.3951572671e-24   1.2252030948e-13   1.6295183703e+05   2.0000000000e-02 
  1.7859382651e+21   4.5304614485e+17   1.8154112159e+61   8.4176146635e-24   1.2275150913e-13   1.6313875781e+05   2.0000000000e-02 
  1.7863909051e+21   4.5264000879e+17   1.8147038196e+61   8.4401486201e-24   1.2298332023e-13   1.6332569958e+05   2.0000000000e-02 
  1.7868431385e+21   4.5223335862e+17   1.8139921179e+61   8.4627497201e-24   1.2321564289e-13   1.6351276588e+05   2.0000000000e-02 
  1.7872949629e+21   4.5182444309e+17   1.8132690777e+61   8.4854226008e-24   1.2344852556e-13   1.6369993044e+05   2.0000000000e-02 
  1.7877463776e+21   4.5141461370e+17   1.8125401096e+61   8.5081633953e-24   1.2368192805e-13   1.6388721735e+05   2.0000000000e-02 
  1.7881973822e+21   4.5100469176e+17   1.8118085073e+61   8.5309760182e-24   1.2391589056e-13   1.6407456854e+05   2.0000000000e-02 
  1.7886479744e+21   4.5059218786e+17   1.8110642631e+61   8.5538586145e-24   1.2415039195e-13   1.6426196767e+05   2.0000000000e-02 
  1.7890981532e+21   4.5017881259e+17   1.8103142374e+61   8.5768081197e-24   1.2438539949e-13   1.6444940595e+05   2.0000000000e-02 
  1.7895479168e+21   4.4976355322e+17   1.8095543488e+61   8.5998203774e-24   1.2462087030e-13   1.6463687920e+05   2.0000000000e-02 
  1.7899972651e+21   4.4934834339e+17   1.8087923686e+61   8.6228951564e-24   1.2485680177e-13   1.6482435054e+05   2.0000000000e-02 
  1.7904461989e+21   4.4893372751e+17   1.8080304913e+61   8.6460324562e-24   1.2509319250e-13   1.6501179130e+05   2.0000000000e-02 
  1.7908947146e+21   4.4851576648e+17   1.8072528467e+61   8.6692314093e-24   1.2533003211e-13   1.6519919126e+05   2.0000000000e-02 
  1.7913428146e+21   4.4810000319e+17   1.8064817601e+61   8.6924909478e-24   1.2556730854e-13   1.6538655489e+05   2.0000000000e-02 
  1.7917904998e+21   4.4768518388e+17   1.8057121920e+61   8.7158105983e-24   1.2580501658e-13   1.6557388781e+05   2.0000000000e-02 
  1.7922377615e+21   4.4726164275e+17   1.8049051356e+61   8.7391927655e-24   1.2604317961e-13   1.6576117706e+05   2.0000000000e-02 
  1.7926846058e+21   4.4684438558e+17   1.8041211222e+61   8.7626364663e-24   1.2628178651e-13   1.6594844412e+05   2.0000000000e-02 
  1.7931310361e+21   4.4643029391e+17   1.8033476033e+61   8.7861438285e-24   1.2652085833e-13   1.6613569204e+05   2.0000000000e-02 
  1.7935770406e+21   4.4600444928e+17   1.8025242977e+61   8.8097152580e-24   1.2676039799e-13   1.6632293434e+05   2.0000000000e-02 
  1.7940226214e+21   4.4558083926e+17   1.8017076848e+61   8.8333507355e-24   1.2700040510e-13   1.6651018126e+05   2.0000000000e-02 
  1.7944677835e+21   4.4516204973e+17   1.8009082476e+61   8.8570544217e-24   1.2724092007e-13   1.6669742814e+05   2.0000000000e-02 
  1.7949125207e+21   4.4473717492e+17   1.8000818737e+61   8.8808220039e-24   1.2748189952e-13   1.6688471854e+05   2.0000000000e-02 
  1.7953568386e+21   4.4431796791e+17   1.7992761215e+61   8.9046637946e-24   1.2772344561e-13   1.6707200147e+05   2.0000000000e-02 
  1.7958007300e+21   4.4389140911e+17   1.7984382754e+61   8.9285687439e-24   1.2796544658e-13   1.6725937302e+05   2.0000000000e-02 
  1.7962441953e+21   4.4346522274e+17   1.7975995957e+61   8.9525528282e-24   1.2820806169e-13   1.6744674330e+05   2.0000000000e-02 
  1.7966872480e+21   4.4305278738e+17   1.7968143572e+61   8.9765984039e-24   1.2845111327e-13   1.6763426219e+05   2.0000000000e-02 
  1.7971298807e+21   4.4263269326e+17   1.7959957789e+61   9.0007306464e-24   1.2869485339e-13   1.6782177597e+05   2.0000000000e-02 
  1.7975720948e+21   4.4221401534e+17   1.7951806498e+61   9.0249248472e-24   1.2893903271e-13   1.6800947628e+05   2.0000000000e-02 
  1.7980138784e+21   4.4178367932e+17   1.7943158677e+61   9.0492122667e-24   1.2918396365e-13   1.6819716492e+05   2.0000000000e-02 
  1.7984552296e+21   4.4135120836e+17   1.7934400478e+61   9.0735585321e-24   1.2942930028e-13   1.6838510129e+05   2.0000000000e-02 
  1.7988961561e+21   4.4092646330e+17   1.7925932734e+61   9.0980043122e-24   1.2967544984e-13   1.6857302465e+05   2.0000000000e-02 
  1.7993366689e+21   4.4051284632e+17   1.7917894494e+61   9.1225091007e-24   1.2992200481e-13   1.6876124907e+05   2.0000000000e-02 
  1.7997767829e+21   4.4011392538e+17   1.7910431887e+61   9.1471218014e-24   1.3016945453e-13   1.6894946396e+05   2.0000000000e-02 
  1.8002165072e+21   4.3972430772e+17   1.7903326475e+61   9.1717948059e-24   1.3041732029e-13   1.6913803589e+05   2.0000000000e-02 
  1.8006558431e+21   4.3933595653e+17   1.7896251551e+61   9.1965828092e-24   1.3066614878e-13   1.6932661098e+05   2.0000000000e-02 
  1.8010947823e+21   4.3893918842e+17   1.7888812484e+61   9.2214301855e-24   1.3091538186e-13   1.6951559645e+05   2.0000000000e-02 
  1.8015333101e+21   4.3852779183e+17   1.7880755281e+61   9.2463986769e-24   1.3116563584e-13   1.6970457669e+05   2.0000000000e-02 
  1.8019714153e+21   4.3810514604e+17   1.7872216680e+61   9.2714240952e-24   1.3141626761e-13   1.6989400888e+05   2.0000000000e-02 
  1.8024090877e+21   4.3767245660e+17   1.7863245015e+61   9.2965763128e-24   1.3166797428e-13   1.7008341873e+05   2.0000000000e-02 
  1.8028463221e+21   4.3723434979e+17   1.7854028457e+61   9.3217852745e-24   1.3192005359e-13   1.7027331378e+05   2.0000000000e-02 
  1.8032831146e+21   4.3679248439e+17   1.7844634376e+61   9.3471224202e-24   1.3217321906e-13   1.7046320984e+05   2.0000000000e-02 
  1.8037194631e+21   4.3634857246e+17   1.7835132480e+61   9.3725207428e-24   1.3242679884e-13   1.7065359586e+05   2.0000000000e-02 
  1.8041553660e+21   4.3590291690e+17   1.7825535014e+61   9.3980475287e-24   1.3268146489e-13   1.7084401256e+05   2.0000000000e-02 
  1.8045908227e+21   4.3545665969e+17   1.7815888586e+61   9.4236440702e-24   1.3293662705e-13   1.7103489785e+05   2.0000000000e-02 
  1.8050258310e+21   4.3500833811e+17   1.7806133274e+61   9.4493632827e-24   1.3319281453e-13   1.7122589100e+05   2.0000000000e-02 
  1.8054603911e+21   4.3456002098e+17   1.7796353675e+61   9.4751623959e-24   1.3344959618e-13   1.7141731917e+05   2.0000000000e-02 
  1.8058945008e+21   4.3410977773e+17   1.7786470684e+61   9.5010767261e-24   1.3370732614e-13   1.7160893841e+05   2.0000000000e-02 
  1.8063281592e+21   4.3365840728e+17   1.7776516922e+61   9.5270840350e-24   1.3396577784e-13   1.7180092674e+05   2.0000000000e-02 
  1.8067613651e+21   4.3320580549e+17   1.7766488043e+61   9.5532009659e-24   1.3422511809e-13   1.7199317122e+05   2.0000000000e-02 
  1.8071941156e+21   4.3275055947e+17   1.7756325978e+61   9.5794204379e-24   1.3448527155e-13   1.7218574698e+05   2.0000000000e-02 
  1.8076264101e+21   4.3229445598e+17   1.7746103901e+61   9.6057424317e-24   1.3474623978e-13   1.7237865344e+05   2.0000000000e-02 
  1.8080582457e+21   4.3183561372e+17   1.7735744474e+61   9.6321770031e-24   1.3500811792e-13   1.7257184449e+05   2.0000000000e-02 
  1.8084896214e+21   4.3137570276e+17   1.7725316140e+61   9.6587100552e-24   1.3527076681e-13   1.7276541828e+05   2.0000000000e-02 
  1.8089205350e+21   4.3091356911e+17   1.7714771377e+61   9.6853632829e-24   1.3553439710e-13   1.7295925356e+05   2.0000000000e-02 
  1.8093509851e+21   4.3045009657e+17   1.7704146388e+61   9.7121113155e-24   1.3579875833e-13   1.7315352775e+05   2.0000000000e-02 
  1.8097809694e+21   4.2998437062e+17   1.7693403442e+61   9.7389877320e-24   1.3606417891e-13   1.7334803981e+05   2.0000000000e-02 
  1.8102104867e+21   4.2951729349e+17   1.7682579532e+61   9.7659599370e-24   1.3633033587e-13   1.7354302451e+05   2.0000000000e-02 
  1.8106395339e+21   4.2904721174e+17   1.7671606452e+61   9.7930668288e-24   1.3659760955e-13   1.7373825967e+05   2.0000000000e-02 
  1.8110681105e+21   4.2857660682e+17   1.7660586263e+61   9.8202693607e-24   1.3686561379e-13   1.7393403862e+05   2.0000000000e-02 
  1.8114962130e+21   4.2810242371e+17   1.7649392961e+61   9.8476121452e-24   1.3713478619e-13   1.7413010986e+05   2.0000000000e-02 
  1.8119238404e+21   4.2762741379e+17   1.7638139797e+61   9.8750583632e-24   1.3740476313e-13   1.7432676143e+05   2.0000000000e-02 
  1.8123509888e+21   4.2714846563e+17   1.7626698297e+61   9.9026600736e-24   1.3767603831e-13   1.7452367798e+05   2.0000000000e-02 
  1.8127776570e+21   4.2666813546e+17   1.7615173734e+61   9.9303875815e-24   1.3794822466e-13   1.7472111999e+05   2.0000000000e-02 
  1.8132038437e+21   4.2618671305e+17   1.7603577988e+61   9.9581773304e-24   1.3822081458e-13   1.7491969323e+05   2.0000000000e-02 
  1.8136295442e+21   4.2570049961e+17   1.7591758110e+61   9.9861909852e-24   1.3849553219e-13   1.7511750645e+05   2.0000000000e-02 
  1.8140547243e+21   4.2518006627e+17   1.7578496763e+61   1.0014600543e-23   1.3877363725e-13   1.7531319009e+05   2.0000000000e-02 
  1.8144792419e+21   4.2451767779e+17   1.7559334017e+61   1.0044359629e-23   1.3906250658e-13   1.7553136971e+05   2.0000000000e-02 
  1.8149028741e+21   4.2363217154e+17   1.7530899433e+61   1.0082601555e-23   1.3943798043e-13   1.7583531327e+05   2.0000000000e-02 
  1.8153270528e+21   4.2417869015e+17   1.7561717500e+61   1.0101484299e-23   1.3963495369e-13   1.7594358678e+05   2.0000000000e-02 
  1.8157622952e+21   4.3524237000e+17   1.8028305638e+61   1.0052892152e-23   1.3920496527e-13   1.7518509636e+05   2.0000000000e-02 
  1.8163128523e+21   5.5055716624e+17   2.2817178867e+61   9.2134691267e-24   1.3114266542e-13   1.6936245723e+05   2.0000000000e-02 
  1.8172864324e+21   9.7358007279e+17   4.0382725050e+61   5.6840316131e-24   9.5237190692e-14   1.1889369565e+05   2.0000000000e-02 
  1.8188226746e+21   1.5362421530e+18   6.3809213101e+61   2.8266059845e-24   6.0551179343e-14   3.5962772020e+04   2.0000000000e-02 
  1.8206671566e+21   1.8444820331e+18   7.6754767342e+61   2.3182303470e-24   5.3280034268e-14   6.4319186369e+03   2.0000000000e-02 
  1.8225854918e+21   1.9183351687e+18   7.9993183375e+61   2.2385070624e-24   5.2082219535e-14   9.6598978445e+02   2.0000000000e-02 
  1.8245159379e+21   1.9304461805e+18   8.0668372466e+61   2.2266123160e-24   5.1902098496e-14   1.4072052226e+02   2.0000000000e-02 
  1.8264481741e+21   1.9322361610e+18   8.0914293541e+61   2.2248804258e-24   5.1875837233e-14   2.0380727860e+01   2.0000000000e-02 
  1.8283806701e+21   1.9324959996e+18   8.1096592072e+61   2.2246296137e-24   5.1872032718e-14   2.9453487205e+00   2.0000000000e-02 
  1.8303132037e+21   1.9325335674e+18   8.1269784034e+61   2.2245933682e-24   5.1871482789e-14   4.2491418967e-01   2.0000000000e-02 
  1.8322457427e+21   1.9325389878e+18   8.1441811203e+61   2.2245881397e-24   5.1871403442e-14   6.1211849322e-02   2.0000000000e-02 
  1.8341782824e+21   1.9325397691e+18   8.1613825091e+61   2.2245873863e-24   5.1871392006e-14   8.7940178173e-03   2.0000000000e-02 
  1.8361108223e+21   1.9325398804e+18   8.1785992197e+61   2.2245872789e-24   5.1871390373e-14   1.2678213841e-03   2.0000000000e-02 
  1.8380433622e+21   1.9325398994e+18   8.1958336809e+61   2.2245872603e-24   5.1871390100e-14   1.4906959736e-04   2.0000000000e-02 
  1.8399759021e+21   1.9325399000e+18   8.2130862039e+61   2.2245872599e-24   5.1871390087e-14   8.8064055727e-06   2.0000000000e-02 
  1.8419084420e+21   1.9325399000e+18   8.2303568639e+61   2.2245872600e-24   5.1871390087e-14  -9.1414602281e-07   2.0000000000e-02 
  1.8438409819e+21   1.9325399000e+18   8.2476456633e+61   2.2245872600e-24   5.1871390087e-14  -1.7053710112e-06   2.0000000000e-02 
  1.8457735218e+21   1.9325399000e+18   8.2649526023e+61   2.2245872600e-24   5.1871390087e-14  -2.1594537538e-06   2.0000000000e-02 
  1.8477060617e+21   1.9325399000e+18   8.2822776807e+61   2.2245872600e-24   5.1871390087e-14  -2.4008789520e-06   2.0000000000e-02 
  1.8496386016e+21   1.9325399000e+18   8.2996208987e+61   2.2245872600e-24   5.1871390087e-14  -2.4556464134e-06   2.0000000000e-02 
  1.8515711415e+21   1.9325399000e+18   8.3169822561e+61   2.2245872600e-24   5.1871390087e-14  -2.4509736100e-06   2.0000000000e-02 
  1.8535036815e+21   1.9325400000e+18   8.3343621848e+61   2.2245872600e-24   5.1871390087e-14  -2.4498823467e-06   2.0000000000e-02 
  1.8554362214e+21   1.9325399000e+18   8.3517593904e+61   2.2245872600e-24   5.1871390087e-14  -2.4490136088e-06   2.0000000000e-02 
  1.8573687613e+21   1.9325399000e+18   8.3691751664e+61   2.2245872600e-24   5.1871390087e-14  -2.4394714926e-06   2.0000000000e-02 
  1.8593013012e+21   1.9325399000e+18   8.3866090818e+61   2.2245872600e-24   5.1871390087e-14  -2.4246351679e-06   2.0000000000e-02 
  1.8612338411e+21   1.9325399000e+18   8.4040611368e+61   2.2245872600e-24   5.1871390087e-14  -2.4065513626e-06   2.0000000000e-02 
  1.8631663810e+21   1.9325399000e+18   8.4215313312e+61   2.2245872600e-24   5.1871390087e-14  -2.4036066777e-06   2.0000000000e-02 
  1.8650989209e+21   1.9325399000e+18   8.4390196651e+61   2.2245872600e-24   5.1871390087e-14  -2.4122955535e-06   2.0000000000e-02 
  1.8670314608e+21   1.9325399000e+18   8.4565261386e+61   2.2245872600e-24   5.1871390087e-14  -2.4280762509e-06   2.0000000000e-02 
  1.8689640007e+21   1.9325399000e+18   8.4740507515e+61   2.2245872600e-24   5.1871390087e-14  -2.4243034862e-06   2.0000000000e-02 
  1.8708965406e+21   1.9325399000e+18   8.4915935039e+61   2.2245872600e-24   5.1871390087e-14  -2.4369529190e-06   2.0000000000e-02 
  1.8728290805e+21   1.9325399000e+18   8.5091543959e+61   2.2245872600e-24   5.1871390087e-14  -2.4640421997e-06   2.0000000000e-02 
  1.8747616204e+21   1.9325399000e+18   8.5267334273e+61   2.2245872600e-24   5.1871390087e-14  -2.5091190245e-06   2.0000000000e-02 
  1.8766941603e+21   1.9325399000e+18   8.5443305982e+61   2.2245872600e-24   5.1871390087e-14  -2.5675782680e-06   2.0000000000e-02 
  1.8786267002e+21   1.9325399000e+18   8.5619459086e+61   2.2245872600e-24   5.1871390087e-14  -2.6173564447e-06   2.0000000000e-02 
  1.8805592401e+21   1.9325399000e+18   8.5795793586e+61   2.2245872600e-24   5.1871390087e-14  -2.6880604387e-06   2.0000000000e-02 
  1.8824917800e+21   1.9325399000e+18   8.5972309480e+61   2.2245872600e-24   5.1871390087e-14  -2.6665481489e-06   2.0000000000e-02 
  1.8844243199e+21   1.9325399000e+18   8.6149006769e+61   2.2245872600e-24   5.1871390087e-14  -2.5366739071e-06   2.0000000000e-02 
  1.8863568598e+21   1.9325399000e+18   8.6325885453e+61   2.2245872600e-24   5.1871390087e-14  -2.4457101344e-06   2.0000000000e-02 
  1.8882893998e+21   1.9325400000e+18   8.6502950013e+61   2.2245872600e-24   5.1871390087e-14  -2.2510768580e-06   2.0000000000e-02 
  1.8902219397e+21   1.9325399000e+18   8.6680187016e+61   2.2245872600e-24   5.1871390088e-14  -1.9078432025e-06   2.0000000000e-02 
  1.8921544796e+21   1.9325399000e+18   8.6857609885e+61   2.2245872600e-24   5.1871390088e-14  -1.7980285221e-06   2.0000000000e-02 
  1.8940870195e+21   1.9325399000e+18   8.7035214149e+61   2.2245872600e-24   5.1871390088e-14  -1.7674021992e-06   2.0000000000e-02 
  1.8960195594e+21   1.9325399000e+18   8.7212999808e+61   2.2245872600e-24   5.1871390088e-14  -1.7333485627e-06   2.0000000000e-02 
  1.8979520993e+21   1.9325399000e+18   8.7390966862e+61   2.2245872600e-24   5.1871390088e-14  -1.6499141796e-06   2.0000000000e-02 
  1.8998846392e+21   1.9325399000e+18   8.7569115311e+61   2.2245872600e-24   5.1871390088e-14  -1.4294250935e-06   2.0000000000e-02 
  1.9018171791e+21   1.9325399000e+18   8.7747445155e+61   2.2245872600e-24   5.1871390088e-14  -1.2089978109e-06   2.0000000000e-02 
  1.9037497190e+21   1.9325399000e+18   8.7925956394e+61   2.2245872600e-24   5.1871390088e-14  -9.0050763934e-07   2.0000000000e-02 
  1.9056822589e+21   1.9325399000e+18   8.8104649028e+61   2.2245872600e-24   5.1871390088e-14  -6.6723574162e-07   2.0000000000e-02 
  1.9076147988e+21   1.9325399000e+18   8.8283523057e+61   2.2245872600e-24   5.1871390088e-14  -2.6497481357e-07   2.0000000000e-02 
  1.9095473387e+21   1.9325399000e+18   8.8462578481e+61   2.2245872600e-24   5.1871390088e-14   5.0299207294e-07   2.0000000000e-02 
  1.9114798786e+21   1.9325399000e+18   8.8641815300e+61   2.2245872600e-24   5.1871390088e-14   1.0340496957e-06   2.0000000000e-02 
  1.9134124185e+21   1.9325399000e+18   8.8821233514e+61   2.2245872600e-24   5.1871390088e-14   1.1539754439e-06   2.0000000000e-02 
  1.9153449584e+21   1.9325399000e+18   8.9000833123e+61   2.2245872600e-24   5.1871390088e-14   1.1936942701e-06   2.0000000000e-02 
  1.9172774983e+21   1.9325399000e+18   8.9180614127e+61   2.2245872600e-24   5.1871390088e-14   1.2406445330e-06   2.0000000000e-02 
  1.9192100382e+21   1.9325399000e+18   8.9360576526e+61   2.2245872600e-24   5.1871390088e-14   1.2351992300e-06   2.0000000000e-02 
  1.9211425782e+21   1.9325400000e+18   8.9540724957e+61   2.2245872600e-24   5.1871390088e-14   1.1677675939e-06   2.0000000000e-02 
  1.9230751181e+21   1.9325399000e+18   8.9721045518e+61   2.2245872600e-24   5.1871390088e-14   1.0135305951e-06   2.0000000000e-02 
  1.9250076580e+21   1.9325399000e+18   8.9901552101e+61   2.2245872600e-24   5.1871390088e-14   8.4239680111e-07   2.0000000000e-02 
  1.9269401979e+21   1.9325399000e+18   9.0082240080e+61   2.2245872600e-24   5.1871390088e-14   8.1353944198e-07   2.0000000000e-02 
  1.9288727378e+21   1.9325399000e+18   9.0263109454e+61   2.2245872600e-24   5.1871390088e-14   7.0100576730e-07   2.0000000000e-02 
  1.9308052777e+21   1.9325399000e+18   9.0444160223e+61   2.2245872600e-24   5.1871390088e-14   5.2015242087e-08   2.0000000000e-02 
  1.9327378176e+21   1.9325399000e+18   9.0625392386e+61   2.2245872600e-24   5.1871390088e-14  -8.0741058009e-07   2.0000000000e-02 
  1.9346703575e+21   1.9325399000e+18   9.0806805945e+61   2.2245872600e-24   5.1871390088e-14  -1.0498689942e-06   2.0000000000e-02 
  1.9366028974e+21   1.9325399000e+18   9.0988400899e+61   2.2245872600e-24   5.1871390088e-14  -1.1208682189e-06   2.0000000000e-02 
  1.9385354373e+21   1.9325399000e+18   9.1170177248e+61   2.2245872600e-24   5.1871390088e-14  -1.1589436470e-06   2.0000000000e-02 
  1.9404679772e+21   1.9325399000e+18   9.1352134991e+61   2.2245872600e-24   5.1871390088e-14  -1.1943964528e-06   2.0000000000e-02 
  1.9424005171e+21   1.9325399000e+18   9.1534274130e+61   2.2245872600e-24   5.1871390088e-14  -1.2341201011e-06   2.0000000000e-02 
  1.9443330570e+21   1.9325399000e+18   9.1716594664e+61   2.2245872600e-24   5.1871390088e-14  -1.2498684751e-06   2.0000000000e-02 
  1.9462655969e+21   1.9325399000e+18   9.1899096592e+61   2.2245872600e-24   5.1871390088e-14  -1.2522065460e-06   2.0000000000e-02 
  1.9481981368e+21   1.9325399000e+18   9.2081779916e+61   2.2245872600e-24   5.1871390088e-14  -1.2510126594e-06   2.0000000000e-02 
  1.9501306767e+21   1.9325399000e+18   9.2264644634e+61   2.2245872600e-24   5.1871390088e-14  -1.2532120938e-06   2.0000000000e-02 
  1.9520632166e+21   1.9325399000e+18   9.2447690748e+61   2.2245872600e-24   5.1871390088e-14  -1.2638231717e-06   2.0000000000e-02 
  1.9539957565e+21   1.9325399000e+18   9.2630918256e+61   2.2245872600e-24   5.1871390088e-14  -1.2646600966e-06   2.0000000000e-02 
  1.9559282965e+21   1.9325400000e+18   9.2814331967e+61   2.2245872600e-24   5.1871390088e-14  -1.2401049151e-06   2.0000000000e-02 
  1.9578608364e+21   1.9325399000e+18   9.2997917468e+61   2.2245872600e-24   5.1871390088e-14  -1.2297521652e-06   2.0000000000e-02 
  1.9597933763e+21   1.9325399000e+18   9.3181689161e+61   2.2245872600e-24   5.1871390088e-14  -1.2598280104e-06   2.0000000000e-02 
  1.9617259162e+21   1.9325399000e+18   9.3365642250e+61   2.2245872600e-24   5.1871390088e-14  -1.2598761042e-06   2.0000000000e-02 
  1.9636584561e+21   1.9325399000e+18   9.3549776733e+61   2.2245872600e-24   5.1871390088e-14  -1.2200339540e-06   2.0000000000e-02 
  1.9655909960e+21   1.9325399000e+18   9.3734092612e+61   2.2245872600e-24   5.1871390088e-14  -1.1761108674e-06   2.0000000000e-02 
  1.9675235359e+21   1.9325399000e+18   9.3918589885e+61   2.2245872600e-24   5.1871390088e-14  -1.1602103064e-06   2.0000000000e-02 
  1.9694560758e+21   1.9325399000e+18   9.4103268554e+61   2.2245872600e-24   5.1871390088e-14  -1.1558986489e-06   2.0000000000e-02 
  1.9713886157e+21   1.9325399000e+18   9.4288128617e+61   2.2245872600e-24   5.1871390088e-14  -1.1388120660e-06   2.0000000000e-02 
  1.9733211556e+21   1.9325399000e+18   9.4473170075e+61   2.2245872600e-24   5.1871390088e-14  -1.1139677475e-06   2.0000000000e-02 
  1.9752536955e+21   1.9325399000e+18   9.4658392929e+61   2.2245872600e-24   5.1871390088e-14  -1.0895427384e-06   2.0000000000e-02 
  1.9771862354e+21   1.9325399000e+18   9.4843797177e+61   2.2245872600e-24   5.1871390088e-14  -1.0360036821e-06   2.0000000000e-02 
  1.9791187753e+21   1.9325399000e+18   9.5029382820e+61   2.2245872600e-24   5.1871390088e-14  -7.7703085715e-07   2.0000000000e-02 
  1.9810513152e+21   1.9325399000e+18   9.5215149859e+61   2.2245872600e-24   5.1871390088e-14   1.0370602133e-07   2.0000000000e-02 
  1.9829838551e+21   1.9325399000e+18   9.5401098292e+61   2.2245872600e-24   5.1871390088e-14   9.0324109390e-07   2.0000000000e-02 
  1.9849163950e+21   1.9325399000e+18   9.5587228120e+61   2.2245872600e-24   5.1871390088e-14   1.2336396598e-06   2.0000000000e-02 
  1.9868489349e+21   1.9325399000e+18   9.5773539343e+61   2.2245872600e-24   5.1871390088e-14   1.2745086894e-06   2.0000000000e-02 
  1.9887814748e+21   1.9325399000e+18   9.5960031962e+61   2.2245872600e-24   5.1871390088e-14   1.1271505440e-06   2.0000000000e-02 
  1.9907140147e+21   1.9325399000e+18   9.6146705975e+61   2.2245872600e-24   5.1871390088e-14   1.0005662700e-06   2.0000000000e-02 
  1.9926465546e+21   1.9325399000e+18   9.6333561383e+61   2.2245872600e-24   5.1871390088e-14   5.5498607734e-07   2.0000000000e-02 
  1.9945790945e+21   1.9325399000e+18   9.6520598186e+61   2.2245872600e-24   5.1871390088e-14  -3.7500221570e-07   2.0000000000e-02 
  1.9965116344e+21   1.9325399000e+18   9.6707816384e+61   2.2245872600e-24   5.1871390088e-14  -9.2119249528e-07   2.0000000000e-02 
  1.9984441743e+21   1.9325399000e+18   9.6895215977e+61   2.2245872600e-24   5.1871390088e-14  -1.0332081648e-06   2.0000000000e-02 
  2.0003767142e+21   1.9325399000e+18   9.7082796965e+61   2.2245872600e-24   5.1871390088e-14  -1.0662199870e-06   2.0000000000e-02 
  2.0023092541e+21   1.9325399000e+18   9.7270559349e+61   2.2245872600e-24   5.1871390088e-14  -1.1104498532e-06   2.0000000000e-02 
  2.0042417940e+21   1.9325399000e+18   9.7458503127e+61   2.2245872600e-24   5.1871390088e-14  -1.1479450880e-06   2.0000000000e-02 
  2.0061743339e+21   1.9325399000e+18   9.7646628300e+61   2.2245872600e-24   5.1871390088e-14  -1.1783587902e-06   2.0000000000e-02 
  2.0081068738e+21   1.9325399000e+18   9.7834934868e+61   2.2245872600e-24   5.1871390088e-14  -1.1829393093e-06   2.0000000000e-02 
  2.0100394137e+21   1.9325399000e+18   9.8023422831e+61   2.2245872600e-24   5.1871390088e-14  -1.1534839692e-06   2.0000000000e-02 
  2.0119719536e+21   1.9325399000e+18   9.8212092189e+61   2.2245872600e-24   5.1871390088e-14  -1.1275639387e-06   2.0000000000e-02 
  2.0139044935e+21   1.9325399000e+18   9.8400942942e+61   2.2245872600e-24   5.1871390088e-14  -1.1052462770e-06   2.0000000000e-02 
  2.0158370334e+21   1.9325399000e+18   9.8589975090e+61   2.2245872600e-24   5.1871390088e-14  -1.0795892051e-06   2.0000000000e-02 
  2.0177695733e+21   1.9325399000e+18   9.8779188633e+61   2.2245872600e-24   5.1871390088e-14  -1.0409787367e-06   2.0000000000e-02 
  2.0197021132e+21   1.9325399000e+18   9.8968583570e+61   2.2245872600e-24   5.1871390088e-14  -9.4418933314e-07   2.0000000000e-02 
  2.0216346531e+21   1.9325399000e+18   9.9158159903e+61   2.2245872600e-24   5.1871390088e-14  -6.0902214614e-07   2.0000000000e-02 
  2.0235671930e+21   1.9325399000e+18   9.9347917631e+61   2.2245872600e-24   5.1871390088e-14   2.0801499450e-07   2.0000000000e-02 
  2.0254997329e+21   1.9325399000e+18   9.9537856754e+61   2.2245872600e-24   5.1871390088e-14   3.9037447810e-07   2.0000000000e-02 
  2.0274322728e+21   1.9325399000e+18   9.9727977272e+61   2.2245872600e-24   5.1871390088e-14  -2.7566709376e-07   2.0000000000e-02 
  2.0293648127e+21   1.9325399000e+18   9.9918279185e+61   2.2245872600e-24   5.1871390088e-14  -8.3381710822e-07   2.0000000000e-02 
  2.0312973526e+21   1.9325399000e+18   1.0010876249e+62   2.2245872600e-24   5.1871390088e-14  -7.3785092611e-07   2.0000000000e-02 
  2.0332298925e+21   1.9325399000e+18   1.0029942720e+62   2.2245872600e-24   5.1871390088e-14  -4.7818580589e-07   2.0000000000e-02 
  2.0351624324e+21   1.9325399000e+18   1.0049027329e+62   2.2245872600e-24   5.1871390088e-14  -6.4528777968e-07   2.0000000000e-02 
  2.0370949723e+21   1.9325399000e+18   1.0068130079e+62   2.2245872600e-24   5.1871390088e-14  -1.0024044121e-06   2.0000000000e-02 
  2.0390275122e+21   1.9325399000e+18   1.0087250967e+62   2.2245872600e-24   5.1871390088e-14  -1.1411521167e-06   2.0000000000e-02 
  2.0409600521e+21   1.9325399000e+18   1.0106389996e+62   2.2245872600e-24   5.1871390088e-14  -1.1966672103e-06   2.0000000000e-02 
  2.0428925920e+21   1.9325399000e+18   1.0125547163e+62   2.2245872600e-24   5.1871390088e-14  -1.1773575220e-06   2.0000000000e-02 
  2.0448251319e+21   1.9325399000e+18   1.0144722471e+62   2.2245872600e-24   5.1871390088e-14  -1.1740690874e-06   2.0000000000e-02 
  2.0467576718e+21   1.9325399000e+18   1.0163915917e+62   2.2245872600e-24   5.1871390088e-14  -1.2628330675e-06   2.0000000000e-02 
  2.0486902117e+21   1.9325399000e+18   1.0183127504e+62   2.2245872600e-24   5.1871390088e-14  -1.4548892813e-06   2.0000000000e-02 
  2.0506227516e+21   1.9325399000e+18   1.0202357229e+62   2.2245872600e-24   5.1871390088e-14  -1.5863448080e-06   2.0000000000e-02 
  2.0525552915e+21   1.9325399000e+18   1.0221605095e+62   2.2245872600e-24   5.1871390088e-14  -1.4485307910e-06   2.0000000000e-02 
  2.0544878314e+21   1.9325399000e+18   1.0240871099e+62   2.2245872600e-24   5.1871390088e-14  -1.2493346828e-06   2.0000000000e-02 
  2.0564203713e+21   1.9325399000e+18   1.0260155244e+62   2.2245872600e-24   5.1871390088e-14  -1.1465678173e-06   2.0000000000e-02 
  2.0583529112e+21   1.9325399000e+18   1.0279457527e+62   2.2245872600e-24   5.1871390088e-14  -1.1072991056e-06   2.0000000000e-02 
  2.0602854511e+21   1.9325399000e+18   1.0298777951e+62   2.2245872600e-24   5.1871390088e-14  -1.0907262203e-06   2.0000000000e-02 
  2.0622179910e+21   1.9325399000e+18   1.0318116513e+62   2.2245872600e-24   5.1871390088e-14  -1.0629302292e-06   2.0000000000e-02 
  2.0641505309e+21   1.9325399000e+18   1.0337473216e+62   2.2245872600e-24   5.1871390088e-14  -9.4275025433e-07   2.0000000000e-02 
  2.0660830708e+21   1.9325399000e+18   1.0356848057e+62   2.2245872600e-24   5.1871390089e-14  -5.5059415967e-07   2.0000000000e-02 
  2.0680156107e+21   1.9325399000e+18   1.0376241039e+62   2.2245872600e-24   5.1871390089e-14   2.0070200518e-07   2.0000000000e-02 
  2.0699481506e+21   1.9325399000e+18   1.0395652159e+62   2.2245872600e-24   5.1871390088e-14   8.5079967068e-08   2.0000000000e-02 
  2.0718806905e+21   1.9325399000e+18   1.0415081420e+62   2.2245872600e-24   5.1871390089e-14  -5.9007064801e-07   2.0000000000e-02 
  2.0738132304e+21   1.9325399000e+18   1.0434528819e+62   2.2245872600e-24   5.1871390089e-14  -8.8954617252e-07   2.0000000000e-02 
  2.0757457703e+21   1.9325399000e+18   1.0453994359e+62   2.2245872600e-24   5.1871390089e-14  -8.3885585619e-07   2.0000000000e-02 
  2.0776783102e+21   1.9325399000e+18   1.0473478037e+62   2.2245872600e-24   5.1871390089e-14  -1.0566564660e-07   2.0000000000e-02 
  2.0796108501e+21   1.9325399000e+18   1.0492979856e+62   2.2245872600e-24   5.1871390089e-14   6.8626869792e-07   2.0000000000e-02 
  2.0815433900e+21   1.9325399000e+18   1.0512499813e+62   2.2245872600e-24   5.1871390088e-14   9.1705656337e-07   2.0000000000e-02 
  2.0834759299e+21   1.9325399000e+18   1.0532037911e+62   2.2245872600e-24   5.1871390088e-14   9.3621240719e-07   2.0000000000e-02 
  2.0854084698e+21   1.9325399000e+18   1.0551594147e+62   2.2245872600e-24   5.1871390088e-14   7.8602419510e-07   2.0000000000e-02 
  2.0873410097e+21   1.9325399000e+18   1.0571168524e+62   2.2245872600e-24   5.1871390088e-14   9.7846790983e-08   2.0000000000e-02 
  2.0892735496e+21   1.9325399000e+18   1.0590761039e+62   2.2245872600e-24   5.1871390088e-14  -6.4538865110e-07   2.0000000000e-02 
  2.0912060895e+21   1.9325399000e+18   1.0610371695e+62   2.2245872600e-24   5.1871390088e-14  -8.8066777857e-07   2.0000000000e-02 
  2.0931386294e+21   1.9325399000e+18   1.0630000489e+62   2.2245872600e-24   5.1871390088e-14  -9.3717903990e-07   2.0000000000e-02 
  2.0950711693e+21   1.9325399000e+18   1.0649647423e+62   2.2245872600e-24   5.1871390088e-14  -9.7015057211e-07   2.0000000000e-02 
  2.0970037092e+21   1.9325399000e+18   1.0669312497e+62   2.2245872600e-24   5.1871390088e-14  -9.9677020963e-07   2.0000000000e-02 
  2.0989362491e+21   1.9325399000e+18   1.0688995710e+62   2.2245872600e-24   5.1871390088e-14  -1.0290199339e-06   2.0000000000e-02 
  2.1008687890e+21   1.9325399000e+18   1.0708697063e+62   2.2245872600e-24   5.1871390088e-14  -1.0523302265e-06   2.0000000000e-02 
  2.1028013289e+21   1.9325399000e+18   1.0728416555e+62   2.2245872600e-24   5.1871390088e-14  -1.0673496267e-06   2.0000000000e-02 
  2.1047338688e+21   1.9325399000e+18   1.0748154187e+62   2.2245872600e-24   5.1871390088e-14  -1.0788232505e-06   2.0000000000e-02 
  2.1066664087e+21   1.9325399000e+18   1.0767909958e+62   2.2245872600e-24   5.1871390088e-14  -1.0877177890e-06   2.0000000000e-02 
  2.1085989486e+21   1.9325399000e+18   1.0787683869e+62   2.2245872600e-24   5.1871390088e-14  -1.0670610144e-06   2.0000000000e-02 
  2.1105314885e+21   1.9325399000e+18   1.0807475919e+62   2.2245872600e-24   5.1871390088e-14  -1.0302404341e-06   2.0000000000e-02 
  2.1124640284e+21   1.9325399000e+18   1.0827286109e+62   2.2245872600e-24   5.1871390089e-14  -1.0203516651e-06   2.0000000000e-02 
  2.1143965683e+21   1.9325399000e+18   1.0847114438e+62   2.2245872600e-24   5.1871390089e-14  -1.0205577314e-06   2.0000000000e-02 
  2.1163291082e+21   1.9325399000e+18   1.0866960907e+62   2.2245872600e-24   5.1871390089e-14  -9.6531196558e-07   2.0000000000e-02 
  2.1182616481e+21   1.9325399000e+18   1.0886825515e+62   2.2245872600e-24   5.1871390089e-14  -9.5857086710e-07   2.0000000000e-02 
  2.1201941880e+21   1.9325399000e+18   1.0906708263e+62   2.2245872600e-24   5.1871390089e-14  -9.7021905268e-07   2.0000000000e-02 
  2.1221267279e+21   1.9325399000e+18   1.0926609150e+62   2.2245872600e-24   5.1871390089e-14  -9.7103201574e-07   2.0000000000e-02 
  2.1240592678e+21   1.9325399000e+18   1.0946528177e+62   2.2245872600e-24   5.1871390089e-14  -9.7885174243e-07   2.0000000000e-02 
  2.1259918077e+21   1.9325399000e+18   1.0966465343e+62   2.2245872600e-24   5.1871390089e-14  -9.9124832284e-07   2.0000000000e-02 
  2.1279243476e+21   1.9325399000e+18   1.0986420648e+62   2.2245872600e-24   5.1871390089e-14  -1.0306868710e-06   2.0000000000e-02 
  2.1298568875e+21   1.9325399000e+18   1.1006394094e+62   2.2245872600e-24   5.1871390089e-14  -1.0490053213e-06   2.0000000000e-02 
  2.1317894274e+21   1.9325399000e+18   1.1026385678e+62   2.2245872600e-24   5.1871390089e-14  -1.0977948474e-06   2.0000000000e-02 
  2.1337219673e+21   1.9325399000e+18   1.1046395402e+62   2.2245872600e-24   5.1871390089e-14  -1.1513107904e-06   2.0000000000e-02 
  2.1356545072e+21   1.9325399000e+18   1.1066423266e+62   2.2245872600e-24   5.1871390089e-14  -1.0991055894e-06   2.0000000000e-02 
  2.1375870471e+21   1.9325399000e+18   1.1086469269e+62   2.2245872600e-24   5.1871390089e-14  -1.0857944722e-06   2.0000000000e-02 
  2.1395195870e+21   1.9325399000e+18   1.1106533412e+62   2.2245872600e-24   5.1871390089e-14  -1.1402158115e-06   2.0000000000e-02 
  2.1414521269e+21   1.9325399000e+18   1.1126615694e+62   2.2245872600e-24   5.1871390089e-14  -1.2083611613e-06   2.0000000000e-02 
  2.1433846668e+21   1.9325399000e+18   1.1146716116e+62   2.2245872600e-24   5.1871390089e-14  -1.1307682899e-06   2.0000000000e-02 
  2.1453172067e+21   1.9325399000e+18   1.1166834677e+62   2.2245872600e-24   5.1871390089e-14  -1.0941012121e-06   2.0000000000e-02 
  2.1472497466e+21   1.9325399000e+18   1.1186971378e+62   2.2245872600e-24   5.1871390089e-14  -1.1481294885e-06   2.0000000000e-02 
  2.1491822865e+21   1.9325399000e+18   1.1207126218e+62   2.2245872600e-24   5.1871390089e-14  -1.3611533021e-06   2.0000000000e-02 
  2.1511148264e+21   1.9325399000e+18   1.1227299198e+62   2.2245872600e-24   5.1871390089e-14  -1.6236367944e-06   2.0000000000e-02 
  2.1530473663e+21   1.9325399000e+18   1.1247490317e+62   2.2245872600e-24   5.1871390089e-14  -1.4705949904e-06   2.0000000000e-02 
  2.1549799062e+21   1.9325399000e+18   1.1267699575e+62   2.2245872600e-24   5.1871390089e-14  -1.1644444491e-06   2.0000000000e-02 
  2.1569124461e+21   1.9325399000e+18   1.1287926974e+62   2.2245872600e-24   5.1871390089e-14  -9.5852089976e-07   2.0000000000e-02 
  2.1588449860e+21   1.9325399000e+18   1.1308172511e+62   2.2245872600e-24   5.1871390089e-14  -4.6332705218e-07   2.0000000000e-02 
  2.1607775259e+21   1.9325399000e+18   1.1328436188e+62   2.2245872600e-24   5.1871390089e-14   7.5679059920e-07   2.0000000000e-02 
  2.1627100658e+21   1.9325399000e+18   1.1348718005e+62   2.2245872600e-24   5.1871390089e-14   1.5552095466e-06   2.0000000000e-02 
  2.1646426057e+21   1.9325399000e+18   1.1369017961e+62   2.2245872600e-24   5.1871390089e-14   1.8503705328e-06   2.0000000000e-02 
  2.1665751456e+21   1.9325399000e+18   1.1389336057e+62   2.2245872600e-24   5.1871390089e-14   1.9942406145e-06   2.0000000000e-02 
  2.1685076855e+21   1.9325399000e+18   1.1409672292e+62   2.2245872600e-24   5.1871390089e-14   2.3061523774e-06   2.0000000000e-02 
  2.1704402254e+21   1.9325399000e+18   1.1430026667e+62   2.2245872600e-24   5.1871390089e-14   2.7814287270e-06   2.0000000000e-02 
  2.1723727653e+21   1.9325399000e+18   1.1450399181e+62   2.2245872600e-24   5.1871390088e-14   3.5246360057e-06   2.0000000000e-02 
  2.1743053052e+21   1.9325399000e+18   1.1470789834e+62   2.2245872600e-24   5.1871390088e-14   4.3116607606e-06   2.0000000000e-02 
  2.1762378451e+21   1.9325399000e+18   1.1491198628e+62   2.2245872600e-24   5.1871390088e-14   3.9756791116e-06   2.0000000000e-02 
  2.1781703850e+21   1.9325399000e+18   1.1511625560e+62   2.2245872600e-24   5.1871390088e-14   3.2260763423e-06   2.0000000000e-02 
  2.1801029249e+21   1.9325399000e+18   1.1532070632e+62   2.2245872600e-24   5.1871390088e-14   2.7071866920e-06   2.0000000000e-02 
  2.1820354648e+21   1.9325399000e+18   1.1552533844e+62   2.2245872600e-24   5.1871390088e-14   2.2581927317e-06   2.0000000000e-02 
  2.1839680047e+21   1.9325399000e+18   1.1573015195e+62   2.2245872600e-24   5.1871390088e-14   1.9641772347e-06   2.0000000000e-02 
  2.1859005446e+21   1.9325399000e+18   1.1593514686e+62   2.2245872600e-24   5.1871390088e-14   1.8196027280e-06   2.0000000000e-02 
  2.1878330845e+21   1.9325399000e+18   1.1614032316e+62   2.2245872600e-24   5.1871390088e-14   1.5457841707e-06   2.0000000000e-02 
  2.1897656244e+21   1.9325399000e+18   1.1634568085e+62   2.2245872600e-24   5.1871390088e-14   8.9708543253e-07   2.0000000000e-02 
  2.1916981643e+21   1.9325399000e+18   1.1655121995e+62   2.2245872600e-24   5.1871390087e-14  -2.2390491000e-07   2.0000000000e-02 
  2.1936307042e+21   1.9325399000e+18   1.1675694043e+62   2.2245872600e-24   5.1871390087e-14  -7.8326867296e-07   2.0000000000e-02 
  2.1955632441e+21   1.9325399000e+18   1.1696284231e+62   2.2245872600e-24   5.1871390087e-14  -9.5449833627e-07   2.0000000000e-02 
  2.1974957840e+21   1.9325399000e+18   1.1716892559e+62   2.2245872600e-24   5.1871390087e-14  -1.1878047142e-06   2.0000000000e-02 
  2.1994283239e+21   1.9325399000e+18   1.1737519026e+62   2.2245872600e-24   5.1871390087e-14  -1.2881762083e-06   2.0000000000e-02 
  2.2013608638e+21   1.9325399000e+18   1.1758163633e+62   2.2245872600e-24   5.1871390087e-14  -1.1960797897e-06   2.0000000000e-02 
  2.2032934037e+21   1.9325399000e+18   1.1778826379e+62   2.2245872600e-24   5.1871390087e-14  -1.0877692190e-06   2.0000000000e-02 
  2.2052259436e+21   1.9325399000e+18   1.1799507264e+62   2.2245872600e-24   5.1871390087e-14  -1.0495885189e-06   2.0000000000e-02 
  2.2071584835e+21   1.9325399000e+18   1.1820206290e+62   2.2245872600e-24   5.1871390087e-14  -1.1252884261e-06   2.0000000000e-02 
  2.2090910234e+21   1.9325399000e+18   1.1840923454e+62   2.2245872600e-24   5.1871390087e-14  -1.2404826213e-06   2.0000000000e-02 
  2.2110235633e+21   1.9325399000e+18   1.1861658758e+62   2.2245872600e-24   5.1871390087e-14  -1.1646142724e-06   2.0000000000e-02 
  2.2129561032e+21   1.9325399000e+18   1.1882412202e+62   2.2245872600e-24   5.1871390087e-14  -1.1083166779e-06   2.0000000000e-02 
  2.2148886431e+21   1.9325399000e+18   1.1903183785e+62   2.2245872600e-24   5.1871390087e-14  -1.1877704960e-06   2.0000000000e-02 
  2.2168211830e+21   1.9325399000e+18   1.1923973508e+62   2.2245872600e-24   5.1871390087e-14  -1.2790756750e-06   2.0000000000e-02 
  2.2187537229e+21   1.9325399000e+18   1.1944781370e+62   2.2245872600e-24   5.1871390088e-14  -1.2173582358e-06   2.0000000000e-02 
  2.2206862628e+21   1.9325399000e+18   1.1965607371e+62   2.2245872600e-24   5.1871390088e-14  -1.0843921987e-06   2.0000000000e-02 
  2.2226188027e+21   1.9325399000e+18   1.1986451512e+62   2.2245872600e-24   5.1871390088e-14  -9.8500616174e-07   2.0000000000e-02 
  2.2245513426e+21   1.9325399000e+18   1.2007313793e+62   2.2245872600e-24   5.1871390088e-14  -9.4588215091e-07   2.0000000000e-02 
  2.2264838825e+21   1.9325399000e+18   1.2028194213e+62   2.2245872600e-24   5.1871390088e-14  -9.2938635760e-07   2.0000000000e-02 
  2.2284164224e+21   1.9325399000e+18   1.2049092773e+62   2.2245872600e-24   5.1871390088e-14  -9.1478275375e-07   2.0000000000e-02 
  2.2303489623e+21   1.9325399000e+18   1.2070009472e+62   2.2245872600e-24   5.1871390088e-14  -9.0540067607e-07   2.0000000000e-02 
  2.2322815022e+21   1.9325399000e+18   1.2090944310e+62   2.2245872600e-24   5.1871390088e-14  -9.0581692691e-07   2.0000000000e-02 
  2.2342140421e+21   1.9325399000e+18   1.2111897288e+62   2.2245872600e-24   5.1871390088e-14  -8.9850576298e-07   2.0000000000e-02 
  2.2361465820e+21   1.9325399000e+18   1.2132868406e+62   2.2245872600e-24   5.1871390088e-14  -8.7664097872e-07   2.0000000000e-02 
  2.2380791219e+21   1.9325399000e+18   1.2153857663e+62   2.2245872600e-24   5.1871390088e-14  -8.1140458388e-07   2.0000000000e-02 
  2.2400116618e+21   1.9325399000e+18   1.2174865060e+62   2.2245872600e-24   5.1871390088e-14  -7.7136632476e-07   2.0000000000e-02 
  2.2419442017e+21   1.9325399000e+18   1.2195890596e+62   2.2245872600e-24   5.1871390088e-14  -7.3242653143e-07   2.0000000000e-02 
  2.2438767416e+21   1.9325399000e+18   1.2216934271e+62   2.2245872600e-24   5.1871390088e-14  -3.6085870399e-07   2.0000000000e-02 
  2.2458092815e+21   1.9325399000e+18   1.2237996086e+62   2.2245872600e-24   5.1871390088e-14   0.0000000000e+00   2.0000000000e-02 
