# time = 4.020152e+15 [s] 
# r                  dr                 dV                 Density            Pressure           Velocity           Z
  2.1304517832e+18   2.1304517832e+18   4.0504543150e+55   3.9553208713e-31   2.8928455979e-14   0.0000000000e+00   9.9248591688e-02 
  2.5998396611e+18   4.6938787793e+17   3.3104013757e+55   3.9553208713e-31   2.8928455979e-14  -1.4396354797e+04   9.9248591688e-02 
  3.4895899377e+18   8.8975027655e+17   1.0438808014e+56   3.9556102797e-31   2.8928212403e-14  -2.8178996977e+04   9.9248591688e-02 
  4.4591862492e+18   9.6959631153e+17   1.9341494767e+56   3.9565993392e-31   2.8928367342e-14  -4.7474057783e+04   9.9248591688e-02 
  4.9154248225e+18   4.5623857332e+17   1.2606401497e+56   3.9577142427e-31   2.8928490948e-14  -5.8062116160e+04   9.9248591688e-02 
  5.3187328666e+18   4.0330804403e+17   1.3277482148e+56   3.9588861843e-31   2.8928526976e-14  -6.3496141548e+04   9.9248591688e-02 
  6.0242397728e+18   7.0550690627e+17   2.8553843909e+56   3.9612572565e-31   2.8928591856e-14  -6.9447312737e+04   9.9248591688e-02 
  6.6698341869e+18   6.4559441412e+17   3.2710408111e+56   3.9648408592e-31   2.8928692094e-14  -7.5603001600e+04   9.9248591688e-02 
  7.5355199390e+18   8.6568575207e+17   5.4947958860e+56   3.9698658869e-31   2.8928783101e-14  -8.0784359233e+04   9.9248591688e-02 
  8.3786754114e+18   8.4315547240e+17   6.7147998744e+56   3.9766129665e-31   2.8928901869e-14  -8.4754667796e+04   9.9248591688e-02 
  9.4327008323e+18   1.0540254209e+18   1.0517259112e+57   3.9854737949e-31   2.8928980161e-14  -8.7216880028e+04   9.9248591688e-02 
  1.0527056798e+19   1.0943559652e+18   1.3710521430e+57   3.9969488020e-31   2.8928976114e-14  -8.9039691986e+04   9.9248591688e-02 
  1.1819702951e+19   1.2926461534e+18   2.0302184424e+57   4.0114236802e-31   2.8928650414e-14  -9.0172387450e+04   9.9248591688e-02 
  1.3208592627e+19   1.3888896761e+18   2.7360607758e+57   4.0294001438e-31   2.8928200710e-14  -9.0190809580e+04   9.9248591688e-02 
  1.4797577299e+19   1.5889846725e+18   3.9196093024e+57   4.0514763364e-31   2.8927175678e-14  -8.7271046289e+04   9.9248591688e-02 
  1.6589704959e+19   1.7921276598e+18   5.5526197361e+57   4.0790356449e-31   2.8926021884e-14  -8.3264637047e+04   9.9248591688e-02 
  1.8591176227e+19   2.0014712674e+18   7.7907801331e+57   4.1124438006e-31   2.8924669221e-14  -7.6741225977e+04   9.9248591688e-02 
  2.0850695244e+19   2.2595190170e+18   1.1054923343e+58   4.1531421168e-31   2.8923139818e-14  -6.7331552801e+04   9.9248591688e-02 
  2.3301351251e+19   2.4506560072e+18   1.5023795597e+58   4.2011129976e-31   2.8921602335e-14  -5.5182515548e+04   9.9248591688e-02 
  2.6086499983e+19   2.7851487318e+18   2.1364791898e+58   4.2592120593e-31   2.8920029100e-14  -3.9612394191e+04   9.9248591688e-02 
  2.9082258528e+19   2.9957585451e+18   2.8672776956e+58   4.3273444127e-31   2.8918372754e-14  -2.0804319606e+04   9.9248591688e-02 
  3.2560785842e+19   3.4785273149e+18   4.1569441370e+58   4.4082335126e-31   2.8916681296e-14  -7.0261612601e+02   9.9248591688e-02 
  3.6260132508e+19   3.6993466659e+18   5.5097756379e+58   4.5044532520e-31   2.8915333586e-14   1.9837533298e+04   9.9248591688e-02 
  4.0457661710e+19   4.1975292013e+18   7.7690687977e+58   4.6159385719e-31   2.8913488941e-14   4.3410667440e+04   9.9248591688e-02 
  4.4924147703e+19   4.4664859932e+18   1.0238646081e+59   4.7472139939e-31   2.8911430692e-14   6.9911746486e+04   9.9248591688e-02 
  5.0024547895e+19   5.1004001922e+18   1.4459379586e+59   4.8982959362e-31   2.8909399302e-14   9.7999087623e+04   9.9248591688e-02 
  5.5043574539e+19   5.0190266437e+18   1.7419734459e+59   5.0681520645e-31   2.8907684527e-14   1.2671359593e+05   9.9248591688e-02 
  6.2681340910e+19   7.6377663712e+18   3.3301356838e+59   5.2948551796e-31   2.8906611498e-14   1.5965418940e+05   9.9248591688e-02 
  7.4045654286e+19   1.1364313376e+19   6.6896062720e+59   5.6502798828e-31   2.8907284918e-14   2.0521946761e+05   9.9248591688e-02 
  7.8314600160e+19   4.2689458735e+18   3.1140639901e+59   5.9554244620e-31   2.8909587116e-14   2.3524010233e+05   9.9248591688e-02 
  8.2160472392e+19   3.8458722321e+18   3.1120246146e+59   6.1265910289e-31   2.8908762695e-14   2.5975068018e+05   9.9248591688e-02 
  8.6204254893e+19   4.0437825009e+18   3.6018314449e+59   6.3141333363e-31   2.8908510498e-14   2.8001832570e+05   9.9248591688e-02 
  9.0532851058e+19   4.3285961649e+18   4.2485354767e+59   6.5353112503e-31   2.8909455209e-14   2.9418838978e+05   9.9248591688e-02 
  9.4548566434e+19   4.0157153761e+18   4.3222170725e+59   6.7772339680e-31   2.8908279949e-14   3.1324768616e+05   9.9248591688e-02 
  9.9675896717e+19   5.1273302827e+18   6.0778489406e+59   7.0683110377e-31   2.8905488159e-14   3.4157468339e+05   9.9248591688e-02 
  1.0472002371e+20   5.0441269965e+18   6.6216845369e+59   7.4194852001e-31   2.8902783187e-14   3.6041986213e+05   9.9248591688e-02 
  1.0958187664e+20   4.8618529252e+18   7.0158167630e+59   7.7900753580e-31   2.8902560129e-14   3.7222894453e+05   9.9248591688e-02 
  1.1424748795e+20   4.6656113107e+18   7.3443851916e+59   8.1777556892e-31   2.8901643486e-14   3.8689453880e+05   9.9248591688e-02 
  1.1999085175e+20   5.7433638004e+18   9.9019147922e+59   8.6422560853e-31   2.8900248895e-14   4.0835008387e+05   9.9248591688e-02 
  1.2580566127e+20   5.8148095199e+18   1.1038696962e+60   9.2031123072e-31   2.8899175518e-14   4.3220863318e+05   9.9248591688e-02 
  1.3140482406e+20   5.5991627873e+18   1.1639086622e+60   9.7984854868e-31   2.8898951956e-14   4.5603187358e+05   9.9248591688e-02 
  1.3700207307e+20   5.5972490179e+18   1.2669946884e+60   1.0430454131e-30   2.8899690549e-14   4.7657172617e+05   9.9248591688e-02 
  1.4361903637e+20   6.6169632908e+18   1.6373056283e+60   1.1185374422e-30   2.8901232534e-14   4.9322385880e+05   9.9248591688e-02 
  1.5028890392e+20   6.6698675531e+18   1.8103571826e+60   1.2074343760e-30   2.8905460748e-14   5.0455874950e+05   9.9248591688e-02 
  1.5669480111e+20   6.4058971897e+18   1.8968086243e+60   1.3015706637e-30   2.8910107011e-14   5.2130894028e+05   9.9248591688e-02 
  1.6358783465e+20   6.8930335459e+18   2.2217444305e+60   1.4056959192e-30   2.8911618019e-14   5.4926192377e+05   9.9248591688e-02 
  1.7144069459e+20   7.8528599334e+18   2.7696241202e+60   1.5310965789e-30   2.8914078452e-14   5.8393742098e+05   9.9248591688e-02 
  1.7913225032e+20   7.6915557343e+18   2.9702331197e+60   1.6742403386e-30   2.8918204429e-14   6.1859064006e+05   9.9248591688e-02 
  1.8593707693e+20   6.8048266072e+18   2.8494951479e+60   1.8185538532e-30   2.8923323928e-14   6.4790198110e+05   9.9248591688e-02 
  1.9484691358e+20   8.9098366533e+18   4.0593474714e+60   1.9909950217e-30   2.8930860151e-14   6.7573969694e+05   9.9248591688e-02 
  2.0568190269e+20   1.0834989107e+19   5.4620014512e+60   2.2248233239e-30   2.8938349661e-14   6.9854421750e+05   9.9248591688e-02 
  2.1673810797e+20   1.1056205284e+19   6.1993205466e+60   2.5041020505e-30   2.8951760954e-14   7.2360407705e+05   9.9248591688e-02 
  2.2696871525e+20   1.0230607274e+19   6.3287866509e+60   2.7933277006e-30   2.8957489293e-14   7.5594306006e+05   9.9248591688e-02 
  2.3955180108e+20   1.2583085830e+19   8.6056530029e+60   3.1347379611e-30   2.8967808885e-14   7.8943273726e+05   9.9248591688e-02 
  2.5060589943e+20   1.1054098350e+19   8.3448489067e+60   3.5137226669e-30   2.8982985333e-14   8.1678259196e+05   9.9248591688e-02 
  2.6669786866e+20   1.6091969229e+19   1.3532885639e+61   3.9868769685e-30   2.9007726919e-14   8.5007978950e+05   9.9248591688e-02 
  2.7839244123e+20   1.1694572574e+19   1.0917866460e+61   4.5050238128e-30   2.9029186624e-14   8.9610358344e+05   9.9248591688e-02 
  2.8880581898e+20   1.0413377745e+19   1.0525920072e+61   4.9511349019e-30   2.9048903186e-14   9.3294458125e+05   9.9248591688e-02 
  2.9975886387e+20   1.0953044891e+19   1.1921290463e+61   5.3976986178e-30   2.9069885709e-14   9.5815783324e+05   9.9248591688e-02 
  3.0987714500e+20   1.0118281129e+19   1.1815108475e+61   5.8036568750e-30   2.9101248580e-14   9.8192180426e+05   9.9248591688e-02 
  3.2493556673e+20   1.5058421734e+19   1.9067862338e+61   6.2202891479e-30   2.9133319898e-14   1.0250761824e+06   9.9248591688e-02 
  3.4046749249e+20   1.5531925760e+19   2.1608450911e+61   6.6863994273e-30   2.9181638143e-14   1.0730334947e+06   9.9248591688e-02 
  3.5070505153e+20   1.0237559043e+19   1.5365652498e+61   7.0448383810e-30   2.9223723296e-14   1.1073219968e+06   9.9248591688e-02 
  3.6033601031e+20   9.6309587765e+18   1.5298023293e+61   7.2789295263e-30   2.9263088776e-14   1.1320362603e+06   9.9248591688e-02 
  3.7596491633e+20   1.5628906023e+19   2.6622839010e+61   7.5097512190e-30   2.9310669414e-14   1.1703241446e+06   9.9248591688e-02 
  3.9339680586e+20   1.7431889528e+19   3.2421253294e+61   7.7806608369e-30   2.9378700715e-14   1.2099952649e+06   9.9248591688e-02 
  4.1175734825e+20   1.8360542386e+19   3.7399752480e+61   8.0185967243e-30   2.9459237295e-14   1.2500406144e+06   9.9248591688e-02 
  4.2209188721e+20   1.0334538960e+19   2.2575547182e+61   8.1926173444e-30   2.9528173500e-14   1.2775511200e+06   9.9248591688e-02 
  4.3201569432e+20   9.9238071164e+18   2.2744316165e+61   8.2860780493e-30   2.9579750824e-14   1.2940129516e+06   9.9248591688e-02 
  4.4918459495e+20   1.7168900629e+19   4.1888670086e+61   8.3713580015e-30   2.9650658492e-14   1.3151130223e+06   9.9248591688e-02 
  4.6847138708e+20   1.9286792127e+19   5.1030945524e+61   8.4658174066e-30   2.9746896625e-14   1.3422153943e+06   9.9248591688e-02 
  4.8525185312e+20   1.6780466043e+19   4.7956053407e+61   8.5399811243e-30   2.9842844535e-14   1.3670805443e+06   9.9248591688e-02 
  4.9422175619e+20   8.9699030710e+18   2.7035552016e+61   8.5838989382e-30   2.9912670919e-14   1.3821390629e+06   9.9248591688e-02 
  5.0315621245e+20   8.9344562562e+18   2.7922169393e+61   8.6053082116e-30   2.9962746931e-14   1.3899318201e+06   9.9248591688e-02 
  5.2103024172e+20   1.7874029267e+19   5.8908027561e+61   8.6286780108e-30   3.0039125309e-14   1.3996047297e+06   9.9248591688e-02 
  5.3606033436e+20   1.5030092638e+19   5.2767339426e+61   8.6489036586e-30   3.0132782403e-14   1.4103146126e+06   9.9248591688e-02 
  5.4581220120e+20   9.7518668407e+18   3.5859281952e+61   8.6580225012e-30   3.0202433857e-14   1.4191761653e+06   9.9248591688e-02 
  5.5385633989e+20   8.0441386923e+18   3.0560522207e+61   8.6591770416e-30   3.0251499180e-14   1.4256123665e+06   9.9248591687e-02 
  5.6077618856e+20   6.9198486710e+18   2.7009433487e+61   8.6547008884e-30   3.0293212454e-14   1.4303772133e+06   9.9248591685e-02 
  5.7795599595e+20   1.7179807388e+19   6.9991339138e+61   8.6386796226e-30   3.0362340271e-14   1.4355342502e+06   9.9248591674e-02 
  5.8899491790e+20   1.1038921950e+19   4.7227468421e+61   8.6149627206e-30   3.0443945324e-14   1.4393500708e+06   9.9248591640e-02 
  5.9177927492e+20   2.7843570243e+18   1.2195772228e+61   8.5992383481e-30   3.0484725449e-14   1.4378497910e+06   9.9248591567e-02 
  5.9408335833e+20   2.3040834076e+18   1.0179287599e+61   8.5881965012e-30   3.0500154167e-14   1.4365867282e+06   9.9248590821e-02 
  6.0229910309e+20   8.2157447602e+18   3.6943982812e+61   8.5511711893e-30   3.0530743077e-14   1.4350041787e+06   9.9248588442e-02 
  6.0994465267e+20   7.6455495776e+18   3.5297524747e+61   8.4896539734e-30   3.0576173659e-14   1.4329369057e+06   9.9248578144e-02 
  6.1819277757e+20   8.2481249073e+18   3.9084590548e+61   8.4212473825e-30   3.0620416103e-14   1.4324478026e+06   9.9248538042e-02 
  6.3533544420e+20   1.7142666629e+19   8.4629847342e+61   8.3021738965e-30   3.0687781548e-14   1.4311500749e+06   9.9248426686e-02 
  6.4960556308e+20   1.4270118873e+19   7.4022150222e+61   8.1482614423e-30   3.0768745974e-14   1.4264212495e+06   9.9248193482e-02 
  6.6315218283e+20   1.3546619751e+19   7.3344137764e+61   8.0045026583e-30   3.0839120450e-14   1.4184142276e+06   9.9247879595e-02 
  6.8067589020e+20   1.7523707370e+19   9.9423237211e+61   7.8344426869e-30   3.0919512409e-14   1.4022920772e+06   9.9247029081e-02 
  6.9682085044e+20   1.6144960240e+19   9.6247154414e+61   7.6399059218e-30   3.1005380102e-14   1.3832643792e+06   9.9244752208e-02 
  7.1241148827e+20   1.5590637837e+19   9.7273977723e+61   7.4430131793e-30   3.1078965689e-14   1.3688056466e+06   9.9238632167e-02 
  7.2749617969e+20   1.5084691416e+19   9.8258805349e+61   7.2378550681e-30   3.1144288298e-14   1.3585734600e+06   9.9219211932e-02 
  7.4437135936e+20   1.6875179669e+19   1.1485628413e+62   7.0059207292e-30   3.1208491219e-14   1.3451365170e+06   9.9141769263e-02 
  7.5841279238e+20   1.4041433020e+19   9.9624729758e+61   6.7647030333e-30   3.1271908691e-14   1.3243548049e+06   9.8874250565e-02 
  7.6638716955e+20   7.9743771758e+18   5.8247373957e+61   6.5783763067e-30   3.1322561373e-14   1.2968783245e+06   9.8444296047e-02 
  7.7320632727e+20   6.8191577138e+18   5.0780337567e+61   6.4349227624e-30   3.1354623737e-14   1.2800190328e+06   9.7604062486e-02 
  7.8229353903e+20   9.0872117593e+18   6.9075719630e+61   6.2581933723e-30   3.1384612349e-14   1.2656013182e+06   9.6991136950e-02 
  7.8590423982e+20   3.6107007889e+18   2.7896120464e+61   6.1048871697e-30   3.1406312977e-14   1.2559081429e+06   9.6711793848e-02 
  7.8755415385e+20   1.6499140379e+18   1.2832813319e+61   6.0331355339e-30   3.1414587188e-14   1.2528101348e+06   9.6621289583e-02 
  7.9014279275e+20   2.5886388933e+18   2.0242721702e+61   5.9816015892e-30   3.1421029903e-14   1.2507584959e+06   9.6590252467e-02 
  7.9665254595e+20   6.5097532059e+18   5.1494241485e+61   5.8983583408e-30   3.1434445579e-14   1.2466786338e+06   9.6584403312e-02 
  8.0182252522e+20   5.1699792616e+18   4.1500365669e+61   5.8047319046e-30   3.1451096922e-14   1.2412784905e+06   9.6582025717e-02 
  8.0551623421e+20   3.6937089933e+18   2.9979759795e+61   5.7448387955e-30   3.1463216927e-14   1.2371343602e+06   9.6581720655e-02 
  8.0893416961e+20   3.4179353986e+18   2.7987479433e+61   5.7080011355e-30   3.1472820867e-14   1.2337213584e+06   9.6581674550e-02 
  8.1263032646e+20   3.6961568483e+18   3.0532999543e+61   5.6821807047e-30   3.1482431335e-14   1.2301628488e+06   9.6581671588e-02 
  8.1596787817e+20   3.3375517093e+18   2.7810345676e+61   5.6658023400e-30   3.1491974825e-14   1.2264164875e+06   9.6581671428e-02 
  8.2870953863e+20   1.2741660466e+19   1.0827945160e+62   5.6490279979e-30   3.1513796889e-14   1.2166186726e+06   9.6581671422e-02 
  8.4093411278e+20   1.2224574145e+19   1.0706288768e+62   5.6305370048e-30   3.1548933281e-14   1.1972968282e+06   9.6581671417e-02 
  8.4538152345e+20   4.4474106727e+18   3.9731581063e+61   5.6215062083e-30   3.1576205249e-14   1.1765901237e+06   9.6581671415e-02 
  8.4839878593e+20   3.0172624806e+18   2.7194281200e+61   5.6194686378e-30   3.1590400604e-14   1.1632455573e+06   9.6581671414e-02 
  8.5129230288e+20   2.8935169505e+18   2.6261305872e+61   5.6192019823e-30   3.1601396829e-14   1.1528569696e+06   9.6581671408e-02 
  8.5430434483e+20   3.0120419472e+18   2.7527324815e+61   5.6197458275e-30   3.1612114556e-14   1.1431811506e+06   9.6581671358e-02 
  8.6531276295e+20   1.1008418122e+19   1.0226905338e+62   5.6227700438e-30   3.1635163827e-14   1.1229619762e+06   9.6581671180e-02 
  8.7251733719e+20   7.2045742378e+18   6.8355790789e+61   5.6281772934e-30   3.1663410314e-14   1.0988846340e+06   9.6581670395e-02 
  8.7553674930e+20   3.0194121124e+18   2.8985608999e+61   5.6324851928e-30   3.1677288213e-14   1.0886025506e+06   9.6581668414e-02 
  8.7941932904e+20   3.8825797396e+18   3.7566736505e+61   5.6375990537e-30   3.1685894200e-14   1.0831271201e+06   9.6581648240e-02 
  8.8631847733e+20   6.8991482875e+18   6.7577169001e+61   5.6456410561e-30   3.1698738441e-14   1.0755458105e+06   9.6581583955e-02 
  8.9332301762e+20   7.0045402968e+18   6.9694226146e+61   5.6538589991e-30   3.1714623090e-14   1.0665729577e+06   9.6581074513e-02 
  9.0278269754e+20   9.4596799212e+18   9.5872514870e+61   5.6608164317e-30   3.1732525521e-14   1.0564399393e+06   9.6579715797e-02 
  9.1302082871e+20   1.0238131168e+19   1.0605053761e+62   5.6668895424e-30   3.1753557529e-14   1.0441347114e+06   9.6577286835e-02 
  9.2308877615e+20   1.0067947441e+19   1.0663318220e+62   5.6712277195e-30   3.1775586299e-14   1.0297884575e+06   9.6575964897e-02 
  9.3896845735e+20   1.5879681199e+19   1.7297694851e+62   5.6743582233e-30   3.1805759636e-14   1.0047547344e+06   9.6570899504e-02 
  9.5325914130e+20   1.4290683947e+19   1.6075255676e+62   5.6766594721e-30   3.1849128455e-14   9.5742593923e+05   9.6557107760e-02 
  9.6618246310e+20   1.2923321797e+19   1.4958236715e+62   5.6765441627e-30   3.1892006217e-14   9.0560884348e+05   9.6527264240e-02 
  9.7884734119e+20   1.2664878096e+19   1.5052531525e+62   5.6718161264e-30   3.1922096336e-14   8.7216183478e+05   9.6444579401e-02 
  9.9522419452e+20   1.6376853330e+19   2.0050078077e+62   5.6603213994e-30   3.1946286832e-14   8.4959983719e+05   9.6128961693e-02 
  1.0074449099e+21   1.2220715329e+19   1.5398211723e+62   5.6433933216e-30   3.1964415779e-14   8.3416843890e+05   9.5091900880e-02 
  1.0169758818e+21   9.5309719551e+18   1.2271336100e+62   5.6243796663e-30   3.1976564637e-14   8.2365100690e+05   9.1896051587e-02 
  1.0221011637e+21   5.1252819058e+18   6.6947723926e+61   5.6060900361e-30   3.1986292638e-14   8.1347474612e+05   8.8144629654e-02 
  1.0291092963e+21   7.0081325643e+18   9.2634831480e+61   5.5821229730e-30   3.1997249142e-14   7.9913268203e+05   8.1744923201e-02 
  1.0319236705e+21   2.8143742536e+18   3.7557949075e+61   5.5574374441e-30   3.2008727532e-14   7.8245714565e+05   7.6487452406e-02 
  1.0348942184e+21   2.9705478598e+18   3.9864943168e+61   5.5347694258e-30   3.2016936461e-14   7.6974432136e+05   7.3851385152e-02 
  1.0404944221e+21   5.6002037478e+18   7.5779829764e+61   5.4897044992e-30   3.2030201117e-14   7.4858137761e+05   7.3527153988e-02 
  1.0445020548e+21   4.0076326367e+18   5.4732963454e+61   5.4373970942e-30   3.2048211592e-14   7.1879611050e+05   7.3369940691e-02 
  1.0480865736e+21   3.5845188032e+18   4.9311575931e+61   5.4010048317e-30   3.2060955200e-14   6.9773130151e+05   7.3320335135e-02 
  1.0528981709e+21   4.8115973492e+18   6.6724558189e+61   5.3696214162e-30   3.2073119589e-14   6.7771321532e+05   7.3314308061e-02 
  1.0581383944e+21   5.2402234710e+18   7.3365534230e+61   5.3397180654e-30   3.2085534377e-14   6.5748047937e+05   7.3313122720e-02 
  1.0630718411e+21   4.9334467196e+18   6.9737845515e+61   5.3161869732e-30   3.2095481974e-14   6.4161934031e+05   7.3313018398e-02 
  1.0737323377e+21   1.0660496620e+19   1.5291861692e+62   5.2907278565e-30   3.2106338790e-14   6.2570311033e+05   7.3313013075e-02 
  1.0822331554e+21   8.5008176681e+18   1.2413562513e+62   5.2649778553e-30   3.2115504052e-14   6.1057576652e+05   7.3313011902e-02 
  1.0878600669e+21   5.6269114544e+18   8.3248747511e+61   5.2503188017e-30   3.2119469585e-14   6.0466778475e+05   7.3313011762e-02 
  1.1012099857e+21   1.3349918871e+19   2.0098016684e+62   5.2388421101e-30   3.2122992286e-14   5.9826565230e+05   7.3313011670e-02 
  1.1121506362e+21   1.0940650428e+19   1.6838403401e+62   5.2283358259e-30   3.2127107093e-14   5.8909454991e+05   7.3313011339e-02 
  1.1260896026e+21   1.3938966447e+19   2.1938122548e+62   5.2216328742e-30   3.2132788915e-14   5.7462050568e+05   7.3313009506e-02 
  1.1359458549e+21   9.8562523048e+18   1.5843942216e+62   5.2183971820e-30   3.2147318948e-14   5.4149516392e+05   7.3313000804e-02 
  1.1453256432e+21   9.3797882968e+18   1.5335548204e+62   5.2189427969e-30   3.2174625027e-14   4.8418588150e+05   7.3312945567e-02 
  1.1628165263e+21   1.7490883053e+19   2.9274873887e+62   5.2214369825e-30   3.2209311812e-14   4.0934228945e+05   7.3312812751e-02 
  1.1746462190e+21   1.1829692723e+19   2.0305628671e+62   5.2245341804e-30   3.2234014460e-14   3.5011337418e+05   7.3312540902e-02 
  1.1860497901e+21   1.1403571165e+19   1.9965227330e+62   5.2272157581e-30   3.2234974394e-14   3.3307205874e+05   7.3311451292e-02 
  1.1957807907e+21   9.7310005218e+18   1.7343291306e+62   5.2311579129e-30   3.2226692023e-14   3.3884812741e+05   7.3305938948e-02 
  1.2037761296e+21   7.9953389375e+18   1.4462736430e+62   5.2370500648e-30   3.2213879528e-14   3.5156276922e+05   7.3287009958e-02 
  1.2212349037e+21   1.7458774078e+19   3.2255112353e+62   5.2524822713e-30   3.2204495975e-14   3.4805366527e+05   7.3234527255e-02 
  1.2328754530e+21   1.1640549303e+19   2.2024942374e+62   5.2767645107e-30   3.2206461683e-14   3.2380115693e+05   7.3127556319e-02 
  1.2382895398e+21   5.4140868031e+18   1.0386740179e+62   5.2996361054e-30   3.2229286604e-14   2.6728242029e+05   7.2975729642e-02 
  1.2445060617e+21   6.2165219552e+18   1.2038716482e+62   5.3254176341e-30   3.2247722718e-14   2.2570530219e+05   7.2238688515e-02 
  1.2487801705e+21   4.2741087448e+18   8.3471870091e+61   5.3577310668e-30   3.2265382770e-14   1.8666389007e+05   7.1109122182e-02 
  1.2534966868e+21   4.7165162727e+18   9.2777452358e+61   5.3987330671e-30   3.2281395102e-14   1.5082148478e+05   6.9636464117e-02 
  1.2569162652e+21   3.4195783931e+18   6.7703799134e+61   5.4485946600e-30   3.2293054953e-14   1.1933799585e+05   6.8899651507e-02 
  1.2642793705e+21   7.3631053834e+18   1.4703652054e+62   5.5426959266e-30   3.2306228011e-14   8.4932947227e+04   6.8642880562e-02 
  1.2694673628e+21   5.1879922171e+18   1.0463481217e+62   5.6745564414e-30   3.2318840962e-14   5.1483884789e+04   6.8515801802e-02 
  1.2778900501e+21   8.4226873270e+18   1.7170458887e+62   5.8633936582e-30   3.2323484994e-14   3.1516757440e+04   6.8468689919e-02 
  1.2822492747e+21   4.3592246534e+18   8.9760806209e+61   6.0819805474e-30   3.2321161699e-14   2.7042011521e+04   6.8452579903e-02 
  1.2854591376e+21   3.2098628812e+18   6.6485660474e+61   6.2699056658e-30   3.2294600207e-14   6.6144313260e+04   6.8447069810e-02 
  1.2889901693e+21   3.5310317127e+18   7.3522531537e+61   6.5258017792e-30   3.2264202219e-14   1.1124947873e+05   6.8445346175e-02 
  1.2909891618e+21   1.9989924193e+18   4.1801663050e+61   6.8200482553e-30   3.2244929283e-14   1.3478830520e+05   6.8445146191e-02 
  1.2960556815e+21   5.0665197958e+18   1.0652905765e+62   7.4218770429e-30   3.2231213216e-14   1.4674143079e+05   6.8445141313e-02 
  1.2992527552e+21   3.1970737005e+18   6.7652008912e+61   8.2822502349e-30   3.2220457058e-14   1.3520249112e+05   6.8445302552e-02 
  1.3022030988e+21   2.9503435888e+18   6.2727152827e+61   9.1641229831e-30   3.2223820476e-14   1.2190865703e+05   6.8446319177e-02 
  1.3029421807e+21   7.3908187944e+17   1.5758190036e+61   9.8876167402e-30   3.2222406646e-14   1.1535453041e+05   6.8448110889e-02 
  1.3120656108e+21   9.1234300552e+18   1.9599985771e+62   1.4271381649e-29   3.2227077801e-14   8.7869481404e+04   6.8470396155e-02 
  1.3165434483e+21   4.4778375221e+18   9.7200975741e+61   2.1404536773e-29   3.2237343949e-14   4.4651380994e+04   6.8588315863e-02 
  1.3172833205e+21   7.3987220702e+17   1.6124305288e+61   2.5633950928e-29   3.2250153558e-14   2.0330729280e+04   6.8759012066e-02 
  1.3224063565e+21   5.1230359551e+18   1.1214594372e+62   4.3683308781e-29   3.2256474565e-14   6.9379588435e+02   6.8739242055e-02 
  1.3226587196e+21   2.5236317500e+17   5.5468775590e+60   6.7493015920e-29   3.2290232778e-14  -3.5965527687e+04   6.6043392856e-02 
  1.3234997963e+21   8.4107670956e+17   1.8501937420e+61   1.1175059006e-28   3.2296038803e-14  -4.2095939251e+04   5.7003344713e-02 
  1.3258029975e+21   2.3032011927e+18   5.0786122261e+61   3.5366164273e-28   3.2343563759e-14  -4.7687308519e+04   3.7784864547e-02 
  1.3286021510e+21   2.7991534408e+18   6.1959964682e+61   1.4765462774e-27   3.2469785330e-14  -4.4128988947e+04   2.5366776462e-02 
  1.3289583802e+21   3.5622923942e+17   7.9039788483e+60   4.5176617074e-27   3.1721361009e-14  -2.6982660216e+04   2.2392931161e-02 
  1.3294243124e+21   4.6593213981e+17   1.0344453404e+61   1.9429876249e-26   3.2246041058e-14  -4.4863773910e+04   2.1830259763e-02 
  1.3297716446e+21   3.4733228525e+17   7.7160620695e+60   4.4732363250e-26   3.2289480730e-14  -4.8500011646e+04   2.1084648783e-02 
  1.3307119641e+21   9.4031947264e+17   2.0909637115e+61   5.9737754337e-26   3.2143257639e-14  -5.0081137887e+04   2.0401397258e-02 
  1.3318682733e+21   1.1563091560e+18   2.5753085690e+61   6.3661834169e-26   3.1847590146e-14  -5.4401425308e+04   2.0084563873e-02 
  1.3449587041e+21   1.3090430814e+19   2.9467810979e+62   6.5093821009e-26   3.1684125885e-14  -5.6645384571e+04   2.0050201092e-02 
  1.3552880967e+21   1.0329392651e+19   2.3661032827e+62   7.7567968203e-25   3.1769099494e-14  -5.3637348556e+04   2.0035438247e-02 
  1.3667033432e+21   1.1415246448e+19   2.6571203221e+62   7.9016441311e-25   3.1981372506e-14  -5.3621979043e+04   2.0032055410e-02 
  1.3793330458e+21   1.2629702625e+19   2.9919796530e+62   8.0044867354e-25   3.2129097974e-14  -5.2363273797e+04   2.0028740234e-02 
  1.3924103188e+21   1.3077273037e+19   3.1562857866e+62   8.1658609824e-25   3.2351397204e-14  -4.9821042015e+04   2.0028438058e-02 
  1.4109031122e+21   1.8492793328e+19   4.5656435705e+62   8.6126727099e-25   3.2970686011e-14  -4.5486848016e+04   2.0022766453e-02 
  1.4298587492e+21   1.8955637033e+19   4.8057852475e+62   9.2026728389e-25   3.3750144037e-14  -3.8074006201e+04   2.0022430228e-02 
  1.4415919660e+21   1.1733216783e+19   3.0392898359e+62   9.8890933144e-25   3.4756139087e-14  -3.0742201353e+04   2.0014609836e-02 
  1.4529518459e+21   1.1359879941e+19   2.9901026562e+62   1.0227859052e-24   3.5253605354e-14  -2.6091256654e+04   2.0014510581e-02 
  1.4691920999e+21   1.6240254000e+19   4.3566269405e+62   1.0754772648e-24   3.6019390258e-14  -2.2431224298e+04   2.0005301379e-02 
  1.4820685598e+21   1.2876459866e+19   3.5234186149e+62   1.1280977579e-24   3.6755298551e-14  -1.7162281793e+04   2.0001229874e-02 
  1.4945850181e+21   1.2516458334e+19   3.4840989390e+62   1.1837272386e-24   3.7552071022e-14  -1.2189626002e+04   2.0000447668e-02 
  1.5073975275e+21   1.2812509327e+19   3.6274633217e+62   1.2442861976e-24   3.8453884121e-14  -7.1479434446e+03   2.0000173202e-02 
  1.5200633629e+21   1.2665835492e+19   3.6470635629e+62   1.3105664292e-24   3.9418478126e-14  -1.9440223161e+03   2.0000059480e-02 
  1.5321346231e+21   1.2071260141e+19   3.5328902744e+62   1.3827973005e-24   4.0444219017e-14   3.2830819549e+03   2.0000019200e-02 
  1.5433901707e+21   1.1255547591e+19   3.3446979592e+62   1.4572150048e-24   4.1475379981e-14   8.3018004917e+03   2.0000006017e-02 
  1.5538182039e+21   1.0428033196e+19   3.1426409736e+62   1.5277796893e-24   4.2484808920e-14   1.2828116764e+04   2.0000001767e-02 
  1.5636224599e+21   9.8042560238e+18   2.9933833611e+62   1.5976507053e-24   4.3490583083e-14   1.7123495423e+04   2.0000000504e-02 
  1.5728069472e+21   9.1844872836e+18   2.8384226617e+62   1.6691842661e-24   4.4501850533e-14   2.1251662777e+04   2.0000000135e-02 
  1.5814540598e+21   8.6471126541e+18   2.7028212957e+62   1.7408682503e-24   4.5497979445e-14   2.5266836903e+04   2.0000000035e-02 
  1.5893979465e+21   7.9438866746e+18   2.5092028175e+62   1.8129884021e-24   4.6483662214e-14   2.9064177202e+04   2.0000000008e-02 
  1.5966449063e+21   7.2469598303e+18   2.3110519145e+62   1.8827641457e-24   4.7423003546e-14   3.2600847071e+04   2.0000000002e-02 
  1.6034771637e+21   6.8322573441e+18   2.1981019861e+62   1.9503391361e-24   4.8332766151e-14   3.5905972704e+04   2.0000000000e-02 
  1.6099617971e+21   6.4846333869e+18   2.1036621839e+62   2.0201562893e-24   4.9314599026e-14   3.9251129323e+04   2.0000000000e-02 
  1.6159550699e+21   5.9932728536e+18   1.9593894487e+62   2.1011425217e-24   5.0437166250e-14   4.2856664931e+04   2.0000000000e-02 
  1.6216180679e+21   5.6629979973e+18   1.8648156265e+62   2.1670498032e-24   5.1091602516e-14   4.5651853565e+04   2.0000000000e-02 
  1.6270530307e+21   5.4349628009e+18   1.8020147581e+62   2.2242189165e-24   5.1856184491e-14   4.7895717276e+04   2.0000000000e-02 
  1.6323239587e+21   5.2709279725e+18   1.7591647871e+62   2.2838411517e-24   5.2637901451e-14   5.0280855384e+04   2.0000000000e-02 
  1.6379150353e+21   5.5910765799e+18   1.8784719829e+62   2.3491260114e-24   5.3485584233e-14   5.2833863375e+04   2.0000000000e-02 
  1.6436704671e+21   5.7554318196e+18   1.9471332824e+62   2.4230810864e-24   5.4435384982e-14   5.5611686798e+04   2.0000000000e-02 
  1.6491677840e+21   5.4973169162e+18   1.8725863217e+62   2.4967839781e-24   5.5372769280e-14   5.8308038054e+04   2.0000000000e-02 
  1.6544986382e+21   5.3308542331e+18   1.8278452965e+62   2.5633802323e-24   5.6210565395e-14   6.0592025335e+04   2.0000000000e-02 
  1.6597785907e+21   5.2799524390e+18   1.8220400401e+62   2.6257705478e-24   5.7009537027e-14   6.2687557971e+04   2.0000000000e-02 
  1.6650045747e+21   5.2259839966e+18   1.8148676507e+62   2.6887721892e-24   5.7836684185e-14   6.4739238621e+04   2.0000000000e-02 
  1.6700654613e+21   5.0608866548e+18   1.7684253582e+62   2.7531296208e-24   5.8674556270e-14   6.6795185689e+04   2.0000000000e-02 
  1.6747546179e+21   4.6891565711e+18   1.6481260151e+62   2.8170252351e-24   5.9499663358e-14   6.8786777126e+04   2.0000000000e-02 
  1.6792246971e+21   4.4700791858e+18   1.5797417868e+62   2.8796156592e-24   6.0301702872e-14   7.0699520078e+04   2.0000000000e-02 
  1.6834740153e+21   4.2493182170e+18   1.5095422547e+62   2.9416756891e-24   6.1091079996e-14   7.2550997789e+04   2.0000000000e-02 
  1.6873311785e+21   3.8571632124e+18   1.3768460631e+62   3.0014884713e-24   6.1846369405e-14   7.4295396983e+04   2.0000000000e-02 
  1.6910034952e+21   3.6723167271e+18   1.3167263172e+62   3.0587792183e-24   6.2564930603e-14   7.5934176786e+04   2.0000000000e-02 
  1.6946057479e+21   3.6022526047e+18   1.2971728911e+62   3.1158552558e-24   6.3276174616e-14   7.7528041569e+04   2.0000000000e-02 
  1.6981416421e+21   3.5358942019e+18   1.2786519403e+62   3.1733586118e-24   6.3988179146e-14   7.9103935346e+04   2.0000000000e-02 
  1.7015128843e+21   3.3712422490e+18   1.2240792847e+62   3.2305147140e-24   6.4691477266e-14   8.0638341875e+04   2.0000000000e-02 
  1.7045048899e+21   2.9920055685e+18   1.0904511174e+62   3.2845816439e-24   6.5353123436e-14   8.2061317682e+04   2.0000000000e-02 
  1.7073362781e+21   2.8313882679e+18   1.0354449420e+62   3.3354529211e-24   6.5972191225e-14   8.3372992503e+04   2.0000000000e-02 
  1.7101209769e+21   2.7846987404e+18   1.0217258224e+62   3.3855097920e-24   6.6578480443e-14   8.4638652659e+04   2.0000000000e-02 
  1.7128862121e+21   2.7652352659e+18   1.0178825675e+62   3.4344368453e-24   6.7168437990e-14   8.5844746358e+04   2.0000000000e-02 
  1.7156378000e+21   2.7515878725e+18   1.0161264201e+62   3.4812626791e-24   6.7731152275e-14   8.6962541706e+04   2.0000000000e-02 
  1.7183789769e+21   2.7411768661e+18   1.0155278734e+62   3.5251800506e-24   6.8256633850e-14   8.7977808221e+04   2.0000000000e-02 
  1.7211114255e+21   2.7324485854e+18   1.0155239420e+62   3.5668184920e-24   6.8753391869e-14   8.8907501864e+04   2.0000000000e-02 
  1.7238338959e+21   2.7224704107e+18   1.0150274742e+62   3.6073613519e-24   6.9253131637e-14   8.9802797025e+04   2.0000000000e-02 
  1.7265260529e+21   2.6921570670e+18   1.0068833580e+62   3.6486326752e-24   6.9767447711e-14   9.0708743763e+04   2.0000000000e-02 
  1.7290877245e+21   2.5616715647e+18   9.6100089797e+61   3.6898510708e-24   7.0279336493e-14   9.1623814887e+04   2.0000000000e-02 
  1.7312765700e+21   2.1888454501e+18   8.2339584832e+61   3.7287950683e-24   7.0761381341e-14   9.2471375291e+04   2.0000000000e-02 
  1.7333242105e+21   2.0476404926e+18   7.7216485391e+61   3.7643132633e-24   7.1199710070e-14   9.3256185720e+04   2.0000000000e-02 
  1.7353401555e+21   2.0159450082e+18   7.6199682224e+61   3.7997721492e-24   7.1636074742e-14   9.4020744680e+04   2.0000000000e-02 
  1.7373293432e+21   1.9891876984e+18   7.5362030293e+61   3.8352561943e-24   7.2071530795e-14   9.4796823389e+04   2.0000000000e-02 
  1.7392102935e+21   1.8809503364e+18   7.1420290826e+61   3.8707055027e-24   7.2505361150e-14   9.5553040258e+04   2.0000000000e-02 
  1.7408180628e+21   1.6077692835e+18   6.1170100809e+61   3.9029977921e-24   7.2899514159e-14   9.6249412319e+04   2.0000000000e-02 
  1.7425555298e+21   1.7374670062e+18   6.6231804130e+61   3.9348544157e-24   7.3287352676e-14   9.6920625938e+04   2.0000000000e-02 
  1.7441281122e+21   1.5725824433e+18   6.0060426709e+61   3.9666847434e-24   7.3675101565e-14   9.7596791869e+04   2.0000000000e-02 
  1.7458564428e+21   1.7283305497e+18   6.6133837618e+61   3.9993619199e-24   7.4070912769e-14   9.8277893327e+04   2.0000000000e-02 
  1.7474172325e+21   1.5607897405e+18   5.9835582809e+61   4.0322922895e-24   7.4468831074e-14   9.8968132616e+04   2.0000000000e-02 
  1.7491296944e+21   1.7124618830e+18   6.5773286588e+61   4.0658749901e-24   7.4873682088e-14   9.9659880235e+04   2.0000000000e-02 
  1.7506760772e+21   1.5463827609e+18   5.9505181817e+61   4.0997164848e-24   7.5280627397e-14   1.0035866650e+05   2.0000000000e-02 
  1.7523640928e+21   1.6880156377e+18   6.5075364125e+61   4.1340865630e-24   7.5692896976e-14   1.0105727003e+05   2.0000000000e-02 
  1.7537811849e+21   1.4170921316e+18   5.4727775685e+61   4.1674868736e-24   7.6092539763e-14   1.0173649784e+05   2.0000000000e-02 
  1.7550800816e+21   1.2988966444e+18   5.0240838867e+61   4.1972689129e-24   7.6448080362e-14   1.0233426869e+05   2.0000000000e-02 
  1.7563721236e+21   1.2920420072e+18   5.0049535263e+61   4.2260207041e-24   7.6790597631e-14   1.0291085811e+05   2.0000000000e-02 
  1.7576345080e+21   1.2623844230e+18   4.8971868187e+61   4.2548437056e-24   7.7133263482e-14   1.0348258649e+05   2.0000000000e-02 
  1.7587905658e+21   1.1560577784e+18   4.4908873856e+61   4.2824327186e-24   7.7460602565e-14   1.0402873538e+05   2.0000000000e-02 
  1.7595654308e+21   7.7486497548e+17   3.0133908929e+61   4.3047341052e-24   7.7724743533e-14   1.0446636943e+05   2.0000000000e-02 
  1.7602161362e+21   6.5070543734e+17   2.5325949615e+61   4.3213222509e-24   7.7920948015e-14   1.0479157604e+05   2.0000000000e-02 
  1.7608440878e+21   6.2795164480e+17   2.4458115198e+61   4.3363415224e-24   7.8098401802e-14   1.0508416850e+05   2.0000000000e-02 
  1.7614751459e+21   6.3105804959e+17   2.4596687116e+61   4.3512123768e-24   7.8273919335e-14   1.0537371861e+05   2.0000000000e-02 
  1.7621085467e+21   6.3340078689e+17   2.4705728169e+61   4.3662691470e-24   7.8451448407e-14   1.0566522489e+05   2.0000000000e-02 
  1.7627418752e+21   6.3332855371e+17   2.4720675321e+61   4.3814326553e-24   7.8630049435e-14   1.0595857735e+05   2.0000000000e-02 
  1.7633739735e+21   6.3209826299e+17   2.4690371679e+61   4.3966986459e-24   7.8809670565e-14   1.0625233040e+05   2.0000000000e-02 
  1.7640049423e+21   6.3096881190e+17   2.4663914134e+61   4.4120170127e-24   7.8989718904e-14   1.0654681400e+05   2.0000000000e-02 
  1.7646348627e+21   6.2992034291e+17   2.4640537035e+61   4.4274244238e-24   7.9170625145e-14   1.0684152092e+05   2.0000000000e-02 
  1.7652638479e+21   6.2898527153e+17   2.4621518872e+61   4.4428906536e-24   7.9352030699e-14   1.0713700647e+05   2.0000000000e-02 
  1.7658919180e+21   6.2807011406e+17   2.4603209056e+61   4.4584465274e-24   7.9534297056e-14   1.0743284743e+05   2.0000000000e-02 
  1.7665190528e+21   6.2713474099e+17   2.4584036206e+61   4.4740656997e-24   7.9717111387e-14   1.0772947203e+05   2.0000000000e-02 
  1.7671452316e+21   6.2617880414e+17   2.4563984468e+61   4.4897708177e-24   7.9900739069e-14   1.0802652668e+05   2.0000000000e-02 
  1.7677704521e+21   6.2522049629e+17   2.4543766050e+61   4.5055436979e-24   8.0084962298e-14   1.0832434112e+05   2.0000000000e-02 
  1.7683947186e+21   6.2426651588e+17   2.4523643988e+61   4.5213995753e-24   8.0269959935e-14   1.0862273722e+05   2.0000000000e-02 
  1.7690180335e+21   6.2331486877e+17   2.4503540408e+61   4.5373332420e-24   8.0455664989e-14   1.0892192719e+05   2.0000000000e-02 
  1.7696403923e+21   6.2235879514e+17   2.4483189611e+61   4.5533515072e-24   8.0642096174e-14   1.0922188308e+05   2.0000000000e-02 
  1.7702617967e+21   6.2140447558e+17   2.4462834572e+61   4.5694491151e-24   8.0829211350e-14   1.0952243037e+05   2.0000000000e-02 
  1.7708822453e+21   6.2044857160e+17   2.4442343985e+61   4.5856167850e-24   8.1016944492e-14   1.0982348710e+05   2.0000000000e-02 
  1.7715017305e+21   6.1948519500e+17   2.4421485534e+61   4.6018608481e-24   8.1205365019e-14   1.1012487517e+05   2.0000000000e-02 
  1.7721202567e+21   6.1852617507e+17   2.4400725288e+61   4.6181747191e-24   8.1394394088e-14   1.1042666703e+05   2.0000000000e-02 
  1.7727378169e+21   6.1756017404e+17   2.4379616056e+61   4.6345670501e-24   8.1584131980e-14   1.1072871467e+05   2.0000000000e-02 
  1.7733544112e+21   6.1659436373e+17   2.4358440555e+61   4.6510408139e-24   8.1774606482e-14   1.1103103525e+05   2.0000000000e-02 
  1.7739700424e+21   6.1563115684e+17   2.4337294291e+61   4.6675912642e-24   8.1965766345e-14   1.1133369858e+05   2.0000000000e-02 
  1.7745847045e+21   6.1466208928e+17   2.4315842664e+61   4.6842400673e-24   8.2157853770e-14   1.1163646365e+05   2.0000000000e-02 
  1.7751983978e+21   6.1369328852e+17   2.4294327755e+61   4.7009635834e-24   8.2350597924e-14   1.1193969259e+05   2.0000000000e-02 
  1.7758111158e+21   6.1271802190e+17   2.4272482860e+61   4.7177965055e-24   8.2544394157e-14   1.1224293166e+05   2.0000000000e-02 
  1.7764228566e+21   6.1174082937e+17   2.4250487379e+61   4.7347088680e-24   8.2738894330e-14   1.1254666688e+05   2.0000000000e-02 
  1.7770336143e+21   6.1075769640e+17   2.4228181864e+61   4.7517340140e-24   8.2934481365e-14   1.1285046394e+05   2.0000000000e-02 
  1.7776433883e+21   6.0977402897e+17   2.4205780414e+61   4.7688504350e-24   8.3130901656e-14   1.1315472915e+05   2.0000000000e-02 
  1.7782521677e+21   6.0877935238e+17   2.4182866810e+61   4.7860818996e-24   8.3328428007e-14   1.1345921263e+05   2.0000000000e-02 
  1.7788599507e+21   6.0778302121e+17   2.4159811908e+61   4.8034200774e-24   8.3526957645e-14   1.1376419673e+05   2.0000000000e-02 
  1.7794667301e+21   6.0677943073e+17   2.4136392586e+61   4.8208809515e-24   8.3726671311e-14   1.1406965868e+05   2.0000000000e-02 
  1.7800724999e+21   6.0576980903e+17   2.4112657035e+61   4.8384679259e-24   8.3927600366e-14   1.1437586287e+05   2.0000000000e-02 
  1.7806772550e+21   6.0475506474e+17   2.4088640887e+61   4.8561966447e-24   8.4129917396e-14   1.1468302452e+05   2.0000000000e-02 
  1.7812809815e+21   6.0372650345e+17   2.4063997000e+61   4.8740809132e-24   8.4333774535e-14   1.1499156802e+05   2.0000000000e-02 
  1.7818836711e+21   6.0268963659e+17   2.4038943870e+61   4.8921510902e-24   8.4539431649e-14   1.1530147738e+05   2.0000000000e-02 
  1.7824853294e+21   6.0165824050e+17   2.4014030727e+61   4.9102795439e-24   8.4745527646e-14   1.1561105663e+05   2.0000000000e-02 
  1.7830859813e+21   6.0065188761e+17   2.3990040236e+61   4.9282239591e-24   8.4949348253e-14   1.1591504521e+05   2.0000000000e-02 
  1.7836856546e+21   5.9967332501e+17   2.3967085004e+61   4.9460070380e-24   8.5151073680e-14   1.1621369878e+05   2.0000000000e-02 
  1.7842843723e+21   5.9871773598e+17   2.3944975395e+61   4.9637059747e-24   8.5351575613e-14   1.1650870200e+05   2.0000000000e-02 
  1.7848821411e+21   5.9776875510e+17   2.3923058773e+61   4.9813878425e-24   8.5551638810e-14   1.1680164230e+05   2.0000000000e-02 
  1.7854789655e+21   5.9682439124e+17   2.3901256152e+61   4.9991090225e-24   8.5751896606e-14   1.1709310963e+05   2.0000000000e-02 
  1.7860748535e+21   5.9588801492e+17   2.3879703212e+61   5.0168436098e-24   8.5952177959e-14   1.1738326311e+05   2.0000000000e-02 
  1.7866698182e+21   5.9496466569e+17   2.3858603033e+61   5.0343880132e-24   8.6150247595e-14   1.1766798549e+05   2.0000000000e-02 
  1.7872639176e+21   5.9409941831e+17   2.3839766416e+61   5.0514931844e-24   8.6343337423e-14   1.1794222149e+05   2.0000000000e-02 
  1.7878572437e+21   5.9332612194e+17   2.3824559258e+61   5.0678792079e-24   8.6528230293e-14   1.1820024087e+05   2.0000000000e-02 
  1.7884499187e+21   5.9267498905e+17   2.3814205774e+61   5.0833103059e-24   8.6701932133e-14   1.1843722633e+05   2.0000000000e-02 
  1.7890420695e+21   5.9215077780e+17   2.3808910385e+61   5.0976588296e-24   8.6863351982e-14   1.1865134572e+05   2.0000000000e-02 
  1.7896338195e+21   5.9175006995e+17   2.3808549045e+61   5.1109699463e-24   8.7012945006e-14   1.1884375287e+05   2.0000000000e-02 
  1.7902252876e+21   5.9146809850e+17   2.3812942917e+61   5.1235472280e-24   8.7153948058e-14   1.1901919398e+05   2.0000000000e-02 
  1.7908165548e+21   5.9126714292e+17   2.3820584474e+61   5.1357540088e-24   8.7293180027e-14   1.1918906030e+05   2.0000000000e-02 
  1.7914076182e+21   5.9106345840e+17   2.3828105134e+61   5.1480376923e-24   8.7436231563e-14   1.1936134613e+05   2.0000000000e-02 
  1.7919984142e+21   5.9079597782e+17   2.3833040308e+61   5.1607080165e-24   8.7583586541e-14   1.1954124941e+05   2.0000000000e-02 
  1.7925888606e+21   5.9044643219e+17   2.3834645492e+61   5.1738517655e-24   8.7736317834e-14   1.1973066619e+05   2.0000000000e-02 
  1.7931788745e+21   5.9001382898e+17   2.3832871848e+61   5.1875212833e-24   8.7895044236e-14   1.1993026532e+05   2.0000000000e-02 
  1.7937683899e+21   5.8951539734e+17   2.3828407181e+61   5.2017085396e-24   8.8059681148e-14   1.2014009554e+05   2.0000000000e-02 
  1.7943573538e+21   5.8896396050e+17   2.3821763329e+61   5.2163889569e-24   8.8229947752e-14   1.2035924626e+05   2.0000000000e-02 
  1.7949457204e+21   5.8836654901e+17   2.3813219318e+61   5.2314971243e-24   8.8405082249e-14   1.2058654650e+05   2.0000000000e-02 
  1.7955334566e+21   5.8773622598e+17   2.3803299510e+61   5.2469717828e-24   8.8584366762e-14   1.2082035641e+05   2.0000000000e-02 
  1.7961205355e+21   5.8707892544e+17   2.3792240998e+61   5.2627330052e-24   8.8766863701e-14   1.2105921394e+05   2.0000000000e-02 
  1.7967069347e+21   5.8639913792e+17   2.3780223112e+61   5.2787218986e-24   8.8951878010e-14   1.2130158005e+05   2.0000000000e-02 
  1.7972926414e+21   5.8570668072e+17   2.3767642004e+61   5.2948747018e-24   8.9138658297e-14   1.2154636274e+05   2.0000000000e-02 
  1.7978776442e+21   5.8500285954e+17   2.3754549399e+61   5.3111575022e-24   8.9326799320e-14   1.2179256345e+05   2.0000000000e-02 
  1.7984619346e+21   5.8429042685e+17   2.3741056003e+61   5.3275340315e-24   8.9515870778e-14   1.2203970739e+05   2.0000000000e-02 
  1.7990455099e+21   5.8357523607e+17   2.3727399006e+61   5.3439990718e-24   8.9705802715e-14   1.2228737417e+05   2.0000000000e-02 
  1.7996283637e+21   5.8285379578e+17   2.3713436056e+61   5.3605394293e-24   8.9896435915e-14   1.2253560402e+05   2.0000000000e-02 
  1.8002104905e+21   5.8212686636e+17   2.3699197492e+61   5.3771682691e-24   9.0087917268e-14   1.2278433487e+05   2.0000000000e-02 
  1.8007918878e+21   5.8139727662e+17   2.3684798048e+61   5.3938828444e-24   9.0280212252e-14   1.2303382278e+05   2.0000000000e-02 
  1.8013725483e+21   5.8066050870e+17   2.3670053253e+61   5.4106989158e-24   9.0473501530e-14   1.2328407752e+05   2.0000000000e-02 
  1.8019524677e+21   5.7991938433e+17   2.3655077524e+61   5.4276124595e-24   9.0667738241e-14   1.2353527994e+05   2.0000000000e-02 
  1.8025316425e+21   5.7917482068e+17   2.3639907889e+61   5.4446307707e-24   9.0863007051e-14   1.2378733236e+05   2.0000000000e-02 
  1.8031100656e+21   5.7842309933e+17   2.3624392103e+61   5.4617444723e-24   9.1059199591e-14   1.2404022617e+05   2.0000000000e-02 
  1.8036877347e+21   5.7766907711e+17   2.3608728013e+61   5.4789513755e-24   9.1256290651e-14   1.2429375810e+05   2.0000000000e-02 
  1.8042646471e+21   5.7691235289e+17   2.3592899008e+61   5.4962400983e-24   9.1454147740e-14   1.2454780072e+05   2.0000000000e-02 
  1.8048407988e+21   5.7615178657e+17   2.3576858175e+61   5.5136047548e-24   9.1652701812e-14   1.2480215317e+05   2.0000000000e-02 
  1.8054161903e+21   5.7539143571e+17   2.3560771352e+61   5.5310367840e-24   9.1851852187e-14   1.2505669103e+05   2.0000000000e-02 
  1.8059908201e+21   5.7462986340e+17   2.3544579709e+61   5.5485317827e-24   9.2051546455e-14   1.2531129134e+05   2.0000000000e-02 
  1.8065646866e+21   5.7386649113e+17   2.3528259432e+61   5.5660852762e-24   9.2251731430e-14   1.2556588415e+05   2.0000000000e-02 
  1.8071377917e+21   5.7310503367e+17   2.3511962826e+61   5.5836947878e-24   9.2452377720e-14   1.2582040624e+05   2.0000000000e-02 
  1.8077101338e+21   5.7234214222e+17   2.3495552612e+61   5.6013575585e-24   9.2653482604e-14   1.2607482895e+05   2.0000000000e-02 
  1.8082817126e+21   5.7157876418e+17   2.3479067613e+61   5.6190783541e-24   9.2855116971e-14   1.2632924271e+05   2.0000000000e-02 
  1.8088525286e+21   5.7081598345e+17   2.3462552386e+61   5.6368644286e-24   9.3057311652e-14   1.2658376284e+05   2.0000000000e-02 
  1.8094225786e+21   5.7004999204e+17   2.3445850365e+61   5.6547192400e-24   9.3260106137e-14   1.2683844410e+05   2.0000000000e-02 
  1.8099918613e+21   5.6928276464e+17   2.3429042554e+61   5.6726447971e-24   9.3463522381e-14   1.2709331833e+05   2.0000000000e-02 
  1.8105603770e+21   5.6851565601e+17   2.3412184676e+61   5.6906416619e-24   9.3667540398e-14   1.2734838122e+05   2.0000000000e-02 
  1.8111281224e+21   5.6774545323e+17   2.3395144349e+61   5.7087052763e-24   9.3872120537e-14   1.2760353822e+05   2.0000000000e-02 
  1.8116950988e+21   5.6697640263e+17   2.3378096441e+61   5.7268306071e-24   9.4077218906e-14   1.2785870308e+05   2.0000000000e-02 
  1.8122613062e+21   5.6620740538e+17   2.3360995763e+61   5.7450138359e-24   9.4282791053e-14   1.2811379926e+05   2.0000000000e-02 
  1.8128267438e+21   5.6543761252e+17   2.3343807304e+61   5.7632514024e-24   9.4488795561e-14   1.2836875730e+05   2.0000000000e-02 
  1.8133914136e+21   5.6466978921e+17   2.3326645292e+61   5.7815401969e-24   9.4695196277e-14   1.2862351732e+05   2.0000000000e-02 
  1.8139553167e+21   5.6390303913e+17   2.3309472911e+61   5.7998779012e-24   9.4901965524e-14   1.2887802288e+05   2.0000000000e-02 
  1.8145184528e+21   5.6313607969e+17   2.3292237249e+61   5.8182605347e-24   9.5109061275e-14   1.2913219086e+05   2.0000000000e-02 
  1.8150808258e+21   5.6237300962e+17   2.3275108015e+61   5.8366803046e-24   9.5316394123e-14   1.2938591288e+05   2.0000000000e-02 
  1.8156424365e+21   5.6161070561e+17   2.3257956267e+61   5.8551327841e-24   9.5523912508e-14   1.2963910100e+05   2.0000000000e-02 
  1.8162032877e+21   5.6085127807e+17   2.3240869606e+61   5.8736152465e-24   9.5731585049e-14   1.2989170318e+05   2.0000000000e-02 
  1.8167633841e+21   5.6009637282e+17   2.3223916632e+61   5.8921256047e-24   9.5939388067e-14   1.3014368239e+05   2.0000000000e-02 
  1.8173227269e+21   5.5934279403e+17   2.3206965217e+61   5.9106618547e-24   9.6147299027e-14   1.3039500523e+05   2.0000000000e-02 
  1.8178813198e+21   5.5859283714e+17   2.3190110862e+61   5.9292220159e-24   9.6355295708e-14   1.3064563970e+05   2.0000000000e-02 
  1.8184391673e+21   5.5784751137e+17   2.3173395917e+61   5.9478042878e-24   9.6563357915e-14   1.3089555712e+05   2.0000000000e-02 
  1.8189962707e+21   5.5710348470e+17   2.3156682353e+61   5.9664070486e-24   9.6771467481e-14   1.3114473251e+05   2.0000000000e-02 
  1.8195526351e+21   5.5636431442e+17   2.3140118342e+61   5.9850289513e-24   9.6979609359e-14   1.3139314598e+05   2.0000000000e-02 
  1.8201082642e+21   5.5562914624e+17   2.3123668855e+61   6.0036689654e-24   9.7187772097e-14   1.3164078329e+05   2.0000000000e-02 
  1.8206631605e+21   5.5489629613e+17   2.3107264190e+61   6.0223262676e-24   9.7395946614e-14   1.3188763412e+05   2.0000000000e-02 
  1.8212173289e+21   5.5416836643e+17   2.3091013090e+61   6.0410002604e-24   9.7604126395e-14   1.3213369218e+05   2.0000000000e-02 
  1.8217707724e+21   5.5344357024e+17   2.3074841568e+61   6.0596905362e-24   9.7812307076e-14   1.3237895465e+05   2.0000000000e-02 
  1.8223234938e+21   5.5272133637e+17   2.3058726145e+61   6.0783967992e-24   9.8020485571e-14   1.3262342089e+05   2.0000000000e-02 
  1.8228754983e+21   5.5200455026e+17   2.3042787604e+61   6.0971189251e-24   9.8228660718e-14   1.3286709294e+05   2.0000000000e-02 
  1.8234267881e+21   5.5128978767e+17   2.3026883463e+61   6.1158568913e-24   9.8436832499e-14   1.3310997445e+05   2.0000000000e-02 
  1.8239773674e+21   5.5057925765e+17   2.3011106318e+61   6.1346107384e-24   9.8645001596e-14   1.3335207041e+05   2.0000000000e-02 
  1.8245272412e+21   5.4987383510e+17   2.2995493233e+61   6.1533806238e-24   9.8853169992e-14   1.3359338794e+05   2.0000000000e-02 
  1.8250764125e+21   5.4917132376e+17   2.2979952829e+61   6.1721667404e-24   9.9061340070e-14   1.3383393499e+05   2.0000000000e-02 
  1.8256248855e+21   5.4847294279e+17   2.2964536498e+61   6.1909693262e-24   9.9269514710e-14   1.3407371994e+05   2.0000000000e-02 
  1.8261726647e+21   5.4777926406e+17   2.2949268655e+61   6.2097887038e-24   9.9477697712e-14   1.3431275217e+05   2.0000000000e-02 
  1.8267197518e+21   5.4708703712e+17   2.2934013509e+61   6.2286251851e-24   9.9685892734e-14   1.3455104126e+05   2.0000000000e-02 
  1.8272661517e+21   5.4639989296e+17   2.2918923588e+61   6.2474791229e-24   9.9894103894e-14   1.3478859763e+05   2.0000000000e-02 
  1.8278118668e+21   5.4571517632e+17   2.2903887963e+61   6.2663509405e-24   1.0010233608e-13   1.3502543219e+05   2.0000000000e-02 
  1.8283569006e+21   5.4503371334e+17   2.2888941613e+61   6.2852410927e-24   1.0031059451e-13   1.3526155548e+05   2.0000000000e-02 
  1.8289012567e+21   5.4435614910e+17   2.2874112014e+61   6.3041501010e-24   1.0051888506e-13   1.3549697925e+05   2.0000000000e-02 
  1.8294449381e+21   5.4368142220e+17   2.2859354949e+61   6.3230785090e-24   1.0072721382e-13   1.3573171710e+05   2.0000000000e-02 
  1.8299879473e+21   5.4300917557e+17   2.2844655706e+61   6.3420269286e-24   1.0093558764e-13   1.3596578438e+05   2.0000000000e-02 
  1.8305302893e+21   5.4234202547e+17   2.2830124733e+61   6.3609962135e-24   1.0114401598e-13   1.3619919835e+05   2.0000000000e-02 
  1.8310719642e+21   5.4167483072e+17   2.2815545957e+61   6.3799874250e-24   1.0135251049e-13   1.3643197780e+05   2.0000000000e-02 
  1.8316129773e+21   5.4101317768e+17   2.2801154913e+61   6.3990018445e-24   1.0156108512e-13   1.3666414589e+05   2.0000000000e-02 
  1.8321533295e+21   5.4035219488e+17   2.2786746695e+61   6.4180409477e-24   1.0176975597e-13   1.3689573099e+05   2.0000000000e-02 
  1.8326930241e+21   5.3969458618e+17   2.2772435522e+61   6.4371063797e-24   1.0197854107e-13   1.3712676301e+05   2.0000000000e-02 
  1.8332320624e+21   5.3903831678e+17   2.2758135826e+61   6.4561999313e-24   1.0218746011e-13   1.3735726919e+05   2.0000000000e-02 
  1.8337704478e+21   5.3838541074e+17   2.2743933304e+61   6.4753231725e-24   1.0239653030e-13   1.3758727165e+05   2.0000000000e-02 
  1.8343081805e+21   5.3773269936e+17   2.2729694340e+61   6.4944769141e-24   1.0260576066e-13   1.3781678598e+05   2.0000000000e-02 
  1.8348452655e+21   5.3708496892e+17   2.2715621475e+61   6.5136609408e-24   1.0281514930e-13   1.3804581663e+05   2.0000000000e-02 
  1.8353817012e+21   5.3643572992e+17   2.2701440524e+61   6.5328739679e-24   1.0302468293e-13   1.3827434709e+05   2.0000000000e-02 
  1.8359174925e+21   5.3579121644e+17   2.2687415418e+61   6.5521137345e-24   1.0323433745e-13   1.3850233766e+05   2.0000000000e-02 
  1.8364526398e+21   5.3514738428e+17   2.2673375259e+61   6.5713770125e-24   1.0344407767e-13   1.3872973915e+05   2.0000000000e-02 
  1.8369871473e+21   5.3450745968e+17   2.2659456952e+61   6.5906601236e-24   1.0365386327e-13   1.3895651136e+05   2.0000000000e-02 
  1.8375210166e+21   5.3386925873e+17   2.2645568250e+61   6.6099606615e-24   1.0386366745e-13   1.3918263355e+05   2.0000000000e-02 
  1.8380542521e+21   5.3323556117e+17   2.2631827365e+61   6.6292794396e-24   1.0407349722e-13   1.3940812092e+05   2.0000000000e-02 
  1.8385868534e+21   5.3260129488e+17   2.2618019308e+61   6.6486212586e-24   1.0428340308e-13   1.3963305148e+05   2.0000000000e-02 
  1.8391188244e+21   5.3197096280e+17   2.2604335446e+61   6.6680010042e-24   1.0449365367e-13   1.3985756841e+05   2.0000000000e-02 
  1.8396501624e+21   5.3133805264e+17   2.2590499234e+61   6.6874366225e-24   1.0470441342e-13   1.4008216562e+05   2.0000000000e-02 
  1.8401808662e+21   5.3070371954e+17   2.2576559603e+61   6.7069621940e-24   1.0491596725e-13   1.4030708993e+05   2.0000000000e-02 
  1.8407109311e+21   5.3006494811e+17   2.2562388054e+61   6.7265896209e-24   1.0512844143e-13   1.4053276441e+05   2.0000000000e-02 
  1.8412403508e+21   5.2941965092e+17   2.2547895252e+61   6.7463530482e-24   1.0534220150e-13   1.4075946067e+05   2.0000000000e-02 
  1.8417691165e+21   5.2876576268e+17   2.2532992552e+61   6.7662747165e-24   1.0555748081e-13   1.4098770935e+05   2.0000000000e-02 
  1.8422972173e+21   5.2810078153e+17   2.2517572438e+61   6.7864005459e-24   1.0577476700e-13   1.4121801214e+05   2.0000000000e-02 
  1.8428246367e+21   5.2741936619e+17   2.2501405915e+61   6.8067771969e-24   1.0599455045e-13   1.4145118014e+05   2.0000000000e-02 
  1.8433513543e+21   5.2671764824e+17   2.2484326233e+61   6.8274784674e-24   1.0621761077e-13   1.4168818306e+05   2.0000000000e-02 
  1.8438773408e+21   5.2598650118e+17   2.2465941525e+61   6.8485952886e-24   1.0644490475e-13   1.4193040866e+05   2.0000000000e-02 
  1.8444025590e+21   5.2521815500e+17   2.2445916809e+61   6.8702554135e-24   1.0667777839e-13   1.4217964881e+05   2.0000000000e-02 
  1.8449269596e+21   5.2440063967e+17   2.2423736519e+61   6.8926249476e-24   1.0691797899e-13   1.4243832353e+05   2.0000000000e-02 
  1.8454504749e+21   5.2351526050e+17   2.2398595848e+61   6.9159264720e-24   1.0716784671e-13   1.4270957860e+05   2.0000000000e-02 
  1.8459730176e+21   5.2254269924e+17   2.2369661042e+61   6.9404484955e-24   1.0743040216e-13   1.4299761350e+05   2.0000000000e-02 
  1.8464944892e+21   5.2147165613e+17   2.2336439586e+61   6.9665679813e-24   1.0770722958e-13   1.4330635337e+05   2.0000000000e-02 
  1.8470148333e+21   5.2034408141e+17   2.2300720454e+61   6.9939523255e-24   1.0799184153e-13   1.4362858085e+05   2.0000000000e-02 
  1.8475340845e+21   5.1925120912e+17   2.2266411685e+61   7.0207101703e-24   1.0827046406e-13   1.4394142481e+05   2.0000000000e-02 
  1.8480523227e+21   5.1823817160e+17   2.2235453736e+61   7.0462920975e-24   1.0853641086e-13   1.4423532617e+05   2.0000000000e-02 
  1.8485696235e+21   5.1730085517e+17   2.2207677752e+61   7.0709982868e-24   1.0879286034e-13   1.4451491847e+05   2.0000000000e-02 
  1.8490860444e+21   5.1642081334e+17   2.2182298531e+61   7.0950359610e-24   1.0904202737e-13   1.4478341686e+05   2.0000000000e-02 
  1.8496016214e+21   5.1557708555e+17   2.2158420555e+61   7.1185522812e-24   1.0928548005e-13   1.4504309630e+05   2.0000000000e-02 
  1.8501163974e+21   5.1477596569e+17   2.2136318097e+61   7.1416594616e-24   1.0952440830e-13   1.4529568959e+05   2.0000000000e-02 
  1.8506304047e+21   5.1400730810e+17   2.2115558650e+61   7.1644518063e-24   1.0975980680e-13   1.4554262714e+05   2.0000000000e-02 
  1.8511436532e+21   5.1324850877e+17   2.2095172007e+61   7.1870163026e-24   1.0999258489e-13   1.4578517411e+05   2.0000000000e-02 
  1.8516561615e+21   5.1250824342e+17   2.2075532956e+61   7.2094368452e-24   1.1022360890e-13   1.4602457903e+05   2.0000000000e-02 
  1.8521679445e+21   5.1178306301e+17   2.2056494630e+61   7.2317904866e-24   1.1045376131e-13   1.4626217720e+05   2.0000000000e-02 
  1.8526790016e+21   5.1105710376e+17   2.2037374257e+61   7.2541540083e-24   1.1068418739e-13   1.4649879499e+05   2.0000000000e-02 
  1.8531893406e+21   5.1033897329e+17   2.2018543286e+61   7.2765767504e-24   1.1091499576e-13   1.4673522308e+05   2.0000000000e-02 
  1.8536989545e+21   5.0961386703e+17   2.1999363235e+61   7.2990730254e-24   1.1114633463e-13   1.4697162149e+05   2.0000000000e-02 
  1.8542078436e+21   5.0888912330e+17   2.1980150533e+61   7.3216586074e-24   1.1137836256e-13   1.4720819184e+05   2.0000000000e-02 
  1.8547160206e+21   5.0817695710e+17   2.1961433290e+61   7.3443525687e-24   1.1161127083e-13   1.4744522634e+05   2.0000000000e-02 
  1.8552234741e+21   5.0745349749e+17   2.1942180285e+61   7.3671878934e-24   1.1184539016e-13   1.4768307395e+05   2.0000000000e-02 
  1.8557301991e+21   5.0672503336e+17   2.1922662645e+61   7.3902033360e-24   1.1208109796e-13   1.4792231521e+05   2.0000000000e-02 
  1.8562361823e+21   5.0598317244e+17   2.1902516568e+61   7.4134254550e-24   1.1231878277e-13   1.4816272996e+05   2.0000000000e-02 
  1.8567414405e+21   5.0525826750e+17   2.1883055793e+61   7.4364073881e-24   1.1255405279e-13   1.4839941325e+05   2.0000000000e-02 
  1.8572460281e+21   5.0458758749e+17   2.1865897424e+61   7.4587840445e-24   1.1278302818e-13   1.4862695427e+05   2.0000000000e-02 
  1.8577500176e+21   5.0398943942e+17   2.1851840575e+61   7.4803464264e-24   1.1300357820e-13   1.4884264616e+05   2.0000000000e-02 
  1.8582534971e+21   5.0347952962e+17   2.1841573646e+61   7.5009289000e-24   1.1321400361e-13   1.4904437181e+05   2.0000000000e-02 
  1.8587565537e+21   5.0305664345e+17   2.1835052222e+61   7.5204268089e-24   1.1341340219e-13   1.4923097589e+05   2.0000000000e-02 
  1.8592592711e+21   5.0271732663e+17   2.1832134440e+61   7.5387675277e-24   1.1360151969e-13   1.4940171880e+05   2.0000000000e-02 
  1.8597617234e+21   5.0245235561e+17   2.1832427267e+61   7.5558877542e-24   1.1377704856e-13   1.4955566782e+05   2.0000000000e-02 
  1.8602639790e+21   5.0225564168e+17   2.1835672910e+61   7.5717899738e-24   1.1393999475e-13   1.4969299508e+05   2.0000000000e-02 
  1.8607661008e+21   5.0212174241e+17   2.1841640975e+61   7.5865686444e-24   1.1409131215e-13   1.4981500179e+05   2.0000000000e-02 
  1.8612681427e+21   5.0204194409e+17   2.1849958015e+61   7.6004107629e-24   1.1423288341e-13   1.4992401162e+05   2.0000000000e-02 
  1.8617701451e+21   5.0200232891e+17   2.1860022889e+61   7.6135608768e-24   1.1436715099e-13   1.5002353206e+05   2.0000000000e-02 
  1.8622721304e+21   5.0198538504e+17   2.1871076186e+61   7.6263428210e-24   1.1449746776e-13   1.5011839107e+05   2.0000000000e-02 
  1.8627740974e+21   5.0196696309e+17   2.1882067017e+61   7.6390530430e-24   1.1463134907e-13   1.5021280126e+05   2.0000000000e-02 
  1.8632760232e+21   5.0192579341e+17   2.1892067293e+61   7.6521459615e-24   1.1476963807e-13   1.5031285753e+05   2.0000000000e-02 
  1.8637778718e+21   5.0184857724e+17   2.1900494365e+61   7.6658275506e-24   1.1491403125e-13   1.5042100309e+05   2.0000000000e-02 
  1.8642795990e+21   5.0172720034e+17   2.1906990453e+61   7.6802374674e-24   1.1506602144e-13   1.5053813778e+05   2.0000000000e-02 
  1.8647811617e+21   5.0156268069e+17   2.1911595886e+61   7.6953556033e-24   1.1522541338e-13   1.5066500167e+05   2.0000000000e-02 
  1.8652825148e+21   5.0135317971e+17   2.1914226221e+61   7.7112080545e-24   1.1539248860e-13   1.5080081079e+05   2.0000000000e-02 
  1.8657836191e+21   5.0110430401e+17   2.1915122490e+61   7.7276973133e-24   1.1556621363e-13   1.5094515745e+05   2.0000000000e-02 
  1.8662844384e+21   5.0081920887e+17   2.1914419095e+61   7.7447903576e-24   1.1574623479e-13   1.5109666499e+05   2.0000000000e-02 
  1.8667849414e+21   5.0050300952e+17   2.1912336641e+61   7.7623738655e-24   1.1593134504e-13   1.5125452722e+05   2.0000000000e-02 
  1.8672851025e+21   5.0016110500e+17   2.1909108773e+61   7.7804005542e-24   1.1612103603e-13   1.5141739127e+05   2.0000000000e-02 
  1.8677849004e+21   4.9979793408e+17   2.1904927672e+61   7.7987726679e-24   1.1631426484e-13   1.5158450026e+05   2.0000000000e-02 
  1.8682843182e+21   4.9941776023e+17   2.1899978355e+61   7.8174501454e-24   1.1651060013e-13   1.5175479154e+05   2.0000000000e-02 
  1.8687833428e+21   4.9902464168e+17   2.1894437334e+61   7.8363600671e-24   1.1670926398e-13   1.5192771157e+05   2.0000000000e-02 
  1.8692819635e+21   4.9862072977e+17   2.1888397865e+61   7.8554754402e-24   1.1690996537e-13   1.5210251342e+05   2.0000000000e-02 
  1.8697801728e+21   4.9820929498e+17   2.1882002628e+61   7.8747461233e-24   1.1711216987e-13   1.5227884023e+05   2.0000000000e-02 
  1.8702779643e+21   4.9779143203e+17   2.1875299046e+61   7.8941569046e-24   1.1731571233e-13   1.5245619828e+05   2.0000000000e-02 
  1.8707753331e+21   4.9736885649e+17   2.1868361978e+61   7.9136722272e-24   1.1752021521e-13   1.5263439866e+05   2.0000000000e-02 
  1.8712722764e+21   4.9694332883e+17   2.1861268456e+61   7.9332883613e-24   1.1772563539e-13   1.5281309822e+05   2.0000000000e-02 
  1.8717687912e+21   4.9651476182e+17   2.1854014376e+61   7.9529776739e-24   1.1793168099e-13   1.5299223739e+05   2.0000000000e-02 
  1.8722648759e+21   4.9608469137e+17   2.1846667119e+61   7.9727465258e-24   1.1813841539e-13   1.5317154947e+05   2.0000000000e-02 
  1.8727605290e+21   4.9565306511e+17   2.1839224247e+61   7.9925696135e-24   1.1834557241e-13   1.5335108361e+05   2.0000000000e-02 
  1.8732557493e+21   4.9522035669e+17   2.1831706512e+61   8.0124598756e-24   1.1855328537e-13   1.5353061583e+05   2.0000000000e-02 
  1.8737505366e+21   4.9478731964e+17   2.1824147068e+61   8.0323941673e-24   1.1876131149e-13   1.5371025287e+05   2.0000000000e-02 
  1.8742448898e+21   4.9435319465e+17   2.1816512377e+61   8.0523895876e-24   1.1896982805e-13   1.5388979488e+05   2.0000000000e-02 
  1.8747388087e+21   4.9391890365e+17   2.1808843067e+61   8.0724255508e-24   1.1917861898e-13   1.5406938017e+05   2.0000000000e-02 
  1.8752322929e+21   4.9348413142e+17   2.1801125202e+61   8.0925203199e-24   1.1938787371e-13   1.5424884950e+05   2.0000000000e-02 
  1.8757253416e+21   4.9304874210e+17   2.1793352744e+61   8.1126568106e-24   1.1959741286e-13   1.5442836189e+05   2.0000000000e-02 
  1.8762179549e+21   4.9261332698e+17   2.1785551801e+61   8.1328541034e-24   1.1980743422e-13   1.5460780137e+05   2.0000000000e-02 
  1.8767101315e+21   4.9217659466e+17   2.1777665225e+61   8.1530996037e-24   1.2001780518e-13   1.5478733849e+05   2.0000000000e-02 
  1.8772018709e+21   4.9173938605e+17   2.1769730143e+61   8.1734120951e-24   1.2022872030e-13   1.5496690208e+05   2.0000000000e-02 
  1.8776931715e+21   4.9130058806e+17   2.1761697205e+61   8.1937832468e-24   1.2044009148e-13   1.5514665815e+05   2.0000000000e-02 
  1.8781840318e+21   4.9086030568e+17   2.1753570930e+61   8.2142298628e-24   1.2065209264e-13   1.5532656631e+05   2.0000000000e-02 
  1.8786744504e+21   4.9041856891e+17   2.1745352521e+61   8.2347461397e-24   1.2086465786e-13   1.5550676429e+05   2.0000000000e-02 
  1.8791644251e+21   4.8997472687e+17   2.1737012973e+61   8.2553418214e-24   1.2107786255e-13   1.5568719065e+05   2.0000000000e-02 
  1.8796539549e+21   4.8952973849e+17   2.1728594677e+61   8.2760069099e-24   1.2129163410e-13   1.5586787311e+05   2.0000000000e-02 
  1.8801430380e+21   4.8908310597e+17   2.1720075427e+61   8.2967459375e-24   1.2150601872e-13   1.5604873019e+05   2.0000000000e-02 
  1.8806316730e+21   4.8863500501e+17   2.1711462891e+61   8.3175515449e-24   1.2172093887e-13   1.5622976964e+05   2.0000000000e-02 
  1.8811198591e+21   4.8818615957e+17   2.1702789138e+61   8.3384243779e-24   1.2193640067e-13   1.5641092536e+05   2.0000000000e-02 
  1.8816075949e+21   4.8773578335e+17   2.1694019130e+61   8.3593577426e-24   1.2215233404e-13   1.5659218680e+05   2.0000000000e-02 
  1.8820948798e+21   4.8728492765e+17   2.1685199535e+61   8.3803516305e-24   1.2236873848e-13   1.5677348723e+05   2.0000000000e-02 
  1.8825817130e+21   4.8683315949e+17   2.1676311038e+61   8.4014022695e-24   1.2258557368e-13   1.5695479997e+05   2.0000000000e-02 
  1.8830680938e+21   4.8638081727e+17   2.1667368646e+61   8.4225085678e-24   1.2280282722e-13   1.5713609026e+05   2.0000000000e-02 
  1.8835540223e+21   4.8592847892e+17   2.1658398086e+61   8.4436673027e-24   1.2302046471e-13   1.5731735755e+05   2.0000000000e-02 
  1.8840394977e+21   4.8547542766e+17   2.1649367397e+61   8.4648778434e-24   1.2323847940e-13   1.5749858981e+05   2.0000000000e-02 
  1.8845245204e+21   4.8502268731e+17   2.1640322220e+61   8.4861416738e-24   1.2345688569e-13   1.5767976992e+05   2.0000000000e-02 
  1.8850090895e+21   4.8456905321e+17   2.1631208806e+61   8.5074594900e-24   1.2367568945e-13   1.5786089925e+05   2.0000000000e-02 
  1.8854932051e+21   4.8411562166e+17   2.1622076062e+61   8.5288314791e-24   1.2389489141e-13   1.5804199322e+05   2.0000000000e-02 
  1.8859768667e+21   4.8366158269e+17   2.1612887818e+61   8.5502565017e-24   1.2411447956e-13   1.5822307776e+05   2.0000000000e-02 
  1.8864600742e+21   4.8320749667e+17   2.1603669090e+61   8.5717361499e-24   1.2433447046e-13   1.5840414715e+05   2.0000000000e-02 
  1.8869428270e+21   4.8275283028e+17   2.1594396024e+61   8.5932729367e-24   1.2455488887e-13   1.5858518559e+05   2.0000000000e-02 
  1.8874251250e+21   4.8229798587e+17   2.1585086594e+61   8.6148658218e-24   1.2477572317e-13   1.5876620042e+05   2.0000000000e-02 
  1.8879069673e+21   4.8184236626e+17   2.1575714048e+61   8.6365149210e-24   1.2499697338e-13   1.5894719155e+05   2.0000000000e-02 
  1.8883883546e+21   4.8138730855e+17   2.1566338248e+61   8.6582154725e-24   1.2521859149e-13   1.5912818064e+05   2.0000000000e-02 
  1.8888692856e+21   4.8093096893e+17   2.1556876591e+61   8.6799734457e-24   1.2544063751e-13   1.5930910720e+05   2.0000000000e-02 
  1.8893497612e+21   4.8047558460e+17   2.1547429330e+61   8.7017821745e-24   1.2566304305e-13   1.5949000140e+05   2.0000000000e-02 
  1.8898297799e+21   4.8001872397e+17   2.1537887435e+61   8.7236495698e-24   1.2588588672e-13   1.5967079837e+05   2.0000000000e-02 
  1.8903093430e+21   4.7956302864e+17   2.1528369402e+61   8.7455626631e-24   1.2610903673e-13   1.5985158574e+05   2.0000000000e-02 
  1.8907884490e+21   4.7910603646e+17   2.1518764735e+61   8.7675355926e-24   1.2633263571e-13   1.6003225942e+05   2.0000000000e-02 
  1.8912670990e+21   4.7864999064e+17   2.1509174160e+61   8.7895528837e-24   1.2655652642e-13   1.6021293314e+05   2.0000000000e-02 
  1.8917452918e+21   4.7819278764e+17   2.1499503178e+61   8.8116345679e-24   1.2678091051e-13   1.6039347275e+05   2.0000000000e-02 
  1.8922230280e+21   4.7773627885e+17   2.1489834998e+61   8.8337593770e-24   1.2700557197e-13   1.6057404994e+05   2.0000000000e-02 
  1.8927003067e+21   4.7727861219e+17   2.1480086325e+61   8.8559522561e-24   1.2723076321e-13   1.6075450199e+05   2.0000000000e-02 
  1.8931771280e+21   4.7682137878e+17   2.1470328730e+61   8.8781924794e-24   1.2745627268e-13   1.6093500148e+05   2.0000000000e-02 
  1.8936534911e+21   4.7636307797e+17   2.1460494643e+61   8.9005046721e-24   1.2768233900e-13   1.6111546638e+05   2.0000000000e-02 
  1.8941293962e+21   4.7590505124e+17   2.1450644463e+61   8.9228519939e-24   1.2790862795e-13   1.6129625548e+05   2.0000000000e-02 
  1.8946048367e+21   4.7544050260e+17   2.1440471679e+61   8.9453442207e-24   1.2813621979e-13   1.6147629446e+05   2.0000000000e-02 
  1.8950797779e+21   4.7494119900e+17   2.1428701560e+61   8.9681751916e-24   1.2836680733e-13   1.6165700760e+05   2.0000000000e-02 
  1.8955540038e+21   4.7422594388e+17   2.1407149494e+61   8.9920495599e-24   1.2860640161e-13   1.6186523581e+05   2.0000000000e-02 
  1.8960273810e+21   4.7337720570e+17   2.1379521525e+61   9.0256842036e-24   1.2894780344e-13   1.6213757463e+05   2.0000000000e-02 
  1.8965014167e+21   4.7403568664e+17   2.1419961557e+61   9.0364598019e-24   1.2906494231e-13   1.6219717725e+05   2.0000000000e-02 
  1.8969860407e+21   4.8462399237e+17   2.1909481055e+61   8.9921958487e-24   1.2864557264e-13   1.6160601778e+05   2.0000000000e-02 
  1.8975660240e+21   5.7998325768e+17   2.6235319971e+61   8.3510064852e-24   1.2232522338e-13   1.5717339246e+05   2.0000000000e-02 
  1.8985190912e+21   9.5306720075e+17   4.3146471859e+61   5.7000550875e-24   9.5106004891e-14   1.1621613460e+05   2.0000000000e-02 
  1.9000146201e+21   1.4955289814e+18   6.7791727153e+61   2.9180683871e-24   6.1744328253e-14   3.9597763120e+04   2.0000000000e-02 
  1.9018398485e+21   1.8252283305e+18   8.2881591932e+61   2.3417061443e-24   5.3610404881e-14   7.8649678638e+03   2.0000000000e-02 
  1.9037533414e+21   1.9134928836e+18   8.7060565376e+61   2.2434903718e-24   5.2154555282e-14   1.2908041741e+03   2.0000000000e-02 
  1.9056828278e+21   1.9294864933e+18   8.7965637516e+61   2.2275671374e-24   5.1916103363e-14   2.0397244010e+02   2.0000000000e-02 
  1.9076148878e+21   1.9320599524e+18   8.8261628236e+61   2.2250543140e-24   5.1878401248e-14   3.1988807208e+01   2.0000000000e-02 
  1.9095473526e+21   1.9324647947e+18   8.8459145280e+61   2.2246603050e-24   5.1872486849e-14   5.0045950633e+00   2.0000000000e-02 
  1.9114798808e+21   1.9325281704e+18   8.8641278033e+61   2.2245986651e-24   5.1871561370e-14   7.8164982461e-01   2.0000000000e-02 
  1.9134124188e+21   1.9325380712e+18   8.8821149575e+61   2.2245890380e-24   5.1871416796e-14   1.2189546578e-01   2.0000000000e-02 
  1.9153449585e+21   1.9325396153e+18   8.9000820030e+61   2.2245875367e-24   5.1871394246e-14   1.8979641978e-02   2.0000000000e-02 
  1.9172774983e+21   1.9325398552e+18   8.9180612064e+61   2.2245873035e-24   5.1871390743e-14   2.9682850379e-03   2.0000000000e-02 
  1.9192100382e+21   1.9325398943e+18   8.9360576264e+61   2.2245872654e-24   5.1871390172e-14   4.3522568261e-04   2.0000000000e-02 
  1.9211425782e+21   1.9325400000e+18   8.9540724957e+61   2.2245872598e-24   5.1871390086e-14   4.9704443767e-05   2.0000000000e-02 
  1.9230751181e+21   1.9325399000e+18   8.9721045518e+61   2.2245872600e-24   5.1871390080e-14   3.3314686499e-06   2.0000000000e-02 
  1.9250076580e+21   1.9325399000e+18   8.9901552101e+61   2.2245872600e-24   5.1871390080e-14  -8.7250698565e-07   2.0000000000e-02 
  1.9269401979e+21   1.9325399000e+18   9.0082240080e+61   2.2245872600e-24   5.1871390080e-14  -1.3919093681e-06   2.0000000000e-02 
  1.9288727378e+21   1.9325399000e+18   9.0263109454e+61   2.2245872600e-24   5.1871390080e-14  -1.6363405092e-06   2.0000000000e-02 
  1.9308052777e+21   1.9325399000e+18   9.0444160223e+61   2.2245872600e-24   5.1871390080e-14  -1.6621879924e-06   2.0000000000e-02 
  1.9327378176e+21   1.9325399000e+18   9.0625392386e+61   2.2245872600e-24   5.1871390080e-14  -1.5301604308e-06   2.0000000000e-02 
  1.9346703575e+21   1.9325399000e+18   9.0806805945e+61   2.2245872600e-24   5.1871390080e-14  -1.3802222508e-06   2.0000000000e-02 
  1.9366028974e+21   1.9325399000e+18   9.0988400899e+61   2.2245872600e-24   5.1871390080e-14  -1.2788972616e-06   2.0000000000e-02 
  1.9385354373e+21   1.9325399000e+18   9.1170177248e+61   2.2245872600e-24   5.1871390080e-14  -1.2559774068e-06   2.0000000000e-02 
  1.9404679772e+21   1.9325399000e+18   9.1352134991e+61   2.2245872600e-24   5.1871390080e-14  -1.2506614824e-06   2.0000000000e-02 
  1.9424005171e+21   1.9325399000e+18   9.1534274130e+61   2.2245872600e-24   5.1871390080e-14  -1.2507744146e-06   2.0000000000e-02 
  1.9443330570e+21   1.9325399000e+18   9.1716594664e+61   2.2245872600e-24   5.1871390080e-14  -1.2427606589e-06   2.0000000000e-02 
  1.9462655969e+21   1.9325399000e+18   9.1899096592e+61   2.2245872600e-24   5.1871390080e-14  -1.2156550255e-06   2.0000000000e-02 
  1.9481981368e+21   1.9325399000e+18   9.2081779916e+61   2.2245872600e-24   5.1871390080e-14  -1.1748761469e-06   2.0000000000e-02 
  1.9501306767e+21   1.9325399000e+18   9.2264644634e+61   2.2245872600e-24   5.1871390080e-14  -1.1419495489e-06   2.0000000000e-02 
  1.9520632166e+21   1.9325399000e+18   9.2447690748e+61   2.2245872600e-24   5.1871390080e-14  -1.0555599232e-06   2.0000000000e-02 
  1.9539957565e+21   1.9325399000e+18   9.2630918256e+61   2.2245872600e-24   5.1871390080e-14  -5.8813091249e-07   2.0000000000e-02 
  1.9559282965e+21   1.9325400000e+18   9.2814331967e+61   2.2245872600e-24   5.1871390080e-14   4.3692821920e-07   2.0000000000e-02 
  1.9578608364e+21   1.9325399000e+18   9.2997917468e+61   2.2245872600e-24   5.1871390080e-14   1.0337653572e-06   2.0000000000e-02 
  1.9597933763e+21   1.9325399000e+18   9.3181689161e+61   2.2245872600e-24   5.1871390080e-14   1.1941423232e-06   2.0000000000e-02 
  1.9617259162e+21   1.9325399000e+18   9.3365642250e+61   2.2245872600e-24   5.1871390080e-14   1.2271590996e-06   2.0000000000e-02 
  1.9636584561e+21   1.9325399000e+18   9.3549776733e+61   2.2245872600e-24   5.1871390080e-14   1.2205632459e-06   2.0000000000e-02 
  1.9655909960e+21   1.9325399000e+18   9.3734092612e+61   2.2245872600e-24   5.1871390080e-14   1.1838611094e-06   2.0000000000e-02 
  1.9675235359e+21   1.9325399000e+18   9.3918589885e+61   2.2245872600e-24   5.1871390080e-14   1.1571507905e-06   2.0000000000e-02 
  1.9694560758e+21   1.9325399000e+18   9.4103268554e+61   2.2245872600e-24   5.1871390080e-14   1.1287187568e-06   2.0000000000e-02 
  1.9713886157e+21   1.9325399000e+18   9.4288128617e+61   2.2245872600e-24   5.1871390080e-14   1.1283218165e-06   2.0000000000e-02 
  1.9733211556e+21   1.9325399000e+18   9.4473170075e+61   2.2245872600e-24   5.1871390080e-14   1.1509178505e-06   2.0000000000e-02 
  1.9752536955e+21   1.9325399000e+18   9.4658392929e+61   2.2245872600e-24   5.1871390080e-14   1.1611867743e-06   2.0000000000e-02 
  1.9771862354e+21   1.9325399000e+18   9.4843797177e+61   2.2245872600e-24   5.1871390080e-14   1.1702181878e-06   2.0000000000e-02 
  1.9791187753e+21   1.9325399000e+18   9.5029382820e+61   2.2245872600e-24   5.1871390080e-14   1.1787936790e-06   2.0000000000e-02 
  1.9810513152e+21   1.9325399000e+18   9.5215149859e+61   2.2245872600e-24   5.1871390080e-14   1.1993256834e-06   2.0000000000e-02 
  1.9829838551e+21   1.9325399000e+18   9.5401098292e+61   2.2245872600e-24   5.1871390080e-14   1.2606647455e-06   2.0000000000e-02 
  1.9849163950e+21   1.9325399000e+18   9.5587228120e+61   2.2245872600e-24   5.1871390080e-14   1.5454856450e-06   2.0000000000e-02 
  1.9868489349e+21   1.9325399000e+18   9.5773539343e+61   2.2245872600e-24   5.1871390080e-14   1.5124476026e-06   2.0000000000e-02 
  1.9887814748e+21   1.9325399000e+18   9.5960031962e+61   2.2245872600e-24   5.1871390080e-14   1.2288896141e-06   2.0000000000e-02 
  1.9907140147e+21   1.9325399000e+18   9.6146705975e+61   2.2245872600e-24   5.1871390080e-14   1.1425092395e-06   2.0000000000e-02 
  1.9926465546e+21   1.9325399000e+18   9.6333561383e+61   2.2245872600e-24   5.1871390080e-14   1.1081089963e-06   2.0000000000e-02 
  1.9945790945e+21   1.9325399000e+18   9.6520598186e+61   2.2245872600e-24   5.1871390080e-14   1.0763520425e-06   2.0000000000e-02 
  1.9965116344e+21   1.9325399000e+18   9.6707816384e+61   2.2245872600e-24   5.1871390080e-14   1.0425161450e-06   2.0000000000e-02 
  1.9984441743e+21   1.9325399000e+18   9.6895215977e+61   2.2245872600e-24   5.1871390080e-14   9.2444060179e-07   2.0000000000e-02 
  2.0003767142e+21   1.9325399000e+18   9.7082796965e+61   2.2245872600e-24   5.1871390080e-14   1.8024555948e-07   2.0000000000e-02 
  2.0023092541e+21   1.9325399000e+18   9.7270559349e+61   2.2245872600e-24   5.1871390080e-14  -7.8766086689e-07   2.0000000000e-02 
  2.0042417940e+21   1.9325399000e+18   9.7458503127e+61   2.2245872600e-24   5.1871390080e-14  -1.0220038194e-06   2.0000000000e-02 
  2.0061743339e+21   1.9325399000e+18   9.7646628300e+61   2.2245872600e-24   5.1871390080e-14  -1.0625040564e-06   2.0000000000e-02 
  2.0081068738e+21   1.9325399000e+18   9.7834934868e+61   2.2245872600e-24   5.1871390080e-14  -1.0980427258e-06   2.0000000000e-02 
  2.0100394137e+21   1.9325399000e+18   9.8023422831e+61   2.2245872600e-24   5.1871390080e-14  -1.1863254010e-06   2.0000000000e-02 
  2.0119719536e+21   1.9325399000e+18   9.8212092189e+61   2.2245872600e-24   5.1871390080e-14  -1.4198554912e-06   2.0000000000e-02 
  2.0139044935e+21   1.9325399000e+18   9.8400942942e+61   2.2245872600e-24   5.1871390080e-14  -1.8220152185e-06   2.0000000000e-02 
  2.0158370334e+21   1.9325399000e+18   9.8589975090e+61   2.2245872600e-24   5.1871390080e-14  -1.9544856741e-06   2.0000000000e-02 
  2.0177695733e+21   1.9325399000e+18   9.8779188633e+61   2.2245872600e-24   5.1871390080e-14  -1.9121837192e-06   2.0000000000e-02 
  2.0197021132e+21   1.9325399000e+18   9.8968583570e+61   2.2245872600e-24   5.1871390080e-14  -1.9478592898e-06   2.0000000000e-02 
  2.0216346531e+21   1.9325399000e+18   9.9158159903e+61   2.2245872600e-24   5.1871390080e-14  -1.8888012096e-06   2.0000000000e-02 
  2.0235671930e+21   1.9325399000e+18   9.9347917631e+61   2.2245872600e-24   5.1871390080e-14  -1.6157041620e-06   2.0000000000e-02 
  2.0254997329e+21   1.9325399000e+18   9.9537856754e+61   2.2245872600e-24   5.1871390080e-14  -1.5601684259e-06   2.0000000000e-02 
  2.0274322728e+21   1.9325399000e+18   9.9727977272e+61   2.2245872600e-24   5.1871390080e-14  -1.8535509127e-06   2.0000000000e-02 
  2.0293648127e+21   1.9325399000e+18   9.9918279185e+61   2.2245872600e-24   5.1871390080e-14  -2.0326950823e-06   2.0000000000e-02 
  2.0312973526e+21   1.9325399000e+18   1.0010876249e+62   2.2245872600e-24   5.1871390080e-14  -2.0531162150e-06   2.0000000000e-02 
  2.0332298925e+21   1.9325399000e+18   1.0029942720e+62   2.2245872600e-24   5.1871390080e-14  -2.0643252583e-06   2.0000000000e-02 
  2.0351624324e+21   1.9325399000e+18   1.0049027329e+62   2.2245872600e-24   5.1871390080e-14  -2.1014831898e-06   2.0000000000e-02 
  2.0370949723e+21   1.9325399000e+18   1.0068130079e+62   2.2245872600e-24   5.1871390080e-14  -2.0901404637e-06   2.0000000000e-02 
  2.0390275122e+21   1.9325399000e+18   1.0087250967e+62   2.2245872600e-24   5.1871390080e-14  -2.0873263337e-06   2.0000000000e-02 
  2.0409600521e+21   1.9325399000e+18   1.0106389996e+62   2.2245872600e-24   5.1871390080e-14  -2.0743594151e-06   2.0000000000e-02 
  2.0428925920e+21   1.9325399000e+18   1.0125547163e+62   2.2245872600e-24   5.1871390080e-14  -2.0660486889e-06   2.0000000000e-02 
  2.0448251319e+21   1.9325399000e+18   1.0144722471e+62   2.2245872600e-24   5.1871390080e-14  -2.0756398099e-06   2.0000000000e-02 
  2.0467576718e+21   1.9325399000e+18   1.0163915917e+62   2.2245872600e-24   5.1871390080e-14  -2.0908311921e-06   2.0000000000e-02 
  2.0486902117e+21   1.9325399000e+18   1.0183127504e+62   2.2245872600e-24   5.1871390080e-14  -2.1266248888e-06   2.0000000000e-02 
  2.0506227516e+21   1.9325399000e+18   1.0202357229e+62   2.2245872600e-24   5.1871390080e-14  -2.1507368694e-06   2.0000000000e-02 
  2.0525552915e+21   1.9325399000e+18   1.0221605095e+62   2.2245872600e-24   5.1871390080e-14  -2.1542456068e-06   2.0000000000e-02 
  2.0544878314e+21   1.9325399000e+18   1.0240871099e+62   2.2245872600e-24   5.1871390080e-14  -2.1452106668e-06   2.0000000000e-02 
  2.0564203713e+21   1.9325399000e+18   1.0260155244e+62   2.2245872600e-24   5.1871390080e-14  -2.1481432741e-06   2.0000000000e-02 
  2.0583529112e+21   1.9325399000e+18   1.0279457527e+62   2.2245872600e-24   5.1871390080e-14  -2.1724438175e-06   2.0000000000e-02 
  2.0602854511e+21   1.9325399000e+18   1.0298777951e+62   2.2245872600e-24   5.1871390080e-14  -2.2160334247e-06   2.0000000000e-02 
  2.0622179910e+21   1.9325399000e+18   1.0318116513e+62   2.2245872600e-24   5.1871390080e-14  -2.2805141978e-06   2.0000000000e-02 
  2.0641505309e+21   1.9325399000e+18   1.0337473216e+62   2.2245872600e-24   5.1871390080e-14  -2.5789452398e-06   2.0000000000e-02 
  2.0660830708e+21   1.9325399000e+18   1.0356848057e+62   2.2245872600e-24   5.1871390080e-14  -3.1079895742e-06   2.0000000000e-02 
  2.0680156107e+21   1.9325399000e+18   1.0376241039e+62   2.2245872600e-24   5.1871390080e-14  -3.2465674722e-06   2.0000000000e-02 
  2.0699481506e+21   1.9325399000e+18   1.0395652159e+62   2.2245872600e-24   5.1871390080e-14  -3.5381556717e-06   2.0000000000e-02 
  2.0718806905e+21   1.9325399000e+18   1.0415081420e+62   2.2245872600e-24   5.1871390080e-14  -3.6840446525e-06   2.0000000000e-02 
  2.0738132304e+21   1.9325399000e+18   1.0434528819e+62   2.2245872600e-24   5.1871390080e-14  -3.5092171305e-06   2.0000000000e-02 
  2.0757457703e+21   1.9325399000e+18   1.0453994359e+62   2.2245872600e-24   5.1871390080e-14  -3.5532102975e-06   2.0000000000e-02 
  2.0776783102e+21   1.9325399000e+18   1.0473478037e+62   2.2245872600e-24   5.1871390081e-14  -3.5154700068e-06   2.0000000000e-02 
  2.0796108501e+21   1.9325399000e+18   1.0492979856e+62   2.2245872600e-24   5.1871390081e-14  -3.3624602433e-06   2.0000000000e-02 
  2.0815433900e+21   1.9325399000e+18   1.0512499813e+62   2.2245872600e-24   5.1871390081e-14  -3.2997172545e-06   2.0000000000e-02 
  2.0834759299e+21   1.9325399000e+18   1.0532037911e+62   2.2245872600e-24   5.1871390081e-14  -3.2925317549e-06   2.0000000000e-02 
  2.0854084698e+21   1.9325399000e+18   1.0551594147e+62   2.2245872600e-24   5.1871390081e-14  -3.2724882244e-06   2.0000000000e-02 
  2.0873410097e+21   1.9325399000e+18   1.0571168524e+62   2.2245872600e-24   5.1871390081e-14  -3.2031543789e-06   2.0000000000e-02 
  2.0892735496e+21   1.9325399000e+18   1.0590761039e+62   2.2245872600e-24   5.1871390081e-14  -3.0635052994e-06   2.0000000000e-02 
  2.0912060895e+21   1.9325399000e+18   1.0610371695e+62   2.2245872600e-24   5.1871390081e-14  -2.6578762780e-06   2.0000000000e-02 
  2.0931386294e+21   1.9325399000e+18   1.0630000489e+62   2.2245872600e-24   5.1871390081e-14  -2.2734742126e-06   2.0000000000e-02 
  2.0950711693e+21   1.9325399000e+18   1.0649647423e+62   2.2245872600e-24   5.1871390081e-14  -2.1440636780e-06   2.0000000000e-02 
  2.0970037092e+21   1.9325399000e+18   1.0669312497e+62   2.2245872600e-24   5.1871390081e-14  -2.0887016722e-06   2.0000000000e-02 
  2.0989362491e+21   1.9325399000e+18   1.0688995710e+62   2.2245872600e-24   5.1871390081e-14  -2.0673148498e-06   2.0000000000e-02 
  2.1008687890e+21   1.9325399000e+18   1.0708697063e+62   2.2245872600e-24   5.1871390081e-14  -2.0588637750e-06   2.0000000000e-02 
  2.1028013289e+21   1.9325399000e+18   1.0728416555e+62   2.2245872600e-24   5.1871390081e-14  -2.0430937003e-06   2.0000000000e-02 
  2.1047338688e+21   1.9325399000e+18   1.0748154187e+62   2.2245872600e-24   5.1871390081e-14  -2.0140641871e-06   2.0000000000e-02 
  2.1066664087e+21   1.9325399000e+18   1.0767909958e+62   2.2245872600e-24   5.1871390081e-14  -1.9786100441e-06   2.0000000000e-02 
  2.1085989486e+21   1.9325399000e+18   1.0787683869e+62   2.2245872600e-24   5.1871390081e-14  -1.9107885065e-06   2.0000000000e-02 
  2.1105314885e+21   1.9325399000e+18   1.0807475919e+62   2.2245872600e-24   5.1871390081e-14  -1.8909361837e-06   2.0000000000e-02 
  2.1124640284e+21   1.9325399000e+18   1.0827286109e+62   2.2245872600e-24   5.1871390081e-14  -1.7747246956e-06   2.0000000000e-02 
  2.1143965683e+21   1.9325399000e+18   1.0847114438e+62   2.2245872600e-24   5.1871390081e-14  -1.7509716464e-06   2.0000000000e-02 
  2.1163291082e+21   1.9325399000e+18   1.0866960907e+62   2.2245872600e-24   5.1871390081e-14  -1.8042574136e-06   2.0000000000e-02 
  2.1182616481e+21   1.9325399000e+18   1.0886825515e+62   2.2245872600e-24   5.1871390081e-14  -1.7366168086e-06   2.0000000000e-02 
  2.1201941880e+21   1.9325399000e+18   1.0906708263e+62   2.2245872600e-24   5.1871390081e-14  -1.6523985427e-06   2.0000000000e-02 
  2.1221267279e+21   1.9325399000e+18   1.0926609150e+62   2.2245872600e-24   5.1871390081e-14  -1.4019572037e-06   2.0000000000e-02 
  2.1240592678e+21   1.9325399000e+18   1.0946528177e+62   2.2245872600e-24   5.1871390081e-14  -1.0909576484e-06   2.0000000000e-02 
  2.1259918077e+21   1.9325399000e+18   1.0966465343e+62   2.2245872600e-24   5.1871390081e-14  -9.8187617838e-07   2.0000000000e-02 
  2.1279243476e+21   1.9325399000e+18   1.0986420648e+62   2.2245872600e-24   5.1871390081e-14  -8.5084536783e-07   2.0000000000e-02 
  2.1298568875e+21   1.9325399000e+18   1.1006394094e+62   2.2245872600e-24   5.1871390081e-14  -7.1781311720e-07   2.0000000000e-02 
  2.1317894274e+21   1.9325399000e+18   1.1026385678e+62   2.2245872600e-24   5.1871390081e-14  -6.0007791342e-07   2.0000000000e-02 
  2.1337219673e+21   1.9325399000e+18   1.1046395402e+62   2.2245872600e-24   5.1871390081e-14   1.6248240502e-08   2.0000000000e-02 
  2.1356545072e+21   1.9325399000e+18   1.1066423266e+62   2.2245872600e-24   5.1871390080e-14   8.5047859647e-07   2.0000000000e-02 
  2.1375870471e+21   1.9325399000e+18   1.1086469269e+62   2.2245872600e-24   5.1871390080e-14   1.1535134309e-06   2.0000000000e-02 
  2.1395195870e+21   1.9325399000e+18   1.1106533412e+62   2.2245872600e-24   5.1871390080e-14   1.5330438514e-06   2.0000000000e-02 
  2.1414521269e+21   1.9325399000e+18   1.1126615694e+62   2.2245872600e-24   5.1871390080e-14   1.9106145088e-06   2.0000000000e-02 
  2.1433846668e+21   1.9325399000e+18   1.1146716116e+62   2.2245872600e-24   5.1871390080e-14   1.9962057685e-06   2.0000000000e-02 
  2.1453172067e+21   1.9325399000e+18   1.1166834677e+62   2.2245872600e-24   5.1871390080e-14   1.9768554985e-06   2.0000000000e-02 
  2.1472497466e+21   1.9325399000e+18   1.1186971378e+62   2.2245872600e-24   5.1871390080e-14   1.9812012255e-06   2.0000000000e-02 
  2.1491822865e+21   1.9325399000e+18   1.1207126218e+62   2.2245872600e-24   5.1871390080e-14   2.0059124893e-06   2.0000000000e-02 
  2.1511148264e+21   1.9325399000e+18   1.1227299198e+62   2.2245872600e-24   5.1871390080e-14   2.0668802381e-06   2.0000000000e-02 
  2.1530473663e+21   1.9325399000e+18   1.1247490317e+62   2.2245872600e-24   5.1871390080e-14   2.2858392991e-06   2.0000000000e-02 
  2.1549799062e+21   1.9325399000e+18   1.1267699575e+62   2.2245872600e-24   5.1871390080e-14   2.6458997905e-06   2.0000000000e-02 
  2.1569124461e+21   1.9325399000e+18   1.1287926974e+62   2.2245872600e-24   5.1871390080e-14   2.9016197372e-06   2.0000000000e-02 
  2.1588449860e+21   1.9325399000e+18   1.1308172511e+62   2.2245872600e-24   5.1871390080e-14   3.0054809791e-06   2.0000000000e-02 
  2.1607775259e+21   1.9325399000e+18   1.1328436188e+62   2.2245872600e-24   5.1871390080e-14   3.1488569554e-06   2.0000000000e-02 
  2.1627100658e+21   1.9325399000e+18   1.1348718005e+62   2.2245872600e-24   5.1871390080e-14   3.7649700410e-06   2.0000000000e-02 
  2.1646426057e+21   1.9325399000e+18   1.1369017961e+62   2.2245872600e-24   5.1871390080e-14   4.4420627390e-06   2.0000000000e-02 
  2.1665751456e+21   1.9325399000e+18   1.1389336057e+62   2.2245872600e-24   5.1871390080e-14   4.7690012607e-06   2.0000000000e-02 
  2.1685076855e+21   1.9325399000e+18   1.1409672292e+62   2.2245872600e-24   5.1871390080e-14   4.9999686887e-06   2.0000000000e-02 
  2.1704402254e+21   1.9325399000e+18   1.1430026667e+62   2.2245872600e-24   5.1871390080e-14   5.3267153290e-06   2.0000000000e-02 
  2.1723727653e+21   1.9325399000e+18   1.1450399181e+62   2.2245872600e-24   5.1871390080e-14   5.6316817379e-06   2.0000000000e-02 
  2.1743053052e+21   1.9325399000e+18   1.1470789834e+62   2.2245872600e-24   5.1871390080e-14   5.8733603005e-06   2.0000000000e-02 
  2.1762378451e+21   1.9325399000e+18   1.1491198628e+62   2.2245872600e-24   5.1871390080e-14   5.8722859713e-06   2.0000000000e-02 
  2.1781703850e+21   1.9325399000e+18   1.1511625560e+62   2.2245872600e-24   5.1871390080e-14   5.6565815721e-06   2.0000000000e-02 
  2.1801029249e+21   1.9325399000e+18   1.1532070632e+62   2.2245872600e-24   5.1871390080e-14   5.4899080244e-06   2.0000000000e-02 
  2.1820354648e+21   1.9325399000e+18   1.1552533844e+62   2.2245872600e-24   5.1871390080e-14   5.3638114285e-06   2.0000000000e-02 
  2.1839680047e+21   1.9325399000e+18   1.1573015195e+62   2.2245872600e-24   5.1871390080e-14   5.2329337475e-06   2.0000000000e-02 
  2.1859005446e+21   1.9325399000e+18   1.1593514686e+62   2.2245872600e-24   5.1871390080e-14   5.0935430879e-06   2.0000000000e-02 
  2.1878330845e+21   1.9325399000e+18   1.1614032316e+62   2.2245872600e-24   5.1871390080e-14   4.9755502075e-06   2.0000000000e-02 
  2.1897656244e+21   1.9325399000e+18   1.1634568085e+62   2.2245872600e-24   5.1871390080e-14   4.8705790305e-06   2.0000000000e-02 
  2.1916981643e+21   1.9325399000e+18   1.1655121995e+62   2.2245872600e-24   5.1871390080e-14   4.7150463895e-06   2.0000000000e-02 
  2.1936307042e+21   1.9325399000e+18   1.1675694043e+62   2.2245872600e-24   5.1871390080e-14   4.0664785624e-06   2.0000000000e-02 
  2.1955632441e+21   1.9325399000e+18   1.1696284231e+62   2.2245872600e-24   5.1871390080e-14   3.2792364565e-06   2.0000000000e-02 
  2.1974957840e+21   1.9325399000e+18   1.1716892559e+62   2.2245872600e-24   5.1871390080e-14   2.9583643661e-06   2.0000000000e-02 
  2.1994283239e+21   1.9325399000e+18   1.1737519026e+62   2.2245872600e-24   5.1871390080e-14   2.8684406461e-06   2.0000000000e-02 
  2.2013608638e+21   1.9325399000e+18   1.1758163633e+62   2.2245872600e-24   5.1871390080e-14   2.8153933533e-06   2.0000000000e-02 
  2.2032934037e+21   1.9325399000e+18   1.1778826379e+62   2.2245872600e-24   5.1871390080e-14   2.7310674673e-06   2.0000000000e-02 
  2.2052259436e+21   1.9325399000e+18   1.1799507264e+62   2.2245872600e-24   5.1871390080e-14   2.3678236676e-06   2.0000000000e-02 
  2.2071584835e+21   1.9325399000e+18   1.1820206290e+62   2.2245872600e-24   5.1871390080e-14   2.0304068132e-06   2.0000000000e-02 
  2.2090910234e+21   1.9325399000e+18   1.1840923454e+62   2.2245872600e-24   5.1871390080e-14   1.9522386048e-06   2.0000000000e-02 
  2.2110235633e+21   1.9325399000e+18   1.1861658758e+62   2.2245872600e-24   5.1871390080e-14   1.9454037959e-06   2.0000000000e-02 
  2.2129561032e+21   1.9325399000e+18   1.1882412202e+62   2.2245872600e-24   5.1871390080e-14   1.9459659179e-06   2.0000000000e-02 
  2.2148886431e+21   1.9325399000e+18   1.1903183785e+62   2.2245872600e-24   5.1871390080e-14   1.9513095785e-06   2.0000000000e-02 
  2.2168211830e+21   1.9325399000e+18   1.1923973508e+62   2.2245872600e-24   5.1871390080e-14   1.9543747721e-06   2.0000000000e-02 
  2.2187537229e+21   1.9325399000e+18   1.1944781370e+62   2.2245872600e-24   5.1871390080e-14   1.9319032346e-06   2.0000000000e-02 
  2.2206862628e+21   1.9325399000e+18   1.1965607371e+62   2.2245872600e-24   5.1871390080e-14   1.8778137775e-06   2.0000000000e-02 
  2.2226188027e+21   1.9325399000e+18   1.1986451512e+62   2.2245872600e-24   5.1871390080e-14   1.7450350334e-06   2.0000000000e-02 
  2.2245513426e+21   1.9325399000e+18   1.2007313793e+62   2.2245872600e-24   5.1871390079e-14   1.3716922749e-06   2.0000000000e-02 
  2.2264838825e+21   1.9325399000e+18   1.2028194213e+62   2.2245872600e-24   5.1871390079e-14   9.5826590838e-07   2.0000000000e-02 
  2.2284164224e+21   1.9325399000e+18   1.2049092773e+62   2.2245872600e-24   5.1871390079e-14   8.8108463472e-07   2.0000000000e-02 
  2.2303489623e+21   1.9325399000e+18   1.2070009472e+62   2.2245872600e-24   5.1871390079e-14   6.5844970997e-07   2.0000000000e-02 
  2.2322815022e+21   1.9325399000e+18   1.2090944310e+62   2.2245872600e-24   5.1871390079e-14   1.9436816426e-07   2.0000000000e-02 
  2.2342140421e+21   1.9325399000e+18   1.2111897288e+62   2.2245872600e-24   5.1871390079e-14  -4.4016355181e-07   2.0000000000e-02 
  2.2361465820e+21   1.9325399000e+18   1.2132868406e+62   2.2245872600e-24   5.1871390079e-14  -7.3892142164e-07   2.0000000000e-02 
  2.2380791219e+21   1.9325399000e+18   1.2153857663e+62   2.2245872600e-24   5.1871390079e-14  -6.9699300386e-07   2.0000000000e-02 
  2.2400116618e+21   1.9325399000e+18   1.2174865060e+62   2.2245872600e-24   5.1871390079e-14  -6.4582592360e-07   2.0000000000e-02 
  2.2419442017e+21   1.9325399000e+18   1.2195890596e+62   2.2245872600e-24   5.1871390079e-14  -5.8023616863e-07   2.0000000000e-02 
  2.2438767416e+21   1.9325399000e+18   1.2216934271e+62   2.2245872600e-24   5.1871390079e-14  -2.9379842084e-07   2.0000000000e-02 
  2.2458092815e+21   1.9325399000e+18   1.2237996086e+62   2.2245872600e-24   5.1871390079e-14   0.0000000000e+00   2.0000000000e-02 
