# time = 2.717950e+15 [s] 
# r                  dr                 dV                 Density            Pressure           Velocity           Z
  2.1304517832e+18   2.1304517832e+18   4.0504543152e+55   2.8630759467e-31   3.1042769311e-14   0.0000000000e+00   9.9248591688e-02 
  2.8361881814e+18   7.0573639815e+17   5.5059328901e+55   2.8630759467e-31   3.1042769311e-14   1.6207222562e+04   9.9248591688e-02 
  3.8351101668e+18   9.9892198539e+17   1.4071350504e+56   2.8635260477e-31   3.1043276776e-14   2.8980054068e+04   9.9248591688e-02 
  4.8637119015e+18   1.0286017347e+18   2.4566169264e+56   2.8647802373e-31   3.1043623684e-14   4.5765563967e+04   9.9248591688e-02 
  5.4159303532e+18   5.5221845168e+17   1.8349927368e+56   2.8660853875e-31   3.1043999518e-14   5.6277337003e+04   9.9248591688e-02 
  5.8949120509e+18   4.7898169770e+17   1.9262746998e+56   2.8673586273e-31   3.1044303228e-14   6.2634509398e+04   9.9248591688e-02 
  6.6755633546e+18   7.8065130369e+17   3.8803269204e+56   2.8696407403e-31   3.1044721311e-14   7.0199606721e+04   9.9248591688e-02 
  7.4052808790e+18   7.2971752436e+17   4.5493636520e+56   2.8731692490e-31   3.1045261891e-14   7.9033576821e+04   9.9248591688e-02 
  8.3649979052e+18   9.5971702622e+17   7.5077121640e+56   2.8780083083e-31   3.1045936121e-14   8.8653293614e+04   9.9248591688e-02 
  9.3123588011e+18   9.4736089590e+17   9.3092684714e+56   2.8849246778e-31   3.1046789514e-14   9.9433749276e+04   9.9248591688e-02 
  1.0483237106e+19   1.1708783049e+18   1.4431283598e+57   2.8935630013e-31   3.1047858974e-14   1.1138645471e+05   9.9248591688e-02 
  1.1705940225e+19   1.2227031190e+18   1.8931831784e+57   2.9051213905e-31   3.1049153903e-14   1.2470842435e+05   9.9248591688e-02 
  1.3141767832e+19   1.4358276071e+18   2.7880975308e+57   2.9193160436e-31   3.1050612423e-14   1.3878684740e+05   9.9248591688e-02 
  1.4687314272e+19   1.5455464405e+18   3.7642284687e+57   2.9368162992e-31   3.1052248503e-14   1.5370394589e+05   9.9248591688e-02 
  1.6448355723e+19   1.7610414501e+18   5.3690660540e+57   2.9586079079e-31   3.1054122829e-14   1.6950592507e+05   9.9248591688e-02 
  1.8425311830e+19   1.9769561074e+18   7.5614854511e+57   2.9850404180e-31   3.1056361258e-14   1.8669985424e+05   9.9248591688e-02 
  2.0627295585e+19   2.2019837547e+18   1.0561462420e+58   3.0181115497e-31   3.1059025665e-14   2.0473529277e+05   9.9248591688e-02 
  2.3105943751e+19   2.4786481668e+18   1.4909147810e+58   3.0573267923e-31   3.1062020946e-14   2.2245510391e+05   9.9248591688e-02 
  2.5796522754e+19   2.6905790030e+18   2.0234624518e+58   3.1048678582e-31   3.1066015369e-14   2.3992362870e+05   9.9248591688e-02 
  2.8844199807e+19   3.0476770529e+18   2.8615531744e+58   3.1600745211e-31   3.1069746726e-14   2.6203700490e+05   9.9248591688e-02 
  3.2128251637e+19   3.2840518299e+18   3.8392549514e+58   3.2263974683e-31   3.1073387104e-14   2.8888911396e+05   9.9248591688e-02 
  3.5917418541e+19   3.7891669038e+18   5.5175117623e+58   3.3050207656e-31   3.1076903605e-14   3.2544667842e+05   9.9248591688e-02 
  3.9944022351e+19   4.0266038097e+18   7.2868294414e+58   3.3971235099e-31   3.1080362244e-14   3.7118599566e+05   9.9248591688e-02 
  4.4490939110e+19   4.5469167591e+18   1.0193682490e+59   3.5045762370e-31   3.1084243354e-14   4.2865106236e+05   9.9248591688e-02 
  4.9322660787e+19   4.8317216771e+18   1.3371102529e+59   3.6301285042e-31   3.1088602048e-14   5.0333003518e+05   9.9248591688e-02 
  5.4810563419e+19   5.4879026318e+18   1.8712714029e+59   3.7754547568e-31   3.1092079593e-14   5.7593818852e+05   9.9248591688e-02 
  6.0270063773e+19   5.4595003541e+18   2.2731751477e+59   3.9398843796e-31   3.1094429197e-14   6.3803905878e+05   9.9248591688e-02 
  6.8345014826e+19   8.0749510533e+18   4.2018815682e+59   4.1555234477e-31   3.1096209003e-14   6.9034195758e+05   9.9248591688e-02 
  8.0124727747e+19   1.1779712921e+19   8.1746812113e+59   4.4892263144e-31   3.1101157405e-14   7.4634109399e+05   9.9248591688e-02 
  8.4739464661e+19   4.6147369133e+18   3.9415124948e+59   4.7751310283e-31   3.1104866008e-14   8.0367155397e+05   9.9248591688e-02 
  8.8855933351e+19   4.1164686900e+18   3.8979162133e+59   4.9412640842e-31   3.1102869167e-14   8.5195368844e+05   9.9248591688e-02 
  9.3132945153e+19   4.2770118023e+18   4.4510243277e+59   5.1223758139e-31   3.1101834685e-14   9.0218663885e+05   9.9248591688e-02 
  9.7655451034e+19   4.5225058815e+18   5.1726639219e+59   5.3350822242e-31   3.1101141230e-14   9.6037202402e+05   9.9248591688e-02 
  1.0187157965e+20   4.2161286195e+18   5.2738993364e+59   5.5676582624e-31   3.1100775078e-14   1.0209294841e+06   9.9248591688e-02 
  1.0718784451e+20   5.3162648555e+18   7.3011216510e+59   5.8509944499e-31   3.1100958009e-14   1.0879173201e+06   9.9248591688e-02 
  1.1238529444e+20   5.1974499312e+18   7.8737153905e+59   6.1911819869e-31   3.1101697363e-14   1.1591276734e+06   9.9248591688e-02 
  1.1738802797e+20   5.0027335324e+18   8.2989867406e+59   6.5509982665e-31   3.1102999965e-14   1.2203599086e+06   9.9248591688e-02 
  1.2220113341e+20   4.8131054344e+18   8.6809649207e+59   6.9319338932e-31   3.1105799911e-14   1.2669934695e+06   9.9248591688e-02 
  1.2807279495e+20   5.8716615452e+18   1.1556379125e+60   7.3907451790e-31   3.1108536523e-14   1.3236238080e+06   9.9248591688e-02 
  1.3397444685e+20   5.9016518997e+18   1.2733742639e+60   7.9413493926e-31   3.1108879708e-14   1.3911326757e+06   9.9248591688e-02 
  1.3963573398e+20   5.6612871245e+18   1.3316544138e+60   8.5292245512e-31   3.1111465947e-14   1.4476853576e+06   9.9248591688e-02 
  1.4529077334e+20   5.6550393605e+18   1.4424748019e+60   9.1586686379e-31   3.1117722351e-14   1.4895103446e+06   9.9248591688e-02 
  1.5194166156e+20   6.6508882273e+18   1.8462665284e+60   9.9154329414e-31   3.1125636268e-14   1.5432424276e+06   9.9248591688e-02 
  1.5860415274e+20   6.6624911781e+18   2.0188521136e+60   1.0805443283e-30   3.1130544498e-14   1.6173965381e+06   9.9248591688e-02 
  1.6496942207e+20   6.3652693235e+18   2.0939618646e+60   1.1757520686e-30   3.1136263922e-14   1.6955931796e+06   9.9248591688e-02 
  1.7180229365e+20   6.8328715797e+18   2.4349157531e+60   1.2810703721e-30   3.1143125582e-14   1.7777985754e+06   9.9248591688e-02 
  1.7954486916e+20   7.7425755141e+18   3.0031603364e+60   1.4103107258e-30   3.1151594746e-14   1.8735091200e+06   9.9248591688e-02 
  1.8708413656e+20   7.5392674016e+18   3.1841526063e+60   1.5571641753e-30   3.1162782332e-14   1.9689767194e+06   9.9248591688e-02 
  1.9371899670e+20   6.6348601351e+18   3.0229197328e+60   1.7072697728e-30   3.1174735132e-14   2.0502150562e+06   9.9248591688e-02 
  2.0239869428e+20   8.6796975841e+18   4.2792971538e+60   1.8883459710e-30   3.1189620984e-14   2.1300445950e+06   9.9248591688e-02 
  2.1287249566e+20   1.0473801375e+19   5.6755753044e+60   2.1374341784e-30   3.1209573202e-14   2.2220294258e+06   9.9248591688e-02 
  2.2343023240e+20   1.0557736742e+19   6.3151157828e+60   2.4339921099e-30   3.1241624756e-14   2.3215042362e+06   9.9248591688e-02 
  2.3311524992e+20   9.6850175185e+18   6.3428366199e+60   2.7508162255e-30   3.1266480109e-14   2.4362334901e+06   9.9248591688e-02 
  2.4504548475e+20   1.1930234830e+19   8.5711045792e+60   3.1141946564e-30   3.1298396184e-14   2.5617730673e+06   9.9248591688e-02 
  2.5545952118e+20   1.0414036433e+19   8.1968782699e+60   3.5416327993e-30   3.1339996256e-14   2.6764768030e+06   9.9248591688e-02 
  2.7073884693e+20   1.5279325746e+19   1.3294594608e+61   4.0704660240e-30   3.1397374802e-14   2.8076366682e+06   9.9248591688e-02 
  2.8155782618e+20   1.0818979251e+19   1.0368992544e+61   4.6645602684e-30   3.1474097965e-14   2.9400093926e+06   9.9248591688e-02 
  2.9126964722e+20   9.7118210406e+18   1.0012437811e+61   5.1856090407e-30   3.1534250717e-14   3.0510860146e+06   9.9248591688e-02 
  3.0140475675e+20   1.0135109535e+19   1.1185437987e+61   5.7172912443e-30   3.1614564624e-14   3.1338791572e+06   9.9248591688e-02 
  3.1064688542e+20   9.2421286672e+18   1.0877548434e+61   6.1746816957e-30   3.1686849648e-14   3.2261857161e+06   9.9248591688e-02 
  3.2457807716e+20   1.3931191744e+19   1.7662935279e+61   6.6506836227e-30   3.1795204211e-14   3.3233960485e+06   9.9248591688e-02 
  3.3889414471e+20   1.4316067552e+19   1.9800971400e+61   7.1737080163e-30   3.1930703953e-14   3.4602699265e+06   9.9248591688e-02 
  3.5768405037e+20   1.8789905653e+19   2.8649664835e+61   7.6613251621e-30   3.2106847311e-14   3.6020752979e+06   9.9248591688e-02 
  3.7228665451e+20   1.4602604140e+19   2.4448317392e+61   8.1037511462e-30   3.2295490513e-14   3.7446534773e+06   9.9248591688e-02 
  3.8845580298e+20   1.6169148475e+19   2.9402057648e+61   8.4163915451e-30   3.2480236123e-14   3.8735351883e+06   9.9248591688e-02 
  4.0592542355e+20   1.7469620569e+19   3.4638676947e+61   8.6978354105e-30   3.2692690617e-14   4.0093717469e+06   9.9248591688e-02 
  4.1584642912e+20   9.9210055662e+18   2.1048889510e+61   8.8989798400e-30   3.2872370165e-14   4.1105527092e+06   9.9248591688e-02 
  4.2526342248e+20   9.4169933603e+18   2.0930794898e+61   9.0107348861e-30   3.3005069958e-14   4.1734947823e+06   9.9248591688e-02 
  4.4143827809e+20   1.6174855607e+19   3.8175083862e+61   9.1259321251e-30   3.3186748598e-14   4.2477730720e+06   9.9248591688e-02 
  4.5956347070e+20   1.8125192610e+19   4.6231964787e+61   9.2509854247e-30   3.3435407716e-14   4.3345482524e+06   9.9248591688e-02 
  4.7560862225e+20   1.6045151558e+19   4.4087897301e+61   9.3544925193e-30   3.3688686368e-14   4.4054547259e+06   9.9248591688e-02 
  4.8422760586e+20   8.6189836023e+18   2.4946629429e+61   9.4172187507e-30   3.3874298112e-14   4.4494059376e+06   9.9248591688e-02 
  4.9271356689e+20   8.4859610312e+18   2.5444777324e+61   9.4438204686e-30   3.4005172417e-14   4.4774426007e+06   9.9248591688e-02 
  5.0973048588e+20   1.7016918990e+19   5.3727026518e+61   9.4671591195e-30   3.4204164073e-14   4.5174535526e+06   9.9248591688e-02 
  5.2403734799e+20   1.4306862108e+19   4.8036130935e+61   9.4813065890e-30   3.4453424493e-14   4.5635301316e+06   9.9248591688e-02 
  5.3346187649e+20   9.4245284996e+18   3.3111672486e+61   9.4822277190e-30   3.4646146871e-14   4.5936795249e+06   9.9248591688e-02 
  5.4125061881e+20   7.7887423242e+18   2.8262424096e+61   9.4751065408e-30   3.4788429465e-14   4.6128029301e+06   9.9248591687e-02 
  5.4780071596e+20   6.5500971528e+18   2.4406165634e+61   9.4628254651e-30   3.4908424209e-14   4.6271215764e+06   9.9248591685e-02 
  5.6438626089e+20   1.6585544926e+19   6.4456604071e+61   9.4326625906e-30   3.5103583939e-14   4.6463810153e+06   9.9248591676e-02 
  5.7503586663e+20   1.0649605745e+19   4.3437552546e+61   9.3935756112e-30   3.5332026162e-14   4.6636895959e+06   9.9248591647e-02 
  5.7774802567e+20   2.7121590400e+18   1.1323003090e+61   9.3729326909e-30   3.5444344236e-14   4.6690932098e+06   9.9248591586e-02 
  5.7992024655e+20   2.1722208733e+18   9.1458195170e+60   9.3647577212e-30   3.5485692456e-14   4.6702950278e+06   9.9248590905e-02 
  5.8784741292e+20   7.9271663785e+18   3.3961542261e+61   9.3445734425e-30   3.5571343482e-14   4.6719230681e+06   9.9248588869e-02 
  5.9515582262e+20   7.3084096967e+18   3.2132916667e+61   9.3120928496e-30   3.5700272767e-14   4.6733335390e+06   9.9248580185e-02 
  6.0288401200e+20   7.7281893752e+18   3.4847864488e+61   9.2763714560e-30   3.5827126773e-14   4.6729255215e+06   9.9248543466e-02 
  6.1919994899e+20   1.6315936989e+19   7.6557859763e+61   9.2107991904e-30   3.6030611603e-14   4.6695821335e+06   9.9248436416e-02 
  6.3260985233e+20   1.3409903344e+19   6.6018982683e+61   9.1204769348e-30   3.6284504787e-14   4.6612047023e+06   9.9248191659e-02 
  6.4520184675e+20   1.2591994420e+19   6.4593999067e+61   9.0267968760e-30   3.6509949176e-14   4.6488976892e+06   9.9247944067e-02 
  6.6155196222e+20   1.6350115475e+19   8.7716422089e+61   8.9012251546e-30   3.6760969224e-14   4.6357315677e+06   9.9247150974e-02 
  6.7648968316e+20   1.4937720932e+19   8.4021710321e+61   8.7385128619e-30   3.7030025702e-14   4.6230048193e+06   9.9245097890e-02 
  6.9090861176e+20   1.4418928604e+19   8.4701095734e+61   8.5526656590e-30   3.7275934463e-14   4.6115698121e+06   9.9239718137e-02 
  7.0481842536e+20   1.3909813597e+19   8.5130766494e+61   8.3353101268e-30   3.7504172305e-14   4.5991867240e+06   9.9225473119e-02 
  7.2050568317e+20   1.5687257808e+19   1.0012480984e+62   8.0630387093e-30   3.7731094110e-14   4.5817469810e+06   9.9163162959e-02 
  7.3368865470e+20   1.3182971537e+19   8.7583033411e+61   7.7563171807e-30   3.7940895539e-14   4.5596380772e+06   9.8894945450e-02 
  7.4119700617e+20   7.5083514646e+18   5.1311525301e+61   7.5029805838e-30   3.8082753240e-14   4.5423022831e+06   9.8449988710e-02 
  7.4761630277e+20   6.4192966010e+18   4.4701334781e+61   7.2949817665e-30   3.8173296709e-14   4.5304846154e+06   9.7550721760e-02 
  7.5637594634e+20   8.7596435755e+18   6.2249005139e+61   7.0228103052e-30   3.8267903464e-14   4.5153650622e+06   9.6964636551e-02 
  7.5983048335e+20   3.4545370081e+18   2.4949229719e+61   6.7804920195e-30   3.8341771142e-14   4.5017477557e+06   9.6698883880e-02 
  7.6142305107e+20   1.5925677135e+18   1.1578469043e+61   6.6654341858e-30   3.8371366378e-14   4.4958461080e+06   9.6615100764e-02 
  7.6389417703e+20   2.4711259623e+18   1.8061985416e+61   6.5846507227e-30   3.8394630715e-14   4.4910811347e+06   9.6587886345e-02 
  7.7025783553e+20   6.3636584995e+18   4.7053942483e+61   6.4591310213e-30   3.8444319286e-14   4.4798899845e+06   9.6583588233e-02 
  7.7534783618e+20   5.0900006517e+18   3.8200292307e+61   6.3200682397e-30   3.8507950113e-14   4.4640195401e+06   9.6581880812e-02 
  7.7899021841e+20   3.6423822323e+18   2.7645671693e+61   6.2335202772e-30   3.8555723236e-14   4.4511355152e+06   9.6581697830e-02 
  7.8235159310e+20   3.3613746842e+18   2.5743254396e+61   6.1826953926e-30   3.8593675877e-14   4.4403154137e+06   9.6581672738e-02 
  7.8600008649e+20   3.6484933951e+18   2.8193638522e+61   6.1496804581e-30   3.8631449022e-14   4.4289751338e+06   9.6581671478e-02 
  7.8921456464e+20   3.2144781451e+18   2.5057655723e+61   6.1321778691e-30   3.8668301712e-14   4.4173698741e+06   9.6581671423e-02 
  8.0176985367e+20   1.2555289035e+19   9.9842961788e+61   6.1259495327e-30   3.8752204017e-14   4.3896857871e+06   9.6581671420e-02 
  8.1385435741e+20   1.2084503740e+19   9.9098595104e+61   6.1278780334e-30   3.8882199452e-14   4.3452928278e+06   9.6581671417e-02 
  8.1820802201e+20   4.3536646039e+18   3.6431695198e+61   6.1339425685e-30   3.8967472472e-14   4.3166982442e+06   9.6581671415e-02 
  8.2115134598e+20   2.9433239690e+18   2.4850592051e+61   6.1415297581e-30   3.9004665960e-14   4.3047588178e+06   9.6581671414e-02 
  8.2397166875e+20   2.8203227632e+18   2.3979817133e+61   6.1526346029e-30   3.9033742532e-14   4.2952770804e+06   9.6581671409e-02 
  8.2682756632e+20   2.8558975691e+18   2.4450145656e+61   6.1694694573e-30   3.9062190676e-14   4.2859069327e+06   9.6581671376e-02 
  8.3752295038e+20   1.0695384066e+19   9.3076881844e+61   6.2270708318e-30   3.9129365869e-14   4.2634075968e+06   9.6581671256e-02 
  8.4441639260e+20   6.8934422153e+18   6.1264529530e+61   6.3111982612e-30   3.9216052146e-14   4.2342106531e+06   9.6581670671e-02 
  8.4722084037e+20   2.8044477710e+18   2.5212278609e+61   6.3653599061e-30   3.9263472160e-14   4.2184480144e+06   9.6581669149e-02 
  8.5083396694e+20   3.6131265688e+18   3.2729329678e+61   6.4008323624e-30   3.9294699914e-14   4.2079776604e+06   9.6581652896e-02 
  8.5734290792e+20   6.5089409831e+18   5.9666145751e+61   6.4412957486e-30   3.9343816785e-14   4.1910794969e+06   9.6581604785e-02 
  8.6385075926e+20   6.5078513378e+18   6.0568810516e+61   6.4824506934e-30   3.9406748416e-14   4.1686282589e+06   9.6581145564e-02 
  8.7269195742e+20   8.8411981643e+18   8.3759811572e+61   6.5184977942e-30   3.9480521368e-14   4.1405297081e+06   9.6579869174e-02 
  8.8220725330e+20   9.5152958749e+18   9.2062080036e+61   6.5512837317e-30   3.9568403630e-14   4.1041807033e+06   9.6577079042e-02 
  8.9144031237e+20   9.2330590730e+18   9.1250250259e+61   6.5761259415e-30   3.9657989372e-14   4.0637061673e+06   9.6576714174e-02 
  9.0626571515e+20   1.4825402776e+19   1.5052324362e+62   6.5975168174e-30   3.9772366230e-14   4.0050158768e+06   9.6571217748e-02 
  9.1947378433e+20   1.3208069189e+19   1.3831663264e+62   6.6148339226e-30   3.9904884396e-14   3.9291469986e+06   9.6557919059e-02 
  9.3140099290e+20   1.1927208563e+19   1.2836563455e+62   6.6230059215e-30   4.0021810563e-14   3.8567737394e+06   9.6529194235e-02 
  9.4305930378e+20   1.1658310883e+19   1.2868964316e+62   6.6231513929e-30   4.0126919302e-14   3.7878936483e+06   9.6467743572e-02 
  9.5833689313e+20   1.5277589348e+19   1.7352389710e+62   6.6126475509e-30   4.0239656831e-14   3.7083562532e+06   9.6215004515e-02 
  9.6953146997e+20   1.1194576845e+19   1.3071252037e+62   6.5920607138e-30   4.0344132463e-14   3.6296722010e+06   9.5280312535e-02 
  9.7833417377e+20   8.8027037953e+18   1.0492691709e+62   6.5650382429e-30   4.0418737091e-14   3.5706094549e+06   9.1694895018e-02 
  9.8290803232e+20   4.5738585479e+18   5.5270812753e+61   6.5362723835e-30   4.0467134732e-14   3.5308758935e+06   8.7796110166e-02 
  9.8950397809e+20   6.5959457759e+18   8.0616482538e+61   6.4945971800e-30   4.0506940831e-14   3.4966961505e+06   8.1421790167e-02 
  9.9204510978e+20   2.5411316918e+18   3.1346348238e+61   6.4505433495e-30   4.0539365222e-14   3.4681402187e+06   7.6294399708e-02 
  9.9477385013e+20   2.7287403501e+18   3.3839890584e+61   6.4105044434e-30   4.0557910195e-14   3.4512050158e+06   7.3759715639e-02 
  1.0000967042e+21   5.3228540219e+18   6.6546451007e+61   6.3323737643e-30   4.0585911311e-14   3.4244410038e+06   7.3495974492e-02 
  1.0038596375e+21   3.7629333001e+18   4.7473736491e+61   6.2461387460e-30   4.0617315857e-14   3.3933839645e+06   7.3358520310e-02 
  1.0072214435e+21   3.3618060027e+18   4.2715164815e+61   6.1910443430e-30   4.0641819114e-14   3.3683132260e+06   7.3317763825e-02 
  1.0117880604e+21   4.5666168911e+18   5.8481959875e+61   6.1447635713e-30   4.0668960628e-14   3.3395134862e+06   7.3313846494e-02 
  1.0167797811e+21   4.9917207205e+18   6.4532739410e+61   6.1018007131e-30   4.0701636442e-14   3.3036913461e+06   7.3313066849e-02 
  1.0214027220e+21   4.6229409247e+18   6.0333024803e+61   6.0697621536e-30   4.0734646087e-14   3.2663635265e+06   7.3313014153e-02 
  1.0316564066e+21   1.0253684590e+19   1.3578017135e+62   6.0377051469e-30   4.0785696983e-14   3.2057092924e+06   7.3313012349e-02 
  1.0397541569e+21   8.0977502866e+18   1.0915630811e+62   6.0073121848e-30   4.0849035202e-14   3.1276128548e+06   7.3313011817e-02 
  1.0449700489e+21   5.2158920748e+18   7.1215838741e+61   5.9921150605e-30   4.0893913694e-14   3.0713417176e+06   7.3313011752e-02 
  1.0578242993e+21   1.2854250338e+19   1.7856471213e+62   5.9836662058e-30   4.0951272694e-14   2.9952238210e+06   7.3313011694e-02 
  1.0681669253e+21   1.0342626001e+19   1.4686119387e+62   5.9787548897e-30   4.1022225642e-14   2.8964448289e+06   7.3313011465e-02 
  1.0814477500e+21   1.3280824678e+19   1.9279762453e+62   5.9791681191e-30   4.1090239981e-14   2.7960991589e+06   7.3313010347e-02 
  1.0906974981e+21   9.2497481781e+18   1.3710715908e+62   5.9827297430e-30   4.1152272070e-14   2.6996700019e+06   7.3313005723e-02 
  1.0994731480e+21   8.7756498145e+18   1.3224747524e+62   5.9882750573e-30   4.1199448262e-14   2.6222894286e+06   7.3312949564e-02 
  1.1162247883e+21   1.6751640326e+19   2.5836673288e+62   5.9998873930e-30   4.1263835159e-14   2.5110413869e+06   7.3312826995e-02 
  1.1272843912e+21   1.1059602913e+19   1.7488341547e+62   6.0153727966e-30   4.1332070465e-14   2.3882561380e+06   7.3312603002e-02 
  1.1379974157e+21   1.0713024526e+19   1.7270689795e+62   6.0315625139e-30   4.1382841074e-14   2.2911101758e+06   7.3312034055e-02 
  1.1471181297e+21   9.1207139825e+18   1.4962265103e+62   6.0506052616e-30   4.1426909384e-14   2.2019013806e+06   7.3308137804e-02 
  1.1544981994e+21   7.3800696794e+18   1.2282242942e+62   6.0707441156e-30   4.1461592046e-14   2.1277693084e+06   7.3288866063e-02 
  1.1711278661e+21   1.6629666760e+19   2.8256644898e+62   6.1074937077e-30   4.1508234669e-14   2.0185414333e+06   7.3244370016e-02 
  1.1819322914e+21   1.0804425209e+19   1.8794061904e+62   6.1526722838e-30   4.1558749344e-14   1.8919686242e+06   7.3143293798e-02 
  1.1867806933e+21   4.8484019235e+18   8.5462181725e+61   6.1805516144e-30   4.1585377810e-14   1.8195394163e+06   7.3007645489e-02 
  1.1925952456e+21   5.8145523662e+18   1.0341729031e+62   6.2022290359e-30   4.1602559664e-14   1.7701074619e+06   7.2235384216e-02 
  1.1965586746e+21   3.9634289629e+18   7.1073812060e+61   6.2236165058e-30   4.1617878805e-14   1.7246575158e+06   7.1110847285e-02 
  1.2010283995e+21   4.4697249052e+18   8.0719775940e+61   6.2423636120e-30   4.1630656251e-14   1.6853373096e+06   6.9561189302e-02 
  1.2042443662e+21   3.2159666862e+18   5.8450783981e+61   6.2585688580e-30   4.1642016887e-14   1.6494664418e+06   6.8822189534e-02 
  1.2114241981e+21   7.1798318986e+18   1.3162552708e+62   6.2791617550e-30   4.1656780088e-14   1.6007251609e+06   6.8628442119e-02 
  1.2165335853e+21   5.1093872280e+18   9.4624063440e+61   6.3030185829e-30   4.1673761962e-14   1.5429421884e+06   6.8497969971e-02 
  1.2250365196e+21   8.5029342853e+18   1.5924244919e+62   6.3292086560e-30   4.1691453645e-14   1.4786066875e+06   6.8463682797e-02 
  1.2295830481e+21   4.5465284475e+18   8.6059469801e+61   6.3544573402e-30   4.1707671038e-14   1.4167152788e+06   6.8450442953e-02 
  1.2330304046e+21   3.4473564994e+18   6.5679350392e+61   6.3703959244e-30   4.1716966828e-14   1.3787989504e+06   6.8446037817e-02 
  1.2368558170e+21   3.8254124715e+18   7.3313235114e+61   6.3858674216e-30   4.1725045814e-14   1.3442243066e+06   6.8445165345e-02 
  1.2394461912e+21   2.5903741779e+18   4.9902206957e+61   6.4006773662e-30   4.1731906201e-14   1.3137176138e+06   6.8445105742e-02 
  1.2455748711e+21   6.1286799020e+18   1.1889890096e+62   6.4237306557e-30   4.1740605382e-14   1.2719765342e+06   6.8445105216e-02 
  1.2501170166e+21   4.5421454723e+18   8.8877806199e+61   6.4544225986e-30   4.1750773794e-14   1.2204239682e+06   6.8445161168e-02 
  1.2543287860e+21   4.2117694382e+18   8.2992366130e+61   6.4833810797e-30   4.1758376311e-14   1.1778719253e+06   6.8445850562e-02 
  1.2583227532e+21   3.9939671455e+18   7.9217157336e+61   6.5155681717e-30   4.1764801432e-14   1.1378354682e+06   6.8448179550e-02 
  1.2753178034e+21   1.6995050288e+19   3.4274319809e+62   6.6153960725e-30   4.1778841712e-14   1.0361204972e+06   6.8454955033e-02 
  1.2885898327e+21   1.3272029242e+19   2.7409166770e+62   6.7774918541e-30   4.1798138578e-14   8.9120597112e+05   6.8473537613e-02 
  1.2978295550e+21   9.2397223581e+18   1.9418180591e+62   6.9316780235e-30   4.1810515942e-14   7.8759137838e+05   6.8512348987e-02 
  1.3135836919e+21   1.5754136824e+19   3.3752112502e+62   7.1856730189e-30   4.1821523078e-14   6.7651739169e+05   6.8611291614e-02 
  1.3228420522e+21   9.2583603404e+18   2.0217005314e+62   7.5442839948e-30   4.1832051523e-14   5.6911637415e+05   6.8835730360e-02 
  1.3299206244e+21   7.0785721893e+18   1.5649244144e+62   7.9565058711e-30   4.1836711995e-14   4.9886925286e+05   6.9715315709e-02 
  1.3369704482e+21   7.0498238093e+18   1.5752145063e+62   8.6084617181e-30   4.1840047009e-14   4.3631253822e+05   7.3844006930e-02 
  1.3405880887e+21   3.6176404724e+18   8.1480463162e+61   9.4565207398e-30   4.1842357875e-14   3.8814411697e+05   7.9228209900e-02 
  1.3424946217e+21   1.9065329883e+18   4.3118375607e+61   1.0375061783e-29   4.1844048671e-14   3.6377884119e+05   8.4642817167e-02 
  1.3486180463e+21   6.1234245892e+18   1.3931848953e+62   1.3326292715e-29   4.1844005189e-14   3.2474606622e+05   9.0067420646e-02 
  1.3519214992e+21   3.3034529152e+18   7.5686651706e+61   1.8230964411e-29   4.1846581970e-14   2.7565423637e+05   9.4732113179e-02 
  1.3541277974e+21   2.2062981957e+18   5.0755789394e+61   2.3769888772e-29   4.1846215178e-14   2.4732968869e+05   9.6559793549e-02 
  1.3573892933e+21   3.2614959629e+18   7.5334102687e+61   3.5700929787e-29   4.1848359942e-14   2.2521321807e+05   9.6892399069e-02 
  1.3575913278e+21   2.0203447678e+17   4.6785236464e+60   4.9411559672e-29   4.1848137386e-14   2.1412511832e+05   9.6225023913e-02 
  1.3593898971e+21   1.7985693119e+18   4.1710979623e+61   1.2885135737e-28   4.1846485201e-14   2.0120397580e+05   8.3350786809e-02 
  1.3599177744e+21   5.2787725341e+17   1.2263078894e+61   3.2074888165e-28   4.1845171370e-14   1.8523202797e+05   5.6726284743e-02 
  1.3603872807e+21   4.6950630900e+17   1.0915070034e+61   8.3053153318e-28   4.1838164457e-14   1.7725651896e+05   3.6942952324e-02 
  1.3629237637e+21   2.5364830257e+18   5.9098499356e+61   1.7324030805e-26   4.1522181360e-14   1.2171642551e+05   2.0867232960e-02 
  1.3635258283e+21   6.0206458553e+17   1.4060083732e+61   4.4621833914e-26   4.1219331926e-14   5.9425629993e+04   2.0086865580e-02 
  1.3720095372e+21   8.4837088766e+18   1.9944432788e+62   9.7433865261e-26   3.9812396790e-14   2.7726501276e+04   2.0049567231e-02 
  1.3768484781e+21   4.8389409727e+18   1.1486964054e+62   1.4385483484e-24   4.1085380185e-14   4.5849901692e+04   2.0035628876e-02 
  1.3817138444e+21   4.8653662721e+18   1.1631385867e+62   1.5382352320e-24   4.2542501743e-14   5.0994035913e+04   2.0032542043e-02 
  1.3941332752e+21   1.2419430826e+19   3.0063916088e+62   1.7202755462e-24   4.5123113801e-14   6.2275580837e+04   2.0029093884e-02 
  1.4104384007e+21   1.6305125461e+19   4.0291366590e+62   2.0979526547e-24   5.0325781766e-14   8.0135864430e+04   2.0022727832e-02 
  1.4211430586e+21   1.0704657887e+19   2.6963909059e+62   2.4521786939e-24   5.4758489679e-14   9.4351055764e+04   2.0014518660e-02 
  1.4277160836e+21   6.5730250258e+18   1.6759377465e+62   2.6784844784e-24   5.7680813308e-14   1.0195034712e+05   2.0004806583e-02 
  1.4329214917e+21   5.2054080591e+18   1.3382301494e+62   2.8371443604e-24   5.9746726548e-14   1.0668026162e+05   2.0001172462e-02 
  1.4382151742e+21   5.2936825082e+18   1.3709322288e+62   2.9859613834e-24   6.1641870423e-14   1.1077978228e+05   2.0000451918e-02 
  1.4437604465e+21   5.5452722861e+18   1.4469512187e+62   3.1478212153e-24   6.3664527377e-14   1.1494557401e+05   2.0000174667e-02 
  1.4492679422e+21   5.5074957318e+18   1.4481380246e+62   3.3259492660e-24   6.5848848460e-14   1.1919305994e+05   2.0000059496e-02 
  1.4545513673e+21   5.2834251359e+18   1.3996037185e+62   3.5061010795e-24   6.8019567664e-14   1.2347267123e+05   2.0000019079e-02 
  1.4594983823e+21   4.9470149855e+18   1.3197371428e+62   3.6960415632e-24   7.0347180922e-14   1.2738588631e+05   2.0000005955e-02 
  1.4640818091e+21   4.5834267686e+18   1.2307519901e+62   3.8819675127e-24   7.2633320777e-14   1.3147861957e+05   2.0000001750e-02 
  1.4684190776e+21   4.3372685343e+18   1.1717711609e+62   4.0851656081e-24   7.5095312928e-14   1.3551134852e+05   2.0000000501e-02 
  1.4724696753e+21   4.0505977145e+18   1.1005922582e+62   4.2932333994e-24   7.7577111714e-14   1.3968775959e+05   2.0000000134e-02 
  1.4763086664e+21   3.8389910406e+18   1.0487004944e+62   4.5121750046e-24   8.0150270068e-14   1.4381758118e+05   2.0000000035e-02 
  1.4798146853e+21   3.5060188936e+18   9.6251926934e+61   4.7353238111e-24   8.2733534435e-14   1.4779166457e+05   2.0000000008e-02 
  1.4829821065e+21   3.1674212450e+18   8.7349333376e+61   4.9435134011e-24   8.5111797834e-14   1.5135010398e+05   2.0000000002e-02 
  1.4859962653e+21   3.0141588087e+18   8.3469962848e+61   5.1298810324e-24   8.7212703660e-14   1.5435107243e+05   2.0000000000e-02 
  1.4889030517e+21   2.9067864127e+18   8.0817921395e+61   5.3060766836e-24   8.9258552395e-14   1.5708133322e+05   2.0000000000e-02 
  1.4915825362e+21   2.6794844685e+18   7.4778248049e+61   5.4757208839e-24   9.1210280261e-14   1.5961447972e+05   2.0000000000e-02 
  1.4941368176e+21   2.5542813471e+18   7.1534686323e+61   5.6367078245e-24   9.3047048439e-14   1.6192578550e+05   2.0000000000e-02 
  1.4966010720e+21   2.4642544445e+18   6.9245606763e+61   5.7920832754e-24   9.4806146496e-14   1.6406596397e+05   2.0000000000e-02 
  1.4989452853e+21   2.3442132546e+18   6.6084433018e+61   5.9421670482e-24   9.6492651625e-14   1.6604791370e+05   2.0000000000e-02 
  1.5015213534e+21   2.5760680983e+18   7.2859288094e+61   6.0970489144e-24   9.8220534579e-14   1.6800978375e+05   2.0000000000e-02 
  1.5042199415e+21   2.6985881485e+18   7.6593125878e+61   6.2646175631e-24   1.0007606541e-13   1.7005291766e+05   2.0000000000e-02 
  1.5067584622e+21   2.5385207230e+18   7.2301277299e+61   6.4334942918e-24   1.0193192010e-13   1.7203546964e+05   2.0000000000e-02 
  1.5092318516e+21   2.4733893330e+18   7.0680943534e+61   6.5995232964e-24   1.0374303446e-13   1.7391109633e+05   2.0000000000e-02 
  1.5116968586e+21   2.4650070330e+18   7.0672277149e+61   6.7691912433e-24   1.0558176869e-13   1.7577345924e+05   2.0000000000e-02 
  1.5141471699e+21   2.4503113369e+18   7.0479743179e+61   6.9489807940e-24   1.0751627587e-13   1.7768604226e+05   2.0000000000e-02 
  1.5165355684e+21   2.3883984887e+18   6.8918799065e+61   7.1382630775e-24   1.0948223748e-13   1.7963429609e+05   2.0000000000e-02 
  1.5187132173e+21   2.1776488617e+18   6.3026964022e+61   7.3108294860e-24   1.1126142937e-13   1.8132693859e+05   2.0000000000e-02 
  1.5208148125e+21   2.1015951874e+18   6.0997398431e+61   7.4622621036e-24   1.1281383894e-13   1.8271448121e+05   2.0000000000e-02 
  1.5228442983e+21   2.0294858432e+18   5.9064697373e+61   7.6011931264e-24   1.1423288438e-13   1.8390709086e+05   2.0000000000e-02 
  1.5246552383e+21   1.8109399388e+18   5.2837379105e+61   7.7274204566e-24   1.1555780567e-13   1.8495960957e+05   2.0000000000e-02 
  1.5264008737e+21   1.7456354262e+18   5.1050953347e+61   7.8466256956e-24   1.1681236017e-13   1.8593584554e+05   2.0000000000e-02 
  1.5281317757e+21   1.7309020338e+18   5.0735500686e+61   7.9656499454e-24   1.1805959789e-13   1.8690008886e+05   2.0000000000e-02 
  1.5298480358e+21   1.7162600635e+18   5.0419930524e+61   8.0870780169e-24   1.1932653300e-13   1.8785863321e+05   2.0000000000e-02 
  1.5315090666e+21   1.6610308489e+18   4.8905262940e+61   8.2082557385e-24   1.2058544302e-13   1.8880871248e+05   2.0000000000e-02 
  1.5329445786e+21   1.4355119600e+18   4.2350918367e+61   8.3224112206e-24   1.2176637621e-13   1.8968042661e+05   2.0000000000e-02 
  1.5343218814e+21   1.3773028045e+18   4.0708241766e+61   8.4277806659e-24   1.2285229263e-13   1.9048140596e+05   2.0000000000e-02 
  1.5356890391e+21   1.3671576883e+18   4.0480731443e+61   8.5335174480e-24   1.2393806795e-13   1.9126293341e+05   2.0000000000e-02 
  1.5370526084e+21   1.3635693168e+18   4.0446338758e+61   8.6399724371e-24   1.2502733915e-13   1.9205523284e+05   2.0000000000e-02 
  1.5384128016e+21   1.3601931798e+18   4.0417755056e+61   8.7497745175e-24   1.2614684441e-13   1.9284534188e+05   2.0000000000e-02 
  1.5397696978e+21   1.3568961981e+18   4.0391060480e+61   8.8610562795e-24   1.2727725279e-13   1.9365279190e+05   2.0000000000e-02 
  1.5411229180e+21   1.3532202627e+18   4.0352599342e+61   8.9752662634e-24   1.2843322799e-13   1.9446965709e+05   2.0000000000e-02 
  1.5424722108e+21   1.3492928130e+18   4.0306102910e+61   9.0919159950e-24   1.2960956897e-13   1.9530193476e+05   2.0000000000e-02 
  1.5438128866e+21   1.3406757052e+18   4.0118595735e+61   9.2118441852e-24   1.3081447849e-13   1.9614357603e+05   2.0000000000e-02 
  1.5451080543e+21   1.2951677490e+18   3.8823036970e+61   9.3323702197e-24   1.3202094441e-13   1.9698710705e+05   2.0000000000e-02 
  1.5461664542e+21   1.0583998862e+18   3.1774214229e+61   9.4440449034e-24   1.3313484988e-13   1.9774496224e+05   2.0000000000e-02 
  1.5471709140e+21   1.0044597694e+18   3.0195137458e+61   9.5441145488e-24   1.3412979350e-13   1.9842370773e+05   2.0000000000e-02 
  1.5481681365e+21   9.9722254351e+17   3.0016387891e+61   9.6443237368e-24   1.3512316099e-13   1.9908865939e+05   2.0000000000e-02 
  1.5491589709e+21   9.9083439811e+17   2.9862427588e+61   9.7459937398e-24   1.3612795882e-13   1.9976220840e+05   2.0000000000e-02 
  1.5501106256e+21   9.5165465413e+17   2.8717588890e+61   9.8477179298e-24   1.3713033072e-13   2.0043038532e+05   2.0000000000e-02 
  1.5508589419e+21   7.4831631426e+17   2.2606332077e+61   9.9384871662e-24   1.3802209398e-13   2.0102344790e+05   2.0000000000e-02 
  1.5517568410e+21   8.9789917544e+17   2.7153977410e+61   1.0028126934e-23   1.3890036056e-13   2.0160710383e+05   2.0000000000e-02 
  1.5524942222e+21   7.3738113694e+17   2.2323155351e+61   1.0118885430e-23   1.3978733904e-13   2.0219181709e+05   2.0000000000e-02 
  1.5533897048e+21   8.9548265880e+17   2.7137979328e+61   1.0210978741e-23   1.4068508868e-13   2.0278437036e+05   2.0000000000e-02 
  1.5541211430e+21   7.3143820632e+17   2.2189771456e+61   1.0304375314e-23   1.4159323886e-13   2.0337867520e+05   2.0000000000e-02 
  1.5550080766e+21   8.8693352712e+17   2.6935094346e+61   1.0398749553e-23   1.4250856160e-13   2.0397678080e+05   2.0000000000e-02 
  1.5557327546e+21   7.2467798535e+17   2.2030411449e+61   1.0494360721e-23   1.4343351077e-13   2.0457520492e+05   2.0000000000e-02 
  1.5566157333e+21   8.8297874614e+17   2.6870550984e+61   1.0591173890e-23   1.4436768417e-13   2.0517830305e+05   2.0000000000e-02 
  1.5572976005e+21   6.8186721611e+17   2.0771254750e+61   1.0686988348e-23   1.4528985588e-13   2.0576747711e+05   2.0000000000e-02 
  1.5579299770e+21   6.3237643768e+17   1.9279915049e+61   1.0768437462e-23   1.4607191286e-13   2.0626695748e+05   2.0000000000e-02 
  1.5585717949e+21   6.4181797988e+17   1.9583779669e+61   1.0848473358e-23   1.4683870614e-13   2.0675483133e+05   2.0000000000e-02 
  1.5592011214e+21   6.2932645685e+17   1.9218293809e+61   1.0929537479e-23   1.4761344502e-13   2.0724446435e+05   2.0000000000e-02 
  1.5598039198e+21   6.0279842081e+17   1.8422736371e+61   1.1009070415e-23   1.4837199190e-13   2.0772388469e+05   2.0000000000e-02 
  1.5601588222e+21   3.5490238127e+17   1.0853194935e+61   1.1071644977e-23   1.4896774944e-13   2.0809833869e+05   2.0000000000e-02 
  1.5604730589e+21   3.1423671215e+17   9.6137290585e+60   1.1115882467e-23   1.4938834194e-13   2.0836181351e+05   2.0000000000e-02 
  1.5607817965e+21   3.0873755318e+17   9.4492598913e+60   1.1157482628e-23   1.4978338480e-13   2.0860914364e+05   2.0000000000e-02 
  1.5610941835e+21   3.1238707978e+17   9.5647633649e+60   1.1199250774e-23   1.5017994457e-13   2.0885657991e+05   2.0000000000e-02 
  1.5614077079e+21   3.1352432543e+17   9.6034335681e+60   1.1240780783e-23   1.5057409454e-13   2.0910026644e+05   2.0000000000e-02 
  1.5617211158e+21   3.1340796495e+17   9.6037246666e+60   1.1281774406e-23   1.5096267453e-13   2.0933757373e+05   2.0000000000e-02 
  1.5620338592e+21   3.1274335200e+17   9.5872020985e+60   1.1322395194e-23   1.5134721960e-13   2.0956994807e+05   2.0000000000e-02 
  1.5623461346e+21   3.1227540486e+17   9.5766882643e+60   1.1362651818e-23   1.5172783735e-13   2.0979767297e+05   2.0000000000e-02 
  1.5626579938e+21   3.1185925318e+17   9.5677473695e+60   1.1402040086e-23   1.5210028441e-13   2.1001693816e+05   2.0000000000e-02 
  1.5629695550e+21   3.1156114497e+17   9.5624156527e+60   1.1439749407e-23   1.5245688702e-13   2.1022115224e+05   2.0000000000e-02 
  1.5632808828e+21   3.1132781261e+17   9.5590630368e+60   1.1475363185e-23   1.5279324830e-13   2.1040742760e+05   2.0000000000e-02 
  1.5635920043e+21   3.1112152658e+17   9.5565335488e+60   1.1509490153e-23   1.5311630098e-13   2.1058226865e+05   2.0000000000e-02 
  1.5639029227e+21   3.1091837731e+17   9.5540936597e+60   1.1543247340e-23   1.5344401379e-13   2.1075393548e+05   2.0000000000e-02 
  1.5642136336e+21   3.1071090584e+17   9.5515141845e+60   1.1577298436e-23   1.5377424792e-13   2.1092819598e+05   2.0000000000e-02 
  1.5645241337e+21   3.1050009965e+17   9.5488252879e+60   1.1611773229e-23   1.5410833512e-13   2.1110530227e+05   2.0000000000e-02 
  1.5648344160e+21   3.1028225721e+17   9.5459129085e+60   1.1646711299e-23   1.5444667004e-13   2.1128532144e+05   2.0000000000e-02 
  1.5651444708e+21   3.1005482108e+17   9.5426979774e+60   1.1682050949e-23   1.5478867298e-13   2.1146816387e+05   2.0000000000e-02 
  1.5654542929e+21   3.0982208784e+17   9.5393123465e+60   1.1717785619e-23   1.5513427469e-13   2.1165309582e+05   2.0000000000e-02 
  1.5657638778e+21   3.0958492900e+17   9.5357826093e+60   1.1753799701e-23   1.5548235182e-13   2.1183990008e+05   2.0000000000e-02 
  1.5660732149e+21   3.0933711245e+17   9.5319164793e+60   1.1790112592e-23   1.5583307360e-13   2.1202779862e+05   2.0000000000e-02 
  1.5663823066e+21   3.0909170284e+17   9.5281162536e+60   1.1826627100e-23   1.5618548638e-13   2.1221695241e+05   2.0000000000e-02 
  1.5666911433e+21   3.0883672478e+17   9.5240126791e+60   1.1863412477e-23   1.5654024438e-13   2.1240690244e+05   2.0000000000e-02 
  1.5669997245e+21   3.0858113879e+17   9.5198817856e+60   1.1900401307e-23   1.5689668961e-13   2.1259811590e+05   2.0000000000e-02 
  1.5673080477e+21   3.0832323446e+17   9.5156707486e+60   1.1937681557e-23   1.5725566622e-13   2.1279026322e+05   2.0000000000e-02 
  1.5676161082e+21   3.0806050472e+17   9.5113020398e+60   1.1975184514e-23   1.5761651157e-13   2.1298381058e+05   2.0000000000e-02 
  1.5679239026e+21   3.0779435990e+17   9.5068189981e+60   1.2012988529e-23   1.5797997861e-13   2.1317833389e+05   2.0000000000e-02 
  1.5682314268e+21   3.0752425846e+17   9.5022047265e+60   1.2051011630e-23   1.5834527684e-13   2.1337419645e+05   2.0000000000e-02 
  1.5685386768e+21   3.0724999505e+17   9.4974526888e+60   1.2089321680e-23   1.5871305533e-13   2.1357090177e+05   2.0000000000e-02 
  1.5688456495e+21   3.0697267250e+17   9.4925967981e+60   1.2127833130e-23   1.5908248761e-13   2.1376876573e+05   2.0000000000e-02 
  1.5691523436e+21   3.0669410062e+17   9.4876929091e+60   1.2166607663e-23   1.5945416329e-13   2.1396730346e+05   2.0000000000e-02 
  1.5694587525e+21   3.0640891019e+17   9.4825747711e+60   1.2205569739e-23   1.5982735072e-13   2.1416678977e+05   2.0000000000e-02 
  1.5697648761e+21   3.0612360082e+17   9.4774433333e+60   1.2244767788e-23   1.6020251408e-13   2.1436682889e+05   2.0000000000e-02 
  1.5700707118e+21   3.0583566718e+17   9.4722209866e+60   1.2284149944e-23   1.6057911370e-13   2.1456759062e+05   2.0000000000e-02 
  1.5703762571e+21   3.0554534200e+17   9.4669148220e+60   1.2323736671e-23   1.6095738105e-13   2.1476879711e+05   2.0000000000e-02 
  1.5706815140e+21   3.0525685973e+17   9.4616560056e+60   1.2363501161e-23   1.6133705323e-13   2.1497048898e+05   2.0000000000e-02 
  1.5709864769e+21   3.0496290161e+17   9.4562176496e+60   1.2403447970e-23   1.6171818400e-13   2.1517255363e+05   2.0000000000e-02 
  1.5712911458e+21   3.0466888589e+17   9.4507676015e+60   1.2443567080e-23   1.6210066436e-13   2.1537499706e+05   2.0000000000e-02 
  1.5715955191e+21   3.0437331236e+17   9.4452593018e+60   1.2483863701e-23   1.6248453589e-13   2.1557776298e+05   2.0000000000e-02 
  1.5718995964e+21   3.0407733990e+17   9.4397286649e+60   1.2524322501e-23   1.6286965259e-13   2.1578088733e+05   2.0000000000e-02 
  1.5722033753e+21   3.0377887387e+17   9.4341106139e+60   1.2564961524e-23   1.6325618052e-13   2.1598425347e+05   2.0000000000e-02 
  1.5725068586e+21   3.0348326501e+17   9.4285713042e+60   1.2605751032e-23   1.6364383762e-13   2.1618797503e+05   2.0000000000e-02 
  1.5728100414e+21   3.0318285559e+17   9.4228728319e+60   1.2646723859e-23   1.6403293138e-13   2.1639185378e+05   2.0000000000e-02 
  1.5731129235e+21   3.0288209256e+17   9.4171532636e+60   1.2687839501e-23   1.6442307593e-13   2.1659605724e+05   2.0000000000e-02 
  1.5734155040e+21   3.0258050671e+17   9.4113979923e+60   1.2729135537e-23   1.6481462559e-13   2.1680035509e+05   2.0000000000e-02 
  1.5737177712e+21   3.0226716824e+17   9.4052668306e+60   1.2770570371e-23   1.6520718249e-13   2.1700491646e+05   2.0000000000e-02 
  1.5740197245e+21   3.0195334896e+17   9.3991101567e+60   1.2812174320e-23   1.6560103359e-13   2.1720953420e+05   2.0000000000e-02 
  1.5743213644e+21   3.0163986135e+17   9.3929532602e+60   1.2853914579e-23   1.6599586410e-13   2.1741433821e+05   2.0000000000e-02 
  1.5746226936e+21   3.0132924678e+17   9.3868753468e+60   1.2895811959e-23   1.6639187123e-13   2.1761917819e+05   2.0000000000e-02 
  1.5749237108e+21   3.0101710887e+17   9.3807395283e+60   1.2937844705e-23   1.6678884541e-13   2.1782412758e+05   2.0000000000e-02 
  1.5752244130e+21   3.0070222190e+17   9.3745075195e+60   1.2980024343e-23   1.6718689538e-13   2.1802908326e+05   2.0000000000e-02 
  1.5755248169e+21   3.0040387841e+17   9.3687809941e+60   1.3022339488e-23   1.6758591031e-13   2.1823408102e+05   2.0000000000e-02 
  1.5758249471e+21   3.0013029421e+17   9.3638171210e+60   1.3064799403e-23   1.6798597651e-13   2.1843907476e+05   2.0000000000e-02 
  1.5761248057e+21   2.9985852097e+17   9.3589007051e+60   1.3107399690e-23   1.6838704950e-13   2.1864408820e+05   2.0000000000e-02 
  1.5764243767e+21   2.9957099090e+17   9.3534832152e+60   1.3150142622e-23   1.6878914904e-13   2.1884908959e+05   2.0000000000e-02 
  1.5767236426e+21   2.9926594569e+17   9.3475089785e+60   1.3193022842e-23   1.6919222222e-13   2.1905408100e+05   2.0000000000e-02 
  1.5770225873e+21   2.9894464618e+17   9.3410165750e+60   1.3236039740e-23   1.6959626170e-13   2.1925904523e+05   2.0000000000e-02 
  1.5773212051e+21   2.9861786986e+17   9.3343421941e+60   1.3279191041e-23   1.7000124418e-13   2.1946398684e+05   2.0000000000e-02 
  1.5776194955e+21   2.9829033444e+17   9.3276331368e+60   1.3322477935e-23   1.7040717939e-13   2.1966890604e+05   2.0000000000e-02 
  1.5779174563e+21   2.9796086312e+17   9.3208525553e+60   1.3365901251e-23   1.7081407348e-13   2.1987380848e+05   2.0000000000e-02 
  1.5782150897e+21   2.9763333296e+17   9.3141217186e+60   1.3409463204e-23   1.7122194567e-13   2.2007869483e+05   2.0000000000e-02 
  1.5785123957e+21   2.9730608279e+17   9.3073887124e+60   1.3453165624e-23   1.7163081123e-13   2.2028356958e+05   2.0000000000e-02 
  1.5788093724e+21   2.9697670546e+17   9.3005781584e+60   1.3497009825e-23   1.7204068065e-13   2.2048843674e+05   2.0000000000e-02 
  1.5791060209e+21   2.9664846612e+17   9.2937922784e+60   1.3540996856e-23   1.7245156196e-13   2.2069330154e+05   2.0000000000e-02 
  1.5794023394e+21   2.9631853336e+17   9.2869423791e+60   1.3585127735e-23   1.7286346270e-13   2.2089816973e+05   2.0000000000e-02 
  1.5796983260e+21   2.9598653592e+17   9.2800167467e+60   1.3629402299e-23   1.7327637951e-13   2.2110305035e+05   2.0000000000e-02 
  1.5799939819e+21   2.9565596668e+17   9.2731248665e+60   1.3673820965e-23   1.7369031471e-13   2.2130795049e+05   2.0000000000e-02 
  1.5802893051e+21   2.9532318682e+17   9.2661526192e+60   1.3718384537e-23   1.7410527433e-13   2.2151287297e+05   2.0000000000e-02 
  1.5805842943e+21   2.9498912017e+17   9.2591289137e+60   1.3763094458e-23   1.7452127011e-13   2.2171781422e+05   2.0000000000e-02 
  1.5808789506e+21   2.9465630110e+17   9.2521332910e+60   1.3807951717e-23   1.7493830937e-13   2.2192277447e+05   2.0000000000e-02 
  1.5811732718e+21   2.9432125989e+17   9.2450568098e+60   1.3852957308e-23   1.7535639963e-13   2.2212775168e+05   2.0000000000e-02 
  1.5814672583e+21   2.9398652771e+17   9.2379789268e+60   1.3898112126e-23   1.7577554735e-13   2.2233274226e+05   2.0000000000e-02 
  1.5817609111e+21   2.9365273634e+17   9.2309195292e+60   1.3943416926e-23   1.7619575739e-13   2.2253774561e+05   2.0000000000e-02 
  1.5820542277e+21   2.9331659175e+17   9.2237750651e+60   1.3988870935e-23   1.7661702056e-13   2.2274276648e+05   2.0000000000e-02 
  1.5823472091e+21   2.9298140066e+17   9.2166494760e+60   1.4034473561e-23   1.7703932967e-13   2.2294780688e+05   2.0000000000e-02 
  1.5826398553e+21   2.9264625867e+17   9.2095143493e+60   1.4080224739e-23   1.7746268155e-13   2.2315287203e+05   2.0000000000e-02 
  1.5829321646e+21   2.9230924496e+17   9.2023092148e+60   1.4126120712e-23   1.7788704284e-13   2.2335798033e+05   2.0000000000e-02 
  1.5832241380e+21   2.9197338713e+17   9.1951293604e+60   1.4172178598e-23   1.7831257490e-13   2.2356301450e+05   2.0000000000e-02 
  1.5835157744e+21   2.9163648168e+17   9.1879054159e+60   1.4218421138e-23   1.7873944966e-13   2.2376795825e+05   2.0000000000e-02 
  1.5838070735e+21   2.9129909401e+17   9.1806551641e+60   1.4264711302e-23   1.7916641167e-13   2.2397369433e+05   2.0000000000e-02 
  1.5840980357e+21   2.9096213162e+17   9.1734072092e+60   1.4311244287e-23   1.7959543799e-13   2.2417896060e+05   2.0000000000e-02 
  1.5843886561e+21   2.9062041276e+17   9.1659981205e+60   1.4358119353e-23   1.8002715607e-13   2.2438257201e+05   2.0000000000e-02 
  1.5846789364e+21   2.9028035043e+17   9.1586300610e+60   1.4405008521e-23   1.8045838130e-13   2.2458857584e+05   2.0000000000e-02 
  1.5849688828e+21   2.8994633780e+17   9.1514418014e+60   1.4451507560e-23   1.8088602181e-13   2.2479725134e+05   2.0000000000e-02 
  1.5852584848e+21   2.8960203707e+17   9.1439176855e+60   1.4498924417e-23   1.8132225740e-13   2.2500195872e+05   2.0000000000e-02 
  1.5855477299e+21   2.8924507902e+17   9.1359824011e+60   1.4547264076e-23   1.8176604389e-13   2.2519992932e+05   2.0000000000e-02 
  1.5858366302e+21   2.8890031970e+17   9.1284208979e+60   1.4595040834e-23   1.8220295148e-13   2.2540945885e+05   2.0000000000e-02 
  1.5861252040e+21   2.8857377003e+17   9.1214237798e+60   1.4640468150e-23   1.8261944540e-13   2.2563079743e+05   2.0000000000e-02 
  1.5864134197e+21   2.8821567864e+17   9.1134184624e+60   1.4689239065e-23   1.8306888223e-13   2.2583665899e+05   2.0000000000e-02 
  1.5867012137e+21   2.8779406215e+17   9.1033916365e+60   1.4741995923e-23   1.8355196305e-13   2.2600877723e+05   2.0000000000e-02 
  1.5869886222e+21   2.8740847027e+17   9.0944910310e+60   1.4792979796e-23   1.8401241418e-13   2.2622663522e+05   2.0000000000e-02 
  1.5872757597e+21   2.8713748517e+17   9.0892062445e+60   1.4831322119e-23   1.8436050797e-13   2.2650280945e+05   2.0000000000e-02 
  1.5875624025e+21   2.8664284881e+17   9.0768293234e+60   1.4877015289e-23   1.8479183860e-13   2.2673992702e+05   2.0000000000e-02 
  1.5878484122e+21   2.8600964470e+17   9.0600457652e+60   1.4960690694e-23   1.8556212388e-13   2.2683757705e+05   2.0000000000e-02 
  1.5881383209e+21   2.8990872788e+17   9.1868901482e+60   1.4998657056e-23   1.8591115473e-13   2.2651462283e+05   2.0000000000e-02 
  1.5885203479e+21   3.8202703587e+17   1.2111141511e+61   1.3976663836e-23   1.7675603030e-13   2.2386126626e+05   2.0000000000e-02 
  1.5893308015e+21   8.1045362328e+17   2.5712550182e+61   8.2605613972e-24   1.2356026541e-13   1.6705988970e+05   2.0000000000e-02 
  1.5907878682e+21   1.4570666683e+18   4.6293069661e+61   3.0711228665e-24   6.4398566177e-14   5.0480493307e+04   2.0000000000e-02 
  1.5926246870e+21   1.8368188154e+18   5.8479289825e+61   2.3263852861e-24   5.3468553977e-14   7.4190927507e+03   2.0000000000e-02 
  1.5945449067e+21   1.9202197052e+18   6.1278932953e+61   2.2363666895e-24   5.2057042212e-14   8.5836896973e+02   2.0000000000e-02 
  1.5964760493e+21   1.9311425345e+18   6.1776538191e+61   2.2259067007e-24   5.1892202847e-14   9.6099626835e+01   2.0000000000e-02 
  1.5984084334e+21   1.9323840959e+18   6.1966033877e+61   2.2247341532e-24   5.1873707983e-14   1.0700800359e+01   2.0000000000e-02 
  1.6003409560e+21   1.9325225927e+18   6.2120499242e+61   2.2246035777e-24   5.1871647647e-14   1.1890307686e+00   2.0000000000e-02 
  1.6022734939e+21   1.9325379859e+18   6.2271206781e+61   2.2245890692e-24   5.1871418653e-14   1.3187583355e-01   2.0000000000e-02 
  1.6042060336e+21   1.9325396927e+18   6.2421656696e+61   2.2245874607e-24   5.1871393257e-14   1.4616923855e-02   2.0000000000e-02 
  1.6061385735e+21   1.9325398825e+18   6.2572239230e+61   2.2245872818e-24   5.1871390433e-14   1.6180494779e-03   2.0000000000e-02 
  1.6080711134e+21   1.9325399043e+18   6.2722997740e+61   2.2245872612e-24   5.1871390112e-14   1.5805902055e-04   2.0000000000e-02 
  1.6100036533e+21   1.9325399057e+18   6.2873936990e+61   2.2245872599e-24   5.1871390087e-14   1.2708057645e-05   2.0000000000e-02 
  1.6119361932e+21   1.9325399057e+18   6.3025057587e+61   2.2245872600e-24   5.1871390088e-14   4.4848358699e-06   2.0000000000e-02 
  1.6138687331e+21   1.9325399057e+18   6.3176359580e+61   2.2245872600e-24   5.1871390089e-14   4.3924694097e-06   2.0000000000e-02 
  1.6158012731e+21   1.9325399057e+18   6.3327842968e+61   2.2245872600e-24   5.1871390089e-14   4.3895762799e-06   2.0000000000e-02 
  1.6177338130e+21   1.9325399057e+18   6.3479507750e+61   2.2245872600e-24   5.1871390089e-14   4.3040330028e-06   2.0000000000e-02 
  1.6196663529e+21   1.9325399057e+18   6.3631353928e+61   2.2245872600e-24   5.1871390089e-14   3.8569139699e-06   2.0000000000e-02 
  1.6215988928e+21   1.9325399057e+18   6.3783381500e+61   2.2245872600e-24   5.1871390089e-14   3.2620823122e-06   2.0000000000e-02 
  1.6235314327e+21   1.9325399057e+18   6.3935590468e+61   2.2245872600e-24   5.1871390088e-14   2.8960063008e-06   2.0000000000e-02 
  1.6254639726e+21   1.9325399057e+18   6.4087980830e+61   2.2245872600e-24   5.1871390088e-14   2.4408897923e-06   2.0000000000e-02 
  1.6273965125e+21   1.9325399057e+18   6.4240552588e+61   2.2245872600e-24   5.1871390088e-14   2.2283169149e-06   2.0000000000e-02 
  1.6293290524e+21   1.9325399057e+18   6.4393305740e+61   2.2245872600e-24   5.1871390088e-14   2.1648535275e-06   2.0000000000e-02 
  1.6312615923e+21   1.9325399057e+18   6.4546240288e+61   2.2245872600e-24   5.1871390088e-14   2.1194190218e-06   2.0000000000e-02 
  1.6331941322e+21   1.9325399057e+18   6.4699356230e+61   2.2245872600e-24   5.1871390088e-14   2.0627188089e-06   2.0000000000e-02 
  1.6351266721e+21   1.9325399057e+18   6.4852653568e+61   2.2245872600e-24   5.1871390088e-14   2.0066571003e-06   2.0000000000e-02 
  1.6370592120e+21   1.9325399057e+18   6.5006132300e+61   2.2245872600e-24   5.1871390088e-14   1.9548646426e-06   2.0000000000e-02 
  1.6389917519e+21   1.9325399057e+18   6.5159792427e+61   2.2245872600e-24   5.1871390088e-14   1.9173160019e-06   2.0000000000e-02 
  1.6409242918e+21   1.9325399057e+18   6.5313633950e+61   2.2245872600e-24   5.1871390088e-14   1.8935813795e-06   2.0000000000e-02 
  1.6428568317e+21   1.9325399057e+18   6.5467656867e+61   2.2245872600e-24   5.1871390088e-14   1.8595748169e-06   2.0000000000e-02 
  1.6447893716e+21   1.9325399057e+18   6.5621861179e+61   2.2245872600e-24   5.1871390088e-14   1.8032783085e-06   2.0000000000e-02 
  1.6467219115e+21   1.9325399057e+18   6.5776246887e+61   2.2245872600e-24   5.1871390088e-14   1.7594471936e-06   2.0000000000e-02 
  1.6486544514e+21   1.9325399057e+18   6.5930813989e+61   2.2245872600e-24   5.1871390088e-14   1.7263697550e-06   2.0000000000e-02 
  1.6505869914e+21   1.9325399057e+18   6.6085562486e+61   2.2245872600e-24   5.1871390088e-14   1.6982402488e-06   2.0000000000e-02 
  1.6525195313e+21   1.9325399057e+18   6.6240492379e+61   2.2245872600e-24   5.1871390088e-14   1.5344447784e-06   2.0000000000e-02 
  1.6544520712e+21   1.9325399057e+18   6.6395603666e+61   2.2245872600e-24   5.1871390088e-14   1.2768865644e-06   2.0000000000e-02 
  1.6563846111e+21   1.9325399057e+18   6.6550896348e+61   2.2245872600e-24   5.1871390088e-14   1.1358284513e-06   2.0000000000e-02 
  1.6583171510e+21   1.9325399057e+18   6.6706370425e+61   2.2245872600e-24   5.1871390088e-14   1.0449336494e-06   2.0000000000e-02 
  1.6602496909e+21   1.9325399057e+18   6.6862025897e+61   2.2245872600e-24   5.1871390088e-14   9.5703928757e-07   2.0000000000e-02 
  1.6621822308e+21   1.9325399057e+18   6.7017862765e+61   2.2245872600e-24   5.1871390088e-14   8.3897273912e-07   2.0000000000e-02 
  1.6641147707e+21   1.9325399057e+18   6.7173881027e+61   2.2245872600e-24   5.1871390088e-14   6.6526873953e-07   2.0000000000e-02 
  1.6660473106e+21   1.9325399057e+18   6.7330080684e+61   2.2245872600e-24   5.1871390088e-14   4.7155900940e-07   2.0000000000e-02 
  1.6679798505e+21   1.9325399057e+18   6.7486461736e+61   2.2245872600e-24   5.1871390088e-14   3.5837867731e-07   2.0000000000e-02 
  1.6699123904e+21   1.9325399057e+18   6.7643024183e+61   2.2245872600e-24   5.1871390088e-14   4.6903030041e-07   2.0000000000e-02 
  1.6718449303e+21   1.9325399057e+18   6.7799768025e+61   2.2245872600e-24   5.1871390088e-14   5.0597736710e-07   2.0000000000e-02 
  1.6737774702e+21   1.9325399057e+18   6.7956693262e+61   2.2245872600e-24   5.1871390088e-14   1.2726547240e-07   2.0000000000e-02 
  1.6757100101e+21   1.9325399057e+18   6.8113799894e+61   2.2245872600e-24   5.1871390088e-14  -3.1847914980e-07   2.0000000000e-02 
  1.6776425500e+21   1.9325399057e+18   6.8271087921e+61   2.2245872600e-24   5.1871390088e-14  -3.9840042709e-07   2.0000000000e-02 
  1.6795750899e+21   1.9325399057e+18   6.8428557343e+61   2.2245872600e-24   5.1871390088e-14  -3.9282325653e-07   2.0000000000e-02 
  1.6815076298e+21   1.9325399057e+18   6.8586208160e+61   2.2245872600e-24   5.1871390088e-14  -2.2492524936e-07   2.0000000000e-02 
  1.6834401697e+21   1.9325399057e+18   6.8744040372e+61   2.2245872600e-24   5.1871390088e-14  -8.0267006593e-08   2.0000000000e-02 
  1.6853727097e+21   1.9325399057e+18   6.8902053979e+61   2.2245872600e-24   5.1871390088e-14  -8.0562550228e-08   2.0000000000e-02 
  1.6873052496e+21   1.9325399057e+18   6.9060248981e+61   2.2245872600e-24   5.1871390088e-14  -3.1633127256e-07   2.0000000000e-02 
  1.6892377895e+21   1.9325399057e+18   6.9218625378e+61   2.2245872600e-24   5.1871390088e-14  -4.8650683165e-07   2.0000000000e-02 
  1.6911703294e+21   1.9325399057e+18   6.9377183170e+61   2.2245872600e-24   5.1871390088e-14  -3.7074429235e-07   2.0000000000e-02 
  1.6931028693e+21   1.9325399057e+18   6.9535922357e+61   2.2245872600e-24   5.1871390088e-14  -2.2248735573e-07   2.0000000000e-02 
  1.6950354092e+21   1.9325399057e+18   6.9694842939e+61   2.2245872600e-24   5.1871390088e-14  -2.7138018891e-07   2.0000000000e-02 
  1.6969679491e+21   1.9325399057e+18   6.9853944916e+61   2.2245872600e-24   5.1871390088e-14  -3.1262788779e-07   2.0000000000e-02 
  1.6989004890e+21   1.9325399057e+18   7.0013228288e+61   2.2245872600e-24   5.1871390088e-14  -3.1177529011e-07   2.0000000000e-02 
  1.7008330289e+21   1.9325399057e+18   7.0172693055e+61   2.2245872600e-24   5.1871390088e-14  -3.7910663364e-07   2.0000000000e-02 
  1.7027655688e+21   1.9325399057e+18   7.0332339216e+61   2.2245872600e-24   5.1871390088e-14  -4.1422736909e-07   2.0000000000e-02 
  1.7046981087e+21   1.9325399057e+18   7.0492166773e+61   2.2245872600e-24   5.1871390088e-14  -2.7796096411e-07   2.0000000000e-02 
  1.7066306486e+21   1.9325399057e+18   7.0652175725e+61   2.2245872600e-24   5.1871390088e-14  -8.6073089312e-08   2.0000000000e-02 
  1.7085631885e+21   1.9325399057e+18   7.0812366072e+61   2.2245872600e-24   5.1871390087e-14   1.3134938810e-07   2.0000000000e-02 
  1.7104957284e+21   1.9325399057e+18   7.0972737814e+61   2.2245872600e-24   5.1871390087e-14   4.6988298959e-07   2.0000000000e-02 
  1.7124282683e+21   1.9325399057e+18   7.1133290950e+61   2.2245872600e-24   5.1871390087e-14   8.1453242623e-07   2.0000000000e-02 
  1.7143608082e+21   1.9325399057e+18   7.1294025482e+61   2.2245872600e-24   5.1871390087e-14   9.1820145673e-07   2.0000000000e-02 
  1.7162933481e+21   1.9325399057e+18   7.1454941409e+61   2.2245872600e-24   5.1871390087e-14   7.4576259712e-07   2.0000000000e-02 
  1.7182258881e+21   1.9325399057e+18   7.1616038730e+61   2.2245872600e-24   5.1871390087e-14   6.7251317571e-08   2.0000000000e-02 
  1.7201584280e+21   1.9325399057e+18   7.1777317447e+61   2.2245872600e-24   5.1871390087e-14  -6.3253815838e-07   2.0000000000e-02 
  1.7220909679e+21   1.9325399057e+18   7.1938777559e+61   2.2245872600e-24   5.1871390087e-14  -8.8051631627e-07   2.0000000000e-02 
  1.7240235078e+21   1.9325399057e+18   7.2100419065e+61   2.2245872600e-24   5.1871390087e-14  -1.0733181786e-06   2.0000000000e-02 
  1.7259560477e+21   1.9325399057e+18   7.2262241967e+61   2.2245872600e-24   5.1871390087e-14  -1.3039599333e-06   2.0000000000e-02 
  1.7278885876e+21   1.9325399057e+18   7.2424246264e+61   2.2245872600e-24   5.1871390087e-14  -1.3326844396e-06   2.0000000000e-02 
  1.7298211275e+21   1.9325399057e+18   7.2586431955e+61   2.2245872600e-24   5.1871390087e-14  -1.2394264865e-06   2.0000000000e-02 
  1.7317536674e+21   1.9325399057e+18   7.2748799042e+61   2.2245872600e-24   5.1871390087e-14  -1.2102465671e-06   2.0000000000e-02 
  1.7336862073e+21   1.9325399057e+18   7.2911347523e+61   2.2245872600e-24   5.1871390086e-14  -1.2263676233e-06   2.0000000000e-02 
  1.7356187472e+21   1.9325399057e+18   7.3074077400e+61   2.2245872600e-24   5.1871390086e-14  -1.3613274748e-06   2.0000000000e-02 
  1.7375512871e+21   1.9325399057e+18   7.3236988671e+61   2.2245872600e-24   5.1871390086e-14  -1.4517513768e-06   2.0000000000e-02 
  1.7394838270e+21   1.9325399057e+18   7.3400081338e+61   2.2245872600e-24   5.1871390086e-14  -1.5026904318e-06   2.0000000000e-02 
  1.7414163669e+21   1.9325399057e+18   7.3563355399e+61   2.2245872600e-24   5.1871390086e-14  -1.5182393586e-06   2.0000000000e-02 
  1.7433489068e+21   1.9325399057e+18   7.3726810856e+61   2.2245872600e-24   5.1871390086e-14  -1.4474544813e-06   2.0000000000e-02 
  1.7452814467e+21   1.9325399057e+18   7.3890447707e+61   2.2245872600e-24   5.1871390086e-14  -1.1950220828e-06   2.0000000000e-02 
  1.7472139866e+21   1.9325399057e+18   7.4054265954e+61   2.2245872600e-24   5.1871390086e-14  -9.2995472243e-07   2.0000000000e-02 
  1.7491465265e+21   1.9325399057e+18   7.4218265595e+61   2.2245872600e-24   5.1871390086e-14  -7.2613733056e-07   2.0000000000e-02 
  1.7510790664e+21   1.9325399057e+18   7.4382446632e+61   2.2245872600e-24   5.1871390086e-14  -3.4956600334e-08   2.0000000000e-02 
  1.7530116064e+21   1.9325399057e+18   7.4546809063e+61   2.2245872600e-24   5.1871390086e-14   7.0684890977e-07   2.0000000000e-02 
  1.7549441463e+21   1.9325399057e+18   7.4711352889e+61   2.2245872600e-24   5.1871390086e-14   9.0185538020e-07   2.0000000000e-02 
  1.7568766862e+21   1.9325399057e+18   7.4876078111e+61   2.2245872600e-24   5.1871390086e-14   1.1500403292e-06   2.0000000000e-02 
  1.7588092261e+21   1.9325399057e+18   7.5040984727e+61   2.2245872600e-24   5.1871390086e-14   1.3541373775e-06   2.0000000000e-02 
  1.7607417660e+21   1.9325399057e+18   7.5206072738e+61   2.2245872600e-24   5.1871390086e-14   1.5294205344e-06   2.0000000000e-02 
  1.7626743059e+21   1.9325399057e+18   7.5371342145e+61   2.2245872600e-24   5.1871390086e-14   1.8622065446e-06   2.0000000000e-02 
  1.7646068458e+21   1.9325399057e+18   7.5536792946e+61   2.2245872600e-24   5.1871390086e-14   2.2703458200e-06   2.0000000000e-02 
  1.7665393857e+21   1.9325399057e+18   7.5702425142e+61   2.2245872600e-24   5.1871390086e-14   2.5007292039e-06   2.0000000000e-02 
  1.7684719256e+21   1.9325399057e+18   7.5868238733e+61   2.2245872600e-24   5.1871390086e-14   2.5261966874e-06   2.0000000000e-02 
  1.7704044655e+21   1.9325399057e+18   7.6034233720e+61   2.2245872600e-24   5.1871390086e-14   2.6827605665e-06   2.0000000000e-02 
  1.7723370054e+21   1.9325399057e+18   7.6200410101e+61   2.2245872600e-24   5.1871390086e-14   2.7974180159e-06   2.0000000000e-02 
  1.7742695453e+21   1.9325399057e+18   7.6366767877e+61   2.2245872600e-24   5.1871390086e-14   2.8244896025e-06   2.0000000000e-02 
  1.7762020852e+21   1.9325399057e+18   7.6533307048e+61   2.2245872600e-24   5.1871390086e-14   2.9283004917e-06   2.0000000000e-02 
  1.7781346251e+21   1.9325399057e+18   7.6700027614e+61   2.2245872600e-24   5.1871390086e-14   3.0669221835e-06   2.0000000000e-02 
  1.7800671650e+21   1.9325399057e+18   7.6866929575e+61   2.2245872600e-24   5.1871390086e-14   3.1597393095e-06   2.0000000000e-02 
  1.7819997049e+21   1.9325399057e+18   7.7034012932e+61   2.2245872600e-24   5.1871390086e-14   3.1858492021e-06   2.0000000000e-02 
  1.7839322448e+21   1.9325399057e+18   7.7201277683e+61   2.2245872600e-24   5.1871390086e-14   3.2656958917e-06   2.0000000000e-02 
  1.7858647848e+21   1.9325399057e+18   7.7368723829e+61   2.2245872600e-24   5.1871390086e-14   3.5795538800e-06   2.0000000000e-02 
  1.7877973247e+21   1.9325399057e+18   7.7536351370e+61   2.2245872600e-24   5.1871390087e-14   4.3188275409e-06   2.0000000000e-02 
  1.7897298646e+21   1.9325399057e+18   7.7704160306e+61   2.2245872600e-24   5.1871390087e-14   5.7346465331e-06   2.0000000000e-02 
  1.7916624045e+21   1.9325399057e+18   7.7872150637e+61   2.2245872600e-24   5.1871390087e-14   6.2377186022e-06   2.0000000000e-02 
  1.7935949444e+21   1.9325399057e+18   7.8040322363e+61   2.2245872600e-24   5.1871390087e-14   6.0563422226e-06   2.0000000000e-02 
  1.7955274843e+21   1.9325399057e+18   7.8208675484e+61   2.2245872600e-24   5.1871390087e-14   5.5926778237e-06   2.0000000000e-02 
  1.7974600242e+21   1.9325399057e+18   7.8377210000e+61   2.2245872600e-24   5.1871390087e-14   5.1199306263e-06   2.0000000000e-02 
  1.7993925641e+21   1.9325399057e+18   7.8545925911e+61   2.2245872600e-24   5.1871390087e-14   4.6429323427e-06   2.0000000000e-02 
  1.8013251040e+21   1.9325399057e+18   7.8714823217e+61   2.2245872600e-24   5.1871390087e-14   4.2200001334e-06   2.0000000000e-02 
  1.8032576439e+21   1.9325399057e+18   7.8883901918e+61   2.2245872600e-24   5.1871390087e-14   4.0204141087e-06   2.0000000000e-02 
  1.8051901838e+21   1.9325399057e+18   7.9053162014e+61   2.2245872600e-24   5.1871390087e-14   3.9982371122e-06   2.0000000000e-02 
  1.8071227237e+21   1.9325399057e+18   7.9222603505e+61   2.2245872600e-24   5.1871390087e-14   3.9025584223e-06   2.0000000000e-02 
  1.8090552636e+21   1.9325399057e+18   7.9392226391e+61   2.2245872600e-24   5.1871390087e-14   3.7113157975e-06   2.0000000000e-02 
  1.8109878035e+21   1.9325399057e+18   7.9562030672e+61   2.2245872600e-24   5.1871390087e-14   3.6188722380e-06   2.0000000000e-02 
  1.8129203434e+21   1.9325399057e+18   7.9732016347e+61   2.2245872600e-24   5.1871390087e-14   3.7179066287e-06   2.0000000000e-02 
  1.8148528833e+21   1.9325399057e+18   7.9902183418e+61   2.2245872600e-24   5.1871390087e-14   3.7741381675e-06   2.0000000000e-02 
  1.8167854232e+21   1.9325399057e+18   8.0072531884e+61   2.2245872600e-24   5.1871390087e-14   3.8112362690e-06   2.0000000000e-02 
  1.8187179631e+21   1.9325399057e+18   8.0243061745e+61   2.2245872600e-24   5.1871390087e-14   4.0346851352e-06   2.0000000000e-02 
  1.8206505031e+21   1.9325399057e+18   8.0413773001e+61   2.2245872600e-24   5.1871390087e-14   4.2823155185e-06   2.0000000000e-02 
  1.8225830430e+21   1.9325399057e+18   8.0584665651e+61   2.2245872600e-24   5.1871390087e-14   4.4666559119e-06   2.0000000000e-02 
  1.8245155829e+21   1.9325399057e+18   8.0755739697e+61   2.2245872600e-24   5.1871390087e-14   4.6106397530e-06   2.0000000000e-02 
  1.8264481228e+21   1.9325399057e+18   8.0926995138e+61   2.2245872600e-24   5.1871390087e-14   4.7414832202e-06   2.0000000000e-02 
  1.8283806627e+21   1.9325399057e+18   8.1098431974e+61   2.2245872600e-24   5.1871390087e-14   4.9567694101e-06   2.0000000000e-02 
  1.8303132026e+21   1.9325399057e+18   8.1270050204e+61   2.2245872600e-24   5.1871390087e-14   5.2123021008e-06   2.0000000000e-02 
  1.8322457425e+21   1.9325399057e+18   8.1441849830e+61   2.2245872600e-24   5.1871390087e-14   5.3220451985e-06   2.0000000000e-02 
  1.8341782824e+21   1.9325399057e+18   8.1613830851e+61   2.2245872600e-24   5.1871390087e-14   5.2618052697e-06   2.0000000000e-02 
  1.8361108223e+21   1.9325399057e+18   8.1785993266e+61   2.2245872600e-24   5.1871390087e-14   5.1036472620e-06   2.0000000000e-02 
  1.8380433622e+21   1.9325399057e+18   8.1958337077e+61   2.2245872600e-24   5.1871390087e-14   4.6594395039e-06   2.0000000000e-02 
  1.8399759021e+21   1.9325399057e+18   8.2130862283e+61   2.2245872600e-24   5.1871390087e-14   4.2298774888e-06   2.0000000000e-02 
  1.8419084420e+21   1.9325399057e+18   8.2303568883e+61   2.2245872600e-24   5.1871390087e-14   3.8404244017e-06   2.0000000000e-02 
  1.8438409819e+21   1.9325399057e+18   8.2476456879e+61   2.2245872600e-24   5.1871390087e-14   3.5127905858e-06   2.0000000000e-02 
  1.8457735218e+21   1.9325399057e+18   8.2649526269e+61   2.2245872600e-24   5.1871390087e-14   3.4077910566e-06   2.0000000000e-02 
  1.8477060617e+21   1.9325399057e+18   8.2822777055e+61   2.2245872600e-24   5.1871390087e-14   3.3466763006e-06   2.0000000000e-02 
  1.8496386016e+21   1.9325399057e+18   8.2996209236e+61   2.2245872600e-24   5.1871390087e-14   3.2895663321e-06   2.0000000000e-02 
  1.8515711415e+21   1.9325399057e+18   8.3169822811e+61   2.2245872600e-24   5.1871390087e-14   3.2228618517e-06   2.0000000000e-02 
  1.8535036815e+21   1.9325399057e+18   8.3343617782e+61   2.2245872600e-24   5.1871390087e-14   3.1386787731e-06   2.0000000000e-02 
  1.8554362214e+21   1.9325399057e+18   8.3517594147e+61   2.2245872600e-24   5.1871390087e-14   3.0132239722e-06   2.0000000000e-02 
  1.8573687613e+21   1.9325399057e+18   8.3691751907e+61   2.2245872600e-24   5.1871390087e-14   2.9398236666e-06   2.0000000000e-02 
  1.8593013012e+21   1.9325399057e+18   8.3866091063e+61   2.2245872600e-24   5.1871390087e-14   2.9070959279e-06   2.0000000000e-02 
  1.8612338411e+21   1.9325399057e+18   8.4040611613e+61   2.2245872600e-24   5.1871390087e-14   2.8847020835e-06   2.0000000000e-02 
  1.8631663810e+21   1.9325399057e+18   8.4215313559e+61   2.2245872600e-24   5.1871390087e-14   2.8968995136e-06   2.0000000000e-02 
  1.8650989209e+21   1.9325399057e+18   8.4390196899e+61   2.2245872600e-24   5.1871390087e-14   2.9159265425e-06   2.0000000000e-02 
  1.8670314608e+21   1.9325399057e+18   8.4565261635e+61   2.2245872600e-24   5.1871390087e-14   2.9345444261e-06   2.0000000000e-02 
  1.8689640007e+21   1.9325399057e+18   8.4740507765e+61   2.2245872600e-24   5.1871390087e-14   2.9708005556e-06   2.0000000000e-02 
  1.8708965406e+21   1.9325399057e+18   8.4915935290e+61   2.2245872600e-24   5.1871390087e-14   3.0066837830e-06   2.0000000000e-02 
  1.8728290805e+21   1.9325399057e+18   8.5091544211e+61   2.2245872600e-24   5.1871390087e-14   3.0372912526e-06   2.0000000000e-02 
  1.8747616204e+21   1.9325399057e+18   8.5267334526e+61   2.2245872600e-24   5.1871390087e-14   3.0647455706e-06   2.0000000000e-02 
  1.8766941603e+21   1.9325399057e+18   8.5443306236e+61   2.2245872600e-24   5.1871390087e-14   3.0914494878e-06   2.0000000000e-02 
  1.8786267002e+21   1.9325399057e+18   8.5619459342e+61   2.2245872600e-24   5.1871390087e-14   3.1183599326e-06   2.0000000000e-02 
  1.8805592401e+21   1.9325399057e+18   8.5795793842e+61   2.2245872600e-24   5.1871390087e-14   3.1453689366e-06   2.0000000000e-02 
  1.8824917800e+21   1.9325399057e+18   8.5972309737e+61   2.2245872600e-24   5.1871390087e-14   3.1687518408e-06   2.0000000000e-02 
  1.8844243199e+21   1.9325399057e+18   8.6149007027e+61   2.2245872600e-24   5.1871390087e-14   3.2174461190e-06   2.0000000000e-02 
  1.8863568598e+21   1.9325399057e+18   8.6325885712e+61   2.2245872600e-24   5.1871390087e-14   3.3000917128e-06   2.0000000000e-02 
  1.8882893998e+21   1.9325399057e+18   8.6502945793e+61   2.2245872600e-24   5.1871390087e-14   3.4389697336e-06   2.0000000000e-02 
  1.8902219397e+21   1.9325399057e+18   8.6680187268e+61   2.2245872600e-24   5.1871390087e-14   3.6391102652e-06   2.0000000000e-02 
  1.8921544796e+21   1.9325399057e+18   8.6857610138e+61   2.2245872600e-24   5.1871390087e-14   3.6730166090e-06   2.0000000000e-02 
  1.8940870195e+21   1.9325399057e+18   8.7035214403e+61   2.2245872600e-24   5.1871390087e-14   3.5302579444e-06   2.0000000000e-02 
  1.8960195594e+21   1.9325399057e+18   8.7213000063e+61   2.2245872600e-24   5.1871390087e-14   3.3751041671e-06   2.0000000000e-02 
  1.8979520993e+21   1.9325399057e+18   8.7390967118e+61   2.2245872600e-24   5.1871390087e-14   3.3113655538e-06   2.0000000000e-02 
  1.8998846392e+21   1.9325399057e+18   8.7569115569e+61   2.2245872600e-24   5.1871390087e-14   3.3457265340e-06   2.0000000000e-02 
  1.9018171791e+21   1.9325399057e+18   8.7747445414e+61   2.2245872600e-24   5.1871390087e-14   3.4186063328e-06   2.0000000000e-02 
  1.9037497190e+21   1.9325399057e+18   8.7925956654e+61   2.2245872600e-24   5.1871390087e-14   3.3741169987e-06   2.0000000000e-02 
  1.9056822589e+21   1.9325399057e+18   8.8104649289e+61   2.2245872600e-24   5.1871390087e-14   3.3029766835e-06   2.0000000000e-02 
  1.9076147988e+21   1.9325399057e+18   8.8283523319e+61   2.2245872600e-24   5.1871390087e-14   3.3125908914e-06   2.0000000000e-02 
  1.9095473387e+21   1.9325399057e+18   8.8462578744e+61   2.2245872600e-24   5.1871390087e-14   3.3066050831e-06   2.0000000000e-02 
  1.9114798786e+21   1.9325399057e+18   8.8641815564e+61   2.2245872600e-24   5.1871390087e-14   3.2333161681e-06   2.0000000000e-02 
  1.9134124185e+21   1.9325399057e+18   8.8821233779e+61   2.2245872600e-24   5.1871390087e-14   3.1743611282e-06   2.0000000000e-02 
  1.9153449584e+21   1.9325399057e+18   8.9000833389e+61   2.2245872600e-24   5.1871390087e-14   3.1463505861e-06   2.0000000000e-02 
  1.9172774983e+21   1.9325399057e+18   8.9180614394e+61   2.2245872600e-24   5.1871390087e-14   3.1124337018e-06   2.0000000000e-02 
  1.9192100382e+21   1.9325399057e+18   8.9360576794e+61   2.2245872600e-24   5.1871390087e-14   3.0642151535e-06   2.0000000000e-02 
  1.9211425782e+21   1.9325399057e+18   8.9540720589e+61   2.2245872600e-24   5.1871390087e-14   3.0431353636e-06   2.0000000000e-02 
  1.9230751181e+21   1.9325399057e+18   8.9721045778e+61   2.2245872600e-24   5.1871390087e-14   3.0326897876e-06   2.0000000000e-02 
  1.9250076580e+21   1.9325399057e+18   8.9901552363e+61   2.2245872600e-24   5.1871390087e-14   3.0358773891e-06   2.0000000000e-02 
  1.9269401979e+21   1.9325399057e+18   9.0082240343e+61   2.2245872600e-24   5.1871390087e-14   3.0518065725e-06   2.0000000000e-02 
  1.9288727378e+21   1.9325399057e+18   9.0263109718e+61   2.2245872600e-24   5.1871390087e-14   3.0727915287e-06   2.0000000000e-02 
  1.9308052777e+21   1.9325399057e+18   9.0444160488e+61   2.2245872600e-24   5.1871390087e-14   3.0998358649e-06   2.0000000000e-02 
  1.9327378176e+21   1.9325399057e+18   9.0625392653e+61   2.2245872600e-24   5.1871390087e-14   3.1663280159e-06   2.0000000000e-02 
  1.9346703575e+21   1.9325399057e+18   9.0806806212e+61   2.2245872600e-24   5.1871390087e-14   3.3640815999e-06   2.0000000000e-02 
  1.9366028974e+21   1.9325399057e+18   9.0988401167e+61   2.2245872600e-24   5.1871390087e-14   3.6173117941e-06   2.0000000000e-02 
  1.9385354373e+21   1.9325399057e+18   9.1170177517e+61   2.2245872600e-24   5.1871390087e-14   3.6600525451e-06   2.0000000000e-02 
  1.9404679772e+21   1.9325399057e+18   9.1352135262e+61   2.2245872600e-24   5.1871390087e-14   3.6408648776e-06   2.0000000000e-02 
  1.9424005171e+21   1.9325399057e+18   9.1534274401e+61   2.2245872600e-24   5.1871390087e-14   3.6301998645e-06   2.0000000000e-02 
  1.9443330570e+21   1.9325399057e+18   9.1716594936e+61   2.2245872600e-24   5.1871390087e-14   3.6232888973e-06   2.0000000000e-02 
  1.9462655969e+21   1.9325399057e+18   9.1899096866e+61   2.2245872600e-24   5.1871390087e-14   3.6043072468e-06   2.0000000000e-02 
  1.9481981368e+21   1.9325399057e+18   9.2081780190e+61   2.2245872600e-24   5.1871390087e-14   3.5673977431e-06   2.0000000000e-02 
  1.9501306767e+21   1.9325399057e+18   9.2264644910e+61   2.2245872600e-24   5.1871390087e-14   3.5157162255e-06   2.0000000000e-02 
  1.9520632166e+21   1.9325399057e+18   9.2447691025e+61   2.2245872600e-24   5.1871390087e-14   3.4582037067e-06   2.0000000000e-02 
  1.9539957565e+21   1.9325399057e+18   9.2630918534e+61   2.2245872600e-24   5.1871390087e-14   3.3875484965e-06   2.0000000000e-02 
  1.9559282965e+21   1.9325399057e+18   9.2814327439e+61   2.2245872600e-24   5.1871390087e-14   3.3256869413e-06   2.0000000000e-02 
  1.9578608364e+21   1.9325399057e+18   9.2997917739e+61   2.2245872600e-24   5.1871390087e-14   3.3413647698e-06   2.0000000000e-02 
  1.9597933763e+21   1.9325399057e+18   9.3181689433e+61   2.2245872600e-24   5.1871390087e-14   3.4345238720e-06   2.0000000000e-02 
  1.9617259162e+21   1.9325399057e+18   9.3365642523e+61   2.2245872600e-24   5.1871390087e-14   3.4590874539e-06   2.0000000000e-02 
  1.9636584561e+21   1.9325399057e+18   9.3549777007e+61   2.2245872600e-24   5.1871390087e-14   3.2911791548e-06   2.0000000000e-02 
  1.9655909960e+21   1.9325399057e+18   9.3734092887e+61   2.2245872600e-24   5.1871390087e-14   3.1341162313e-06   2.0000000000e-02 
  1.9675235359e+21   1.9325399057e+18   9.3918590161e+61   2.2245872600e-24   5.1871390087e-14   3.1139101092e-06   2.0000000000e-02 
  1.9694560758e+21   1.9325399057e+18   9.4103268831e+61   2.2245872600e-24   5.1871390087e-14   3.0596380105e-06   2.0000000000e-02 
  1.9713886157e+21   1.9325399057e+18   9.4288128895e+61   2.2245872600e-24   5.1871390087e-14   2.8730633047e-06   2.0000000000e-02 
  1.9733211556e+21   1.9325399057e+18   9.4473170355e+61   2.2245872600e-24   5.1871390086e-14   2.4378985532e-06   2.0000000000e-02 
  1.9752536955e+21   1.9325399057e+18   9.4658393209e+61   2.2245872600e-24   5.1871390086e-14   1.2893575984e-06   2.0000000000e-02 
  1.9771862354e+21   1.9325399057e+18   9.4843797459e+61   2.2245872600e-24   5.1871390086e-14   1.9602559197e-07   2.0000000000e-02 
  1.9791187753e+21   1.9325399057e+18   9.5029383103e+61   2.2245872600e-24   5.1871390086e-14   0.0000000000e+00   2.0000000000e-02 
