# time = 1.795380e+15 [s] 
# r                  dr                 dV                 Density            Pressure           Velocity           Z
  2.1304517832e+18   2.1304517832e+18   4.0504543152e+55   2.5519244264e-31   5.6296325336e-14   0.0000000000e+00   9.9248591688e-02 
  2.9994048473e+18   8.6895306403e+17   7.2525495541e+55   2.5519244264e-31   5.6296325336e-14   5.4093646027e+04   9.9248591688e-02 
  3.9946139586e+18   9.9520911135e+17   1.5397106406e+56   2.5523427577e-31   5.6296578952e-14   9.7619853944e+04   9.9248591688e-02 
  4.9604113171e+18   9.6579735849e+17   2.4425873551e+56   2.5545033942e-31   5.6295559861e-14   1.4795315778e+05   9.9248591688e-02 
  5.5828882977e+18   6.2247698060e+17   2.1763592362e+56   2.5567419660e-31   5.6294763447e-14   1.8141884133e+05   9.9248591688e-02 
  6.1104684087e+18   5.2758011099e+17   2.2678340473e+56   2.5587166008e-31   5.6294144306e-14   2.0407798001e+05   9.9248591688e-02 
  6.9187475932e+18   8.0827918446e+17   4.3162301981e+56   2.5618767730e-31   5.6293243908e-14   2.2933539366e+05   9.9248591688e-02 
  7.6764406670e+18   7.5769307383e+17   5.0751930450e+56   2.5667397516e-31   5.6291932927e-14   2.5745208256e+05   9.9248591688e-02 
  8.6679401522e+18   9.9149948521e+17   8.3312797861e+56   2.5732824793e-31   5.6290014257e-14   2.8548111040e+05   9.9248591688e-02 
  9.6515750781e+18   9.8363492591e+17   1.0380754493e+57   2.5822453560e-31   5.6286911287e-14   3.1316586859e+05   9.9248591688e-02 
  1.0863468327e+19   1.2118932493e+18   1.6042202963e+57   2.5939030443e-31   5.6282795602e-14   3.3968749920e+05   9.9248591688e-02 
  1.2129004905e+19   1.2655365773e+18   2.1039446223e+57   2.6091118280e-31   5.6276919784e-14   3.6747407992e+05   9.9248591688e-02 
  1.3611312842e+19   1.4823079373e+18   3.0888436606e+57   2.6280531173e-31   5.6271327576e-14   3.9659779740e+05   9.9248591688e-02 
  1.5205027536e+19   1.5937146939e+18   4.1617948997e+57   2.6517092135e-31   5.6263254831e-14   4.3642819162e+05   9.9248591688e-02 
  1.7014247161e+19   1.8092196250e+18   5.9064823987e+57   2.6804952226e-31   5.6254837776e-14   4.8170168098e+05   9.9248591688e-02 
  1.9032446119e+19   2.0181989582e+18   8.2470432325e+57   2.7162542530e-31   5.6246319402e-14   5.3570954638e+05   9.9248591688e-02 
  2.1269316757e+19   2.2368706381e+18   1.1425745873e+58   2.7588440115e-31   5.6238697293e-14   5.9050148083e+05   9.9248591688e-02 
  2.3779158008e+19   2.5098412506e+18   1.6017894800e+58   2.8113357751e-31   5.6232468279e-14   6.5339457466e+05   9.9248591688e-02 
  2.6503592746e+19   2.7244347384e+18   2.1661529542e+58   2.8729385831e-31   5.6224943980e-14   7.2546579374e+05   9.9248591688e-02 
  2.9582336584e+19   3.0787438375e+18   3.0455607506e+58   2.9470140225e-31   5.6217340867e-14   8.0692730181e+05   9.9248591688e-02 
  3.2890364377e+19   3.3080277931e+18   4.0598061766e+58   3.0335190799e-31   5.6209778975e-14   9.0134001877e+05   9.9248591688e-02 
  3.6687432457e+19   3.7970680801e+18   5.7805681880e+58   3.1383597236e-31   5.6202553200e-14   1.0122852119e+06   9.9248591688e-02 
  4.0703203109e+19   4.0157706515e+18   7.5628451789e+58   3.2595403522e-31   5.6196028528e-14   1.1402577032e+06   9.9248591688e-02 
  4.5213376274e+19   4.5101731657e+18   1.0468773203e+59   3.4013394092e-31   5.6190467413e-14   1.2841170397e+06   9.9248591688e-02 
  4.9963132005e+19   4.7497557312e+18   1.3528232801e+59   3.5651403233e-31   5.6186867727e-14   1.4399395336e+06   9.9248591688e-02 
  5.5332617735e+19   5.3694857297e+18   1.8718909050e+59   3.7565294704e-31   5.6185882761e-14   1.6057708959e+06   9.9248591688e-02 
  6.0616024716e+19   5.2834069809e+18   2.2330361338e+59   3.9689333811e-31   5.6188811604e-14   1.7683463701e+06   9.9248591688e-02 
  6.8196824332e+19   7.5807996161e+18   3.9562557753e+59   4.2470674915e-31   5.6199970733e-14   1.9495346249e+06   9.9248591688e-02 
  7.9447723265e+19   1.1250898933e+19   7.7199010926e+59   4.6767409930e-31   5.6215750304e-14   2.2306419170e+06   9.9248591688e-02 
  8.3852889394e+19   4.4051661290e+18   3.6914171361e+59   5.0469488994e-31   5.6222732270e-14   2.4807715623e+06   9.9248591688e-02 
  8.7839435356e+19   3.9865459624e+18   3.6925505573e+59   5.2673739741e-31   5.6220302635e-14   2.6106285839e+06   9.9248591688e-02 
  9.1905444957e+19   4.0660096008e+18   4.1276741172e+59   5.5036018770e-31   5.6223359503e-14   2.7331083157e+06   9.9248591688e-02 
  9.6148537685e+19   4.2430927280e+18   4.7148855973e+59   5.7843214155e-31   5.6220342207e-14   2.8628949416e+06   9.9248591688e-02 
  1.0006792460e+20   3.9193869120e+18   4.7412914186e+59   6.0907682647e-31   5.6220789412e-14   2.9795235511e+06   9.9248591688e-02 
  1.0502041238e+20   4.9524877865e+18   6.5454516821e+59   6.4637099835e-31   5.6224623626e-14   3.0928304063e+06   9.9248591688e-02 
  1.0980402196e+20   4.7836095800e+18   6.9365692797e+59   6.9143932312e-31   5.6232342941e-14   3.2032401079e+06   9.9248591688e-02 
  1.1440601411e+20   4.6019921448e+18   7.2688687413e+59   7.3914948848e-31   5.6246314583e-14   3.3133875899e+06   9.9248591688e-02 
  1.1880581282e+20   4.3997987119e+18   7.5185717100e+59   7.8952082233e-31   5.6250318499e-14   3.4474048124e+06   9.9248591688e-02 
  1.2418716296e+20   5.3813501443e+18   9.9838847016e+59   8.5064670650e-31   5.6253326472e-14   3.6045089419e+06   9.9248591688e-02 
  1.2953123462e+20   5.3440716586e+18   1.0809118687e+60   9.2454940641e-31   5.6255587864e-14   3.7792484728e+06   9.9248591688e-02 
  1.3462080176e+20   5.0895671368e+18   1.1158154883e+60   1.0029173110e-30   5.6257684096e-14   3.9511332470e+06   9.9248591688e-02 
  1.3968090808e+20   5.0601063205e+18   1.1962330719e+60   1.0868905421e-30   5.6258175662e-14   4.1081061060e+06   9.9248591688e-02 
  1.4566688951e+20   5.9859814299e+18   1.5314329591e+60   1.1885994938e-30   5.6273795937e-14   4.2781726155e+06   9.9248591688e-02 
  1.5161190161e+20   5.9450120967e+18   1.6507768087e+60   1.3089795206e-30   5.6282873430e-14   4.4786620560e+06   9.9248591688e-02 
  1.5722602962e+20   5.6141280143e+18   1.6824465964e+60   1.4368451714e-30   5.6298343021e-14   4.6586280835e+06   9.9248591688e-02 
  1.6325637576e+20   6.0303461393e+18   1.9460399397e+60   1.5803856576e-30   5.6316783448e-14   4.8330127872e+06   9.9248591688e-02 
  1.7010785517e+20   6.8514794071e+18   2.3923976851e+60   1.7553606114e-30   5.6343920601e-14   5.0111741778e+06   9.9248591688e-02 
  1.7672655103e+20   6.6186958580e+18   2.5016085893e+60   1.9558980326e-30   5.6372894482e-14   5.2068761516e+06   9.9248591688e-02 
  1.8244089758e+20   5.7143465531e+18   2.3160451926e+60   2.1592848817e-30   5.6391108033e-14   5.3996217585e+06   9.9248591688e-02 
  1.9001714244e+20   7.5762448651e+18   3.3023148455e+60   2.4047621363e-30   5.6421533859e-14   5.6008168768e+06   9.9248591688e-02 
  1.9920537463e+20   9.1882321810e+18   4.3737948964e+60   2.7525532004e-30   5.6468201541e-14   5.8489481714e+06   9.9248591688e-02 
  2.0841256791e+20   9.2071932837e+18   4.8068168183e+60   3.1583366965e-30   5.6529533134e-14   6.1150456241e+06   9.9248591688e-02 
  2.1671288396e+20   8.3003160552e+18   4.7133956479e+60   3.5923719872e-30   5.6595317388e-14   6.3597808387e+06   9.9248591688e-02 
  2.2707601677e+20   1.0363132810e+19   6.4131698331e+60   4.1017010158e-30   5.6698557325e-14   6.6122775779e+06   9.9248591688e-02 
  2.3579734418e+20   8.7213274034e+18   5.8709479153e+60   4.7009858603e-30   5.6804918637e-14   6.8929982611e+06   9.9248591688e-02 
  2.4872116550e+20   1.2923821324e+19   9.5337673103e+60   5.4388264707e-30   5.6970195192e-14   7.1786473683e+06   9.9248591688e-02 
  2.6602392445e+20   1.7302758948e+19   1.4408315073e+61   6.6202402029e-30   5.7250984653e-14   7.5859542473e+06   9.9248591688e-02 
  2.8287070277e+20   1.6846778321e+19   1.5950747567e+61   8.0857720258e-30   5.7674802258e-14   7.9872793536e+06   9.9248591688e-02 
  2.9461360070e+20   1.1742897926e+19   1.2304539998e+61   9.4036959232e-30   5.8124327276e-14   8.2778189440e+06   9.9248591688e-02 
  3.0619796017e+20   1.1584359475e+19   1.3138696329e+61   1.0453781752e-29   5.8578419362e-14   8.4769749920e+06   9.9248591688e-02 
  3.2176720864e+20   1.5569248469e+19   1.9292015905e+61   1.1388946200e-29   5.9202596297e-14   8.6753166013e+06   9.9248591688e-02 
  3.3361138462e+20   1.1844175975e+19   1.5984038107e+61   1.2269653300e-29   5.9908718055e-14   8.8377344833e+06   9.9248591688e-02 
  3.4679879730e+20   1.3187412685e+19   1.9182510938e+61   1.2859972208e-29   6.0626208553e-14   8.9492002845e+06   9.9248591688e-02 
  3.6067552771e+20   1.3876730411e+19   2.1822981384e+61   1.3353296208e-29   6.1455015217e-14   9.0550860918e+06   9.9248591688e-02 
  3.7665257386e+20   1.5977046149e+19   2.7292033923e+61   1.3765607483e-29   6.2415230065e-14   9.1619319772e+06   9.9248591688e-02 
  3.8987243438e+20   1.3219860523e+19   2.4404643037e+61   1.4063860760e-29   6.3386234199e-14   9.2629041962e+06   9.9248591688e-02 
  4.0500614275e+20   1.5133708365e+19   3.0043414520e+61   1.4291029284e-29   6.4370447349e-14   9.3503445279e+06   9.9248591688e-02 
  4.1881176221e+20   1.3805619465e+19   2.9438039082e+61   1.4448234457e-29   6.5422159423e-14   9.4130669910e+06   9.9248591688e-02 
  4.2628490534e+20   7.4731431309e+18   1.6767845797e+61   1.4516095192e-29   6.6223432594e-14   9.4293179539e+06   9.9248591688e-02 
  4.3319047101e+20   6.9055656675e+18   1.6026007995e+61   1.4518033033e-29   6.6781496721e-14   9.4288939862e+06   9.9248591688e-02 
  4.4772471064e+20   1.4534239626e+19   3.5436415392e+61   1.4442053002e-29   6.7613587161e-14   9.4264194629e+06   9.9248591688e-02 
  4.6001711172e+20   1.2292401078e+19   3.1822759085e+61   1.4335139523e-29   6.8671991159e-14   9.4013925111e+06   9.9248591688e-02 
  4.6825672975e+20   8.2396180384e+18   2.2305942721e+61   1.4272473037e-29   6.9510455441e-14   9.3543530502e+06   9.9248591688e-02 
  4.7513293844e+20   6.8762086887e+18   1.9225995823e+61   1.4248402877e-29   7.0124561600e-14   9.3176984386e+06   9.9248591688e-02 
  4.8051003336e+20   5.3770949151e+18   1.5427426954e+61   1.4249717195e-29   7.0625175569e-14   9.2846060616e+06   9.9248591686e-02 
  4.9501163076e+20   1.4501597401e+19   4.3358229817e+61   1.4299162894e-29   7.1443422200e-14   9.2329900053e+06   9.9248591680e-02 
  5.0409515077e+20   9.0835200090e+18   2.8486548304e+61   1.4387096111e-29   7.2425269663e-14   9.1741808228e+06   9.9248591657e-02 
  5.0639196612e+20   2.2968153529e+18   7.3678074058e+60   1.4442429675e-29   7.2902141180e-14   9.1476443919e+06   9.9248591613e-02 
  5.0805380719e+20   1.6618410722e+18   5.3727597813e+60   1.4471135555e-29   7.3069334237e-14   9.1388619821e+06   9.9248591049e-02 
  5.1488672907e+20   6.8329218779e+18   2.2462783163e+61   1.4530200180e-29   7.3431857809e-14   9.1210115311e+06   9.9248589359e-02 
  5.2096355359e+20   6.0768245157e+18   2.0484507544e+61   1.4611481144e-29   7.3989893776e-14   9.0942908315e+06   9.9248582343e-02 
  5.2716335730e+20   6.1998037173e+18   2.1397381083e+61   1.4662767186e-29   7.4525279202e-14   9.0722412973e+06   9.9248553012e-02 
  5.4086845902e+20   1.3705101718e+19   4.9116154113e+61   1.4700453767e-29   7.5411407824e-14   9.0467854823e+06   9.9248456444e-02 
  5.5153134505e+20   1.0662886031e+19   3.9976213849e+61   1.4709768829e-29   7.6514907189e-14   9.0252568052e+06   9.9248163808e-02 
  5.6150003037e+20   9.9686853205e+18   3.8798433015e+61   1.4684924163e-29   7.7460673562e-14   9.0149640079e+06   9.9248053769e-02 
  5.7476325445e+20   1.3263224080e+19   5.3799303278e+61   1.4598811131e-29   7.8541400121e-14   9.0159349534e+06   9.9247259448e-02 
  5.8668219666e+20   1.1918942211e+19   5.0512686478e+61   1.4440267576e-29   7.9697466343e-14   9.0364362022e+06   9.9245542936e-02 
  5.9831302318e+20   1.1630826511e+19   5.1310659073e+61   1.4205424779e-29   8.0764173630e-14   9.0759091349e+06   9.9240322472e-02 
  6.0938375736e+20   1.1070734184e+19   5.0728763602e+61   1.3881950987e-29   8.1775104515e-14   9.1403887255e+06   9.9232707138e-02 
  6.2210274598e+20   1.2718988625e+19   6.0600639410e+61   1.3426133918e-29   8.2803486975e-14   9.2058052773e+06   9.9189674406e-02 
  6.3293557665e+20   1.0832830667e+19   5.3606393111e+61   1.2848027832e-29   8.3803697987e-14   9.2886588000e+06   9.8940437206e-02 
  6.3907603697e+20   6.1404603207e+18   3.1213058657e+61   1.2363465692e-29   8.4470663776e-14   9.3336032877e+06   9.8461133195e-02 
  6.4429522123e+20   5.2191842587e+18   2.7005953406e+61   1.1911186780e-29   8.4908067633e-14   9.3663449907e+06   9.7498395335e-02 
  6.5192301904e+20   7.6277978046e+18   4.0263387903e+61   1.1296348935e-29   8.5379575078e-14   9.4063112464e+06   9.6923149799e-02 
  6.5477837407e+20   2.8553550326e+18   1.5316635876e+61   1.0738441233e-29   8.5750366829e-14   9.4349560270e+06   9.6675254785e-02 
  6.5609416360e+20   1.3157895303e+18   7.1032545046e+60   1.0470892483e-29   8.5876015982e-14   9.4401752911e+06   9.6604664792e-02 
  6.5806163830e+20   1.9674747023e+18   1.0674635826e+61   1.0288375495e-29   8.5992800589e-14   9.4508931802e+06   9.6585138828e-02 
  6.6372187056e+20   5.6602322584e+18   3.1067580887e+61   1.0002468018e-29   8.6243280144e-14   9.4786966959e+06   9.6582620367e-02 
  6.6823676923e+20   4.5148986737e+18   2.5164077994e+61   9.6869532349e-30   8.6558223605e-14   9.5035472822e+06   9.6581751648e-02 
  6.7144276447e+20   3.2059952382e+18   1.8076544728e+61   9.4866799749e-30   8.6798858561e-14   9.5288094774e+06   9.6581679598e-02 
  6.7438946218e+20   2.9466977117e+18   1.6767487819e+61   9.3729171870e-30   8.6989854830e-14   9.5461188707e+06   9.6581671736e-02 
  6.7763330275e+20   3.2438405666e+18   1.8628514108e+61   9.3005813578e-30   8.7172997334e-14   9.5575762924e+06   9.6581671432e-02 
  6.8020146299e+20   2.5681602423e+18   1.4875321369e+61   9.2715376360e-30   8.7353005446e-14   9.5686941111e+06   9.6581671422e-02 
  6.9147396437e+20   1.1272501378e+19   6.6631971568e+61   9.2666845882e-30   8.7758118625e-14   9.5840359319e+06   9.6581671420e-02 
  7.0236191608e+20   1.0887951710e+19   6.6455078014e+61   9.2971814100e-30   8.8405020609e-14   9.6141313135e+06   9.6581671417e-02 
  7.0617688737e+20   3.8149712905e+18   2.3778247336e+61   9.3366713283e-30   8.8840970203e-14   9.6325021564e+06   9.6581671415e-02 
  7.0876940710e+20   2.5925197307e+18   1.6306184101e+61   9.3764149518e-30   8.9034141500e-14   9.6397669392e+06   9.6581671413e-02 
  7.1122467708e+20   2.4552699833e+18   1.5553302905e+61   9.4348468588e-30   8.9187028852e-14   9.6455014989e+06   9.6581671411e-02 
  7.1331747296e+20   2.0927958791e+18   1.3342206695e+61   9.5136936823e-30   8.9324727404e-14   9.6498839050e+06   9.6581671398e-02 
  7.2271297065e+20   9.3954976891e+18   6.0869979233e+61   9.8043624076e-30   8.9675563403e-14   9.6573224655e+06   9.6581671345e-02 
  7.2857797285e+20   5.8650021949e+18   3.8808726007e+61   1.0231282119e-29   9.0145523468e-14   9.6646040135e+06   9.6581671037e-02 
  7.3076629361e+20   2.1883207606e+18   1.4641200604e+61   1.0478577061e-29   9.0405401232e-14   9.6654697137e+06   9.6581670150e-02 
  7.3355874704e+20   2.7924534302e+18   1.8810975441e+61   1.0620332503e-29   9.0561164226e-14   9.6672124087e+06   9.6581659401e-02 
  7.3888052350e+20   5.3217764633e+18   3.6247927091e+61   1.0776807197e-29   9.0831608828e-14   9.6603393673e+06   9.6581626433e-02 
  7.4396324977e+20   5.0827262680e+18   3.5110667857e+61   1.0933042154e-29   9.1177909235e-14   9.6601186173e+06   9.6581290770e-02 
  7.5050804773e+20   6.5447979600e+18   4.5922344298e+61   1.1053843597e-29   9.1569302834e-14   9.6555330214e+06   9.6580174949e-02 
  7.6611417416e+20   1.5606126428e+19   1.1277560145e+62   1.1206140221e-29   9.2312040959e-14   9.6359242932e+06   9.6577407626e-02 
  7.7758391037e+20   1.1469736210e+19   8.5868924758e+61   1.1356431918e-29   9.3221098571e-14   9.5975414264e+06   9.6571504945e-02 
  7.8801601258e+20   1.0432102217e+19   8.0332210294e+61   1.1446323477e-29   9.3953580384e-14   9.5536344637e+06   9.6559165658e-02 
  7.9743682125e+20   9.4208086714e+18   7.4396040278e+61   1.1495775115e-29   9.4609372734e-14   9.5032349687e+06   9.6529185035e-02 
  8.0648254599e+20   9.0457247354e+18   7.3107664153e+61   1.1513023910e-29   9.5209866646e-14   9.4485356116e+06   9.6503726791e-02 
  8.1895439611e+20   1.2471850122e+19   1.0352125551e+62   1.1498504146e-29   9.5895303160e-14   9.3717808880e+06   9.6327492451e-02 
  8.2768932630e+20   8.7349301892e+18   7.4406807368e+61   1.1449969100e-29   9.6560424523e-14   9.2854118462e+06   9.5572004993e-02 
  8.3476969420e+20   7.0803678967e+18   6.1476653763e+61   1.1375412730e-29   9.7046561130e-14   9.2146359589e+06   9.1619609659e-02 
  8.3809262301e+20   3.3229288137e+18   2.9214057401e+61   1.1294755180e-29   9.7359824552e-14   9.1668896259e+06   8.7348346292e-02 
  8.4365621936e+20   5.5635963523e+18   4.9434408903e+61   1.1167898114e-29   9.7620241189e-14   9.1247310958e+06   8.0797285359e-02 
  8.4550417105e+20   1.8479516847e+18   1.6564656568e+61   1.1032604864e-29   9.7833991219e-14   9.0890335823e+06   7.5849518902e-02 
  8.4758277076e+20   2.0785997153e+18   1.8718863384e+61   1.0914469334e-29   9.7944443062e-14   9.0704023131e+06   7.3666355821e-02 
  8.5210306614e+20   4.5202953740e+18   4.1025607616e+61   1.0700493224e-29   9.8125675762e-14   9.0382021366e+06   7.3444547013e-02 
  8.5515855926e+20   3.0554931188e+18   2.7978975226e+61   1.0481810571e-29   9.8329737317e-14   9.0004321116e+06   7.3339809818e-02 
  8.5786401835e+20   2.7054590903e+18   2.4941201960e+61   1.0351575058e-29   9.8480587368e-14   8.9716094535e+06   7.3315179441e-02 
  8.6166695004e+20   3.8029316920e+18   3.5325564375e+61   1.0248064545e-29   9.8647891357e-14   8.9387587797e+06   7.3313329411e-02 
  8.6582664157e+20   4.1596915269e+18   3.8998214848e+61   1.0156966356e-29   9.8849820205e-14   8.8979135764e+06   7.3313027626e-02 
  8.6942419171e+20   3.5975501455e+18   3.4031561319e+61   1.0096208888e-29   9.9044037292e-14   8.8582111595e+06   7.3313012423e-02 
  8.7826601769e+20   8.8418259747e+18   8.4844647059e+61   1.0044051272e-29   9.9351030398e-14   8.7937010938e+06   7.3313011923e-02 
  8.8501437046e+20   6.7483527779e+18   6.5916254998e+61   1.0000426624e-29   9.9733084680e-14   8.7104111168e+06   7.3313011772e-02 
  8.8889192811e+20   3.8775576495e+18   3.8332767879e+61   9.9875448644e-30   9.9991884450e-14   8.6522568392e+06   7.3313011749e-02 
  8.9996871674e+20   1.1076788631e+19   1.1135822787e+62   9.9933255697e-30   1.0035482500e-13   8.5693917872e+06   7.3313011717e-02 
  9.0832013258e+20   8.3514158317e+18   8.5792372410e+61   1.0017016479e-29   1.0082512760e-13   8.4615150462e+06   7.3313011575e-02 
  9.1955228962e+20   1.1232157042e+19   1.1789903949e+62   1.0059131523e-29   1.0129785488e-13   8.3502441888e+06   7.3313010913e-02 
  9.2692490113e+20   7.3726115085e+18   7.8969870336e+61   1.0110171111e-29   1.0174726693e-13   8.2416757364e+06   7.3313008766e-02 
  9.3373909204e+20   6.8141909167e+18   7.4114301238e+61   1.0162360578e-29   1.0209005104e-13   8.1565834655e+06   7.3312971950e-02 
  9.4800198432e+20   1.4262892274e+19   1.5866660233e+62   1.0262235561e-29   1.0259815545e-13   8.0235049365e+06   7.3312854294e-02 
  9.5664988998e+20   8.6479056622e+18   9.8558711527e+61   1.0384926390e-29   1.0315080765e-13   7.8727520289e+06   7.3312544907e-02 
  9.6524158502e+20   8.5916950391e+18   9.9698664295e+61   1.0494497786e-29   1.0356678115e-13   7.7531225801e+06   7.3312376554e-02 
  9.7244819252e+20   7.2066075023e+18   8.5006324935e+61   1.0597129442e-29   1.0394646802e-13   7.6387615582e+06   7.3310402728e-02 
  9.7777235421e+20   5.3241616854e+18   6.3616481100e+61   1.0668416847e-29   1.0424561486e-13   7.5456186492e+06   7.3295410260e-02 
  9.9177477130e+20   1.4002417094e+19   1.7064475846e+62   1.0759001965e-29   1.0469889979e-13   7.3916204676e+06   7.3257374382e-02 
  1.0002825139e+21   8.5077426208e+18   1.0606461078e+62   1.0857615690e-29   1.0522267151e-13   7.2005420095e+06   7.3159627150e-02 
  1.0036931565e+21   3.4106425645e+18   4.3030004247e+61   1.0906768676e-29   1.0549842258e-13   7.0948065262e+06   7.3016892607e-02 
  1.0084231123e+21   4.7299558095e+18   6.0160841315e+61   1.0937155733e-29   1.0568376727e-13   7.0184780047e+06   7.2243118216e-02 
  1.0114367203e+21   3.0136079940e+18   3.8625971858e+61   1.0964327200e-29   1.0585789358e-13   6.9441804566e+06   7.1071453747e-02 
  1.0150782801e+21   3.6415598061e+18   4.6982641728e+61   1.0986214308e-29   1.0600525815e-13   6.8787393330e+06   6.9520529240e-02 
  1.0173819712e+21   2.3036910944e+18   2.9896367529e+61   1.1005017627e-29   1.0613520271e-13   6.8197515468e+06   6.8777240436e-02 
  1.0234232451e+21   6.0412738609e+18   7.9046523827e+61   1.1030462269e-29   1.0631293429e-13   6.7346519833e+06   6.8597745968e-02 
  1.0272518472e+21   3.8286021339e+18   5.0580640823e+61   1.1060243780e-29   1.0652007677e-13   6.6319450588e+06   6.8483698677e-02 
  1.0344225480e+21   7.1707007807e+18   9.5753218169e+61   1.1093247035e-29   1.0674216664e-13   6.5121827019e+06   6.8457368060e-02 
  1.0378988170e+21   3.4762690181e+18   4.6900542559e+61   1.1125628580e-29   1.0695247735e-13   6.3927820401e+06   6.8448146713e-02 
  1.0405802421e+21   2.6814250779e+18   3.6392097469e+61   1.1145504872e-29   1.0707046612e-13   6.3218633508e+06   6.8445488671e-02 
  1.0437260055e+21   3.1457634770e+18   4.2933800006e+61   1.1166475788e-29   1.0717937120e-13   6.2529825996e+06   6.8445115019e-02 
  1.0455770417e+21   1.8510361953e+18   2.5384450858e+61   1.1186615648e-29   1.0727115388e-13   6.1932402789e+06   6.8445093031e-02 
  1.0507645407e+21   5.1874989728e+18   7.1619763207e+61   1.1220873206e-29   1.0739619247e-13   6.1064053362e+06   6.8445095119e-02 
  1.0543599489e+21   3.5954082416e+18   5.0055761389e+61   1.1267266996e-29   1.0754965392e-13   5.9950979686e+06   6.8445128484e-02 
  1.0577471424e+21   3.3871934811e+18   4.7470315620e+61   1.1308968983e-29   1.0766752621e-13   5.9042205195e+06   6.8445747299e-02 
  1.0603790215e+21   2.6318791063e+18   3.7095367866e+61   1.1349738453e-29   1.0776589964e-13   5.8263702220e+06   6.8447488136e-02 
  1.0750449885e+21   1.4665966957e+19   2.1010464124e+62   1.1484250124e-29   1.0801841757e-13   5.5874529651e+06   6.8453165991e-02 
  1.0859674902e+21   1.0922501724e+19   1.6024712341e+62   1.1689806316e-29   1.0837598620e-13   5.2053696133e+06   6.8469141664e-02 
  1.0932764699e+21   7.3089797022e+18   1.0904856599e+62   1.1842589904e-29   1.0859551155e-13   4.9210210457e+06   6.8504247859e-02 
  1.1071224264e+21   1.3845956467e+19   2.1061117127e+62   1.2030502289e-29   1.0879814413e-13   4.5666899181e+06   6.8587000837e-02 
  1.1149532347e+21   7.8308083296e+18   1.2147193498e+62   1.2228504726e-29   1.0897495385e-13   4.1868711480e+06   6.8752423886e-02 
  1.1213224025e+21   6.3691678136e+18   1.0006550781e+62   1.2364744291e-29   1.0906372570e-13   3.9302963831e+06   6.9541736682e-02 
  1.1280223722e+21   6.6999696846e+18   1.0649667565e+62   1.2498619726e-29   1.0912780817e-13   3.6879865618e+06   7.3699249391e-02 
  1.1316581749e+21   3.6358027191e+18   5.8323644135e+61   1.2612393657e-29   1.0917067577e-13   3.4961680328e+06   7.8528198735e-02 
  1.1344131260e+21   2.7549510370e+18   4.4443792630e+61   1.2693420381e-29   1.0919433436e-13   3.3782200191e+06   8.6549392582e-02 
  1.1427142194e+21   8.3010934602e+18   1.3522647813e+62   1.2861676352e-29   1.0923384609e-13   3.1776369334e+06   9.0582980029e-02 
  1.1491286272e+21   6.4144078034e+18   1.0584668057e+62   1.3109756989e-29   1.0928656904e-13   2.9139961120e+06   9.4792585170e-02 
  1.1553636611e+21   6.2350339147e+18   1.0402560993e+62   1.3367191562e-29   1.0933044748e-13   2.6936190929e+06   9.6968683598e-02 
  1.1634815460e+21   8.1178848446e+18   1.3713176016e+62   1.3739840913e-29   1.0938046596e-13   2.4509694698e+06   9.7221576170e-02 
  1.1695594018e+21   6.0778558072e+18   1.0393120683e+62   1.4214649283e-29   1.0943277511e-13   2.2170557151e+06   9.7312186892e-02 
  1.1788057506e+21   9.2463488381e+18   1.6019672950e+62   1.4949604459e-29   1.0948629178e-13   1.9696676066e+06   9.7327182286e-02 
  1.1856566241e+21   6.8508734835e+18   1.2032665687e+62   1.6001451783e-29   1.0954122885e-13   1.7127525383e+06   9.7328605558e-02 
  1.1887764999e+21   3.1198757523e+18   5.5259545135e+61   1.7006225726e-29   1.0957191748e-13   1.5549200987e+06   9.7330542279e-02 
  1.1909272831e+21   2.1507832051e+18   3.8264181639e+61   1.8041133900e-29   1.0958787374e-13   1.4734944274e+06   9.7357329739e-02 
  1.1996149236e+21   8.6876405046e+18   1.5597193419e+62   2.1929543701e-29   1.0961228967e-13   1.3033092042e+06   9.7466732162e-02 
  1.2113576198e+21   1.1742696171e+19   2.1443993163e+62   3.1416123336e-29   1.0966359478e-13   9.8633735946e+05   9.7768593574e-02 
  1.2128841664e+21   1.5265466551e+18   2.8184600134e+61   4.0330810700e-29   1.0969876295e-13   7.9367424988e+05   9.7202410093e-02 
  1.2146032650e+21   1.7190986161e+18   3.1824729133e+61   4.8838471118e-29   1.0969883082e-13   7.4934416688e+05   9.1701134563e-02 
  1.2201886874e+21   5.5854224023e+18   1.0402323899e+62   8.7023539924e-29   1.0968243968e-13   6.4526212676e+05   6.0997415366e-02 
  1.2231485825e+21   2.9598950228e+18   5.5512812734e+61   1.6025160938e-28   1.0975411218e-13   5.3237813880e+05   2.6777618770e-02 
  1.2390876895e+21   1.5939107064e+19   3.0358434776e+62   5.2937879683e-28   1.0118769645e-13   2.8289167584e+05   2.1644463153e-02 
  1.2448846085e+21   5.7969189531e+18   1.1236767267e+62   5.4356096276e-24   9.0812213642e-14   2.6918895039e+05   2.0032173179e-02 
  1.2453180152e+21   4.3340676164e+17   8.4433527216e+60   6.6840387434e-24   1.0448640967e-13   2.5428341476e+05   2.0028431370e-02 
  1.2532213186e+21   7.9033033832e+18   1.5500023487e+62   7.2240194955e-24   1.1026522159e-13   2.6034026600e+05   2.0023394548e-02 
  1.2571605299e+21   3.9392113238e+18   7.7990028846e+61   8.0959519190e-24   1.1935390834e-13   2.6813660560e+05   2.0013977428e-02 
  1.2596329730e+21   2.4724430817e+18   4.9200722825e+61   8.6746122097e-24   1.2535029329e-13   2.7191927875e+05   2.0004270881e-02 
  1.2615980709e+21   1.9650978634e+18   3.9242750210e+61   9.1440603272e-24   1.3011613960e-13   2.7451719590e+05   2.0001151652e-02 
  1.2637221991e+21   2.1241282338e+18   4.2556277886e+61   9.6276176424e-24   1.3494398546e-13   2.7688662754e+05   2.0000463210e-02 
  1.2659741738e+21   2.2519746600e+18   4.5274147656e+61   1.0192487492e-23   1.4049376327e-13   2.7935582026e+05   2.0000177840e-02 
  1.2682005535e+21   2.2263797518e+18   4.4918199428e+61   1.0823476233e-23   1.4658924625e-13   2.8184051994e+05   2.0000059889e-02 
  1.2703214260e+21   2.1208724568e+18   4.2936474512e+61   1.1484178498e-23   1.5286226152e-13   2.8426683712e+05   2.0000019043e-02 
  1.2723096517e+21   1.9882257301e+18   4.0381491238e+61   1.2144064975e-23   1.5922561844e-13   2.8659389546e+05   2.0000005912e-02 
  1.2741306899e+21   1.8210381914e+18   3.7096762755e+61   1.2791619043e-23   1.6539269215e-13   2.8891996880e+05   2.0000001734e-02 
  1.2758856504e+21   1.7549605330e+18   3.5851160815e+61   1.3442006129e-23   1.7151106236e-13   2.9123822007e+05   2.0000000497e-02 
  1.2775133761e+21   1.6277256228e+18   3.3340223623e+61   1.4099365109e-23   1.7762461049e-13   2.9349327329e+05   2.0000000133e-02 
  1.2790980384e+21   1.5846623693e+18   3.2539892992e+61   1.4720937439e-23   1.8334638220e-13   2.9546895887e+05   2.0000000034e-02 
  1.2805516977e+21   1.4536592765e+18   2.9920829132e+61   1.5276588453e-23   1.8841278209e-13   2.9699125260e+05   2.0000000008e-02 
  1.2818620445e+21   1.3103467548e+18   2.7029291225e+61   1.5751679894e-23   1.9270857535e-13   2.9810717879e+05   2.0000000002e-02 
  1.2831396644e+21   1.2776199005e+18   2.6407476016e+61   1.6170440876e-23   1.9646880861e-13   2.9896391460e+05   2.0000000000e-02 
  1.2844068119e+21   1.2671474927e+18   2.6243013503e+61   1.6559065974e-23   1.9993694468e-13   2.9966118881e+05   2.0000000000e-02 
  1.2855609843e+21   1.1541724422e+18   2.3948370316e+61   1.6920377664e-23   2.0314324352e-13   3.0024724854e+05   2.0000000000e-02 
  1.2866822622e+21   1.1212778937e+18   2.3307045902e+61   1.7258756447e-23   2.0612891269e-13   3.0074927973e+05   2.0000000000e-02 
  1.2877860211e+21   1.1037589286e+18   2.2982603291e+61   1.7591280090e-23   2.0904849144e-13   3.0121113854e+05   2.0000000000e-02 
  1.2887962040e+21   1.0101828387e+18   2.1068707514e+61   1.7911112185e-23   2.1184181796e-13   3.0164346104e+05   2.0000000000e-02 
  1.2899735725e+21   1.1773685310e+18   2.4597301796e+61   1.8239718455e-23   2.1472176428e-13   3.0211300860e+05   2.0000000000e-02 
  1.2912350901e+21   1.2615176331e+18   2.6405199950e+61   1.8614083897e-23   2.1804064653e-13   3.0267653138e+05   2.0000000000e-02 
  1.2923896776e+21   1.1545874495e+18   2.4212275806e+61   1.8996521837e-23   2.2141408194e-13   3.0333703493e+05   2.0000000000e-02 
  1.2935300805e+21   1.1404029482e+18   2.3957324819e+61   1.9383250158e-23   2.2480951710e-13   3.0406454918e+05   2.0000000000e-02 
  1.2946781863e+21   1.1481057659e+18   2.4161853082e+61   1.9801623931e-23   2.2846483568e-13   3.0488237439e+05   2.0000000000e-02 
  1.2958273580e+21   1.1491716947e+18   2.4227236218e+61   2.0264301876e-23   2.3248589568e-13   3.0577671509e+05   2.0000000000e-02 
  1.2969667600e+21   1.1394020556e+18   2.4063731041e+61   2.0759607079e-23   2.3676610733e-13   3.0676802391e+05   2.0000000000e-02 
  1.2979767255e+21   1.0099654947e+18   2.1365459570e+61   2.1248983880e-23   2.4097121407e-13   3.0779848830e+05   2.0000000000e-02 
  1.2989652754e+21   9.8854987236e+17   2.0944643798e+61   2.1722436475e-23   2.4501830517e-13   3.0884847019e+05   2.0000000000e-02 
  1.2999353541e+21   9.7007864783e+17   2.0584303994e+61   2.2231491898e-23   2.4928012533e-13   3.0991195662e+05   2.0000000000e-02 
  1.3007643261e+21   8.2897204618e+17   1.7614494399e+61   2.2719225153e-23   2.5326142224e-13   3.1094390711e+05   2.0000000000e-02 
  1.3015733768e+21   8.0905070663e+17   1.7212856017e+61   2.3177766919e-23   2.5698467056e-13   3.1189467689e+05   2.0000000000e-02 
  1.3023759825e+21   8.0260570415e+17   1.7096893105e+61   2.3643208926e-23   2.6074379416e-13   3.1282815572e+05   2.0000000000e-02 
  1.3031712991e+21   7.9531659329e+17   1.6962421342e+61   2.4111593358e-23   2.6450596004e-13   3.1378572945e+05   2.0000000000e-02 
  1.3039564760e+21   7.8517687101e+17   1.6766484692e+61   2.4587413171e-23   2.6831098715e-13   3.1474513448e+05   2.0000000000e-02 
  1.3045958110e+21   6.3933504084e+17   1.3667134931e+61   2.5045594119e-23   2.7195446227e-13   3.1554970356e+05   2.0000000000e-02 
  1.3052225286e+21   6.2671758166e+17   1.3410418056e+61   2.5466168096e-23   2.7527966201e-13   3.1631480865e+05   2.0000000000e-02 
  1.3058456900e+21   6.2316138601e+17   1.3347098110e+61   2.5858372021e-23   2.7836702467e-13   3.1717548226e+05   2.0000000000e-02 
  1.3064657603e+21   6.2007029356e+17   1.3293542075e+61   2.6269787027e-23   2.8160202731e-13   3.1804400145e+05   2.0000000000e-02 
  1.3070819506e+21   6.1619036232e+17   1.3222867539e+61   2.6733571510e-23   2.8522766071e-13   3.1876302766e+05   2.0000000000e-02 
  1.3076937886e+21   6.1183793731e+17   1.3141809767e+61   2.7212673720e-23   2.8895067061e-13   3.1944449973e+05   2.0000000000e-02 
  1.3082983454e+21   6.0455683945e+17   1.2997501815e+61   2.7690935664e-23   2.9262835107e-13   3.2043789758e+05   2.0000000000e-02 
  1.3089039313e+21   6.0558586602e+17   1.3031673478e+61   2.8214105522e-23   2.9667762213e-13   3.2206404589e+05   2.0000000000e-02 
  1.3094265942e+21   5.2266294899e+17   1.1256944654e+61   2.7723257985e-23   2.9318086757e-13   3.2094526721e+05   2.0000000000e-02 
  1.3097879284e+21   3.6133420150e+17   7.7875542769e+60   2.3009996554e-23   2.5740378600e-13   2.9731336741e+05   2.0000000000e-02 
  1.3107778380e+21   9.8990954339e+17   2.1356768063e+61   7.1886814002e-24   1.1545637912e-13   1.7695216636e+05   2.0000000000e-02 
  1.3124299565e+21   1.6521185446e+18   3.5715482729e+61   2.6203652019e-24   5.8604941935e-14   2.9490944072e+04   2.0000000000e-02 
  1.3143281049e+21   1.8981483684e+18   4.1145301758e+61   2.2578807805e-24   5.2435561255e-14   2.6037993447e+03   2.0000000000e-02 
  1.3162578206e+21   1.9297157153e+18   4.1951574835e+61   2.2271957900e-24   5.1915529612e-14   2.0168449942e+02   2.0000000000e-02 
  1.3181901451e+21   1.9323244915e+18   4.2131726769e+61   2.2247856344e-24   5.1874753755e-14   1.5341441200e+01   2.0000000000e-02 
  1.3201226688e+21   1.9325236928e+18   4.2259791596e+61   2.2246021867e-24   5.1871643656e-14   1.1552558356e+00   2.0000000000e-02 
  1.3220552075e+21   1.9325386919e+18   4.2384030305e+61   2.2245883775e-24   5.1871409090e-14   8.6501533390e-02   2.0000000000e-02 
  1.3239877473e+21   1.9325398150e+18   4.2508147634e+61   2.2245873436e-24   5.1871391510e-14   6.4736808807e-03   2.0000000000e-02 
  1.3259202872e+21   1.9325399000e+18   4.2632423640e+61   2.2245872651e-24   5.1871390181e-14   4.6951656945e-04   2.0000000000e-02 
  1.3278528271e+21   1.9325399057e+18   4.2756879301e+61   2.2245872598e-24   5.1871390087e-14   3.1110007416e-05   2.0000000000e-02 
  1.3297853670e+21   1.9325399057e+18   4.2881516231e+61   2.2245872600e-24   5.1871390088e-14   6.0039065085e-06   2.0000000000e-02 
  1.3317179069e+21   1.9325399057e+18   4.3006334556e+61   2.2245872600e-24   5.1871390089e-14   5.0491337193e-06   2.0000000000e-02 
  1.3336504468e+21   1.9325399057e+18   4.3131334276e+61   2.2245872600e-24   5.1871390089e-14   4.7226217414e-06   2.0000000000e-02 
  1.3355829867e+21   1.9325399057e+18   4.3256515391e+61   2.2245872600e-24   5.1871390088e-14   4.3799405691e-06   2.0000000000e-02 
  1.3375155266e+21   1.9325399057e+18   4.3381877901e+61   2.2245872600e-24   5.1871390088e-14   3.6494426255e-06   2.0000000000e-02 
  1.3394480665e+21   1.9325399057e+18   4.3507421806e+61   2.2245872600e-24   5.1871390088e-14   2.4566747284e-06   2.0000000000e-02 
  1.3413806064e+21   1.9325399057e+18   4.3633147106e+61   2.2245872600e-24   5.1871390087e-14   5.7003103540e-07   2.0000000000e-02 
  1.3433131463e+21   1.9325399057e+18   4.3759053801e+61   2.2245872600e-24   5.1871390087e-14   3.3283205800e-07   2.0000000000e-02 
  1.3452456863e+21   1.9325399057e+18   4.3885141891e+61   2.2245872600e-24   5.1871390087e-14   7.3048830925e-07   2.0000000000e-02 
  1.3471782262e+21   1.9325399057e+18   4.4011411376e+61   2.2245872600e-24   5.1871390087e-14   1.0698188177e-06   2.0000000000e-02 
  1.3491107661e+21   1.9325399057e+18   4.4137862256e+61   2.2245872600e-24   5.1871390087e-14   1.1638629373e-06   2.0000000000e-02 
  1.3510433060e+21   1.9325399057e+18   4.4264494531e+61   2.2245872600e-24   5.1871390087e-14   1.1340268492e-06   2.0000000000e-02 
  1.3529758459e+21   1.9325399057e+18   4.4391308201e+61   2.2245872600e-24   5.1871390087e-14   1.1079670624e-06   2.0000000000e-02 
  1.3549083858e+21   1.9325399057e+18   4.4518303266e+61   2.2245872600e-24   5.1871390087e-14   1.1363143426e-06   2.0000000000e-02 
  1.3568409257e+21   1.9325399057e+18   4.4645479726e+61   2.2245872600e-24   5.1871390087e-14   1.0832580170e-06   2.0000000000e-02 
  1.3587734656e+21   1.9325399057e+18   4.4772837581e+61   2.2245872600e-24   5.1871390087e-14   1.0296278399e-06   2.0000000000e-02 
  1.3607060055e+21   1.9325399057e+18   4.4900376830e+61   2.2245872600e-24   5.1871390087e-14   9.4938202308e-07   2.0000000000e-02 
  1.3626385454e+21   1.9325399057e+18   4.5028097475e+61   2.2245872600e-24   5.1871390087e-14   8.0057560667e-07   2.0000000000e-02 
  1.3645710853e+21   1.9325399057e+18   4.5155999515e+61   2.2245872600e-24   5.1871390087e-14   5.2941056250e-07   2.0000000000e-02 
  1.3665036252e+21   1.9325399057e+18   4.5284082950e+61   2.2245872600e-24   5.1871390087e-14   1.7120215874e-07   2.0000000000e-02 
  1.3684361651e+21   1.9325399057e+18   4.5412347779e+61   2.2245872600e-24   5.1871390087e-14  -7.7242985881e-08   2.0000000000e-02 
  1.3703687050e+21   1.9325399057e+18   4.5540794004e+61   2.2245872600e-24   5.1871390087e-14  -2.0425280063e-07   2.0000000000e-02 
  1.3723012449e+21   1.9325399057e+18   4.5669421624e+61   2.2245872600e-24   5.1871390087e-14  -2.7553270079e-07   2.0000000000e-02 
  1.3742337848e+21   1.9325399057e+18   4.5798230639e+61   2.2245872600e-24   5.1871390087e-14  -3.0318113533e-07   2.0000000000e-02 
  1.3761663247e+21   1.9325399057e+18   4.5927221048e+61   2.2245872600e-24   5.1871390087e-14  -2.7537684870e-07   2.0000000000e-02 
  1.3780988646e+21   1.9325399057e+18   4.6056392853e+61   2.2245872600e-24   5.1871390087e-14  -1.6073184294e-07   2.0000000000e-02 
  1.3800314046e+21   1.9325399057e+18   4.6185746053e+61   2.2245872600e-24   5.1871390087e-14   1.8604696766e-08   2.0000000000e-02 
  1.3819639445e+21   1.9325399057e+18   4.6315280647e+61   2.2245872600e-24   5.1871390087e-14   3.0356081417e-07   2.0000000000e-02 
  1.3838964844e+21   1.9325399057e+18   4.6444996637e+61   2.2245872600e-24   5.1871390087e-14   7.6134307497e-07   2.0000000000e-02 
  1.3858290243e+21   1.9325399057e+18   4.6574894021e+61   2.2245872600e-24   5.1871390087e-14   1.1764388934e-06   2.0000000000e-02 
  1.3877615642e+21   1.9325399057e+18   4.6704972801e+61   2.2245872600e-24   5.1871390087e-14   1.3468028266e-06   2.0000000000e-02 
  1.3896941041e+21   1.9325399057e+18   4.6835232976e+61   2.2245872600e-24   5.1871390087e-14   1.3491452269e-06   2.0000000000e-02 
  1.3916266440e+21   1.9325399057e+18   4.6965674545e+61   2.2245872600e-24   5.1871390087e-14   1.3012910055e-06   2.0000000000e-02 
  1.3935591839e+21   1.9325399057e+18   4.7096297510e+61   2.2245872600e-24   5.1871390087e-14   1.2238975033e-06   2.0000000000e-02 
  1.3954917238e+21   1.9325399057e+18   4.7227101869e+61   2.2245872600e-24   5.1871390087e-14   1.0713630674e-06   2.0000000000e-02 
  1.3974242637e+21   1.9325399057e+18   4.7358087624e+61   2.2245872600e-24   5.1871390087e-14   8.5343370005e-07   2.0000000000e-02 
  1.3993568036e+21   1.9325399057e+18   4.7489254773e+61   2.2245872600e-24   5.1871390087e-14   7.5838350175e-07   2.0000000000e-02 
  1.4012893435e+21   1.9325399057e+18   4.7620603318e+61   2.2245872600e-24   5.1871390087e-14   7.7097580385e-07   2.0000000000e-02 
  1.4032218834e+21   1.9325399057e+18   4.7752133257e+61   2.2245872600e-24   5.1871390087e-14   8.1543240699e-07   2.0000000000e-02 
  1.4051544233e+21   1.9325399057e+18   4.7883844591e+61   2.2245872600e-24   5.1871390087e-14   9.8364936865e-07   2.0000000000e-02 
  1.4070869632e+21   1.9325399057e+18   4.8015737321e+61   2.2245872600e-24   5.1871390087e-14   1.2355432324e-06   2.0000000000e-02 
  1.4090195031e+21   1.9325399057e+18   4.8147811445e+61   2.2245872600e-24   5.1871390087e-14   1.3471725638e-06   2.0000000000e-02 
  1.4109520430e+21   1.9325399057e+18   4.8280066965e+61   2.2245872600e-24   5.1871390087e-14   1.3296256803e-06   2.0000000000e-02 
  1.4128845830e+21   1.9325399057e+18   4.8412503879e+61   2.2245872600e-24   5.1871390087e-14   1.2348385347e-06   2.0000000000e-02 
  1.4148171229e+21   1.9325399057e+18   4.8545122188e+61   2.2245872600e-24   5.1871390087e-14   1.0528574299e-06   2.0000000000e-02 
  1.4167496628e+21   1.9325399057e+18   4.8677921893e+61   2.2245872600e-24   5.1871390087e-14   3.8062253191e-07   2.0000000000e-02 
  1.4186822027e+21   1.9325399057e+18   4.8810902992e+61   2.2245872600e-24   5.1871390088e-14  -1.8572105843e-06   2.0000000000e-02 
  1.4206147426e+21   1.9325399057e+18   4.8944065486e+61   2.2245872600e-24   5.1871390088e-14  -3.6120331958e-06   2.0000000000e-02 
  1.4225472825e+21   1.9325399057e+18   4.9077409376e+61   2.2245872600e-24   5.1871390088e-14  -4.0216177648e-06   2.0000000000e-02 
  1.4244798224e+21   1.9325399057e+18   4.9210934660e+61   2.2245872600e-24   5.1871390089e-14  -4.3872242250e-06   2.0000000000e-02 
  1.4264123623e+21   1.9325399057e+18   4.9344641339e+61   2.2245872600e-24   5.1871390088e-14  -4.9830929886e-06   2.0000000000e-02 
  1.4283449022e+21   1.9325399057e+18   4.9478529413e+61   2.2245872600e-24   5.1871390088e-14  -5.7557446197e-06   2.0000000000e-02 
  1.4302774421e+21   1.9325399057e+18   4.9612598883e+61   2.2245872600e-24   5.1871390089e-14  -6.4192809332e-06   2.0000000000e-02 
  1.4322099820e+21   1.9325399057e+18   4.9746849747e+61   2.2245872600e-24   5.1871390089e-14  -6.8514032860e-06   2.0000000000e-02 
  1.4341425219e+21   1.9325399057e+18   4.9881282006e+61   2.2245872600e-24   5.1871390089e-14  -7.3311951035e-06   2.0000000000e-02 
  1.4360750618e+21   1.9325399057e+18   5.0015895660e+61   2.2245872600e-24   5.1871390089e-14  -7.6314413749e-06   2.0000000000e-02 
  1.4380076017e+21   1.9325399057e+18   5.0150690709e+61   2.2245872600e-24   5.1871390089e-14  -7.4988972961e-06   2.0000000000e-02 
  1.4399401416e+21   1.9325399057e+18   5.0285667153e+61   2.2245872600e-24   5.1871390089e-14  -7.4018311723e-06   2.0000000000e-02 
  1.4418726815e+21   1.9325399057e+18   5.0420824992e+61   2.2245872600e-24   5.1871390089e-14  -7.5488050860e-06   2.0000000000e-02 
  1.4438052214e+21   1.9325399057e+18   5.0556164226e+61   2.2245872600e-24   5.1871390089e-14  -7.8214339866e-06   2.0000000000e-02 
  1.4457377613e+21   1.9325399057e+18   5.0691684856e+61   2.2245872600e-24   5.1871390089e-14  -7.9135589816e-06   2.0000000000e-02 
  1.4476703013e+21   1.9325399057e+18   5.0827386880e+61   2.2245872600e-24   5.1871390089e-14  -8.0662925515e-06   2.0000000000e-02 
  1.4496028412e+21   1.9325399057e+18   5.0963270299e+61   2.2245872600e-24   5.1871390089e-14  -8.2828002300e-06   2.0000000000e-02 
  1.4515353811e+21   1.9325399057e+18   5.1099335113e+61   2.2245872600e-24   5.1871390089e-14  -8.2786181448e-06   2.0000000000e-02 
  1.4534679210e+21   1.9325399057e+18   5.1235581322e+61   2.2245872600e-24   5.1871390089e-14  -8.1264235948e-06   2.0000000000e-02 
  1.4554004609e+21   1.9325399057e+18   5.1372008926e+61   2.2245872600e-24   5.1871390090e-14  -8.0333883818e-06   2.0000000000e-02 
  1.4573330008e+21   1.9325399057e+18   5.1508617925e+61   2.2245872600e-24   5.1871390090e-14  -8.0255936951e-06   2.0000000000e-02 
  1.4592655407e+21   1.9325399057e+18   5.1645408319e+61   2.2245872600e-24   5.1871390089e-14  -8.0377927125e-06   2.0000000000e-02 
  1.4611980806e+21   1.9325399057e+18   5.1782380108e+61   2.2245872600e-24   5.1871390089e-14  -8.1574944874e-06   2.0000000000e-02 
  1.4631306205e+21   1.9325399057e+18   5.1919533291e+61   2.2245872600e-24   5.1871390089e-14  -8.1861723129e-06   2.0000000000e-02 
  1.4650631604e+21   1.9325399057e+18   5.2056867870e+61   2.2245872600e-24   5.1871390089e-14  -7.9338563299e-06   2.0000000000e-02 
  1.4669957003e+21   1.9325399057e+18   5.2194383844e+61   2.2245872600e-24   5.1871390089e-14  -7.4725961117e-06   2.0000000000e-02 
  1.4689282402e+21   1.9325399057e+18   5.2332081213e+61   2.2245872600e-24   5.1871390089e-14  -7.1618002204e-06   2.0000000000e-02 
  1.4708607801e+21   1.9325399057e+18   5.2469959977e+61   2.2245872600e-24   5.1871390089e-14  -6.5323295122e-06   2.0000000000e-02 
  1.4727933200e+21   1.9325399057e+18   5.2608020136e+61   2.2245872600e-24   5.1871390088e-14  -5.5434402875e-06   2.0000000000e-02 
  1.4747258599e+21   1.9325399057e+18   5.2746261690e+61   2.2245872600e-24   5.1871390088e-14  -4.8111618144e-06   2.0000000000e-02 
  1.4766583998e+21   1.9325399057e+18   5.2884684638e+61   2.2245872600e-24   5.1871390088e-14  -4.4399048169e-06   2.0000000000e-02 
  1.4785909397e+21   1.9325399057e+18   5.3023288982e+61   2.2245872600e-24   5.1871390088e-14  -4.3078886326e-06   2.0000000000e-02 
  1.4805234797e+21   1.9325399057e+18   5.3162074721e+61   2.2245872600e-24   5.1871390088e-14  -4.2842411998e-06   2.0000000000e-02 
  1.4824560196e+21   1.9325399057e+18   5.3301041855e+61   2.2245872600e-24   5.1871390088e-14  -4.2456506118e-06   2.0000000000e-02 
  1.4843885595e+21   1.9325399057e+18   5.3440190383e+61   2.2245872600e-24   5.1871390088e-14  -4.2414367746e-06   2.0000000000e-02 
  1.4863210994e+21   1.9325399057e+18   5.3579520307e+61   2.2245872600e-24   5.1871390088e-14  -4.3715956784e-06   2.0000000000e-02 
  1.4882536393e+21   1.9325399057e+18   5.3719031626e+61   2.2245872600e-24   5.1871390088e-14  -4.6323415024e-06   2.0000000000e-02 
  1.4901861792e+21   1.9325399057e+18   5.3858724340e+61   2.2245872600e-24   5.1871390088e-14  -4.9050944558e-06   2.0000000000e-02 
  1.4921187191e+21   1.9325399057e+18   5.3998598448e+61   2.2245872600e-24   5.1871390088e-14  -4.9979812812e-06   2.0000000000e-02 
  1.4940512590e+21   1.9325399057e+18   5.4138653952e+61   2.2245872600e-24   5.1871390088e-14  -4.9562235257e-06   2.0000000000e-02 
  1.4959837989e+21   1.9325399057e+18   5.4278890850e+61   2.2245872600e-24   5.1871390088e-14  -4.9132530180e-06   2.0000000000e-02 
  1.4979163388e+21   1.9325399057e+18   5.4419309144e+61   2.2245872600e-24   5.1871390088e-14  -4.8561993182e-06   2.0000000000e-02 
  1.4998488787e+21   1.9325399057e+18   5.4559908833e+61   2.2245872600e-24   5.1871390088e-14  -4.7221970031e-06   2.0000000000e-02 
  1.5017814186e+21   1.9325399057e+18   5.4700689916e+61   2.2245872600e-24   5.1871390088e-14  -4.5404554575e-06   2.0000000000e-02 
  1.5037139585e+21   1.9325399057e+18   5.4841652395e+61   2.2245872600e-24   5.1871390088e-14  -4.3321951699e-06   2.0000000000e-02 
  1.5056464984e+21   1.9325399057e+18   5.4982796268e+61   2.2245872600e-24   5.1871390088e-14  -3.9747570813e-06   2.0000000000e-02 
  1.5075790383e+21   1.9325399057e+18   5.5124121537e+61   2.2245872600e-24   5.1871390088e-14  -3.5379392611e-06   2.0000000000e-02 
  1.5095115782e+21   1.9325399057e+18   5.5265628200e+61   2.2245872600e-24   5.1871390088e-14  -3.3286536764e-06   2.0000000000e-02 
  1.5114441181e+21   1.9325399057e+18   5.5407316259e+61   2.2245872600e-24   5.1871390088e-14  -3.3445765458e-06   2.0000000000e-02 
  1.5133766580e+21   1.9325399057e+18   5.5549185712e+61   2.2245872600e-24   5.1871390088e-14  -3.3815984383e-06   2.0000000000e-02 
  1.5153091980e+21   1.9325399057e+18   5.5691236561e+61   2.2245872600e-24   5.1871390088e-14  -3.3522162741e-06   2.0000000000e-02 
  1.5172417379e+21   1.9325399057e+18   5.5833468804e+61   2.2245872600e-24   5.1871390088e-14  -3.3719610897e-06   2.0000000000e-02 
  1.5191742778e+21   1.9325399057e+18   5.5975882443e+61   2.2245872600e-24   5.1871390088e-14  -3.4104852844e-06   2.0000000000e-02 
  1.5211068177e+21   1.9325399057e+18   5.6118477476e+61   2.2245872600e-24   5.1871390088e-14  -3.3737697829e-06   2.0000000000e-02 
  1.5230393576e+21   1.9325399057e+18   5.6261253905e+61   2.2245872600e-24   5.1871390088e-14  -3.3301408588e-06   2.0000000000e-02 
  1.5249718975e+21   1.9325399057e+18   5.6404211728e+61   2.2245872600e-24   5.1871390088e-14  -3.2987400816e-06   2.0000000000e-02 
  1.5269044374e+21   1.9325399057e+18   5.6547350946e+61   2.2245872600e-24   5.1871390088e-14  -3.2291115024e-06   2.0000000000e-02 
  1.5288369773e+21   1.9325399057e+18   5.6690671560e+61   2.2245872600e-24   5.1871390088e-14  -3.1354767123e-06   2.0000000000e-02 
  1.5307695172e+21   1.9325399057e+18   5.6834173568e+61   2.2245872600e-24   5.1871390088e-14  -3.0154351679e-06   2.0000000000e-02 
  1.5327020571e+21   1.9325399057e+18   5.6977856971e+61   2.2245872600e-24   5.1871390088e-14  -3.0265199981e-06   2.0000000000e-02 
  1.5346345970e+21   1.9325399057e+18   5.7121721770e+61   2.2245872600e-24   5.1871390088e-14  -3.2788838655e-06   2.0000000000e-02 
  1.5365671369e+21   1.9325399057e+18   5.7265767963e+61   2.2245872600e-24   5.1871390088e-14  -3.4291646294e-06   2.0000000000e-02 
  1.5384996768e+21   1.9325399057e+18   5.7409995551e+61   2.2245872600e-24   5.1871390087e-14  -3.5484331046e-06   2.0000000000e-02 
  1.5404322167e+21   1.9325399057e+18   5.7554404534e+61   2.2245872600e-24   5.1871390087e-14  -3.7354686674e-06   2.0000000000e-02 
  1.5423647566e+21   1.9325399057e+18   5.7698994913e+61   2.2245872600e-24   5.1871390087e-14  -3.7713789800e-06   2.0000000000e-02 
  1.5442972965e+21   1.9325399057e+18   5.7843766686e+61   2.2245872600e-24   5.1871390087e-14  -3.8125343652e-06   2.0000000000e-02 
  1.5462298364e+21   1.9325399057e+18   5.7988719854e+61   2.2245872600e-24   5.1871390087e-14  -3.8539407313e-06   2.0000000000e-02 
  1.5481623764e+21   1.9325399057e+18   5.8133854417e+61   2.2245872600e-24   5.1871390087e-14  -3.9243796113e-06   2.0000000000e-02 
  1.5500949163e+21   1.9325399057e+18   5.8279170375e+61   2.2245872600e-24   5.1871390087e-14  -3.9381232528e-06   2.0000000000e-02 
  1.5520274562e+21   1.9325399057e+18   5.8424667728e+61   2.2245872600e-24   5.1871390087e-14  -3.9154487916e-06   2.0000000000e-02 
  1.5539599961e+21   1.9325399057e+18   5.8570346477e+61   2.2245872600e-24   5.1871390087e-14  -3.8570355036e-06   2.0000000000e-02 
  1.5558925360e+21   1.9325399057e+18   5.8716206620e+61   2.2245872600e-24   5.1871390087e-14  -3.7669979269e-06   2.0000000000e-02 
  1.5578250759e+21   1.9325399057e+18   5.8862248158e+61   2.2245872600e-24   5.1871390087e-14  -3.7034821694e-06   2.0000000000e-02 
  1.5597576158e+21   1.9325399057e+18   5.9008471091e+61   2.2245872600e-24   5.1871390087e-14  -3.7014259082e-06   2.0000000000e-02 
  1.5616901557e+21   1.9325399057e+18   5.9154875419e+61   2.2245872600e-24   5.1871390087e-14  -3.8382698229e-06   2.0000000000e-02 
  1.5636226956e+21   1.9325399057e+18   5.9301461142e+61   2.2245872600e-24   5.1871390087e-14  -4.0890675238e-06   2.0000000000e-02 
  1.5655552355e+21   1.9325399057e+18   5.9448228260e+61   2.2245872600e-24   5.1871390087e-14  -4.4873980357e-06   2.0000000000e-02 
  1.5674877754e+21   1.9325399057e+18   5.9595176773e+61   2.2245872600e-24   5.1871390086e-14  -5.0625452175e-06   2.0000000000e-02 
  1.5694203153e+21   1.9325399057e+18   5.9742306681e+61   2.2245872600e-24   5.1871390086e-14  -5.3637701035e-06   2.0000000000e-02 
  1.5713528552e+21   1.9325399057e+18   5.9889617984e+61   2.2245872600e-24   5.1871390086e-14  -5.4258123705e-06   2.0000000000e-02 
  1.5732853951e+21   1.9325399057e+18   6.0037110682e+61   2.2245872600e-24   5.1871390086e-14  -5.4061096604e-06   2.0000000000e-02 
  1.5752179350e+21   1.9325399057e+18   6.0184784775e+61   2.2245872600e-24   5.1871390086e-14  -5.2490003697e-06   2.0000000000e-02 
  1.5771504749e+21   1.9325399057e+18   6.0332640263e+61   2.2245872600e-24   5.1871390086e-14  -4.9693303685e-06   2.0000000000e-02 
  1.5790830148e+21   1.9325399057e+18   6.0480677146e+61   2.2245872600e-24   5.1871390086e-14  -4.6672591466e-06   2.0000000000e-02 
  1.5810155547e+21   1.9325399057e+18   6.0628895424e+61   2.2245872600e-24   5.1871390086e-14  -4.5385708567e-06   2.0000000000e-02 
  1.5829480947e+21   1.9325399057e+18   6.0777295096e+61   2.2245872600e-24   5.1871390086e-14  -4.4814046984e-06   2.0000000000e-02 
  1.5848806346e+21   1.9325399057e+18   6.0925876164e+61   2.2245872600e-24   5.1871390086e-14  -4.4177531542e-06   2.0000000000e-02 
  1.5868131745e+21   1.9325399057e+18   6.1074638627e+61   2.2245872600e-24   5.1871390086e-14  -4.3666001517e-06   2.0000000000e-02 
  1.5887457144e+21   1.9325399057e+18   6.1223582485e+61   2.2245872600e-24   5.1871390086e-14  -4.3299976559e-06   2.0000000000e-02 
  1.5906782543e+21   1.9325399057e+18   6.1372707738e+61   2.2245872600e-24   5.1871390086e-14  -4.2737395967e-06   2.0000000000e-02 
  1.5926107942e+21   1.9325399057e+18   6.1522014386e+61   2.2245872600e-24   5.1871390086e-14  -4.1930265112e-06   2.0000000000e-02 
  1.5945433341e+21   1.9325399057e+18   6.1671502428e+61   2.2245872600e-24   5.1871390086e-14  -4.1241047625e-06   2.0000000000e-02 
  1.5964758740e+21   1.9325399057e+18   6.1821171866e+61   2.2245872600e-24   5.1871390086e-14  -4.0474895857e-06   2.0000000000e-02 
  1.5984084139e+21   1.9325399057e+18   6.1971022699e+61   2.2245872600e-24   5.1871390086e-14  -4.0642275090e-06   2.0000000000e-02 
  1.6003409538e+21   1.9325399057e+18   6.2121054927e+61   2.2245872600e-24   5.1871390086e-14  -4.2159627597e-06   2.0000000000e-02 
  1.6022734937e+21   1.9325399057e+18   6.2271268549e+61   2.2245872600e-24   5.1871390086e-14  -4.4745163056e-06   2.0000000000e-02 
  1.6042060336e+21   1.9325399057e+18   6.2421663567e+61   2.2245872600e-24   5.1871390086e-14  -4.9547045358e-06   2.0000000000e-02 
  1.6061385735e+21   1.9325399057e+18   6.2572239980e+61   2.2245872600e-24   5.1871390086e-14  -5.4240642660e-06   2.0000000000e-02 
  1.6080711134e+21   1.9325399057e+18   6.2722997787e+61   2.2245872600e-24   5.1871390086e-14  -5.8139139818e-06   2.0000000000e-02 
  1.6100036533e+21   1.9325399057e+18   6.2873936990e+61   2.2245872600e-24   5.1871390086e-14  -6.2108833946e-06   2.0000000000e-02 
  1.6119361932e+21   1.9325399057e+18   6.3025057587e+61   2.2245872600e-24   5.1871390085e-14  -6.8532003785e-06   2.0000000000e-02 
  1.6138687331e+21   1.9325399057e+18   6.3176359580e+61   2.2245872600e-24   5.1871390085e-14  -7.2972021162e-06   2.0000000000e-02 
  1.6158012731e+21   1.9325399057e+18   6.3327842968e+61   2.2245872600e-24   5.1871390085e-14  -7.2457190394e-06   2.0000000000e-02 
  1.6177338130e+21   1.9325399057e+18   6.3479507750e+61   2.2245872600e-24   5.1871390084e-14  -6.9034384639e-06   2.0000000000e-02 
  1.6196663529e+21   1.9325399057e+18   6.3631353928e+61   2.2245872600e-24   5.1871390084e-14  -6.3173964110e-06   2.0000000000e-02 
  1.6215988928e+21   1.9325399057e+18   6.3783381500e+61   2.2245872600e-24   5.1871390084e-14  -5.8000465981e-06   2.0000000000e-02 
  1.6235314327e+21   1.9325399057e+18   6.3935590468e+61   2.2245872600e-24   5.1871390084e-14  -5.0738485253e-06   2.0000000000e-02 
  1.6254639726e+21   1.9325399057e+18   6.4087980830e+61   2.2245872600e-24   5.1871390084e-14  -4.2741907302e-06   2.0000000000e-02 
  1.6273965125e+21   1.9325399057e+18   6.4240552588e+61   2.2245872600e-24   5.1871390084e-14  -3.6052598324e-06   2.0000000000e-02 
  1.6293290524e+21   1.9325399057e+18   6.4393305740e+61   2.2245872600e-24   5.1871390084e-14  -3.1279466959e-06   2.0000000000e-02 
  1.6312615923e+21   1.9325399057e+18   6.4546240288e+61   2.2245872600e-24   5.1871390084e-14  -2.7064880174e-06   2.0000000000e-02 
  1.6331941322e+21   1.9325399057e+18   6.4699356230e+61   2.2245872600e-24   5.1871390084e-14  -2.2845024887e-06   2.0000000000e-02 
  1.6351266721e+21   1.9325399057e+18   6.4852653568e+61   2.2245872600e-24   5.1871390084e-14  -1.9715065038e-06   2.0000000000e-02 
  1.6370592120e+21   1.9325399057e+18   6.5006132300e+61   2.2245872600e-24   5.1871390084e-14  -1.7268324674e-06   2.0000000000e-02 
  1.6389917519e+21   1.9325399057e+18   6.5159792427e+61   2.2245872600e-24   5.1871390084e-14  -1.4225537744e-06   2.0000000000e-02 
  1.6409242918e+21   1.9325399057e+18   6.5313633950e+61   2.2245872600e-24   5.1871390084e-14  -1.0920629078e-06   2.0000000000e-02 
  1.6428568317e+21   1.9325399057e+18   6.5467656867e+61   2.2245872600e-24   5.1871390084e-14  -1.4304248457e-07   2.0000000000e-02 
  1.6447893716e+21   1.9325399057e+18   6.5621861179e+61   2.2245872600e-24   5.1871390084e-14   4.4444704680e-07   2.0000000000e-02 
  1.6467219115e+21   1.9325399057e+18   6.5776246887e+61   2.2245872600e-24   5.1871390084e-14   3.4279043186e-07   2.0000000000e-02 
  1.6486544514e+21   1.9325399057e+18   6.5930813989e+61   2.2245872600e-24   5.1871390084e-14   1.7039479138e-07   2.0000000000e-02 
  1.6505869914e+21   1.9325399057e+18   6.6085562486e+61   2.2245872600e-24   5.1871390085e-14   1.2730213425e-07   2.0000000000e-02 
  1.6525195313e+21   1.9325399057e+18   6.6240492379e+61   2.2245872600e-24   5.1871390085e-14   4.8053474809e-08   2.0000000000e-02 
  1.6544520712e+21   1.9325399057e+18   6.6395603666e+61   2.2245872600e-24   5.1871390085e-14   5.1245425416e-07   2.0000000000e-02 
  1.6563846111e+21   1.9325399057e+18   6.6550896348e+61   2.2245872600e-24   5.1871390085e-14   1.0550465126e-06   2.0000000000e-02 
  1.6583171510e+21   1.9325399057e+18   6.6706370425e+61   2.2245872600e-24   5.1871390085e-14   1.3510439529e-06   2.0000000000e-02 
  1.6602496909e+21   1.9325399057e+18   6.6862025897e+61   2.2245872600e-24   5.1871390085e-14   1.7294982145e-06   2.0000000000e-02 
  1.6621822308e+21   1.9325399057e+18   6.7017862765e+61   2.2245872600e-24   5.1871390085e-14   2.2261523990e-06   2.0000000000e-02 
  1.6641147707e+21   1.9325399057e+18   6.7173881027e+61   2.2245872600e-24   5.1871390085e-14   3.0783860900e-06   2.0000000000e-02 
  1.6660473106e+21   1.9325399057e+18   6.7330080684e+61   2.2245872600e-24   5.1871390085e-14   4.1970461374e-06   2.0000000000e-02 
  1.6679798505e+21   1.9325399057e+18   6.7486461736e+61   2.2245872600e-24   5.1871390085e-14   5.7114363771e-06   2.0000000000e-02 
  1.6699123904e+21   1.9325399057e+18   6.7643024183e+61   2.2245872600e-24   5.1871390086e-14   7.1157867236e-06   2.0000000000e-02 
  1.6718449303e+21   1.9325399057e+18   6.7799768025e+61   2.2245872600e-24   5.1871390085e-14   8.2192413533e-06   2.0000000000e-02 
  1.6737774702e+21   1.9325399057e+18   6.7956693262e+61   2.2245872600e-24   5.1871390085e-14   8.9531128547e-06   2.0000000000e-02 
  1.6757100101e+21   1.9325399057e+18   6.8113799894e+61   2.2245872600e-24   5.1871390085e-14   9.3577588616e-06   2.0000000000e-02 
  1.6776425500e+21   1.9325399057e+18   6.8271087921e+61   2.2245872600e-24   5.1871390086e-14   9.5481510066e-06   2.0000000000e-02 
  1.6795750899e+21   1.9325399057e+18   6.8428557343e+61   2.2245872600e-24   5.1871390086e-14   9.6653434660e-06   2.0000000000e-02 
  1.6815076298e+21   1.9325399057e+18   6.8586208160e+61   2.2245872600e-24   5.1871390086e-14   9.7284277709e-06   2.0000000000e-02 
  1.6834401697e+21   1.9325399057e+18   6.8744040372e+61   2.2245872600e-24   5.1871390086e-14   9.7779945162e-06   2.0000000000e-02 
  1.6853727097e+21   1.9325399057e+18   6.8902053979e+61   2.2245872600e-24   5.1871390086e-14   9.7793087093e-06   2.0000000000e-02 
  1.6873052496e+21   1.9325399057e+18   6.9060248981e+61   2.2245872600e-24   5.1871390086e-14   9.5699232990e-06   2.0000000000e-02 
  1.6892377895e+21   1.9325399057e+18   6.9218625378e+61   2.2245872600e-24   5.1871390086e-14   9.1795931473e-06   2.0000000000e-02 
  1.6911703294e+21   1.9325399057e+18   6.9377183170e+61   2.2245872600e-24   5.1871390086e-14   8.8379847336e-06   2.0000000000e-02 
  1.6931028693e+21   1.9325399057e+18   6.9535922357e+61   2.2245872600e-24   5.1871390087e-14   8.4516859984e-06   2.0000000000e-02 
  1.6950354092e+21   1.9325399057e+18   6.9694842939e+61   2.2245872600e-24   5.1871390087e-14   8.0329290143e-06   2.0000000000e-02 
  1.6969679491e+21   1.9325399057e+18   6.9853944916e+61   2.2245872600e-24   5.1871390087e-14   7.5430910949e-06   2.0000000000e-02 
  1.6989004890e+21   1.9325399057e+18   7.0013228288e+61   2.2245872600e-24   5.1871390087e-14   7.0961735911e-06   2.0000000000e-02 
  1.7008330289e+21   1.9325399057e+18   7.0172693055e+61   2.2245872600e-24   5.1871390087e-14   6.7892864706e-06   2.0000000000e-02 
  1.7027655688e+21   1.9325399057e+18   7.0332339216e+61   2.2245872600e-24   5.1871390087e-14   6.6141503174e-06   2.0000000000e-02 
  1.7046981087e+21   1.9325399057e+18   7.0492166773e+61   2.2245872600e-24   5.1871390086e-14   6.4894954784e-06   2.0000000000e-02 
  1.7066306486e+21   1.9325399057e+18   7.0652175725e+61   2.2245872600e-24   5.1871390086e-14   6.5035960099e-06   2.0000000000e-02 
  1.7085631885e+21   1.9325399057e+18   7.0812366072e+61   2.2245872600e-24   5.1871390086e-14   6.5825008636e-06   2.0000000000e-02 
  1.7104957284e+21   1.9325399057e+18   7.0972737814e+61   2.2245872600e-24   5.1871390086e-14   6.6779998295e-06   2.0000000000e-02 
  1.7124282683e+21   1.9325399057e+18   7.1133290950e+61   2.2245872600e-24   5.1871390086e-14   6.7789780697e-06   2.0000000000e-02 
  1.7143608082e+21   1.9325399057e+18   7.1294025482e+61   2.2245872600e-24   5.1871390086e-14   6.8414543178e-06   2.0000000000e-02 
  1.7162933481e+21   1.9325399057e+18   7.1454941409e+61   2.2245872600e-24   5.1871390086e-14   6.8479106389e-06   2.0000000000e-02 
  1.7182258881e+21   1.9325399057e+18   7.1616038730e+61   2.2245872600e-24   5.1871390086e-14   6.8254276219e-06   2.0000000000e-02 
  1.7201584280e+21   1.9325399057e+18   7.1777317447e+61   2.2245872600e-24   5.1871390086e-14   6.8078071315e-06   2.0000000000e-02 
  1.7220909679e+21   1.9325399057e+18   7.1938777559e+61   2.2245872600e-24   5.1871390086e-14   6.7630776411e-06   2.0000000000e-02 
  1.7240235078e+21   1.9325399057e+18   7.2100419065e+61   2.2245872600e-24   5.1871390086e-14   6.6649420866e-06   2.0000000000e-02 
  1.7259560477e+21   1.9325399057e+18   7.2262241967e+61   2.2245872600e-24   5.1871390086e-14   6.4527452169e-06   2.0000000000e-02 
  1.7278885876e+21   1.9325399057e+18   7.2424246264e+61   2.2245872600e-24   5.1871390086e-14   6.2251216188e-06   2.0000000000e-02 
  1.7298211275e+21   1.9325399057e+18   7.2586431955e+61   2.2245872600e-24   5.1871390087e-14   6.0443501733e-06   2.0000000000e-02 
  1.7317536674e+21   1.9325399057e+18   7.2748799042e+61   2.2245872600e-24   5.1871390087e-14   5.8400108017e-06   2.0000000000e-02 
  1.7336862073e+21   1.9325399057e+18   7.2911347523e+61   2.2245872600e-24   5.1871390087e-14   5.6726058973e-06   2.0000000000e-02 
  1.7356187472e+21   1.9325399057e+18   7.3074077400e+61   2.2245872600e-24   5.1871390087e-14   5.5192161158e-06   2.0000000000e-02 
  1.7375512871e+21   1.9325399057e+18   7.3236988671e+61   2.2245872600e-24   5.1871390087e-14   5.3880680778e-06   2.0000000000e-02 
  1.7394838270e+21   1.9325399057e+18   7.3400081338e+61   2.2245872600e-24   5.1871390087e-14   5.2802638106e-06   2.0000000000e-02 
  1.7414163669e+21   1.9325399057e+18   7.3563355399e+61   2.2245872600e-24   5.1871390087e-14   5.2370486574e-06   2.0000000000e-02 
  1.7433489068e+21   1.9325399057e+18   7.3726810856e+61   2.2245872600e-24   5.1871390087e-14   5.2179557697e-06   2.0000000000e-02 
  1.7452814467e+21   1.9325399057e+18   7.3890447707e+61   2.2245872600e-24   5.1871390087e-14   5.1757746651e-06   2.0000000000e-02 
  1.7472139866e+21   1.9325399057e+18   7.4054265954e+61   2.2245872600e-24   5.1871390087e-14   5.0461798261e-06   2.0000000000e-02 
  1.7491465265e+21   1.9325399057e+18   7.4218265595e+61   2.2245872600e-24   5.1871390087e-14   4.7609063597e-06   2.0000000000e-02 
  1.7510790664e+21   1.9325399057e+18   7.4382446632e+61   2.2245872600e-24   5.1871390087e-14   4.3374872571e-06   2.0000000000e-02 
  1.7530116064e+21   1.9325399057e+18   7.4546809063e+61   2.2245872600e-24   5.1871390087e-14   3.9796451401e-06   2.0000000000e-02 
  1.7549441463e+21   1.9325399057e+18   7.4711352889e+61   2.2245872600e-24   5.1871390087e-14   3.7658993071e-06   2.0000000000e-02 
  1.7568766862e+21   1.9325399057e+18   7.4876078111e+61   2.2245872600e-24   5.1871390087e-14   3.6271384640e-06   2.0000000000e-02 
  1.7588092261e+21   1.9325399057e+18   7.5040984727e+61   2.2245872600e-24   5.1871390087e-14   3.4903859505e-06   2.0000000000e-02 
  1.7607417660e+21   1.9325399057e+18   7.5206072738e+61   2.2245872600e-24   5.1871390087e-14   3.6191896967e-06   2.0000000000e-02 
  1.7626743059e+21   1.9325399057e+18   7.5371342145e+61   2.2245872600e-24   5.1871390087e-14   3.8117592737e-06   2.0000000000e-02 
  1.7646068458e+21   1.9325399057e+18   7.5536792946e+61   2.2245872600e-24   5.1871390087e-14   3.6047214552e-06   2.0000000000e-02 
  1.7665393857e+21   1.9325399057e+18   7.5702425142e+61   2.2245872600e-24   5.1871390087e-14   3.4430340353e-06   2.0000000000e-02 
  1.7684719256e+21   1.9325399057e+18   7.5868238733e+61   2.2245872600e-24   5.1871390087e-14   3.3699101242e-06   2.0000000000e-02 
  1.7704044655e+21   1.9325399057e+18   7.6034233720e+61   2.2245872600e-24   5.1871390087e-14   3.3491712435e-06   2.0000000000e-02 
  1.7723370054e+21   1.9325399057e+18   7.6200410101e+61   2.2245872600e-24   5.1871390087e-14   3.3861629635e-06   2.0000000000e-02 
  1.7742695453e+21   1.9325399057e+18   7.6366767877e+61   2.2245872600e-24   5.1871390087e-14   3.4240957567e-06   2.0000000000e-02 
  1.7762020852e+21   1.9325399057e+18   7.6533307048e+61   2.2245872600e-24   5.1871390087e-14   3.5792196459e-06   2.0000000000e-02 
  1.7781346251e+21   1.9325399057e+18   7.6700027614e+61   2.2245872600e-24   5.1871390087e-14   3.6262028205e-06   2.0000000000e-02 
  1.7800671650e+21   1.9325399057e+18   7.6866929575e+61   2.2245872600e-24   5.1871390087e-14   3.6148350663e-06   2.0000000000e-02 
  1.7819997049e+21   1.9325399057e+18   7.7034012932e+61   2.2245872600e-24   5.1871390087e-14   3.5663468782e-06   2.0000000000e-02 
  1.7839322448e+21   1.9325399057e+18   7.7201277683e+61   2.2245872600e-24   5.1871390087e-14   3.4842503761e-06   2.0000000000e-02 
  1.7858647848e+21   1.9325399057e+18   7.7368723829e+61   2.2245872600e-24   5.1871390087e-14   3.3933269938e-06   2.0000000000e-02 
  1.7877973247e+21   1.9325399057e+18   7.7536351370e+61   2.2245872600e-24   5.1871390088e-14   3.2815846515e-06   2.0000000000e-02 
  1.7897298646e+21   1.9325399057e+18   7.7704160306e+61   2.2245872600e-24   5.1871390088e-14   3.4479270789e-06   2.0000000000e-02 
  1.7916624045e+21   1.9325399057e+18   7.7872150637e+61   2.2245872600e-24   5.1871390088e-14   3.7007837672e-06   2.0000000000e-02 
  1.7935949444e+21   1.9325399057e+18   7.8040322363e+61   2.2245872600e-24   5.1871390088e-14   3.9735179244e-06   2.0000000000e-02 
  1.7955274843e+21   1.9325399057e+18   7.8208675484e+61   2.2245872600e-24   5.1871390088e-14   4.2167792043e-06   2.0000000000e-02 
  1.7974600242e+21   1.9325399057e+18   7.8377210000e+61   2.2245872600e-24   5.1871390088e-14   4.4846603116e-06   2.0000000000e-02 
  1.7993925641e+21   1.9325399057e+18   7.8545925911e+61   2.2245872600e-24   5.1871390088e-14   4.7029159794e-06   2.0000000000e-02 
  1.8013251040e+21   1.9325399057e+18   7.8714823217e+61   2.2245872600e-24   5.1871390088e-14   4.8332238771e-06   2.0000000000e-02 
  1.8032576439e+21   1.9325399057e+18   7.8883901918e+61   2.2245872600e-24   5.1871390088e-14   4.8983212205e-06   2.0000000000e-02 
  1.8051901838e+21   1.9325399057e+18   7.9053162014e+61   2.2245872600e-24   5.1871390088e-14   4.7880864503e-06   2.0000000000e-02 
  1.8071227237e+21   1.9325399057e+18   7.9222603505e+61   2.2245872600e-24   5.1871390088e-14   4.5054216013e-06   2.0000000000e-02 
  1.8090552636e+21   1.9325399057e+18   7.9392226391e+61   2.2245872600e-24   5.1871390088e-14   4.0674384522e-06   2.0000000000e-02 
  1.8109878035e+21   1.9325399057e+18   7.9562030672e+61   2.2245872600e-24   5.1871390088e-14   3.9167809732e-06   2.0000000000e-02 
  1.8129203434e+21   1.9325399057e+18   7.9732016347e+61   2.2245872600e-24   5.1871390088e-14   3.7830666563e-06   2.0000000000e-02 
  1.8148528833e+21   1.9325399057e+18   7.9902183418e+61   2.2245872600e-24   5.1871390088e-14   3.6410703219e-06   2.0000000000e-02 
  1.8167854232e+21   1.9325399057e+18   8.0072531884e+61   2.2245872600e-24   5.1871390088e-14   3.5689412267e-06   2.0000000000e-02 
  1.8187179631e+21   1.9325399057e+18   8.0243061745e+61   2.2245872600e-24   5.1871390088e-14   3.5647139076e-06   2.0000000000e-02 
  1.8206505031e+21   1.9325399057e+18   8.0413773001e+61   2.2245872600e-24   5.1871390088e-14   3.5636616867e-06   2.0000000000e-02 
  1.8225830430e+21   1.9325399057e+18   8.0584665651e+61   2.2245872600e-24   5.1871390088e-14   3.4954860313e-06   2.0000000000e-02 
  1.8245155829e+21   1.9325399057e+18   8.0755739697e+61   2.2245872600e-24   5.1871390088e-14   3.4195150705e-06   2.0000000000e-02 
  1.8264481228e+21   1.9325399057e+18   8.0926995138e+61   2.2245872600e-24   5.1871390088e-14   3.3866391936e-06   2.0000000000e-02 
  1.8283806627e+21   1.9325399057e+18   8.1098431974e+61   2.2245872600e-24   5.1871390088e-14   3.2592264077e-06   2.0000000000e-02 
  1.8303132026e+21   1.9325399057e+18   8.1270050204e+61   2.2245872600e-24   5.1871390088e-14   3.0554821891e-06   2.0000000000e-02 
  1.8322457425e+21   1.9325399057e+18   8.1441849830e+61   2.2245872600e-24   5.1871390088e-14   2.9761862091e-06   2.0000000000e-02 
  1.8341782824e+21   1.9325399057e+18   8.1613830851e+61   2.2245872600e-24   5.1871390088e-14   3.2702884345e-06   2.0000000000e-02 
  1.8361108223e+21   1.9325399057e+18   8.1785993266e+61   2.2245872600e-24   5.1871390088e-14   3.8719093647e-06   2.0000000000e-02 
  1.8380433622e+21   1.9325399057e+18   8.1958337077e+61   2.2245872600e-24   5.1871390088e-14   4.5784090655e-06   2.0000000000e-02 
  1.8399759021e+21   1.9325399057e+18   8.2130862283e+61   2.2245872600e-24   5.1871390088e-14   5.1801892647e-06   2.0000000000e-02 
  1.8419084420e+21   1.9325399057e+18   8.2303568883e+61   2.2245872600e-24   5.1871390088e-14   5.5104879599e-06   2.0000000000e-02 
  1.8438409819e+21   1.9325399057e+18   8.2476456879e+61   2.2245872600e-24   5.1871390088e-14   5.5599157184e-06   2.0000000000e-02 
  1.8457735218e+21   1.9325399057e+18   8.2649526269e+61   2.2245872600e-24   5.1871390088e-14   5.3391918483e-06   2.0000000000e-02 
  1.8477060617e+21   1.9325399057e+18   8.2822777055e+61   2.2245872600e-24   5.1871390089e-14   5.1010828904e-06   2.0000000000e-02 
  1.8496386016e+21   1.9325399057e+18   8.2996209236e+61   2.2245872600e-24   5.1871390088e-14   4.8460519339e-06   2.0000000000e-02 
  1.8515711415e+21   1.9325399057e+18   8.3169822811e+61   2.2245872600e-24   5.1871390088e-14   4.4617274476e-06   2.0000000000e-02 
  1.8535036815e+21   1.9325399057e+18   8.3343617782e+61   2.2245872600e-24   5.1871390088e-14   3.6020204290e-06   2.0000000000e-02 
  1.8554362214e+21   1.9325399057e+18   8.3517594147e+61   2.2245872600e-24   5.1871390088e-14   2.0215705185e-06   2.0000000000e-02 
  1.8573687613e+21   1.9325399057e+18   8.3691751907e+61   2.2245872600e-24   5.1871390087e-14  -5.5230189690e-07   2.0000000000e-02 
  1.8593013012e+21   1.9325399057e+18   8.3866091063e+61   2.2245872600e-24   5.1871390087e-14  -1.3536237873e-06   2.0000000000e-02 
  1.8612338411e+21   1.9325399057e+18   8.4040611613e+61   2.2245872600e-24   5.1871390087e-14  -1.2433918604e-06   2.0000000000e-02 
  1.8631663810e+21   1.9325399057e+18   8.4215313559e+61   2.2245872600e-24   5.1871390087e-14  -7.7754707346e-07   2.0000000000e-02 
  1.8650989209e+21   1.9325399057e+18   8.4390196899e+61   2.2245872600e-24   5.1871390087e-14  -3.7231281787e-07   2.0000000000e-02 
  1.8670314608e+21   1.9325399057e+18   8.4565261635e+61   2.2245872600e-24   5.1871390087e-14  -2.0667985465e-07   2.0000000000e-02 
  1.8689640007e+21   1.9325399057e+18   8.4740507765e+61   2.2245872600e-24   5.1871390087e-14  -1.0295316335e-07   2.0000000000e-02 
  1.8708965406e+21   1.9325399057e+18   8.4915935290e+61   2.2245872600e-24   5.1871390087e-14  -2.2846533601e-08   2.0000000000e-02 
  1.8728290805e+21   1.9325399057e+18   8.5091544211e+61   2.2245872600e-24   5.1871390087e-14   7.6926544924e-08   2.0000000000e-02 
  1.8747616204e+21   1.9325399057e+18   8.5267334526e+61   2.2245872600e-24   5.1871390087e-14   1.8675974233e-07   2.0000000000e-02 
  1.8766941603e+21   1.9325399057e+18   8.5443306236e+61   2.2245872600e-24   5.1871390087e-14   2.7507645941e-07   2.0000000000e-02 
  1.8786267002e+21   1.9325399057e+18   8.5619459342e+61   2.2245872600e-24   5.1871390087e-14   3.8249782673e-07   2.0000000000e-02 
  1.8805592401e+21   1.9325399057e+18   8.5795793842e+61   2.2245872600e-24   5.1871390087e-14   4.8525255497e-07   2.0000000000e-02 
  1.8824917800e+21   1.9325399057e+18   8.5972309737e+61   2.2245872600e-24   5.1871390087e-14   5.3761601897e-07   2.0000000000e-02 
  1.8844243199e+21   1.9325399057e+18   8.6149007027e+61   2.2245872600e-24   5.1871390087e-14   5.3416753656e-07   2.0000000000e-02 
  1.8863568598e+21   1.9325399057e+18   8.6325885712e+61   2.2245872600e-24   5.1871390087e-14   4.9538378635e-07   2.0000000000e-02 
  1.8882893998e+21   1.9325399057e+18   8.6502945793e+61   2.2245872600e-24   5.1871390087e-14   4.1055691083e-07   2.0000000000e-02 
  1.8902219397e+21   1.9325399057e+18   8.6680187268e+61   2.2245872600e-24   5.1871390087e-14   2.6126201858e-07   2.0000000000e-02 
  1.8921544796e+21   1.9325399057e+18   8.6857610138e+61   2.2245872600e-24   5.1871390087e-14   1.2337716886e-07   2.0000000000e-02 
  1.8940870195e+21   1.9325399057e+18   8.7035214403e+61   2.2245872600e-24   5.1871390087e-14   6.0067940438e-08   2.0000000000e-02 
  1.8960195594e+21   1.9325399057e+18   8.7213000063e+61   2.2245872600e-24   5.1871390087e-14   5.8295569852e-08   2.0000000000e-02 
  1.8979520993e+21   1.9325399057e+18   8.7390967118e+61   2.2245872600e-24   5.1871390087e-14   8.3803810680e-08   2.0000000000e-02 
  1.8998846392e+21   1.9325399057e+18   8.7569115569e+61   2.2245872600e-24   5.1871390087e-14   1.7156968346e-07   2.0000000000e-02 
  1.9018171791e+21   1.9325399057e+18   8.7747445414e+61   2.2245872600e-24   5.1871390087e-14   3.3643268883e-07   2.0000000000e-02 
  1.9037497190e+21   1.9325399057e+18   8.7925956654e+61   2.2245872600e-24   5.1871390087e-14   6.1149505141e-07   2.0000000000e-02 
  1.9056822589e+21   1.9325399057e+18   8.8104649289e+61   2.2245872600e-24   5.1871390087e-14   9.6941876899e-07   2.0000000000e-02 
  1.9076147988e+21   1.9325399057e+18   8.8283523319e+61   2.2245872600e-24   5.1871390087e-14   1.2304617720e-06   2.0000000000e-02 
  1.9095473387e+21   1.9325399057e+18   8.8462578744e+61   2.2245872600e-24   5.1871390087e-14   1.3161817230e-06   2.0000000000e-02 
  1.9114798786e+21   1.9325399057e+18   8.8641815564e+61   2.2245872600e-24   5.1871390087e-14   1.2275859125e-06   2.0000000000e-02 
  1.9134124185e+21   1.9325399057e+18   8.8821233779e+61   2.2245872600e-24   5.1871390087e-14   1.0141427756e-06   2.0000000000e-02 
  1.9153449584e+21   1.9325399057e+18   8.9000833389e+61   2.2245872600e-24   5.1871390087e-14   8.2099346559e-07   2.0000000000e-02 
  1.9172774983e+21   1.9325399057e+18   8.9180614394e+61   2.2245872600e-24   5.1871390087e-14   7.1668454538e-07   2.0000000000e-02 
  1.9192100382e+21   1.9325399057e+18   8.9360576794e+61   2.2245872600e-24   5.1871390087e-14   6.8626672346e-07   2.0000000000e-02 
  1.9211425782e+21   1.9325399057e+18   8.9540720589e+61   2.2245872600e-24   5.1871390087e-14   7.5139755277e-07   2.0000000000e-02 
  1.9230751181e+21   1.9325399057e+18   8.9721045778e+61   2.2245872600e-24   5.1871390087e-14   8.2490784220e-07   2.0000000000e-02 
  1.9250076580e+21   1.9325399057e+18   8.9901552363e+61   2.2245872600e-24   5.1871390087e-14   8.5436115060e-07   2.0000000000e-02 
  1.9269401979e+21   1.9325399057e+18   9.0082240343e+61   2.2245872600e-24   5.1871390087e-14   8.4521203985e-07   2.0000000000e-02 
  1.9288727378e+21   1.9325399057e+18   9.0263109718e+61   2.2245872600e-24   5.1871390087e-14   7.1450926532e-07   2.0000000000e-02 
  1.9308052777e+21   1.9325399057e+18   9.0444160488e+61   2.2245872600e-24   5.1871390087e-14   4.0184480986e-07   2.0000000000e-02 
  1.9327378176e+21   1.9325399057e+18   9.0625392653e+61   2.2245872600e-24   5.1871390087e-14   2.0323978765e-08   2.0000000000e-02 
  1.9346703575e+21   1.9325399057e+18   9.0806806212e+61   2.2245872600e-24   5.1871390087e-14  -2.4394861370e-07   2.0000000000e-02 
  1.9366028974e+21   1.9325399057e+18   9.0988401167e+61   2.2245872600e-24   5.1871390087e-14  -3.2951383634e-07   2.0000000000e-02 
  1.9385354373e+21   1.9325399057e+18   9.1170177517e+61   2.2245872600e-24   5.1871390087e-14  -3.5716364103e-07   2.0000000000e-02 
  1.9404679772e+21   1.9325399057e+18   9.1352135262e+61   2.2245872600e-24   5.1871390087e-14  -3.8387024029e-07   2.0000000000e-02 
  1.9424005171e+21   1.9325399057e+18   9.1534274401e+61   2.2245872600e-24   5.1871390087e-14  -3.9833767120e-07   2.0000000000e-02 
  1.9443330570e+21   1.9325399057e+18   9.1716594936e+61   2.2245872600e-24   5.1871390087e-14  -3.8170239508e-07   2.0000000000e-02 
  1.9462655969e+21   1.9325399057e+18   9.1899096866e+61   2.2245872600e-24   5.1871390087e-14  -3.5191493326e-07   2.0000000000e-02 
  1.9481981368e+21   1.9325399057e+18   9.2081780190e+61   2.2245872600e-24   5.1871390087e-14  -3.1979909122e-07   2.0000000000e-02 
  1.9501306767e+21   1.9325399057e+18   9.2264644910e+61   2.2245872600e-24   5.1871390087e-14  -2.7672148776e-07   2.0000000000e-02 
  1.9520632166e+21   1.9325399057e+18   9.2447691025e+61   2.2245872600e-24   5.1871390087e-14  -2.5406172186e-07   2.0000000000e-02 
  1.9539957565e+21   1.9325399057e+18   9.2630918534e+61   2.2245872600e-24   5.1871390087e-14  -2.7980964603e-07   2.0000000000e-02 
  1.9559282965e+21   1.9325399057e+18   9.2814327439e+61   2.2245872600e-24   5.1871390087e-14  -3.3153523847e-07   2.0000000000e-02 
  1.9578608364e+21   1.9325399057e+18   9.2997917739e+61   2.2245872600e-24   5.1871390087e-14  -3.7360124725e-07   2.0000000000e-02 
  1.9597933763e+21   1.9325399057e+18   9.3181689433e+61   2.2245872600e-24   5.1871390087e-14  -4.0692045633e-07   2.0000000000e-02 
  1.9617259162e+21   1.9325399057e+18   9.3365642523e+61   2.2245872600e-24   5.1871390087e-14  -4.2694787682e-07   2.0000000000e-02 
  1.9636584561e+21   1.9325399057e+18   9.3549777007e+61   2.2245872600e-24   5.1871390087e-14  -4.0212538166e-07   2.0000000000e-02 
  1.9655909960e+21   1.9325399057e+18   9.3734092887e+61   2.2245872600e-24   5.1871390087e-14  -3.7452954959e-07   2.0000000000e-02 
  1.9675235359e+21   1.9325399057e+18   9.3918590161e+61   2.2245872600e-24   5.1871390087e-14  -3.8751501502e-07   2.0000000000e-02 
  1.9694560758e+21   1.9325399057e+18   9.4103268831e+61   2.2245872600e-24   5.1871390087e-14  -4.0346347544e-07   2.0000000000e-02 
  1.9713886157e+21   1.9325399057e+18   9.4288128895e+61   2.2245872600e-24   5.1871390087e-14  -3.7422992064e-07   2.0000000000e-02 
  1.9733211556e+21   1.9325399057e+18   9.4473170355e+61   2.2245872600e-24   5.1871390087e-14  -3.1343675343e-07   2.0000000000e-02 
  1.9752536955e+21   1.9325399057e+18   9.4658393209e+61   2.2245872600e-24   5.1871390087e-14  -2.1503617556e-07   2.0000000000e-02 
  1.9771862354e+21   1.9325399057e+18   9.4843797459e+61   2.2245872600e-24   5.1871390087e-14  -8.4283847691e-08   2.0000000000e-02 
  1.9791187753e+21   1.9325399057e+18   9.5029383103e+61   2.2245872600e-24   5.1871390087e-14   0.0000000000e+00   2.0000000000e-02 
