# time = 1.305057e+15 [s] 
# r                  dr                 dV                 Density            Pressure           Velocity           Z
  2.1304517832e+18   2.1304517832e+18   4.0504543152e+55   1.4888686800e-31   7.6164881931e-14   0.0000000000e+00   9.9248591688e-02 
  3.5227211268e+18   1.3922693435e+18   1.4261023758e+56   1.4888686800e-31   7.6164881931e-14   7.5296703336e+03   9.9248591688e-02 
  4.6859785073e+18   1.1632573805e+18   2.4789734290e+56   1.4897298665e-31   7.6167904725e-14   6.8309967472e+03   9.9248591688e-02 
  5.7214202315e+18   1.0354417243e+18   3.5350088861e+56   1.4919758013e-31   7.6167480085e-14   2.2750252017e+04   9.9248591688e-02 
  6.5625172080e+18   8.4109697649e+17   3.9934597363e+56   1.4954970131e-31   7.6167394571e-14   3.7697938463e+04   9.9248591688e-02 
  7.2603424848e+18   6.9782527680e+17   4.1923849797e+56   1.4993197523e-31   7.6167853258e-14   4.5012409974e+04   9.9248591688e-02 
  8.2162951150e+18   9.5595263017e+17   7.2026353869e+56   1.5046974353e-31   7.6168762608e-14   4.7320361010e+04   9.9248591688e-02 
  9.1306691930e+18   9.1437407804e+17   8.6521249395e+56   1.5117303535e-31   7.6170277316e-14   4.5781197874e+04   9.9248591688e-02 
  1.0293420698e+19   1.1627515049e+18   1.3798649357e+57   1.5207731576e-31   7.6173795131e-14   3.3304330623e+04   9.9248591688e-02 
  1.1466061595e+19   1.1726408966e+18   1.7459518180e+57   1.5328872802e-31   7.6180484791e-14   8.9733461081e+03   9.9248591688e-02 
  1.2887624179e+19   1.4215625842e+18   2.6517844632e+57   1.5489162265e-31   7.6189426943e-14  -2.0065695142e+04   9.9248591688e-02 
  1.4378027261e+19   1.4904030827e+18   3.4843173781e+57   1.5694385235e-31   7.6199483186e-14  -2.4051723102e+04   9.9248591688e-02 
  1.6104466024e+19   1.7264387629e+18   5.0450578091e+57   1.5954287785e-31   7.6205752407e-14  -9.1312250444e+02   9.9248591688e-02 
  1.7956199682e+19   1.8517336572e+18   6.7555749737e+57   1.6277698784e-31   7.6210631171e-14   3.7696268478e+04   9.9248591688e-02 
  2.0034429985e+19   2.0782303039e+18   9.4325588275e+57   1.6667021141e-31   7.6214346596e-14   8.8362721221e+04   9.9248591688e-02 
  2.2324499876e+19   2.2900698903e+18   1.2921457091e+58   1.7140526970e-31   7.6217250607e-14   1.4911201008e+05   9.9248591688e-02 
  2.4838865616e+19   2.5143657398e+18   1.7587299039e+58   1.7705648496e-31   7.6219142520e-14   2.2004428245e+05   9.9248591688e-02 
  2.7632303846e+19   2.7934382301e+18   2.4184690683e+58   1.8378933580e-31   7.6219826877e-14   3.0498233389e+05   9.9248591688e-02 
  3.0646360824e+19   3.0140569784e+18   3.2189005049e+58   1.9179381127e-31   7.6219530888e-14   4.0328661965e+05   9.9248591688e-02 
  3.4014731857e+19   3.3683710331e+18   4.4284172994e+58   2.0111659370e-31   7.6218620285e-14   5.1176223582e+05   9.9248591688e-02 
  3.7596664813e+19   3.5819329555e+18   5.7755540200e+58   2.1213405320e-31   7.6217114150e-14   6.2242524521e+05   9.9248591688e-02 
  4.1641755752e+19   4.0450909397e+18   7.9859554929e+58   2.2498678242e-31   7.6213988025e-14   7.1423595318e+05   9.9248591688e-02 
  4.5869526284e+19   4.2277705318e+18   1.0179515724e+59   2.4009706481e-31   7.6210474819e-14   7.8216698764e+05   9.9248591688e-02 
  5.0546535516e+19   4.6770092322e+18   1.3669649752e+59   2.5725576098e-31   7.6207591235e-14   8.5043954114e+05   9.9248591688e-02 
  5.5406236992e+19   4.8597014760e+18   1.7150964910e+59   2.7705948824e-31   7.6210299525e-14   9.1837733458e+05   9.9248591688e-02 
  6.0837857051e+19   5.4316200592e+18   2.3074749933e+59   3.0006133876e-31   7.6216903270e-14   9.5632911778e+05   9.9248591688e-02 
  6.6129953173e+19   5.2920961218e+18   2.6817375854e+59   3.2567704273e-31   7.6237732725e-14   9.9090138436e+05   9.9248591688e-02 
  7.3456435978e+19   7.3264828046e+18   4.4887992392e+59   3.5812896177e-31   7.6251415183e-14   1.1009547796e+06   9.9248591688e-02 
  8.4398963795e+19   1.0942527817e+19   8.5798855019e+59   4.0839821536e-31   7.6268388702e-14   1.3206524045e+06   9.9248591688e-02 
  8.8730456332e+19   4.3314925374e+18   4.0796207948e+59   4.5228470053e-31   7.6282546677e-14   1.5217061726e+06   9.9248591688e-02 
  9.2677378989e+19   3.9469226565e+18   4.0812114230e+59   4.7905372199e-31   7.6291150463e-14   1.6396903058e+06   9.9248591688e-02 
  9.6606731489e+19   3.9293525004e+18   4.4234544610e+59   5.0818287009e-31   7.6302330709e-14   1.7457675919e+06   9.9248591688e-02 
  1.0066365000e+20   4.0569185137e+18   4.9605650300e+59   5.4214511324e-31   7.6316023694e-14   1.8473845513e+06   9.9248591688e-02 
  1.0436808288e+20   3.7044328725e+18   4.8928400750e+59   5.7923253430e-31   7.6329851116e-14   1.9349956429e+06   9.9248591688e-02 
  1.0904280693e+20   4.6747240516e+18   6.6897280159e+59   6.2452399842e-31   7.6339909295e-14   1.9934933832e+06   9.9248591688e-02 
  1.1350581125e+20   4.4630043230e+18   6.9452070886e+59   6.7900206108e-31   7.6364166978e-14   2.0520741532e+06   9.9248591688e-02 
  1.1778741741e+20   4.2816061619e+18   7.1966773384e+59   7.3632319404e-31   7.6373872694e-14   2.1255684311e+06   9.9248591688e-02 
  1.2185165249e+20   4.0642350764e+18   7.3330657759e+59   7.9716319703e-31   7.6391569656e-14   2.1840256818e+06   9.9248591688e-02 
  1.2683308151e+20   4.9814290222e+18   9.6796611340e+59   8.7090873969e-31   7.6418458101e-14   2.2266686426e+06   9.9248591688e-02 
  1.3172288903e+20   4.8898075239e+18   1.0270759335e+60   9.6010334080e-31   7.6461961703e-14   2.2774883394e+06   9.9248591688e-02 
  1.3635201507e+20   4.6291260334e+18   1.0452119369e+60   1.0534945856e-30   7.6491240659e-14   2.3672665034e+06   9.9248591688e-02 
  1.4093960587e+20   4.5875908069e+18   1.1082753189e+60   1.1532407875e-30   7.6526504119e-14   2.4610306237e+06   9.9248591688e-02 
  1.4639882715e+20   5.4592212709e+18   1.4161858835e+60   1.2734703586e-30   7.6578601493e-14   2.5446673506e+06   9.9248591688e-02 
  1.5179109876e+20   5.3922716194e+18   1.5064506316e+60   1.4153997500e-30   7.6640065975e-14   2.6165866064e+06   9.9248591688e-02 
  1.5685371840e+20   5.0626196390e+18   1.5152423379e+60   1.5640088291e-30   7.6716284733e-14   2.6819803240e+06   9.9248591688e-02 
  1.6230914269e+20   5.4554242830e+18   1.7460046578e+60   1.7301022458e-30   7.6776189655e-14   2.7693456951e+06   9.9248591688e-02 
  1.6854006155e+20   6.2309188593e+18   2.1429572152e+60   1.9283250278e-30   7.6863714888e-14   2.8527262288e+06   9.9248591688e-02 
  1.7457077576e+20   6.0307142146e+18   2.2306540092e+60   2.1596982277e-30   7.6972289101e-14   2.9153130200e+06   9.9248591688e-02 
  1.7972865118e+20   5.1578754218e+18   2.0341936787e+60   2.3828701861e-30   7.7100273712e-14   2.9673287359e+06   9.9248591688e-02 
  1.8665417175e+20   6.9255205678e+18   2.9209506982e+60   2.6654288992e-30   7.7248046280e-14   3.0588026667e+06   9.9248591688e-02 
  1.9506871026e+20   8.4145385140e+18   3.8525377398e+60   3.0479466571e-30   7.7480667400e-14   3.1495561824e+06   9.9248591688e-02 
  2.0351467909e+20   8.4459688288e+18   4.2160207081e+60   3.5123862304e-30   7.7784923772e-14   3.2321507225e+06   9.9248591688e-02 
  2.1106987190e+20   7.5551928060e+18   4.0800898499e+60   3.9827875531e-30   7.8119918996e-14   3.2841636836e+06   9.9248591688e-02 
  2.2056388155e+20   9.4940096536e+18   5.5577674561e+60   4.5797374698e-30   7.8546336988e-14   3.3160831527e+06   9.9248591688e-02 
  2.2823429631e+20   7.6704147556e+18   4.8541498002e+60   5.2564341412e-30   7.9043036294e-14   3.3265233341e+06   9.9248591688e-02 
  2.3928291628e+20   1.1048619970e+19   7.5881160032e+60   6.0872295671e-30   7.9701438916e-14   3.3233386420e+06   9.9248591688e-02 
  2.5408938918e+20   1.4806472902e+19   1.1326125930e+61   7.4772824687e-30   8.0812232139e-14   3.3198581591e+06   9.9248591688e-02 
  2.6922782867e+20   1.5138439486e+19   1.3028132139e+61   9.2919568774e-30   8.2470110460e-14   3.2403665819e+06   9.9248591688e-02 
  2.8002825837e+20   1.0800429707e+19   1.0237564152e+61   1.1178454293e-29   8.4298205743e-14   3.0758121405e+06   9.9248591688e-02 
  2.8994017976e+20   9.9119213874e+18   1.0117031783e+61   1.2954079866e-29   8.6028969758e-14   2.9750945868e+06   9.9248591688e-02 
  3.0312048960e+20   1.3180309835e+19   1.4566165323e+61   1.4777669574e-29   8.8259010996e-14   2.8773453688e+06   9.9248591688e-02 
  3.1299218570e+20   9.8716961023e+18   1.1773324110e+61   1.6500843495e-29   9.0835094284e-14   2.7172950206e+06   9.9248591688e-02 
  3.2403463764e+20   1.1042451946e+19   1.4079081620e+61   1.7719622168e-29   9.3393438713e-14   2.6225470458e+06   9.9248591688e-02 
  3.3524445684e+20   1.1209819195e+19   1.5308369641e+61   1.8713557996e-29   9.6285375993e-14   2.5411736025e+06   9.9248591688e-02 
  3.4861105451e+20   1.3366597670e+19   1.9640600163e+61   1.9559977873e-29   9.9652357644e-14   2.4704754981e+06   9.9248591688e-02 
  3.5961105323e+20   1.0999998718e+19   1.7334702300e+61   2.0210990285e-29   1.0310596490e-13   2.4174836847e+06   9.9248591688e-02 
  3.7242576754e+20   1.2814714317e+19   2.1575904641e+61   2.0617378184e-29   1.0656526952e-13   2.3869094532e+06   9.9248591688e-02 
  3.8414773101e+20   1.1721963465e+19   2.1080807115e+61   2.0834628171e-29   1.1017550123e-13   2.3826986797e+06   9.9248591688e-02 
  3.9056552262e+20   6.4177916070e+18   1.2101170775e+61   2.0861379055e-29   1.1281158243e-13   2.4050135759e+06   9.9248591688e-02 
  3.9673298245e+20   6.1674598353e+18   1.2010025786e+61   2.0678263987e-29   1.1460776770e-13   2.4411686829e+06   9.9248591688e-02 
  4.0956229037e+20   1.2829307914e+19   2.6204626722e+61   2.0247910205e-29   1.1724331477e-13   2.5172952509e+06   9.9248591688e-02 
  4.1987652289e+20   1.0314232525e+19   2.2293480874e+61   1.9695079669e-29   1.2038137901e-13   2.6130446663e+06   9.9248591688e-02 
  4.2682168319e+20   6.9451602970e+18   1.5642247958e+61   1.9420960043e-29   1.2267585952e-13   2.6807864486e+06   9.9248591688e-02 
  4.3286665153e+20   6.0449683466e+18   1.4035669358e+61   1.9307227026e-29   1.2440872421e-13   2.7241715560e+06   9.9248591688e-02 
  4.3760017924e+20   4.7335277015e+18   1.1267914175e+61   1.9296789155e-29   1.2585139175e-13   2.7558589138e+06   9.9248591687e-02 
  4.5058314866e+20   1.2982969423e+19   3.2178075861e+61   1.9498224141e-29   1.2826956792e-13   2.8045366873e+06   9.9248591683e-02 
  4.5825085217e+20   7.6677035150e+18   1.9897321685e+61   1.9870956546e-29   1.3111766268e-13   2.8709578121e+06   9.9248591667e-02 
  4.6014737614e+20   1.8965239619e+18   5.0254030471e+60   2.0171867436e-29   1.3240142109e-13   2.9157642196e+06   9.9248591632e-02 
  4.6146885250e+20   1.3214763624e+18   3.5262231857e+60   2.0319380076e-29   1.3284577169e-13   2.9277972156e+06   9.9248591226e-02 
  4.6742836908e+20   5.9595165850e+18   1.6154822544e+61   2.0765207156e-29   1.3391697890e-13   2.9535079093e+06   9.9248589847e-02 
  4.7261689318e+20   5.1885240998e+18   1.4404415858e+61   2.1347744971e-29   1.3553918546e-13   3.0120576065e+06   9.9248583702e-02 
  4.7816260543e+20   5.5457122504e+18   1.5749680448e+61   2.1677257392e-29   1.3717585878e-13   3.0417323025e+06   9.9248560909e-02 
  4.9012939229e+20   1.1966786859e+19   3.5250251856e+61   2.2118262947e-29   1.3998630440e-13   3.0722792089e+06   9.9248487479e-02 
  5.0709255643e+20   1.6963164141e+19   5.3000782421e+61   2.2453220158e-29   1.4482006767e-13   3.0907356060e+06   9.9248134667e-02 
  5.1730550670e+20   1.0212950270e+19   3.3670764396e+61   2.2579892151e-29   1.4951980994e-13   3.0520317690e+06   9.9247002080e-02 
  5.2665540915e+20   9.3499024442e+18   3.2013786443e+61   2.2490023088e-29   1.5289032233e-13   3.0463065012e+06   9.9246063905e-02 
  5.3582481366e+20   9.1694045095e+18   3.2519472802e+61   2.2256159858e-29   1.5598297432e-13   3.0869865204e+06   9.9238696540e-02 
  5.4454434606e+20   8.7195324010e+18   3.1973991476e+61   2.1892235227e-29   1.5886799422e-13   3.1460968018e+06   9.9238244948e-02 
  5.5450599843e+20   9.9616523696e+18   3.7803178860e+61   2.1313721216e-29   1.6187228467e-13   3.2130030628e+06   9.9207013092e-02 
  5.6263473582e+20   8.1287373943e+18   3.1871052546e+61   2.0490694930e-29   1.6475129006e-13   3.2486821911e+06   9.8987247696e-02 
  5.6716096761e+20   4.5262317911e+18   1.8150509662e+61   1.9663249805e-29   1.6666946881e-13   3.2380962812e+06   9.8420436740e-02 
  5.7131371507e+20   4.1527474533e+18   1.6909628793e+61   1.8711632074e-29   1.6804332606e-13   3.2664350683e+06   9.7388158716e-02 
  5.7789000889e+20   6.5762938207e+18   2.7285371500e+61   1.7052495383e-29   1.6951944829e-13   3.2561568015e+06   9.6837883902e-02 
  5.8017307657e+20   2.2830676828e+18   9.6190826945e+60   1.5594701302e-29   1.7072916527e-13   3.2505929876e+06   9.6637855252e-02 
  5.8131823397e+20   1.1451574004e+18   4.8534116419e+60   1.4928293117e-29   1.7114239519e-13   3.2482646681e+06   9.6591889342e-02 
  5.8299438249e+20   1.6761485169e+18   7.1384163847e+60   1.4519696818e-29   1.7146364361e-13   3.2464481424e+06   9.6582694253e-02 
  5.8827610127e+20   5.2817187793e+18   2.2763680870e+61   1.3979781318e-29   1.7221528519e-13   3.2186049127e+06   9.6581880264e-02 
  5.9246460822e+20   4.1885069509e+18   1.8345096855e+61   1.3419882150e-29   1.7325281410e-13   3.1842980313e+06   9.6581683044e-02 
  5.9540734939e+20   2.9427411777e+18   1.3044940045e+61   1.3062181656e-29   1.7405300650e-13   3.1868465568e+06   9.6581672233e-02 
  5.9812456923e+20   2.7172198312e+18   1.2160277178e+61   1.2865678523e-29   1.7467530430e-13   3.1936347419e+06   9.6581671443e-02 
  6.0115692279e+20   3.0323535628e+18   1.3701650910e+61   1.2750246352e-29   1.7527326757e-13   3.1864539282e+06   9.6581671422e-02 
  6.0359825767e+20   2.4413348806e+18   1.1132057174e+61   1.2711480209e-29   1.7583916675e-13   3.1690895813e+06   9.6581671421e-02 
  6.1424490935e+20   1.0646651678e+19   4.9608570140e+61   1.2714320770e-29   1.7717301888e-13   3.1434349254e+06   9.6581671420e-02 
  6.2409997493e+20   9.8550655804e+18   4.7479024620e+61   1.2808132071e-29   1.7932158229e-13   3.1212923502e+06   9.6581671417e-02 
  6.2735380870e+20   3.2538337679e+18   1.6009429080e+61   1.2918872109e-29   1.8070297499e-13   3.1237865850e+06   9.6581671415e-02 
  6.2972170777e+20   2.3678990775e+18   1.1755370200e+61   1.3011320363e-29   1.8128060455e-13   3.1228766871e+06   9.6581671413e-02 
  6.3197106227e+20   2.2493544970e+18   1.1249040154e+61   1.3183983828e-29   1.8179609035e-13   3.1131808166e+06   9.6581671412e-02 
  6.3360519971e+20   1.6341374391e+18   8.2227168345e+60   1.3379702027e-29   1.8221402652e-13   3.1080490154e+06   9.6581671409e-02 
  6.4192037135e+20   8.3151716383e+18   4.2501629594e+61   1.4189720862e-29   1.8337400561e-13   3.1030885476e+06   9.6581671398e-02 
  6.4693125797e+20   5.0108866188e+18   2.6150047782e+61   1.5412377239e-29   1.8497817193e-13   3.1085423449e+06   9.6581671315e-02 
  6.4874557501e+20   1.8143170447e+18   9.5687834060e+60   1.6080879739e-29   1.8586391272e-13   3.0954663117e+06   9.6581670978e-02 
  6.5088454029e+20   2.1389652747e+18   1.1349939108e+61   1.6547642995e-29   1.8636653926e-13   3.0979579994e+06   9.6581665744e-02 
  6.5522645892e+20   4.3419186394e+18   2.3269836259e+61   1.7020650311e-29   1.8729027574e-13   3.0766810133e+06   9.6581645433e-02 
  6.5922972180e+20   4.0032628782e+18   2.1729891137e+61   1.7511753163e-29   1.8849010465e-13   3.0592876670e+06   9.6581453270e-02 
  6.6434667041e+20   5.1169486060e+18   2.8161845787e+61   1.7866662288e-29   1.8982737793e-13   3.0551858704e+06   9.6580610788e-02 
  6.7731128128e+20   1.2964610870e+19   7.3317305206e+61   1.8305728209e-29   1.9251489329e-13   3.0580179659e+06   9.6577909890e-02 
  6.8598089815e+20   8.6696168706e+18   5.0621326258e+61   1.8736051495e-29   1.9576754198e-13   3.0712638160e+06   9.6570741727e-02 
  6.9385917178e+20   7.8782736322e+18   4.7124109639e+61   1.8942058620e-29   1.9828764967e-13   3.0889119153e+06   9.6565858223e-02 
  7.0932282554e+20   1.5463653758e+19   9.5654978657e+61   1.9098775153e-29   2.0184490054e-13   3.1420192807e+06   9.6533679180e-02 
  7.1860096598e+20   9.2781404456e+18   5.9432908791e+61   1.9123565921e-29   2.0562439415e-13   3.2065964410e+06   9.6424072961e-02 
  7.2510382813e+20   6.5028621485e+18   4.2580833149e+61   1.9016227858e-29   2.0802502678e-13   3.2494073565e+06   9.5873742075e-02 
  7.3069092879e+20   5.5871006564e+18   3.7199645600e+61   1.8779801614e-29   2.0986948793e-13   3.2938948309e+06   9.1913761230e-02 
  7.3303739018e+20   2.3464613902e+18   1.5793726308e+61   1.8567129073e-29   2.1103761582e-13   3.3120621528e+06   8.6772168179e-02 
  7.3777092825e+20   4.7335380688e+18   3.2169877059e+61   1.8063746357e-29   2.1208737375e-13   3.3361033254e+06   7.9634058170e-02 
  7.3909024006e+20   1.3193118127e+18   9.0401738487e+60   1.7617514071e-29   2.1295011514e-13   3.3490000290e+06   7.5132698107e-02 
  7.4073062671e+20   1.6403866503e+18   1.1285337997e+61   1.7247740982e-29   2.1337478740e-13   3.3603269895e+06   7.3534295090e-02 
  7.4466848388e+20   3.9378571719e+18   2.7295884335e+61   1.6701281171e-29   2.1411477532e-13   3.3758315216e+06   7.3372413004e-02 
  7.4722451873e+20   2.5560348446e+18   1.7872792840e+61   1.6187149112e-29   2.1499525187e-13   3.3951679406e+06   7.3320777335e-02 
  7.4948652226e+20   2.2620035316e+18   1.5919132839e+61   1.5902523028e-29   2.1563797220e-13   3.4162338168e+06   7.3313424786e-02 
  7.5276588236e+20   3.2793600968e+18   2.3250135385e+61   1.5692158827e-29   2.1631453661e-13   3.4242477801e+06   7.3313059577e-02 
  7.5634632951e+20   3.5804471567e+18   2.5617162485e+61   1.5526387599e-29   2.1718016643e-13   3.4321753399e+06   7.3313014100e-02 
  7.5935391472e+20   3.0075852030e+18   2.1706760942e+61   1.5433853406e-29   2.1802499613e-13   3.4522271000e+06   7.3313011889e-02 
  7.6721659923e+20   7.8626845149e+18   5.7564972632e+61   1.5401582250e-29   2.1939779729e-13   3.4744980295e+06   7.3313011795e-02 
  7.7288523564e+20   5.6686364115e+18   4.2240525504e+61   1.5405172541e-29   2.2110887721e-13   3.4959529603e+06   7.3313011758e-02 
  7.7590125164e+20   3.0160159929e+18   2.2728311009e+61   1.5426666739e-29   2.2221615806e-13   3.5084266898e+06   7.3313011750e-02 
  7.8566994642e+20   9.7686947799e+18   7.4836877485e+61   1.5530361837e-29   2.2387421092e-13   3.5242925309e+06   7.3313011737e-02 
  7.9242379024e+20   6.7538438297e+18   5.2840769163e+61   1.5693134655e-29   2.2603809919e-13   3.5405152366e+06   7.3313011663e-02 
  8.0200554068e+20   9.5817504372e+18   7.6526262989e+61   1.5919300099e-29   2.2823100077e-13   3.5501249255e+06   7.3313011264e-02 
  8.0779515525e+20   5.7896145661e+18   4.7135228746e+61   1.6175956287e-29   2.3033081523e-13   3.5558412027e+06   7.3313009995e-02 
  8.1311237825e+20   5.3172229997e+18   4.3888707028e+61   1.6437605467e-29   2.3189518968e-13   3.5563934209e+06   7.3312992897e-02 
  8.2467343081e+20   1.1561052562e+19   9.7424608514e+61   1.6863522790e-29   2.3432772185e-13   3.5590531717e+06   7.3312949161e-02 
  8.3933406457e+20   1.4660633763e+19   1.2753353888e+62   1.7477476619e-29   2.3822653322e-13   3.5550624574e+06   7.3312701123e-02 
  8.4416382441e+20   4.8297598333e+18   4.3003296828e+61   1.7900092144e-29   2.4124364099e-13   3.5171763126e+06   7.3312170603e-02 
  8.4804466242e+20   3.8808380177e+18   3.4912736272e+61   1.8046423986e-29   2.4259586305e-13   3.5071781947e+06   7.3303483856e-02 
  8.5985977321e+20   1.1815110786e+19   1.0827338930e+62   1.8239607901e-29   2.4503422274e-13   3.4989295478e+06   7.3277204672e-02 
  8.6627301938e+20   6.4132461651e+18   6.0031360734e+61   1.8441502045e-29   2.4786525969e-13   3.4958790396e+06   7.3194362817e-02 
  8.6855344789e+20   2.2804285110e+18   2.1561484749e+61   1.8526669472e-29   2.4920515897e-13   3.4984282709e+06   7.3044229983e-02 
  8.7243195720e+20   3.8785093128e+18   3.6932243520e+61   1.8567463936e-29   2.5015619763e-13   3.5021094710e+06   7.2269716975e-02 
  8.7466967242e+20   2.2377152185e+18   2.1458099921e+61   1.8595900628e-29   2.5110079435e-13   3.5060555707e+06   7.1025051088e-02 
  8.7764508395e+20   2.9754115325e+18   2.8702621793e+61   1.8604204781e-29   2.5190351128e-13   3.5096086491e+06   6.9461003052e-02 
  8.7924002896e+20   1.5949450074e+18   1.5466157593e+61   1.8602045914e-29   2.5260586712e-13   3.5128712250e+06   6.8695933507e-02 
  8.8435196161e+20   5.1119326563e+18   4.9949649883e+61   1.8597802164e-29   2.5363461779e-13   3.5182203428e+06   6.8544068271e-02 
  8.8714122030e+20   2.7892586839e+18   2.7499069320e+61   1.8598889511e-29   2.5484589435e-13   3.5248948974e+06   6.8464063266e-02 
  8.9321394035e+20   6.0727200491e+18   6.0471134047e+61   1.8618470468e-29   2.5619949505e-13   3.5318567503e+06   6.8449751966e-02 
  8.9579645835e+20   2.5825180033e+18   2.5966849568e+61   1.8650299271e-29   2.5751745302e-13   3.5375664370e+06   6.8445957144e-02 
  8.9788236940e+20   2.0859110502e+18   2.1083136325e+61   1.8679881002e-29   2.5822725990e-13   3.5404731744e+06   6.8445151640e-02 
  9.0048545924e+20   2.6030898372e+18   2.6448215946e+61   1.8720072104e-29   2.5893972100e-13   3.5433093427e+06   6.8445087787e-02 
  9.0175642559e+20   1.2709663484e+18   1.2969109402e+61   1.8758820278e-29   2.5952788423e-13   3.5455419811e+06   6.8445085466e-02 
  9.0616971160e+20   4.4132860181e+18   4.5318359101e+61   1.8831892618e-29   2.6039279800e-13   3.5485687157e+06   6.8445088154e-02 
  9.0896595038e+20   2.7962387752e+18   2.8942940307e+61   1.8934750850e-29   2.6148869878e-13   3.5526901632e+06   6.8445105618e-02 
  9.1169432169e+20   2.7283713134e+18   2.8412634454e+61   1.9030508638e-29   2.6232700424e-13   3.5557939748e+06   6.8445526391e-02 
  9.1334617701e+20   1.6518553198e+18   1.7284905516e+61   1.9123341788e-29   2.6299229016e-13   3.5577138848e+06   6.8446744043e-02 
  9.2583730392e+20   1.2491126909e+19   1.3274197838e+62   1.9516370133e-29   2.6515596778e-13   3.5596163643e+06   6.8451375112e-02 
  9.3423949907e+20   8.4021951534e+18   9.1328714420e+61   2.0133591404e-29   2.6839467334e-13   3.5506814366e+06   6.8463624250e-02 
  9.3943002908e+20   5.1905300048e+18   5.7246465436e+61   2.0570124092e-29   2.7054440812e-13   3.5326293339e+06   6.8491669648e-02 
  9.5086061299e+20   1.1430583907e+19   1.2831598167e+62   2.1097039215e-29   2.7322836816e-13   3.4911740141e+06   6.8561721063e-02 
  9.5653458244e+20   5.6739694572e+18   6.4851423905e+61   2.1613926765e-29   2.7610948655e-13   3.4074168633e+06   6.8694349223e-02 
  9.6132689438e+20   4.7923119382e+18   5.5377115108e+61   2.1900078142e-29   2.7791356515e-13   3.3418953588e+06   6.9472029354e-02 
  9.6665207266e+20   5.3251782795e+18   6.2185583318e+61   2.2144641262e-29   2.7963346754e-13   3.2765796776e+06   7.3010231565e-02 
  9.6929114112e+20   2.6390684627e+18   3.1073203330e+61   2.2320654739e-29   2.8098666210e-13   3.2236114960e+06   7.7768762737e-02 
  9.7110767933e+20   1.8165382016e+18   2.1487037359e+61   2.2407516069e-29   2.8173861762e-13   3.1944119475e+06   8.7174683431e-02 
  9.7801304324e+20   6.9053639104e+18   8.2416798081e+61   2.2554945790e-29   2.8318296065e-13   3.1369002727e+06   9.1209796367e-02 
  9.8295630400e+20   4.9432607638e+18   5.9718091992e+61   2.2748566095e-29   2.8512230235e-13   3.0567346206e+06   9.5216454350e-02 
  9.8787619548e+20   4.9198914793e+18   6.0035167794e+61   2.2907429127e-29   2.8669027405e-13   2.9951508596e+06   9.7033873655e-02 
  9.9468106172e+20   6.8048662405e+18   8.4027733375e+61   2.3097383214e-29   2.8847893195e-13   2.9234889761e+06   9.7251846415e-02 
  9.9969193882e+20   5.0108771023e+18   6.2614845038e+61   2.3297572073e-29   2.9022193994e-13   2.8573445644e+06   9.7324184009e-02 
  1.0080446101e+21   8.3526713115e+18   1.0577699374e+62   2.3552060151e-29   2.9207767532e-13   2.7893849377e+06   9.7332582428e-02 
  1.0142077184e+21   6.1631082945e+18   7.9181131691e+61   2.3873295958e-29   2.9400159768e-13   2.7193931297e+06   9.7329262256e-02 
  1.0170387135e+21   2.8309950348e+18   3.6695642189e+61   2.4129385643e-29   2.9510683756e-13   2.6743700391e+06   9.7323868592e-02 
  1.0197024944e+21   2.6637809026e+18   3.4715251970e+61   2.4379282866e-29   2.9576599543e-13   2.6566887591e+06   9.7323390724e-02 
  1.0308443970e+21   1.1141902667e+19   1.4718139576e+62   2.5298049706e-29   2.9731171782e-13   2.6107843106e+06   9.7376357374e-02 
  1.0460054996e+21   1.5161102544e+19   2.0544642615e+62   2.7378745930e-29   3.0015533718e-13   2.4626984837e+06   9.7795211946e-02 
  1.0501021046e+21   4.0966050537e+18   5.6545971383e+61   2.9302276091e-29   3.0209832787e-13   2.3244801574e+06   9.8225632765e-02 
  1.0546687221e+21   4.5666174503e+18   6.3555745479e+61   3.0975006980e-29   3.0292192420e-13   2.2353674276e+06   1.0007210480e-01 
  1.0634682547e+21   8.7995326548e+18   1.2402809184e+62   3.5118080179e-29   3.0414060339e-13   2.0386078324e+06   1.0037910722e-01 
  1.0657077222e+21   2.2394674826e+18   3.1894654985e+61   3.9965619736e-29   3.0516278402e-13   1.8592555436e+06   1.0028540695e-01 
  1.0725124893e+21   6.8047670955e+18   9.7739354165e+61   4.9444536438e-29   3.0595881586e-13   1.6492845989e+06   9.9622788094e-02 
  1.0770526580e+21   4.5401686932e+18   6.5905814552e+61   6.7630746787e-29   3.0696713276e-13   1.3251351985e+06   9.8564942308e-02 
  1.0806207414e+21   3.5680834304e+18   5.2186321345e+61   9.5028677113e-29   3.0765894306e-13   1.0394567138e+06   9.4498185337e-02 
  1.0828944169e+21   2.2736755086e+18   3.3434774699e+61   1.4376642701e-28   3.0792333295e-13   8.2244390175e+05   6.3187602265e-02 
  1.0901893785e+21   7.2949615673e+18   1.0822496621e+62   3.8043709457e-28   2.8795931675e-13   4.2836196550e+05   2.6239710271e-02 
  1.0952218174e+21   5.0324388456e+18   7.5508435787e+61   1.4884934141e-23   1.8582234783e-13   4.0185351871e+05   2.0030122808e-02 
  1.0982477712e+21   3.0259538780e+18   4.5737843838e+61   2.8349265738e-23   2.9755122808e-13   3.7789968080e+05   2.0016354682e-02 
  1.0991459075e+21   8.9813624505e+17   1.3624101222e+61   2.9964376642e-23   3.1010605056e-13   3.8198623022e+05   2.0004045563e-02 
  1.0998684513e+21   7.2254379377e+17   1.0976659531e+61   3.1665873417e-23   3.2312964553e-13   3.8375651458e+05   2.0001194146e-02 
  1.1006851799e+21   8.1672862735e+17   1.2424862350e+61   3.3354473539e-23   3.3583751649e-13   3.8689688279e+05   2.0000485752e-02 
  1.1015437723e+21   8.5859240468e+17   1.3081630343e+61   3.5911413348e-23   3.5476224692e-13   3.9078922357e+05   2.0000184101e-02 
  1.1023652064e+21   8.2143405820e+17   1.2534583472e+61   3.9079268274e-23   3.7770277382e-13   3.9567969425e+05   2.0000061133e-02 
  1.1031270725e+21   7.6186611610e+17   1.1642322683e+61   4.2464229403e-23   4.0167300746e-13   4.0134200934e+05   2.0000019290e-02 
  1.1038392621e+21   7.1218965632e+17   1.0897753153e+61   4.5519574425e-23   4.2290766126e-13   4.0733640415e+05   2.0000005952e-02 
  1.1044784404e+21   6.3917828350e+17   9.7925320978e+60   4.7794700986e-23   4.3870739851e-13   4.1295537495e+05   2.0000001754e-02 
  1.1051330129e+21   6.5457248773e+17   1.0040132811e+61   4.9213624786e-23   4.4846277549e-13   4.1836102815e+05   2.0000000501e-02 
  1.1057427398e+21   6.0972690691e+17   9.3629761625e+60   4.9587339021e-23   4.5102342180e-13   4.2320946643e+05   2.0000000132e-02 
  1.1063892097e+21   6.4646984333e+17   9.9384855857e+60   4.9257906940e-23   4.4880070661e-13   4.2781847648e+05   2.0000000034e-02 
  1.1070016892e+21   6.1247952039e+17   9.4266567854e+60   4.8638245665e-23   4.4459427301e-13   4.3178826740e+05   2.0000000008e-02 
  1.1075639958e+21   5.6230666592e+17   8.6636369790e+60   4.7951001754e-23   4.3991955238e-13   4.3451203944e+05   2.0000000002e-02 
  1.1081472733e+21   5.8327747396e+17   8.9960408780e+60   4.7224279591e-23   4.3496250719e-13   4.3591451734e+05   2.0000000000e-02 
  1.1087644352e+21   6.1716186135e+17   9.5289655818e+60   4.6507906574e-23   4.3002870803e-13   4.3614473082e+05   2.0000000000e-02 
  1.1093206376e+21   5.5620239246e+17   8.5968457151e+60   4.6197434016e-23   4.2790897675e-13   4.3557569517e+05   2.0000000000e-02 
  1.1098776117e+21   5.5697409718e+17   8.6174164664e+60   4.6518962417e-23   4.3015819386e-13   4.3463970896e+05   2.0000000000e-02 
  1.1104400692e+21   5.6245757423e+17   8.7110375565e+60   4.7269595009e-23   4.3533839003e-13   4.3368197642e+05   2.0000000000e-02 
  1.1109140431e+21   4.7397388002e+17   7.3475048375e+60   4.8201842648e-23   4.4174373099e-13   4.3328017025e+05   2.0000000000e-02 
  1.1115072384e+21   5.9319525447e+17   9.2045026125e+60   4.9280712867e-23   4.4910895842e-13   4.3372798609e+05   2.0000000000e-02 
  1.1121427101e+21   6.3547175964e+17   9.8714052502e+60   5.0437232433e-23   4.5697515457e-13   4.3522092252e+05   2.0000000000e-02 
  1.1127107299e+21   5.6801978732e+17   8.8331613222e+60   5.3016112403e-23   4.7442606707e-13   4.3709400492e+05   2.0000000000e-02 
  1.1133117181e+21   6.0098817696e+17   9.3556699173e+60   5.0785829614e-23   4.5962040020e-13   4.3292719125e+05   2.0000000000e-02 
  1.1139605077e+21   6.4878962317e+17   1.0111146035e+61   1.9019697834e-23   2.2969557682e-13   3.2701390168e+05   2.0000000000e-02 
  1.1153570618e+21   1.3965540603e+18   2.1804772451e+61   3.5343178704e-24   7.4160708430e-14   8.8510607943e+04   2.0000000000e-02 
  1.1172114273e+21   1.8543654665e+18   2.9037209965e+61   2.3060231976e-24   5.3398040891e-14   7.0067032113e+03   2.0000000000e-02 
  1.1191388092e+21   1.9273819795e+18   3.0282896609e+61   2.2293136386e-24   5.1958386985e-14   3.8330691513e+02   2.0000000000e-02 
  1.1210710727e+21   1.9322634322e+18   3.0464477414e+61   2.2248400455e-24   5.1876045937e-14   2.0410149154e+01   2.0000000000e-02 
  1.1230035979e+21   1.9325252488e+18   3.0573824223e+61   2.2246006620e-24   5.1871637070e-14   1.0818575829e+00   2.0000000000e-02 
  1.1249361370e+21   1.9325391283e+18   3.0679452406e+61   2.2245879708e-24   5.1871403183e-14   5.7325534100e-02   2.0000000000e-02 
  1.1268686769e+21   1.9325398654e+18   3.0785054539e+61   2.2245872968e-24   5.1871390771e-14   3.0245588877e-03   2.0000000000e-02 
  1.1288012168e+21   1.9325399040e+18   3.0890827004e+61   2.2245872614e-24   5.1871390118e-14   1.4495028601e-04   2.0000000000e-02 
  1.1307337567e+21   1.9325399057e+18   3.0996780279e+61   2.2245872600e-24   5.1871390088e-14  -3.8991682016e-07   2.0000000000e-02 
  1.1326662966e+21   1.9325399057e+18   3.1102914920e+61   2.2245872600e-24   5.1871390089e-14  -5.9801403040e-06   2.0000000000e-02 
  1.1345988365e+21   1.9325399057e+18   3.1209230957e+61   2.2245872600e-24   5.1871390089e-14  -6.2592167303e-06   2.0000000000e-02 
  1.1365313764e+21   1.9325399057e+18   3.1315728389e+61   2.2245872600e-24   5.1871390089e-14  -6.4141691425e-06   2.0000000000e-02 
  1.1384639163e+21   1.9325399057e+18   3.1422407216e+61   2.2245872600e-24   5.1871390089e-14  -6.4769930414e-06   2.0000000000e-02 
  1.1403964562e+21   1.9325399057e+18   3.1529267437e+61   2.2245872600e-24   5.1871390089e-14  -6.4721773964e-06   2.0000000000e-02 
  1.1423289962e+21   1.9325399057e+18   3.1636309054e+61   2.2245872600e-24   5.1871390089e-14  -6.4778069797e-06   2.0000000000e-02 
  1.1442615361e+21   1.9325399057e+18   3.1743532066e+61   2.2245872600e-24   5.1871390089e-14  -6.4819523260e-06   2.0000000000e-02 
  1.1461940760e+21   1.9325399057e+18   3.1850936473e+61   2.2245872600e-24   5.1871390089e-14  -6.4486933835e-06   2.0000000000e-02 
  1.1481266159e+21   1.9325399057e+18   3.1958522274e+61   2.2245872600e-24   5.1871390089e-14  -6.3074490387e-06   2.0000000000e-02 
  1.1500591558e+21   1.9325399057e+18   3.2066289471e+61   2.2245872600e-24   5.1871390089e-14  -6.1516194298e-06   2.0000000000e-02 
  1.1519916957e+21   1.9325399057e+18   3.2174238063e+61   2.2245872600e-24   5.1871390089e-14  -5.7593049371e-06   2.0000000000e-02 
  1.1539242356e+21   1.9325399057e+18   3.2282368049e+61   2.2245872600e-24   5.1871390090e-14  -4.6309113000e-06   2.0000000000e-02 
  1.1558567755e+21   1.9325399057e+18   3.2390679431e+61   2.2245872600e-24   5.1871390090e-14  -3.0592985755e-06   2.0000000000e-02 
  1.1577893154e+21   1.9325399057e+18   3.2499172207e+61   2.2245872600e-24   5.1871390090e-14  -9.9978727140e-07   2.0000000000e-02 
  1.1597218553e+21   1.9325399057e+18   3.2607846379e+61   2.2245872600e-24   5.1871390091e-14   4.8234350232e-07   2.0000000000e-02 
  1.1616543952e+21   1.9325399057e+18   3.2716701946e+61   2.2245872600e-24   5.1871390091e-14   1.3348293034e-06   2.0000000000e-02 
  1.1635869351e+21   1.9325399057e+18   3.2825738907e+61   2.2245872600e-24   5.1871390091e-14   2.2620683544e-06   2.0000000000e-02 
  1.1655194750e+21   1.9325399057e+18   3.2934957264e+61   2.2245872600e-24   5.1871390090e-14   3.7422776828e-06   2.0000000000e-02 
  1.1674520149e+21   1.9325399057e+18   3.3044357015e+61   2.2245872600e-24   5.1871390090e-14   5.3206301643e-06   2.0000000000e-02 
  1.1693845548e+21   1.9325399057e+18   3.3153938162e+61   2.2245872600e-24   5.1871390090e-14   6.8180790284e-06   2.0000000000e-02 
  1.1713170947e+21   1.9325399057e+18   3.3263700703e+61   2.2245872600e-24   5.1871390090e-14   7.6091289079e-06   2.0000000000e-02 
  1.1732496346e+21   1.9325399057e+18   3.3373644640e+61   2.2245872600e-24   5.1871390089e-14   8.4932810152e-06   2.0000000000e-02 
  1.1751821745e+21   1.9325399057e+18   3.3483769971e+61   2.2245872600e-24   5.1871390089e-14   9.3201540056e-06   2.0000000000e-02 
  1.1771147145e+21   1.9325399057e+18   3.3594076697e+61   2.2245872600e-24   5.1871390089e-14   9.7146894737e-06   2.0000000000e-02 
  1.1790472544e+21   1.9325399057e+18   3.3704564819e+61   2.2245872600e-24   5.1871390089e-14   9.7228943976e-06   2.0000000000e-02 
  1.1809797943e+21   1.9325399057e+18   3.3815234335e+61   2.2245872600e-24   5.1871390089e-14   9.4663665341e-06   2.0000000000e-02 
  1.1829123342e+21   1.9325399057e+18   3.3926085247e+61   2.2245872600e-24   5.1871390089e-14   8.9835067122e-06   2.0000000000e-02 
  1.1848448741e+21   1.9325399057e+18   3.4037117553e+61   2.2245872600e-24   5.1871390089e-14   8.3433698478e-06   2.0000000000e-02 
  1.1867774140e+21   1.9325399057e+18   3.4148331254e+61   2.2245872600e-24   5.1871390089e-14   7.6988869238e-06   2.0000000000e-02 
  1.1887099539e+21   1.9325399057e+18   3.4259726351e+61   2.2245872600e-24   5.1871390089e-14   7.1904989199e-06   2.0000000000e-02 
  1.1906424938e+21   1.9325399057e+18   3.4371302842e+61   2.2245872600e-24   5.1871390089e-14   6.6088359291e-06   2.0000000000e-02 
  1.1925750337e+21   1.9325399057e+18   3.4483060728e+61   2.2245872600e-24   5.1871390089e-14   6.0855164750e-06   2.0000000000e-02 
  1.1945075736e+21   1.9325399057e+18   3.4595000009e+61   2.2245872600e-24   5.1871390089e-14   5.6471373924e-06   2.0000000000e-02 
  1.1964401135e+21   1.9325399057e+18   3.4707120686e+61   2.2245872600e-24   5.1871390089e-14   5.3640514032e-06   2.0000000000e-02 
  1.1983726534e+21   1.9325399057e+18   3.4819422757e+61   2.2245872600e-24   5.1871390089e-14   5.2139347656e-06   2.0000000000e-02 
  1.2003051933e+21   1.9325399057e+18   3.4931906223e+61   2.2245872600e-24   5.1871390089e-14   5.1712635889e-06   2.0000000000e-02 
  1.2022377332e+21   1.9325399057e+18   3.5044571084e+61   2.2245872600e-24   5.1871390089e-14   5.1737434104e-06   2.0000000000e-02 
  1.2041702731e+21   1.9325399057e+18   3.5157417341e+61   2.2245872600e-24   5.1871390089e-14   5.2383477828e-06   2.0000000000e-02 
  1.2061028130e+21   1.9325399057e+18   3.5270444992e+61   2.2245872600e-24   5.1871390089e-14   5.4439125277e-06   2.0000000000e-02 
  1.2080353529e+21   1.9325399057e+18   3.5383654038e+61   2.2245872600e-24   5.1871390089e-14   5.9107593553e-06   2.0000000000e-02 
  1.2099678929e+21   1.9325399057e+18   3.5497044479e+61   2.2245872600e-24   5.1871390088e-14   6.7670496130e-06   2.0000000000e-02 
  1.2119004328e+21   1.9325399057e+18   3.5610616315e+61   2.2245872600e-24   5.1871390088e-14   8.0262638974e-06   2.0000000000e-02 
  1.2138329727e+21   1.9325399057e+18   3.5724369546e+61   2.2245872600e-24   5.1871390088e-14   9.4498410340e-06   2.0000000000e-02 
  1.2157655126e+21   1.9325399057e+18   3.5838304172e+61   2.2245872600e-24   5.1871390088e-14   1.0642200833e-05   2.0000000000e-02 
  1.2176980525e+21   1.9325399057e+18   3.5952420193e+61   2.2245872600e-24   5.1871390088e-14   1.1106230629e-05   2.0000000000e-02 
  1.2196305924e+21   1.9325399057e+18   3.6066717609e+61   2.2245872600e-24   5.1871390088e-14   1.1207628925e-05   2.0000000000e-02 
  1.2215631323e+21   1.9325399057e+18   3.6181196420e+61   2.2245872600e-24   5.1871390088e-14   1.1121499822e-05   2.0000000000e-02 
  1.2234956722e+21   1.9325399057e+18   3.6295856626e+61   2.2245872600e-24   5.1871390088e-14   1.0725592124e-05   2.0000000000e-02 
  1.2254282121e+21   1.9325399057e+18   3.6410698227e+61   2.2245872600e-24   5.1871390088e-14   1.0218099505e-05   2.0000000000e-02 
  1.2273607520e+21   1.9325399057e+18   3.6525721223e+61   2.2245872600e-24   5.1871390088e-14   9.8478200170e-06   2.0000000000e-02 
  1.2292932919e+21   1.9325399057e+18   3.6640925614e+61   2.2245872600e-24   5.1871390088e-14   9.3467714435e-06   2.0000000000e-02 
  1.2312258318e+21   1.9325399057e+18   3.6756311400e+61   2.2245872600e-24   5.1871390088e-14   8.7509134393e-06   2.0000000000e-02 
  1.2331583717e+21   1.9325399057e+18   3.6871878581e+61   2.2245872600e-24   5.1871390089e-14   8.1603690692e-06   2.0000000000e-02 
  1.2350909116e+21   1.9325399057e+18   3.6987627157e+61   2.2245872600e-24   5.1871390089e-14   7.4668006143e-06   2.0000000000e-02 
  1.2370234515e+21   1.9325399057e+18   3.7103557128e+61   2.2245872600e-24   5.1871390089e-14   6.8355638855e-06   2.0000000000e-02 
  1.2389559914e+21   1.9325399057e+18   3.7219668494e+61   2.2245872600e-24   5.1871390089e-14   6.1749950851e-06   2.0000000000e-02 
  1.2408885313e+21   1.9325399057e+18   3.7335961255e+61   2.2245872600e-24   5.1871390089e-14   5.4127775341e-06   2.0000000000e-02 
  1.2428210712e+21   1.9325399057e+18   3.7452435411e+61   2.2245872600e-24   5.1871390089e-14   4.7404909499e-06   2.0000000000e-02 
  1.2447536112e+21   1.9325399057e+18   3.7569090962e+61   2.2245872600e-24   5.1871390089e-14   4.4668803595e-06   2.0000000000e-02 
  1.2466861511e+21   1.9325399057e+18   3.7685927907e+61   2.2245872600e-24   5.1871390089e-14   4.5385397898e-06   2.0000000000e-02 
  1.2486186910e+21   1.9325399057e+18   3.7802946248e+61   2.2245872600e-24   5.1871390089e-14   5.0291097196e-06   2.0000000000e-02 
  1.2505512309e+21   1.9325399057e+18   3.7920145984e+61   2.2245872600e-24   5.1871390089e-14   5.7025785351e-06   2.0000000000e-02 
  1.2524837708e+21   1.9325399057e+18   3.8037527115e+61   2.2245872600e-24   5.1871390089e-14   6.4817275340e-06   2.0000000000e-02 
  1.2544163107e+21   1.9325399057e+18   3.8155089640e+61   2.2245872600e-24   5.1871390089e-14   6.9349943395e-06   2.0000000000e-02 
  1.2563488506e+21   1.9325399057e+18   3.8272833561e+61   2.2245872600e-24   5.1871390089e-14   7.1333945469e-06   2.0000000000e-02 
  1.2582813905e+21   1.9325399057e+18   3.8390758877e+61   2.2245872600e-24   5.1871390089e-14   7.4091326186e-06   2.0000000000e-02 
  1.2602139304e+21   1.9325399057e+18   3.8508865588e+61   2.2245872600e-24   5.1871390089e-14   8.0062895121e-06   2.0000000000e-02 
  1.2621464703e+21   1.9325399057e+18   3.8627153693e+61   2.2245872600e-24   5.1871390089e-14   8.8306690177e-06   2.0000000000e-02 
  1.2640790102e+21   1.9325399057e+18   3.8745623194e+61   2.2245872600e-24   5.1871390089e-14   9.6297127567e-06   2.0000000000e-02 
  1.2660115501e+21   1.9325399057e+18   3.8864274090e+61   2.2245872600e-24   5.1871390089e-14   1.0307731141e-05   2.0000000000e-02 
  1.2679440900e+21   1.9325399057e+18   3.8983106380e+61   2.2245872600e-24   5.1871390089e-14   1.0259984819e-05   2.0000000000e-02 
  1.2698766299e+21   1.9325399057e+18   3.9102120066e+61   2.2245872600e-24   5.1871390090e-14   9.7442837308e-06   2.0000000000e-02 
  1.2718091698e+21   1.9325399057e+18   3.9221315146e+61   2.2245872600e-24   5.1871390090e-14   9.0198234448e-06   2.0000000000e-02 
  1.2737417097e+21   1.9325399057e+18   3.9340691622e+61   2.2245872600e-24   5.1871390089e-14   8.4369209542e-06   2.0000000000e-02 
  1.2756742496e+21   1.9325399057e+18   3.9460249492e+61   2.2245872600e-24   5.1871390089e-14   7.9247969625e-06   2.0000000000e-02 
  1.2776067896e+21   1.9325399057e+18   3.9579988758e+61   2.2245872600e-24   5.1871390089e-14   7.4809964152e-06   2.0000000000e-02 
  1.2795393295e+21   1.9325399057e+18   3.9699909419e+61   2.2245872600e-24   5.1871390089e-14   7.2023752319e-06   2.0000000000e-02 
  1.2814718694e+21   1.9325399057e+18   3.9820011474e+61   2.2245872600e-24   5.1871390089e-14   6.9909632473e-06   2.0000000000e-02 
  1.2834044093e+21   1.9325399057e+18   3.9940294925e+61   2.2245872600e-24   5.1871390089e-14   6.8390841561e-06   2.0000000000e-02 
  1.2853369492e+21   1.9325399057e+18   4.0060759770e+61   2.2245872600e-24   5.1871390089e-14   6.7482917778e-06   2.0000000000e-02 
  1.2872694891e+21   1.9325399057e+18   4.0181406010e+61   2.2245872600e-24   5.1871390089e-14   6.7348127429e-06   2.0000000000e-02 
  1.2892020290e+21   1.9325399057e+18   4.0302233646e+61   2.2245872600e-24   5.1871390089e-14   6.6892192834e-06   2.0000000000e-02 
  1.2911345689e+21   1.9325399057e+18   4.0423242676e+61   2.2245872600e-24   5.1871390089e-14   6.1317264865e-06   2.0000000000e-02 
  1.2930671088e+21   1.9325399057e+18   4.0544433102e+61   2.2245872600e-24   5.1871390089e-14   4.8211136391e-06   2.0000000000e-02 
  1.2949996487e+21   1.9325399057e+18   4.0665804922e+61   2.2245872600e-24   5.1871390089e-14   2.3435205557e-06   2.0000000000e-02 
  1.2969321886e+21   1.9325399057e+18   4.0787358138e+61   2.2245872600e-24   5.1871390088e-14  -7.8239276499e-07   2.0000000000e-02 
  1.2988647285e+21   1.9325399057e+18   4.0909092748e+61   2.2245872600e-24   5.1871390088e-14  -2.3637897000e-06   2.0000000000e-02 
  1.3007972684e+21   1.9325399057e+18   4.1031008753e+61   2.2245872600e-24   5.1871390088e-14  -3.2636315614e-06   2.0000000000e-02 
  1.3027298083e+21   1.9325399057e+18   4.1153106154e+61   2.2245872600e-24   5.1871390088e-14  -3.9300518893e-06   2.0000000000e-02 
  1.3046623482e+21   1.9325399057e+18   4.1275384949e+61   2.2245872600e-24   5.1871390088e-14  -4.3837339864e-06   2.0000000000e-02 
  1.3065948881e+21   1.9325399057e+18   4.1397845139e+61   2.2245872600e-24   5.1871390088e-14  -4.5611585378e-06   2.0000000000e-02 
  1.3085274280e+21   1.9325399057e+18   4.1520486724e+61   2.2245872600e-24   5.1871390088e-14  -4.4314117532e-06   2.0000000000e-02 
  1.3104599679e+21   1.9325399057e+18   4.1643309705e+61   2.2245872600e-24   5.1871390088e-14  -3.9791512597e-06   2.0000000000e-02 
  1.3123925079e+21   1.9325399057e+18   4.1766314080e+61   2.2245872600e-24   5.1871390088e-14  -3.1310086105e-06   2.0000000000e-02 
  1.3143250478e+21   1.9325399057e+18   4.1889499850e+61   2.2245872600e-24   5.1871390088e-14  -1.4253891692e-06   2.0000000000e-02 
  1.3162575877e+21   1.9325399057e+18   4.2012867015e+61   2.2245872600e-24   5.1871390088e-14  -4.0379206789e-07   2.0000000000e-02 
  1.3181901276e+21   1.9325399057e+18   4.2136415576e+61   2.2245872600e-24   5.1871390088e-14  -5.3070477251e-08   2.0000000000e-02 
  1.3201226675e+21   1.9325399057e+18   4.2260145531e+61   2.2245872600e-24   5.1871390088e-14   8.1522269790e-08   2.0000000000e-02 
  1.3220552074e+21   1.9325399057e+18   4.2384056881e+61   2.2245872600e-24   5.1871390088e-14   1.3243720827e-07   2.0000000000e-02 
  1.3239877473e+21   1.9325399057e+18   4.2508149626e+61   2.2245872600e-24   5.1871390088e-14   1.6937107844e-07   2.0000000000e-02 
  1.3259202872e+21   1.9325399057e+18   4.2632423766e+61   2.2245872600e-24   5.1871390088e-14   2.3021192183e-07   2.0000000000e-02 
  1.3278528271e+21   1.9325399057e+18   4.2756879301e+61   2.2245872600e-24   5.1871390088e-14   3.1128989295e-07   2.0000000000e-02 
  1.3297853670e+21   1.9325399057e+18   4.2881516231e+61   2.2245872600e-24   5.1871390088e-14   4.4246074637e-07   2.0000000000e-02 
  1.3317179069e+21   1.9325399057e+18   4.3006334556e+61   2.2245872600e-24   5.1871390088e-14   5.4450407484e-07   2.0000000000e-02 
  1.3336504468e+21   1.9325399057e+18   4.3131334276e+61   2.2245872600e-24   5.1871390088e-14   5.4777122287e-07   2.0000000000e-02 
  1.3355829867e+21   1.9325399057e+18   4.3256515391e+61   2.2245872600e-24   5.1871390088e-14   4.9326249197e-07   2.0000000000e-02 
  1.3375155266e+21   1.9325399057e+18   4.3381877901e+61   2.2245872600e-24   5.1871390088e-14   4.1451086266e-07   2.0000000000e-02 
  1.3394480665e+21   1.9325399057e+18   4.3507421806e+61   2.2245872600e-24   5.1871390088e-14   3.6264936669e-07   2.0000000000e-02 
  1.3413806064e+21   1.9325399057e+18   4.3633147106e+61   2.2245872600e-24   5.1871390088e-14   3.4569066056e-07   2.0000000000e-02 
  1.3433131463e+21   1.9325399057e+18   4.3759053801e+61   2.2245872600e-24   5.1871390088e-14   4.0539292033e-07   2.0000000000e-02 
  1.3452456863e+21   1.9325399057e+18   4.3885141891e+61   2.2245872600e-24   5.1871390088e-14   6.0332815377e-07   2.0000000000e-02 
  1.3471782262e+21   1.9325399057e+18   4.4011411376e+61   2.2245872600e-24   5.1871390088e-14   8.5490388642e-07   2.0000000000e-02 
  1.3491107661e+21   1.9325399057e+18   4.4137862256e+61   2.2245872600e-24   5.1871390088e-14   1.0292071854e-06   2.0000000000e-02 
  1.3510433060e+21   1.9325399057e+18   4.4264494531e+61   2.2245872600e-24   5.1871390088e-14   1.0849949782e-06   2.0000000000e-02 
  1.3529758459e+21   1.9325399057e+18   4.4391308201e+61   2.2245872600e-24   5.1871390088e-14   1.1089414270e-06   2.0000000000e-02 
  1.3549083858e+21   1.9325399057e+18   4.4518303266e+61   2.2245872600e-24   5.1871390088e-14   1.0840777422e-06   2.0000000000e-02 
  1.3568409257e+21   1.9325399057e+18   4.4645479726e+61   2.2245872600e-24   5.1871390088e-14   1.0636412266e-06   2.0000000000e-02 
  1.3587734656e+21   1.9325399057e+18   4.4772837581e+61   2.2245872600e-24   5.1871390088e-14   1.0949729875e-06   2.0000000000e-02 
  1.3607060055e+21   1.9325399057e+18   4.4900376830e+61   2.2245872600e-24   5.1871390088e-14   1.0120942787e-06   2.0000000000e-02 
  1.3626385454e+21   1.9325399057e+18   4.5028097475e+61   2.2245872600e-24   5.1871390088e-14   7.8257454744e-07   2.0000000000e-02 
  1.3645710853e+21   1.9325399057e+18   4.5155999515e+61   2.2245872600e-24   5.1871390088e-14   4.0816088282e-07   2.0000000000e-02 
  1.3665036252e+21   1.9325399057e+18   4.5284082950e+61   2.2245872600e-24   5.1871390088e-14   5.3444247679e-08   2.0000000000e-02 
  1.3684361651e+21   1.9325399057e+18   4.5412347779e+61   2.2245872600e-24   5.1871390088e-14  -1.1931925945e-07   2.0000000000e-02 
  1.3703687050e+21   1.9325399057e+18   4.5540794004e+61   2.2245872600e-24   5.1871390088e-14  -1.9781529258e-07   2.0000000000e-02 
  1.3723012449e+21   1.9325399057e+18   4.5669421624e+61   2.2245872600e-24   5.1871390088e-14  -2.4796597723e-07   2.0000000000e-02 
  1.3742337848e+21   1.9325399057e+18   4.5798230639e+61   2.2245872600e-24   5.1871390088e-14  -2.7168418372e-07   2.0000000000e-02 
  1.3761663247e+21   1.9325399057e+18   4.5927221048e+61   2.2245872600e-24   5.1871390088e-14  -2.5406581676e-07   2.0000000000e-02 
  1.3780988646e+21   1.9325399057e+18   4.6056392853e+61   2.2245872600e-24   5.1871390088e-14  -1.7467236489e-07   2.0000000000e-02 
  1.3800314046e+21   1.9325399057e+18   4.6185746053e+61   2.2245872600e-24   5.1871390088e-14  -7.8978541579e-08   2.0000000000e-02 
  1.3819639445e+21   1.9325399057e+18   4.6315280647e+61   2.2245872600e-24   5.1871390088e-14   5.0785899491e-08   2.0000000000e-02 
  1.3838964844e+21   1.9325399057e+18   4.6444996637e+61   2.2245872600e-24   5.1871390088e-14   2.6515358020e-07   2.0000000000e-02 
  1.3858290243e+21   1.9325399057e+18   4.6574894021e+61   2.2245872600e-24   5.1871390088e-14   5.9989247914e-07   2.0000000000e-02 
  1.3877615642e+21   1.9325399057e+18   4.6704972801e+61   2.2245872600e-24   5.1871390088e-14   9.4581248933e-07   2.0000000000e-02 
  1.3896941041e+21   1.9325399057e+18   4.6835232976e+61   2.2245872600e-24   5.1871390088e-14   1.1401084964e-06   2.0000000000e-02 
  1.3916266440e+21   1.9325399057e+18   4.6965674545e+61   2.2245872600e-24   5.1871390088e-14   1.1939105049e-06   2.0000000000e-02 
  1.3935591839e+21   1.9325399057e+18   4.7096297510e+61   2.2245872600e-24   5.1871390088e-14   1.0962249507e-06   2.0000000000e-02 
  1.3954917238e+21   1.9325399057e+18   4.7227101869e+61   2.2245872600e-24   5.1871390088e-14   9.7477650399e-07   2.0000000000e-02 
  1.3974242637e+21   1.9325399057e+18   4.7358087624e+61   2.2245872600e-24   5.1871390088e-14   9.2609065540e-07   2.0000000000e-02 
  1.3993568036e+21   1.9325399057e+18   4.7489254773e+61   2.2245872600e-24   5.1871390088e-14   9.9103760019e-07   2.0000000000e-02 
  1.4012893435e+21   1.9325399057e+18   4.7620603318e+61   2.2245872600e-24   5.1871390088e-14   1.0699027630e-06   2.0000000000e-02 
  1.4032218834e+21   1.9325399057e+18   4.7752133257e+61   2.2245872600e-24   5.1871390088e-14   1.0081452987e-06   2.0000000000e-02 
  1.4051544233e+21   1.9325399057e+18   4.7883844591e+61   2.2245872600e-24   5.1871390088e-14   1.0187075316e-06   2.0000000000e-02 
  1.4070869632e+21   1.9325399057e+18   4.8015737321e+61   2.2245872600e-24   5.1871390088e-14   1.0789584247e-06   2.0000000000e-02 
  1.4090195031e+21   1.9325399057e+18   4.8147811445e+61   2.2245872600e-24   5.1871390088e-14   1.0509599951e-06   2.0000000000e-02 
  1.4109520430e+21   1.9325399057e+18   4.8280066965e+61   2.2245872600e-24   5.1871390088e-14   1.0228567694e-06   2.0000000000e-02 
  1.4128845830e+21   1.9325399057e+18   4.8412503879e+61   2.2245872600e-24   5.1871390088e-14   1.0154725114e-06   2.0000000000e-02 
  1.4148171229e+21   1.9325399057e+18   4.8545122188e+61   2.2245872600e-24   5.1871390088e-14   1.0311384149e-06   2.0000000000e-02 
  1.4167496628e+21   1.9325399057e+18   4.8677921893e+61   2.2245872600e-24   5.1871390088e-14   1.0292087721e-06   2.0000000000e-02 
  1.4186822027e+21   1.9325399057e+18   4.8810902992e+61   2.2245872600e-24   5.1871390088e-14   1.0045257049e-06   2.0000000000e-02 
  1.4206147426e+21   1.9325399057e+18   4.8944065486e+61   2.2245872600e-24   5.1871390088e-14   8.3696019412e-07   2.0000000000e-02 
  1.4225472825e+21   1.9325399057e+18   4.9077409376e+61   2.2245872600e-24   5.1871390088e-14   4.9507309766e-07   2.0000000000e-02 
  1.4244798224e+21   1.9325399057e+18   4.9210934660e+61   2.2245872600e-24   5.1871390088e-14   2.2680902781e-07   2.0000000000e-02 
  1.4264123623e+21   1.9325399057e+18   4.9344641339e+61   2.2245872600e-24   5.1871390088e-14   8.3454188484e-08   2.0000000000e-02 
  1.4283449022e+21   1.9325399057e+18   4.9478529413e+61   2.2245872600e-24   5.1871390088e-14  -4.2071212559e-09   2.0000000000e-02 
  1.4302774421e+21   1.9325399057e+18   4.9612598883e+61   2.2245872600e-24   5.1871390088e-14  -6.9282881157e-08   2.0000000000e-02 
  1.4322099820e+21   1.9325399057e+18   4.9746849747e+61   2.2245872600e-24   5.1871390088e-14  -1.2912079664e-07   2.0000000000e-02 
  1.4341425219e+21   1.9325399057e+18   4.9881282006e+61   2.2245872600e-24   5.1871390088e-14  -2.0154877058e-07   2.0000000000e-02 
  1.4360750618e+21   1.9325399057e+18   5.0015895660e+61   2.2245872600e-24   5.1871390088e-14  -2.9621707737e-07   2.0000000000e-02 
  1.4380076017e+21   1.9325399057e+18   5.0150690709e+61   2.2245872600e-24   5.1871390088e-14  -3.7318611178e-07   2.0000000000e-02 
  1.4399401416e+21   1.9325399057e+18   5.0285667153e+61   2.2245872600e-24   5.1871390088e-14  -4.0012622106e-07   2.0000000000e-02 
  1.4418726815e+21   1.9325399057e+18   5.0420824992e+61   2.2245872600e-24   5.1871390088e-14  -4.0193298750e-07   2.0000000000e-02 
  1.4438052214e+21   1.9325399057e+18   5.0556164226e+61   2.2245872600e-24   5.1871390088e-14  -4.0732857641e-07   2.0000000000e-02 
  1.4457377613e+21   1.9325399057e+18   5.0691684856e+61   2.2245872600e-24   5.1871390088e-14  -4.0241152601e-07   2.0000000000e-02 
  1.4476703013e+21   1.9325399057e+18   5.0827386880e+61   2.2245872600e-24   5.1871390088e-14  -3.7143661361e-07   2.0000000000e-02 
  1.4496028412e+21   1.9325399057e+18   5.0963270299e+61   2.2245872600e-24   5.1871390088e-14  -3.2105335766e-07   2.0000000000e-02 
  1.4515353811e+21   1.9325399057e+18   5.1099335113e+61   2.2245872600e-24   5.1871390088e-14  -2.1551071852e-07   2.0000000000e-02 
  1.4534679210e+21   1.9325399057e+18   5.1235581322e+61   2.2245872600e-24   5.1871390088e-14   5.8372074855e-08   2.0000000000e-02 
  1.4554004609e+21   1.9325399057e+18   5.1372008926e+61   2.2245872600e-24   5.1871390088e-14   8.1164188842e-07   2.0000000000e-02 
  1.4573330008e+21   1.9325399057e+18   5.1508617925e+61   2.2245872600e-24   5.1871390088e-14   2.2352665704e-06   2.0000000000e-02 
  1.4592655407e+21   1.9325399057e+18   5.1645408319e+61   2.2245872600e-24   5.1871390088e-14   3.1218686021e-06   2.0000000000e-02 
  1.4611980806e+21   1.9325399057e+18   5.1782380108e+61   2.2245872600e-24   5.1871390088e-14   3.5473118437e-06   2.0000000000e-02 
  1.4631306205e+21   1.9325399057e+18   5.1919533291e+61   2.2245872600e-24   5.1871390088e-14   3.8010768850e-06   2.0000000000e-02 
  1.4650631604e+21   1.9325399057e+18   5.2056867870e+61   2.2245872600e-24   5.1871390088e-14   3.7988024286e-06   2.0000000000e-02 
  1.4669957003e+21   1.9325399057e+18   5.2194383844e+61   2.2245872600e-24   5.1871390088e-14   3.5215307549e-06   2.0000000000e-02 
  1.4689282402e+21   1.9325399057e+18   5.2332081213e+61   2.2245872600e-24   5.1871390088e-14   2.9980758231e-06   2.0000000000e-02 
  1.4708607801e+21   1.9325399057e+18   5.2469959977e+61   2.2245872600e-24   5.1871390088e-14   1.2513614042e-06   2.0000000000e-02 
  1.4727933200e+21   1.9325399057e+18   5.2608020136e+61   2.2245872600e-24   5.1871390089e-14  -2.4609086395e-06   2.0000000000e-02 
  1.4747258599e+21   1.9325399057e+18   5.2746261690e+61   2.2245872600e-24   5.1871390089e-14  -5.0438474670e-06   2.0000000000e-02 
  1.4766583998e+21   1.9325399057e+18   5.2884684638e+61   2.2245872600e-24   5.1871390089e-14  -6.3357313479e-06   2.0000000000e-02 
  1.4785909397e+21   1.9325399057e+18   5.3023288982e+61   2.2245872600e-24   5.1871390089e-14  -7.0616921618e-06   2.0000000000e-02 
  1.4805234797e+21   1.9325399057e+18   5.3162074721e+61   2.2245872600e-24   5.1871390090e-14  -7.5631817475e-06   2.0000000000e-02 
  1.4824560196e+21   1.9325399057e+18   5.3301041855e+61   2.2245872600e-24   5.1871390090e-14  -7.8293014071e-06   2.0000000000e-02 
  1.4843885595e+21   1.9325399057e+18   5.3440190383e+61   2.2245872600e-24   5.1871390090e-14  -7.8240724124e-06   2.0000000000e-02 
  1.4863210994e+21   1.9325399057e+18   5.3579520307e+61   2.2245872600e-24   5.1871390090e-14  -7.7310718426e-06   2.0000000000e-02 
  1.4882536393e+21   1.9325399057e+18   5.3719031626e+61   2.2245872600e-24   5.1871390090e-14  -7.6840288113e-06   2.0000000000e-02 
  1.4901861792e+21   1.9325399057e+18   5.3858724340e+61   2.2245872600e-24   5.1871390090e-14  -7.7092118137e-06   2.0000000000e-02 
  1.4921187191e+21   1.9325399057e+18   5.3998598448e+61   2.2245872600e-24   5.1871390090e-14  -7.7796618420e-06   2.0000000000e-02 
  1.4940512590e+21   1.9325399057e+18   5.4138653952e+61   2.2245872600e-24   5.1871390090e-14  -7.9111653441e-06   2.0000000000e-02 
  1.4959837989e+21   1.9325399057e+18   5.4278890850e+61   2.2245872600e-24   5.1871390090e-14  -8.2044106274e-06   2.0000000000e-02 
  1.4979163388e+21   1.9325399057e+18   5.4419309144e+61   2.2245872600e-24   5.1871390090e-14  -8.6302796566e-06   2.0000000000e-02 
  1.4998488787e+21   1.9325399057e+18   5.4559908833e+61   2.2245872600e-24   5.1871390090e-14  -9.0011330790e-06   2.0000000000e-02 
  1.5017814186e+21   1.9325399057e+18   5.4700689916e+61   2.2245872600e-24   5.1871390090e-14  -9.4741263544e-06   2.0000000000e-02 
  1.5037139585e+21   1.9325399057e+18   5.4841652395e+61   2.2245872600e-24   5.1871390090e-14  -9.9380552687e-06   2.0000000000e-02 
  1.5056464984e+21   1.9325399057e+18   5.4982796268e+61   2.2245872600e-24   5.1871390090e-14  -1.0379349763e-05   2.0000000000e-02 
  1.5075790383e+21   1.9325399057e+18   5.5124121537e+61   2.2245872600e-24   5.1871390090e-14  -1.0863447078e-05   2.0000000000e-02 
  1.5095115782e+21   1.9325399057e+18   5.5265628200e+61   2.2245872600e-24   5.1871390090e-14  -1.1730775849e-05   2.0000000000e-02 
  1.5114441181e+21   1.9325399057e+18   5.5407316259e+61   2.2245872600e-24   5.1871390090e-14  -1.2539401066e-05   2.0000000000e-02 
  1.5133766580e+21   1.9325399057e+18   5.5549185712e+61   2.2245872600e-24   5.1871390091e-14  -1.2856883914e-05   2.0000000000e-02 
  1.5153091980e+21   1.9325399057e+18   5.5691236561e+61   2.2245872600e-24   5.1871390091e-14  -1.2661640553e-05   2.0000000000e-02 
  1.5172417379e+21   1.9325399057e+18   5.5833468804e+61   2.2245872600e-24   5.1871390091e-14  -1.1905123772e-05   2.0000000000e-02 
  1.5191742778e+21   1.9325399057e+18   5.5975882443e+61   2.2245872600e-24   5.1871390090e-14  -9.8672752895e-06   2.0000000000e-02 
  1.5211068177e+21   1.9325399057e+18   5.6118477476e+61   2.2245872600e-24   5.1871390090e-14  -8.3294925709e-06   2.0000000000e-02 
  1.5230393576e+21   1.9325399057e+18   5.6261253905e+61   2.2245872600e-24   5.1871390090e-14  -7.0910993671e-06   2.0000000000e-02 
  1.5249718975e+21   1.9325399057e+18   5.6404211728e+61   2.2245872600e-24   5.1871390090e-14  -6.2882302688e-06   2.0000000000e-02 
  1.5269044374e+21   1.9325399057e+18   5.6547350946e+61   2.2245872600e-24   5.1871390089e-14  -5.9796700113e-06   2.0000000000e-02 
  1.5288369773e+21   1.9325399057e+18   5.6690671560e+61   2.2245872600e-24   5.1871390089e-14  -5.7190958833e-06   2.0000000000e-02 
  1.5307695172e+21   1.9325399057e+18   5.6834173568e+61   2.2245872600e-24   5.1871390089e-14  -5.2551120857e-06   2.0000000000e-02 
  1.5327020571e+21   1.9325399057e+18   5.6977856971e+61   2.2245872600e-24   5.1871390089e-14  -4.7073079921e-06   2.0000000000e-02 
  1.5346345970e+21   1.9325399057e+18   5.7121721770e+61   2.2245872600e-24   5.1871390089e-14  -4.3320111120e-06   2.0000000000e-02 
  1.5365671369e+21   1.9325399057e+18   5.7265767963e+61   2.2245872600e-24   5.1871390089e-14  -4.0741203009e-06   2.0000000000e-02 
  1.5384996768e+21   1.9325399057e+18   5.7409995551e+61   2.2245872600e-24   5.1871390089e-14  -4.0836362430e-06   2.0000000000e-02 
  1.5404322167e+21   1.9325399057e+18   5.7554404534e+61   2.2245872600e-24   5.1871390089e-14  -4.4696480178e-06   2.0000000000e-02 
  1.5423647566e+21   1.9325399057e+18   5.7698994913e+61   2.2245872600e-24   5.1871390089e-14  -5.0586885915e-06   2.0000000000e-02 
  1.5442972965e+21   1.9325399057e+18   5.7843766686e+61   2.2245872600e-24   5.1871390089e-14  -5.9730692709e-06   2.0000000000e-02 
  1.5462298364e+21   1.9325399057e+18   5.7988719854e+61   2.2245872600e-24   5.1871390089e-14  -6.7140191759e-06   2.0000000000e-02 
  1.5481623764e+21   1.9325399057e+18   5.8133854417e+61   2.2245872600e-24   5.1871390089e-14  -7.2456578713e-06   2.0000000000e-02 
  1.5500949163e+21   1.9325399057e+18   5.8279170375e+61   2.2245872600e-24   5.1871390089e-14  -7.7454681032e-06   2.0000000000e-02 
  1.5520274562e+21   1.9325399057e+18   5.8424667728e+61   2.2245872600e-24   5.1871390089e-14  -8.2733544919e-06   2.0000000000e-02 
  1.5539599961e+21   1.9325399057e+18   5.8570346477e+61   2.2245872600e-24   5.1871390088e-14  -8.9367013513e-06   2.0000000000e-02 
  1.5558925360e+21   1.9325399057e+18   5.8716206620e+61   2.2245872600e-24   5.1871390088e-14  -1.0344978136e-05   2.0000000000e-02 
  1.5578250759e+21   1.9325399057e+18   5.8862248158e+61   2.2245872600e-24   5.1871390088e-14  -1.1959066809e-05   2.0000000000e-02 
  1.5597576158e+21   1.9325399057e+18   5.9008471091e+61   2.2245872600e-24   5.1871390088e-14  -1.2568349788e-05   2.0000000000e-02 
  1.5616901557e+21   1.9325399057e+18   5.9154875419e+61   2.2245872600e-24   5.1871390088e-14  -1.2653144330e-05   2.0000000000e-02 
  1.5636226956e+21   1.9325399057e+18   5.9301461142e+61   2.2245872600e-24   5.1871390088e-14  -1.2522251156e-05   2.0000000000e-02 
  1.5655552355e+21   1.9325399057e+18   5.9448228260e+61   2.2245872600e-24   5.1871390088e-14  -1.1859111444e-05   2.0000000000e-02 
  1.5674877754e+21   1.9325399057e+18   5.9595176773e+61   2.2245872600e-24   5.1871390088e-14  -1.0593783633e-05   2.0000000000e-02 
  1.5694203153e+21   1.9325399057e+18   5.9742306681e+61   2.2245872600e-24   5.1871390088e-14  -9.3280841890e-06   2.0000000000e-02 
  1.5713528552e+21   1.9325399057e+18   5.9889617984e+61   2.2245872600e-24   5.1871390088e-14  -8.1762116992e-06   2.0000000000e-02 
  1.5732853951e+21   1.9325399057e+18   6.0037110682e+61   2.2245872600e-24   5.1871390088e-14  -7.2601423187e-06   2.0000000000e-02 
  1.5752179350e+21   1.9325399057e+18   6.0184784775e+61   2.2245872600e-24   5.1871390088e-14  -6.7243779204e-06   2.0000000000e-02 
  1.5771504749e+21   1.9325399057e+18   6.0332640263e+61   2.2245872600e-24   5.1871390088e-14  -6.3964325039e-06   2.0000000000e-02 
  1.5790830148e+21   1.9325399057e+18   6.0480677146e+61   2.2245872600e-24   5.1871390088e-14  -6.2298503728e-06   2.0000000000e-02 
  1.5810155547e+21   1.9325399057e+18   6.0628895424e+61   2.2245872600e-24   5.1871390088e-14  -6.2121658203e-06   2.0000000000e-02 
  1.5829480947e+21   1.9325399057e+18   6.0777295096e+61   2.2245872600e-24   5.1871390088e-14  -6.3787985067e-06   2.0000000000e-02 
  1.5848806346e+21   1.9325399057e+18   6.0925876164e+61   2.2245872600e-24   5.1871390089e-14  -6.5929947326e-06   2.0000000000e-02 
  1.5868131745e+21   1.9325399057e+18   6.1074638627e+61   2.2245872600e-24   5.1871390089e-14  -6.7637630891e-06   2.0000000000e-02 
  1.5887457144e+21   1.9325399057e+18   6.1223582485e+61   2.2245872600e-24   5.1871390089e-14  -6.8467362506e-06   2.0000000000e-02 
  1.5906782543e+21   1.9325399057e+18   6.1372707738e+61   2.2245872600e-24   5.1871390089e-14  -6.8375870425e-06   2.0000000000e-02 
  1.5926107942e+21   1.9325399057e+18   6.1522014386e+61   2.2245872600e-24   5.1871390089e-14  -6.8045709265e-06   2.0000000000e-02 
  1.5945433341e+21   1.9325399057e+18   6.1671502428e+61   2.2245872600e-24   5.1871390089e-14  -6.8329237227e-06   2.0000000000e-02 
  1.5964758740e+21   1.9325399057e+18   6.1821171866e+61   2.2245872600e-24   5.1871390089e-14  -6.8536697929e-06   2.0000000000e-02 
  1.5984084139e+21   1.9325399057e+18   6.1971022699e+61   2.2245872600e-24   5.1871390089e-14  -6.7220806631e-06   2.0000000000e-02 
  1.6003409538e+21   1.9325399057e+18   6.2121054927e+61   2.2245872600e-24   5.1871390089e-14  -6.4602974712e-06   2.0000000000e-02 
  1.6022734937e+21   1.9325399057e+18   6.2271268549e+61   2.2245872600e-24   5.1871390089e-14  -6.0307187075e-06   2.0000000000e-02 
  1.6042060336e+21   1.9325399057e+18   6.2421663567e+61   2.2245872600e-24   5.1871390089e-14  -5.0242391198e-06   2.0000000000e-02 
  1.6061385735e+21   1.9325399057e+18   6.2572239980e+61   2.2245872600e-24   5.1871390090e-14  -3.4161617905e-06   2.0000000000e-02 
  1.6080711134e+21   1.9325399057e+18   6.2722997787e+61   2.2245872600e-24   5.1871390090e-14  -1.0511335442e-06   2.0000000000e-02 
  1.6100036533e+21   1.9325399057e+18   6.2873936990e+61   2.2245872600e-24   5.1871390091e-14   7.9886485563e-07   2.0000000000e-02 
  1.6119361932e+21   1.9325399057e+18   6.3025057587e+61   2.2245872600e-24   5.1871390091e-14   1.5658433273e-06   2.0000000000e-02 
  1.6138687331e+21   1.9325399057e+18   6.3176359580e+61   2.2245872600e-24   5.1871390091e-14   2.0611323598e-06   2.0000000000e-02 
  1.6158012731e+21   1.9325399057e+18   6.3327842968e+61   2.2245872600e-24   5.1871390091e-14   2.5900248907e-06   2.0000000000e-02 
  1.6177338130e+21   1.9325399057e+18   6.3479507750e+61   2.2245872600e-24   5.1871390091e-14   3.0607843642e-06   2.0000000000e-02 
  1.6196663529e+21   1.9325399057e+18   6.3631353928e+61   2.2245872600e-24   5.1871390091e-14   3.4731934453e-06   2.0000000000e-02 
  1.6215988928e+21   1.9325399057e+18   6.3783381500e+61   2.2245872600e-24   5.1871390091e-14   3.8107153501e-06   2.0000000000e-02 
  1.6235314327e+21   1.9325399057e+18   6.3935590468e+61   2.2245872600e-24   5.1871390091e-14   3.9293868511e-06   2.0000000000e-02 
  1.6254639726e+21   1.9325399057e+18   6.4087980830e+61   2.2245872600e-24   5.1871390091e-14   3.8186966327e-06   2.0000000000e-02 
  1.6273965125e+21   1.9325399057e+18   6.4240552588e+61   2.2245872600e-24   5.1871390091e-14   3.4750210098e-06   2.0000000000e-02 
  1.6293290524e+21   1.9325399057e+18   6.4393305740e+61   2.2245872600e-24   5.1871390091e-14   2.9894981736e-06   2.0000000000e-02 
  1.6312615923e+21   1.9325399057e+18   6.4546240288e+61   2.2245872600e-24   5.1871390090e-14   2.3488244639e-06   2.0000000000e-02 
  1.6331941322e+21   1.9325399057e+18   6.4699356230e+61   2.2245872600e-24   5.1871390090e-14   1.6640803278e-06   2.0000000000e-02 
  1.6351266721e+21   1.9325399057e+18   6.4852653568e+61   2.2245872600e-24   5.1871390090e-14   1.5229399418e-06   2.0000000000e-02 
  1.6370592120e+21   1.9325399057e+18   6.5006132300e+61   2.2245872600e-24   5.1871390090e-14   1.5631948667e-06   2.0000000000e-02 
  1.6389917519e+21   1.9325399057e+18   6.5159792427e+61   2.2245872600e-24   5.1871390090e-14   1.6485387504e-06   2.0000000000e-02 
  1.6409242918e+21   1.9325399057e+18   6.5313633950e+61   2.2245872600e-24   5.1871390090e-14   1.7053979457e-06   2.0000000000e-02 
  1.6428568317e+21   1.9325399057e+18   6.5467656867e+61   2.2245872600e-24   5.1871390090e-14   1.6839160128e-06   2.0000000000e-02 
  1.6447893716e+21   1.9325399057e+18   6.5621861179e+61   2.2245872600e-24   5.1871390090e-14   1.5963422800e-06   2.0000000000e-02 
  1.6467219115e+21   1.9325399057e+18   6.5776246887e+61   2.2245872600e-24   5.1871390090e-14   1.4519575289e-06   2.0000000000e-02 
  1.6486544514e+21   1.9325399057e+18   6.5930813989e+61   2.2245872600e-24   5.1871390090e-14   1.3167014279e-06   2.0000000000e-02 
  1.6505869914e+21   1.9325399057e+18   6.6085562486e+61   2.2245872600e-24   5.1871390090e-14   1.2333525267e-06   2.0000000000e-02 
  1.6525195313e+21   1.9325399057e+18   6.6240492379e+61   2.2245872600e-24   5.1871390090e-14   1.1738940175e-06   2.0000000000e-02 
  1.6544520712e+21   1.9325399057e+18   6.6395603666e+61   2.2245872600e-24   5.1871390090e-14   1.1626529177e-06   2.0000000000e-02 
  1.6563846111e+21   1.9325399057e+18   6.6550896348e+61   2.2245872600e-24   5.1871390090e-14   1.2023273760e-06   2.0000000000e-02 
  1.6583171510e+21   1.9325399057e+18   6.6706370425e+61   2.2245872600e-24   5.1871390090e-14   1.2348194543e-06   2.0000000000e-02 
  1.6602496909e+21   1.9325399057e+18   6.6862025897e+61   2.2245872600e-24   5.1871390090e-14   1.2615326325e-06   2.0000000000e-02 
  1.6621822308e+21   1.9325399057e+18   6.7017862765e+61   2.2245872600e-24   5.1871390090e-14   1.2914744350e-06   2.0000000000e-02 
  1.6641147707e+21   1.9325399057e+18   6.7173881027e+61   2.2245872600e-24   5.1871390090e-14   1.3096471904e-06   2.0000000000e-02 
  1.6660473106e+21   1.9325399057e+18   6.7330080684e+61   2.2245872600e-24   5.1871390090e-14   1.3284388935e-06   2.0000000000e-02 
  1.6679798505e+21   1.9325399057e+18   6.7486461736e+61   2.2245872600e-24   5.1871390090e-14   1.3584499415e-06   2.0000000000e-02 
  1.6699123904e+21   1.9325399057e+18   6.7643024183e+61   2.2245872600e-24   5.1871390090e-14   1.4118350361e-06   2.0000000000e-02 
  1.6718449303e+21   1.9325399057e+18   6.7799768025e+61   2.2245872600e-24   5.1871390090e-14   1.4980334365e-06   2.0000000000e-02 
  1.6737774702e+21   1.9325399057e+18   6.7956693262e+61   2.2245872600e-24   5.1871390090e-14   1.5643948019e-06   2.0000000000e-02 
  1.6757100101e+21   1.9325399057e+18   6.8113799894e+61   2.2245872600e-24   5.1871390090e-14   1.5774630848e-06   2.0000000000e-02 
  1.6776425500e+21   1.9325399057e+18   6.8271087921e+61   2.2245872600e-24   5.1871390090e-14   1.4226516243e-06   2.0000000000e-02 
  1.6795750899e+21   1.9325399057e+18   6.8428557343e+61   2.2245872600e-24   5.1871390090e-14   9.4116342664e-07   2.0000000000e-02 
  1.6815076298e+21   1.9325399057e+18   6.8586208160e+61   2.2245872600e-24   5.1871390090e-14   1.4163877654e-07   2.0000000000e-02 
  1.6834401697e+21   1.9325399057e+18   6.8744040372e+61   2.2245872600e-24   5.1871390090e-14  -1.2772492913e-07   2.0000000000e-02 
  1.6853727097e+21   1.9325399057e+18   6.8902053979e+61   2.2245872600e-24   5.1871390090e-14   1.6465235601e-06   2.0000000000e-02 
  1.6873052496e+21   1.9325399057e+18   6.9060248981e+61   2.2245872600e-24   5.1871390089e-14   3.8024164100e-06   2.0000000000e-02 
  1.6892377895e+21   1.9325399057e+18   6.9218625378e+61   2.2245872600e-24   5.1871390089e-14   5.2596159718e-06   2.0000000000e-02 
  1.6911703294e+21   1.9325399057e+18   6.9377183170e+61   2.2245872600e-24   5.1871390089e-14   6.1127689053e-06   2.0000000000e-02 
  1.6931028693e+21   1.9325399057e+18   6.9535922357e+61   2.2245872600e-24   5.1871390089e-14   6.5551084596e-06   2.0000000000e-02 
  1.6950354092e+21   1.9325399057e+18   6.9694842939e+61   2.2245872600e-24   5.1871390089e-14   6.6713786311e-06   2.0000000000e-02 
  1.6969679491e+21   1.9325399057e+18   6.9853944916e+61   2.2245872600e-24   5.1871390089e-14   6.7161892529e-06   2.0000000000e-02 
  1.6989004890e+21   1.9325399057e+18   7.0013228288e+61   2.2245872600e-24   5.1871390089e-14   6.7717814605e-06   2.0000000000e-02 
  1.7008330289e+21   1.9325399057e+18   7.0172693055e+61   2.2245872600e-24   5.1871390089e-14   6.7734086764e-06   2.0000000000e-02 
  1.7027655688e+21   1.9325399057e+18   7.0332339216e+61   2.2245872600e-24   5.1871390089e-14   6.6726518618e-06   2.0000000000e-02 
  1.7046981087e+21   1.9325399057e+18   7.0492166773e+61   2.2245872600e-24   5.1871390089e-14   6.4448462943e-06   2.0000000000e-02 
  1.7066306486e+21   1.9325399057e+18   7.0652175725e+61   2.2245872600e-24   5.1871390089e-14   6.0892338227e-06   2.0000000000e-02 
  1.7085631885e+21   1.9325399057e+18   7.0812366072e+61   2.2245872600e-24   5.1871390089e-14   5.6758351608e-06   2.0000000000e-02 
  1.7104957284e+21   1.9325399057e+18   7.0972737814e+61   2.2245872600e-24   5.1871390089e-14   5.2925739177e-06   2.0000000000e-02 
  1.7124282683e+21   1.9325399057e+18   7.1133290950e+61   2.2245872600e-24   5.1871390089e-14   4.9885840213e-06   2.0000000000e-02 
  1.7143608082e+21   1.9325399057e+18   7.1294025482e+61   2.2245872600e-24   5.1871390089e-14   4.8148411609e-06   2.0000000000e-02 
  1.7162933481e+21   1.9325399057e+18   7.1454941409e+61   2.2245872600e-24   5.1871390089e-14   4.7751489406e-06   2.0000000000e-02 
  1.7182258881e+21   1.9325399057e+18   7.1616038730e+61   2.2245872600e-24   5.1871390089e-14   4.8680152872e-06   2.0000000000e-02 
  1.7201584280e+21   1.9325399057e+18   7.1777317447e+61   2.2245872600e-24   5.1871390089e-14   5.0511191849e-06   2.0000000000e-02 
  1.7220909679e+21   1.9325399057e+18   7.1938777559e+61   2.2245872600e-24   5.1871390089e-14   5.3224918349e-06   2.0000000000e-02 
  1.7240235078e+21   1.9325399057e+18   7.2100419065e+61   2.2245872600e-24   5.1871390089e-14   5.7930627210e-06   2.0000000000e-02 
  1.7259560477e+21   1.9325399057e+18   7.2262241967e+61   2.2245872600e-24   5.1871390089e-14   6.5887899699e-06   2.0000000000e-02 
  1.7278885876e+21   1.9325399057e+18   7.2424246264e+61   2.2245872600e-24   5.1871390088e-14   7.8376076028e-06   2.0000000000e-02 
  1.7298211275e+21   1.9325399057e+18   7.2586431955e+61   2.2245872600e-24   5.1871390088e-14   9.0537043551e-06   2.0000000000e-02 
  1.7317536674e+21   1.9325399057e+18   7.2748799042e+61   2.2245872600e-24   5.1871390088e-14   1.0264287090e-05   2.0000000000e-02 
  1.7336862073e+21   1.9325399057e+18   7.2911347523e+61   2.2245872600e-24   5.1871390088e-14   1.0806497830e-05   2.0000000000e-02 
  1.7356187472e+21   1.9325399057e+18   7.3074077400e+61   2.2245872600e-24   5.1871390088e-14   1.0896563144e-05   2.0000000000e-02 
  1.7375512871e+21   1.9325399057e+18   7.3236988671e+61   2.2245872600e-24   5.1871390088e-14   1.0869974679e-05   2.0000000000e-02 
  1.7394838270e+21   1.9325399057e+18   7.3400081338e+61   2.2245872600e-24   5.1871390088e-14   1.0571152822e-05   2.0000000000e-02 
  1.7414163669e+21   1.9325399057e+18   7.3563355399e+61   2.2245872600e-24   5.1871390088e-14   1.0025380050e-05   2.0000000000e-02 
  1.7433489068e+21   1.9325399057e+18   7.3726810856e+61   2.2245872600e-24   5.1871390088e-14   9.6150832495e-06   2.0000000000e-02 
  1.7452814467e+21   1.9325399057e+18   7.3890447707e+61   2.2245872600e-24   5.1871390088e-14   9.0738331405e-06   2.0000000000e-02 
  1.7472139866e+21   1.9325399057e+18   7.4054265954e+61   2.2245872600e-24   5.1871390088e-14   8.4783459815e-06   2.0000000000e-02 
  1.7491465265e+21   1.9325399057e+18   7.4218265595e+61   2.2245872600e-24   5.1871390088e-14   7.8325625336e-06   2.0000000000e-02 
  1.7510790664e+21   1.9325399057e+18   7.4382446632e+61   2.2245872600e-24   5.1871390089e-14   7.1241137679e-06   2.0000000000e-02 
  1.7530116064e+21   1.9325399057e+18   7.4546809063e+61   2.2245872600e-24   5.1871390089e-14   6.5880787117e-06   2.0000000000e-02 
  1.7549441463e+21   1.9325399057e+18   7.4711352889e+61   2.2245872600e-24   5.1871390089e-14   5.9359084294e-06   2.0000000000e-02 
  1.7568766862e+21   1.9325399057e+18   7.4876078111e+61   2.2245872600e-24   5.1871390089e-14   5.0902908848e-06   2.0000000000e-02 
  1.7588092261e+21   1.9325399057e+18   7.5040984727e+61   2.2245872600e-24   5.1871390089e-14   4.4124048802e-06   2.0000000000e-02 
  1.7607417660e+21   1.9325399057e+18   7.5206072738e+61   2.2245872600e-24   5.1871390089e-14   3.9968677992e-06   2.0000000000e-02 
  1.7626743059e+21   1.9325399057e+18   7.5371342145e+61   2.2245872600e-24   5.1871390089e-14   3.9990977939e-06   2.0000000000e-02 
  1.7646068458e+21   1.9325399057e+18   7.5536792946e+61   2.2245872600e-24   5.1871390089e-14   4.6492916699e-06   2.0000000000e-02 
  1.7665393857e+21   1.9325399057e+18   7.5702425142e+61   2.2245872600e-24   5.1871390089e-14   5.5435865505e-06   2.0000000000e-02 
  1.7684719256e+21   1.9325399057e+18   7.5868238733e+61   2.2245872600e-24   5.1871390089e-14   6.4367330618e-06   2.0000000000e-02 
  1.7704044655e+21   1.9325399057e+18   7.6034233720e+61   2.2245872600e-24   5.1871390089e-14   6.9498706082e-06   2.0000000000e-02 
  1.7723370054e+21   1.9325399057e+18   7.6200410101e+61   2.2245872600e-24   5.1871390089e-14   7.1629923871e-06   2.0000000000e-02 
  1.7742695453e+21   1.9325399057e+18   7.6366767877e+61   2.2245872600e-24   5.1871390089e-14   7.4139603743e-06   2.0000000000e-02 
  1.7762020852e+21   1.9325399057e+18   7.6533307048e+61   2.2245872600e-24   5.1871390089e-14   7.9007729144e-06   2.0000000000e-02 
  1.7781346251e+21   1.9325399057e+18   7.6700027614e+61   2.2245872600e-24   5.1871390089e-14   8.4875035989e-06   2.0000000000e-02 
  1.7800671650e+21   1.9325399057e+18   7.6866929575e+61   2.2245872600e-24   5.1871390089e-14   9.0680793765e-06   2.0000000000e-02 
  1.7819997049e+21   1.9325399057e+18   7.7034012932e+61   2.2245872600e-24   5.1871390089e-14   9.6283299970e-06   2.0000000000e-02 
  1.7839322448e+21   1.9325399057e+18   7.7201277683e+61   2.2245872600e-24   5.1871390089e-14   9.6267953578e-06   2.0000000000e-02 
  1.7858647848e+21   1.9325399057e+18   7.7368723829e+61   2.2245872600e-24   5.1871390090e-14   9.3454543930e-06   2.0000000000e-02 
  1.7877973247e+21   1.9325399057e+18   7.7536351370e+61   2.2245872600e-24   5.1871390090e-14   8.8600151901e-06   2.0000000000e-02 
  1.7897298646e+21   1.9325399057e+18   7.7704160306e+61   2.2245872600e-24   5.1871390089e-14   8.4487128502e-06   2.0000000000e-02 
  1.7916624045e+21   1.9325399057e+18   7.7872150637e+61   2.2245872600e-24   5.1871390089e-14   8.0200984509e-06   2.0000000000e-02 
  1.7935949444e+21   1.9325399057e+18   7.8040322363e+61   2.2245872600e-24   5.1871390089e-14   7.6074504423e-06   2.0000000000e-02 
  1.7955274843e+21   1.9325399057e+18   7.8208675484e+61   2.2245872600e-24   5.1871390089e-14   7.3255806982e-06   2.0000000000e-02 
  1.7974600242e+21   1.9325399057e+18   7.8377210000e+61   2.2245872600e-24   5.1871390089e-14   7.1051860246e-06   2.0000000000e-02 
  1.7993925641e+21   1.9325399057e+18   7.8545925911e+61   2.2245872600e-24   5.1871390089e-14   6.9551675697e-06   2.0000000000e-02 
  1.8013251040e+21   1.9325399057e+18   7.8714823217e+61   2.2245872600e-24   5.1871390089e-14   6.8823729131e-06   2.0000000000e-02 
  1.8032576439e+21   1.9325399057e+18   7.8883901918e+61   2.2245872600e-24   5.1871390089e-14   6.8929867780e-06   2.0000000000e-02 
  1.8051901838e+21   1.9325399057e+18   7.9053162014e+61   2.2245872600e-24   5.1871390089e-14   6.8338566755e-06   2.0000000000e-02 
  1.8071227237e+21   1.9325399057e+18   7.9222603505e+61   2.2245872600e-24   5.1871390089e-14   6.2167468527e-06   2.0000000000e-02 
  1.8090552636e+21   1.9325399057e+18   7.9392226391e+61   2.2245872600e-24   5.1871390089e-14   4.8108334540e-06   2.0000000000e-02 
  1.8109878035e+21   1.9325399057e+18   7.9562030672e+61   2.2245872600e-24   5.1871390089e-14   2.0815446450e-06   2.0000000000e-02 
  1.8129203434e+21   1.9325399057e+18   7.9732016347e+61   2.2245872600e-24   5.1871390088e-14  -1.1770380878e-06   2.0000000000e-02 
  1.8148528833e+21   1.9325399057e+18   7.9902183418e+61   2.2245872600e-24   5.1871390088e-14  -2.6163110773e-06   2.0000000000e-02 
  1.8167854232e+21   1.9325399057e+18   8.0072531884e+61   2.2245872600e-24   5.1871390088e-14  -3.3688677048e-06   2.0000000000e-02 
  1.8187179631e+21   1.9325399057e+18   8.0243061745e+61   2.2245872600e-24   5.1871390088e-14  -3.8907518690e-06   2.0000000000e-02 
  1.8206505031e+21   1.9325399057e+18   8.0413773001e+61   2.2245872600e-24   5.1871390088e-14  -4.2148245005e-06   2.0000000000e-02 
  1.8225830430e+21   1.9325399057e+18   8.0584665651e+61   2.2245872600e-24   5.1871390088e-14  -4.2959420485e-06   2.0000000000e-02 
  1.8245155829e+21   1.9325399057e+18   8.0755739697e+61   2.2245872600e-24   5.1871390088e-14  -4.1931048142e-06   2.0000000000e-02 
  1.8264481228e+21   1.9325399057e+18   8.0926995138e+61   2.2245872600e-24   5.1871390088e-14  -3.7913246478e-06   2.0000000000e-02 
  1.8283806627e+21   1.9325399057e+18   8.1098431974e+61   2.2245872600e-24   5.1871390088e-14  -2.5632831913e-06   2.0000000000e-02 
  1.8303132026e+21   1.9325399057e+18   8.1270050204e+61   2.2245872600e-24   5.1871390088e-14  -1.0207407215e-06   2.0000000000e-02 
  1.8322457425e+21   1.9325399057e+18   8.1441849830e+61   2.2245872600e-24   5.1871390088e-14  -3.6742023482e-07   2.0000000000e-02 
  1.8341782824e+21   1.9325399057e+18   8.1613830851e+61   2.2245872600e-24   5.1871390088e-14  -1.4585198965e-07   2.0000000000e-02 
  1.8361108223e+21   1.9325399057e+18   8.1785993266e+61   2.2245872600e-24   5.1871390088e-14  -4.3071770813e-08   2.0000000000e-02 
  1.8380433622e+21   1.9325399057e+18   8.1958337077e+61   2.2245872600e-24   5.1871390088e-14   5.7129839097e-09   2.0000000000e-02 
  1.8399759021e+21   1.9325399057e+18   8.2130862283e+61   2.2245872600e-24   5.1871390088e-14  -1.3729102454e-08   2.0000000000e-02 
  1.8419084420e+21   1.9325399057e+18   8.2303568883e+61   2.2245872600e-24   5.1871390088e-14  -6.7627765455e-08   2.0000000000e-02 
  1.8438409819e+21   1.9325399057e+18   8.2476456879e+61   2.2245872600e-24   5.1871390088e-14  -1.5833687278e-07   2.0000000000e-02 
  1.8457735218e+21   1.9325399057e+18   8.2649526269e+61   2.2245872600e-24   5.1871390088e-14  -2.5079109115e-07   2.0000000000e-02 
  1.8477060617e+21   1.9325399057e+18   8.2822777055e+61   2.2245872600e-24   5.1871390088e-14  -2.9213085328e-07   2.0000000000e-02 
  1.8496386016e+21   1.9325399057e+18   8.2996209236e+61   2.2245872600e-24   5.1871390088e-14  -2.8999860958e-07   2.0000000000e-02 
  1.8515711415e+21   1.9325399057e+18   8.3169822811e+61   2.2245872600e-24   5.1871390088e-14  -2.0068274703e-07   2.0000000000e-02 
  1.8535036815e+21   1.9325399057e+18   8.3343617782e+61   2.2245872600e-24   5.1871390088e-14  -1.1255917088e-07   2.0000000000e-02 
  1.8554362214e+21   1.9325399057e+18   8.3517594147e+61   2.2245872600e-24   5.1871390088e-14  -6.7641698438e-08   2.0000000000e-02 
  1.8573687613e+21   1.9325399057e+18   8.3691751907e+61   2.2245872600e-24   5.1871390088e-14  -2.8914137432e-08   2.0000000000e-02 
  1.8593013012e+21   1.9325399057e+18   8.3866091063e+61   2.2245872600e-24   5.1871390088e-14   1.0444116006e-08   2.0000000000e-02 
  1.8612338411e+21   1.9325399057e+18   8.4040611613e+61   2.2245872600e-24   5.1871390088e-14   5.3518450103e-08   2.0000000000e-02 
  1.8631663810e+21   1.9325399057e+18   8.4215313559e+61   2.2245872600e-24   5.1871390088e-14   8.8587112438e-08   2.0000000000e-02 
  1.8650989209e+21   1.9325399057e+18   8.4390196899e+61   2.2245872600e-24   5.1871390088e-14   1.0385876199e-07   2.0000000000e-02 
  1.8670314608e+21   1.9325399057e+18   8.4565261635e+61   2.2245872600e-24   5.1871390088e-14   8.4008741232e-08   2.0000000000e-02 
  1.8689640007e+21   1.9325399057e+18   8.4740507765e+61   2.2245872600e-24   5.1871390088e-14   7.0919057800e-08   2.0000000000e-02 
  1.8708965406e+21   1.9325399057e+18   8.4915935290e+61   2.2245872600e-24   5.1871390088e-14   6.9293215778e-08   2.0000000000e-02 
  1.8728290805e+21   1.9325399057e+18   8.5091544211e+61   2.2245872600e-24   5.1871390088e-14   1.0133463566e-07   2.0000000000e-02 
  1.8747616204e+21   1.9325399057e+18   8.5267334526e+61   2.2245872600e-24   5.1871390088e-14   1.7972257886e-07   2.0000000000e-02 
  1.8766941603e+21   1.9325399057e+18   8.5443306236e+61   2.2245872600e-24   5.1871390088e-14   2.8042597879e-07   2.0000000000e-02 
  1.8786267002e+21   1.9325399057e+18   8.5619459342e+61   2.2245872600e-24   5.1871390088e-14   4.2024796660e-07   2.0000000000e-02 
  1.8805592401e+21   1.9325399057e+18   8.5795793842e+61   2.2245872600e-24   5.1871390088e-14   5.5437943918e-07   2.0000000000e-02 
  1.8824917800e+21   1.9325399057e+18   8.5972309737e+61   2.2245872600e-24   5.1871390088e-14   6.2000873734e-07   2.0000000000e-02 
  1.8844243199e+21   1.9325399057e+18   8.6149007027e+61   2.2245872600e-24   5.1871390088e-14   6.1305506382e-07   2.0000000000e-02 
  1.8863568598e+21   1.9325399057e+18   8.6325885712e+61   2.2245872600e-24   5.1871390088e-14   5.5802380143e-07   2.0000000000e-02 
  1.8882893998e+21   1.9325399057e+18   8.6502945793e+61   2.2245872600e-24   5.1871390088e-14   4.3679525990e-07   2.0000000000e-02 
  1.8902219397e+21   1.9325399057e+18   8.6680187268e+61   2.2245872600e-24   5.1871390088e-14   2.2812601112e-07   2.0000000000e-02 
  1.8921544796e+21   1.9325399057e+18   8.6857610138e+61   2.2245872600e-24   5.1871390088e-14   3.0855636691e-08   2.0000000000e-02 
  1.8940870195e+21   1.9325399057e+18   8.7035214403e+61   2.2245872600e-24   5.1871390088e-14  -6.7335140982e-08   2.0000000000e-02 
  1.8960195594e+21   1.9325399057e+18   8.7213000063e+61   2.2245872600e-24   5.1871390088e-14  -8.8239745746e-08   2.0000000000e-02 
  1.8979520993e+21   1.9325399057e+18   8.7390967118e+61   2.2245872600e-24   5.1871390088e-14  -8.1623574009e-08   2.0000000000e-02 
  1.8998846392e+21   1.9325399057e+18   8.7569115569e+61   2.2245872600e-24   5.1871390088e-14  -3.7200647604e-08   2.0000000000e-02 
  1.9018171791e+21   1.9325399057e+18   8.7747445414e+61   2.2245872600e-24   5.1871390088e-14   6.5948175826e-08   2.0000000000e-02 
  1.9037497190e+21   1.9325399057e+18   8.7925956654e+61   2.2245872600e-24   5.1871390088e-14   2.6898300733e-07   2.0000000000e-02 
  1.9056822589e+21   1.9325399057e+18   8.8104649289e+61   2.2245872600e-24   5.1871390088e-14   6.1178377218e-07   2.0000000000e-02 
  1.9076147988e+21   1.9325399057e+18   8.8283523319e+61   2.2245872600e-24   5.1871390088e-14   9.2851693839e-07   2.0000000000e-02 
  1.9095473387e+21   1.9325399057e+18   8.8462578744e+61   2.2245872600e-24   5.1871390088e-14   1.0529912370e-06   2.0000000000e-02 
  1.9114798786e+21   1.9325399057e+18   8.8641815564e+61   2.2245872600e-24   5.1871390088e-14   1.0303052601e-06   2.0000000000e-02 
  1.9134124185e+21   1.9325399057e+18   8.8821233779e+61   2.2245872600e-24   5.1871390088e-14   9.5933274616e-07   2.0000000000e-02 
  1.9153449584e+21   1.9325399057e+18   8.9000833389e+61   2.2245872600e-24   5.1871390088e-14   8.7330892439e-07   2.0000000000e-02 
  1.9172774983e+21   1.9325399057e+18   8.9180614394e+61   2.2245872600e-24   5.1871390088e-14   7.6952381042e-07   2.0000000000e-02 
  1.9192100382e+21   1.9325399057e+18   8.9360576794e+61   2.2245872600e-24   5.1871390088e-14   7.5433945131e-07   2.0000000000e-02 
  1.9211425782e+21   1.9325399057e+18   8.9540720589e+61   2.2245872600e-24   5.1871390088e-14   8.3892489740e-07   2.0000000000e-02 
  1.9230751181e+21   1.9325399057e+18   8.9721045778e+61   2.2245872600e-24   5.1871390088e-14   8.6694768329e-07   2.0000000000e-02 
  1.9250076580e+21   1.9325399057e+18   8.9901552363e+61   2.2245872600e-24   5.1871390088e-14   8.4478739333e-07   2.0000000000e-02 
  1.9269401979e+21   1.9325399057e+18   9.0082240343e+61   2.2245872600e-24   5.1871390088e-14   7.6845997800e-07   2.0000000000e-02 
  1.9288727378e+21   1.9325399057e+18   9.0263109718e+61   2.2245872600e-24   5.1871390088e-14   5.5389964372e-07   2.0000000000e-02 
  1.9308052777e+21   1.9325399057e+18   9.0444160488e+61   2.2245872600e-24   5.1871390088e-14   2.2239650976e-07   2.0000000000e-02 
  1.9327378176e+21   1.9325399057e+18   9.0625392653e+61   2.2245872600e-24   5.1871390088e-14  -7.3889068359e-08   2.0000000000e-02 
  1.9346703575e+21   1.9325399057e+18   9.0806806212e+61   2.2245872600e-24   5.1871390088e-14  -2.3104799152e-07   2.0000000000e-02 
  1.9366028974e+21   1.9325399057e+18   9.0988401167e+61   2.2245872600e-24   5.1871390088e-14  -2.5775218006e-07   2.0000000000e-02 
  1.9385354373e+21   1.9325399057e+18   9.1170177517e+61   2.2245872600e-24   5.1871390088e-14  -2.5093643661e-07   2.0000000000e-02 
  1.9404679772e+21   1.9325399057e+18   9.1352135262e+61   2.2245872600e-24   5.1871390088e-14  -2.5114116047e-07   2.0000000000e-02 
  1.9424005171e+21   1.9325399057e+18   9.1534274401e+61   2.2245872600e-24   5.1871390088e-14  -2.5211386011e-07   2.0000000000e-02 
  1.9443330570e+21   1.9325399057e+18   9.1716594936e+61   2.2245872600e-24   5.1871390088e-14  -2.3243576593e-07   2.0000000000e-02 
  1.9462655969e+21   1.9325399057e+18   9.1899096866e+61   2.2245872600e-24   5.1871390088e-14  -1.9582299701e-07   2.0000000000e-02 
  1.9481981368e+21   1.9325399057e+18   9.2081780190e+61   2.2245872600e-24   5.1871390088e-14  -1.5190407426e-07   2.0000000000e-02 
  1.9501306767e+21   1.9325399057e+18   9.2264644910e+61   2.2245872600e-24   5.1871390088e-14  -8.9671157769e-08   2.0000000000e-02 
  1.9520632166e+21   1.9325399057e+18   9.2447691025e+61   2.2245872600e-24   5.1871390088e-14  -4.8041635142e-08   2.0000000000e-02 
  1.9539957565e+21   1.9325399057e+18   9.2630918534e+61   2.2245872600e-24   5.1871390088e-14  -5.7629028978e-08   2.0000000000e-02 
  1.9559282965e+21   1.9325399057e+18   9.2814327439e+61   2.2245872600e-24   5.1871390088e-14  -8.4596387036e-08   2.0000000000e-02 
  1.9578608364e+21   1.9325399057e+18   9.2997917739e+61   2.2245872600e-24   5.1871390088e-14  -1.1169195794e-07   2.0000000000e-02 
  1.9597933763e+21   1.9325399057e+18   9.3181689433e+61   2.2245872600e-24   5.1871390088e-14  -1.5005065564e-07   2.0000000000e-02 
  1.9617259162e+21   1.9325399057e+18   9.3365642523e+61   2.2245872600e-24   5.1871390088e-14  -1.8307180117e-07   2.0000000000e-02 
  1.9636584561e+21   1.9325399057e+18   9.3549777007e+61   2.2245872600e-24   5.1871390088e-14  -1.8132916891e-07   2.0000000000e-02 
  1.9655909960e+21   1.9325399057e+18   9.3734092887e+61   2.2245872600e-24   5.1871390088e-14  -1.7167224492e-07   2.0000000000e-02 
  1.9675235359e+21   1.9325399057e+18   9.3918590161e+61   2.2245872600e-24   5.1871390088e-14  -2.0473367439e-07   2.0000000000e-02 
  1.9694560758e+21   1.9325399057e+18   9.4103268831e+61   2.2245872600e-24   5.1871390088e-14  -2.3458023839e-07   2.0000000000e-02 
  1.9713886157e+21   1.9325399057e+18   9.4288128895e+61   2.2245872600e-24   5.1871390088e-14  -2.2114901117e-07   2.0000000000e-02 
  1.9733211556e+21   1.9325399057e+18   9.4473170355e+61   2.2245872600e-24   5.1871390088e-14  -1.9116749837e-07   2.0000000000e-02 
  1.9752536955e+21   1.9325399057e+18   9.4658393209e+61   2.2245872600e-24   5.1871390088e-14  -1.3948539766e-07   2.0000000000e-02 
  1.9771862354e+21   1.9325399057e+18   9.4843797459e+61   2.2245872600e-24   5.1871390088e-14  -5.8639447625e-08   2.0000000000e-02 
  1.9791187753e+21   1.9325399057e+18   9.5029383103e+61   2.2245872600e-24   5.1871390088e-14   0.0000000000e+00   2.0000000000e-02 
