# time = 1.482655e+15 [s] 
# r                  dr                 dV                 Density            Pressure           Velocity           Z
  2.1304517832e+18   2.1304517832e+18   4.0504543152e+55   2.8214290505e-31   1.1760633147e-13   0.0000000000e+00   9.9248591688e-02 
  2.9807363946e+18   8.5028461134e+17   7.0428089620e+55   2.8214290505e-31   1.1760633147e-13  -1.1751312301e+05   9.9248591688e-02 
  3.8967411028e+18   9.1600470819e+17   1.3691984605e+56   2.8218621722e-31   1.1760400999e-13  -2.0764729093e+05   9.9248591688e-02 
  4.7572717616e+18   8.6053065877e+17   2.0313293271e+56   2.8232103380e-31   1.1760484970e-13  -3.0373178693e+05   9.9248591688e-02 
  5.3884448574e+18   6.3117309585e+17   2.0437309043e+56   2.8253833619e-31   1.1760506324e-13  -3.7453781751e+05   9.9248591688e-02 
  5.9111710000e+18   5.2272614258e+17   2.0982688997e+56   2.8283358720e-31   1.1760507050e-13  -4.2650591604e+05   9.9248591688e-02 
  6.6932821910e+18   7.8211119097e+17   3.9086196928e+56   2.8336014728e-31   1.1760505762e-13  -4.8320022036e+05   9.9248591688e-02 
  7.4185961915e+18   7.2531400060e+17   4.5417982583e+56   2.8413871421e-31   1.1760506176e-13  -5.4728603480e+05   9.9248591688e-02 
  8.3736432600e+18   9.5504706842e+17   7.4918869801e+56   2.8523437905e-31   1.1760505953e-13  -6.1733600101e+05   9.9248591688e-02 
  9.3170516746e+18   9.4340841467e+17   9.2843371381e+56   2.8669346928e-31   1.1760506186e-13  -6.9550819406e+05   9.9248591688e-02 
  1.0484150220e+19   1.1670985458e+18   1.4392728364e+57   2.8859288018e-31   1.1760506305e-13  -7.8152888916e+05   9.9248591688e-02 
  1.1696728683e+19   1.2125784625e+18   1.8760726304e+57   2.9101964438e-31   1.1760506772e-13  -8.7788348152e+05   9.9248591688e-02 
  1.3118642159e+19   1.4219134758e+18   2.7538458244e+57   2.9404677282e-31   1.1760507418e-13  -9.8400972296e+05   9.9248591688e-02 
  1.4640954383e+19   1.5223122241e+18   3.6890542738e+57   2.9779722377e-31   1.1760508406e-13  -1.1022114844e+06   9.9248591688e-02 
  1.6364772040e+19   1.7238176574e+18   5.2116141754e+57   3.0236081180e-31   1.1760509748e-13  -1.2322028428e+06   9.9248591688e-02 
  1.8278530074e+19   1.9137580336e+18   7.2229899357e+57   3.0795869171e-31   1.1760511729e-13  -1.3775958068e+06   9.9248591688e-02 
  2.0391492986e+19   2.1129629116e+18   9.9362522200e+57   3.1470812568e-31   1.1760514709e-13  -1.5382816723e+06   9.9248591688e-02 
  2.2758444661e+19   2.3669516756e+18   1.3859098592e+58   3.2285533381e-31   1.1760519426e-13  -1.7167769839e+06   9.9248591688e-02 
  2.5318108575e+19   2.5596639143e+18   1.8604141350e+58   3.3253269137e-31   1.1760526629e-13  -1.9127838365e+06   9.9248591688e-02 
  2.8207809132e+19   2.8897005566e+18   2.6034706356e+58   3.4407368495e-31   1.1760537590e-13  -2.1293119594e+06   9.9248591688e-02 
  3.1290117052e+19   3.0823079196e+18   3.4309777095e+58   3.5764925197e-31   1.1760553347e-13  -2.3664014463e+06   9.9248591688e-02 
  3.4812988824e+19   3.5228717722e+18   4.8406246363e+58   3.7376156793e-31   1.1760576229e-13  -2.6285270855e+06   9.9248591688e-02 
  3.8504276275e+19   3.6912874508e+18   6.2388859460e+58   3.9256970198e-31   1.1760608330e-13  -2.9148022352e+06   9.9248591688e-02 
  4.2632326074e+19   4.1280497990e+18   8.5448216876e+58   4.1440228341e-31   1.1760654003e-13  -3.2250633658e+06   9.9248591688e-02 
  4.6939209645e+19   4.3068835713e+18   1.0863946320e+59   4.3957686192e-31   1.1760716547e-13  -3.5595703174e+06   9.9248591688e-02 
  5.1813818879e+19   4.8746092344e+18   1.4946624106e+59   4.6893536248e-31   1.1760801782e-13  -3.9233058760e+06   9.9248591688e-02 
  5.6510138041e+19   4.6963191619e+18   1.7323216114e+59   5.0161903770e-31   1.1760903457e-13  -4.3020274669e+06   9.9248591688e-02 
  6.3156103836e+19   6.6459657942e+18   2.9929369249e+59   5.4326288353e-31   1.1761032789e-13  -4.7504794861e+06   9.9248591688e-02 
  7.3374537289e+19   1.0218433453e+19   5.9952128206e+59   6.0885421343e-31   1.1761308189e-13  -5.4166957615e+06   9.9248591688e-02 
  7.7143859874e+19   3.7693225853e+18   2.6833858425e+59   6.6570134972e-31   1.1761534649e-13  -5.9687957977e+06   9.9248591688e-02 
  8.0701630368e+19   3.5577704937e+18   2.7852597122e+59   6.9926108451e-31   1.1761706846e-13  -6.2589297985e+06   9.9248591688e-02 
  8.4287578670e+19   3.5859483023e+18   3.0671382875e+59   7.3627712418e-31   1.1761868202e-13  -6.5416647355e+06   9.9248591688e-02 
  8.8024920119e+19   3.7373414495e+18   3.4866977934e+59   7.7906297283e-31   1.1762058313e-13  -6.8319257171e+06   9.9248591688e-02 
  9.1412875986e+19   3.3879558670e+18   3.4274180084e+59   8.2571672564e-31   1.1762260357e-13  -7.1135466550e+06   9.9248591688e-02 
  9.5761259928e+19   4.3483839414e+18   4.7868250421e+59   8.8295567657e-31   1.1762502014e-13  -7.4187677922e+06   9.9248591688e-02 
  9.9906663125e+19   4.1454031970e+18   4.9867878513e+59   9.5209349411e-31   1.1762795548e-13  -7.7535769555e+06   9.9248591688e-02 
  1.0389312984e+20   3.9864667171e+18   5.2023657130e+59   1.0252766413e-30   1.1763109525e-13  -8.0740413709e+06   9.9248591688e-02 
  1.0766213046e+20   3.7690006211e+18   5.2999245183e+59   1.1027112416e-30   1.1763444221e-13  -8.3798033864e+06   9.9248591688e-02 
  1.1233506921e+20   4.6729387428e+18   7.1062351684e+59   1.1967360429e-30   1.1763859372e-13  -8.7129505827e+06   9.9248591688e-02 
  1.1692375570e+20   4.5886864910e+18   7.5778913521e+59   1.3097602665e-30   1.1764376372e-13  -9.0781894133e+06   9.9248591688e-02 
  1.2126972196e+20   4.3459662627e+18   7.7471888586e+59   1.4297662962e-30   1.1764949072e-13  -9.4302420532e+06   9.9248591688e-02 
  1.2556459302e+20   4.2948710597e+18   8.2215726569e+59   1.5582776114e-30   1.1765578520e-13  -9.7703567532e+06   9.9248591688e-02 
  1.3070794048e+20   5.1433474577e+18   1.0613488861e+60   1.7139055634e-30   1.1766337003e-13  -1.0141661832e+07   9.9248591688e-02 
  1.3577859838e+20   5.0706579035e+18   1.1314025330e+60   1.8980924524e-30   1.1767291024e-13  -1.0543811120e+07   9.9248591688e-02 
  1.4052627447e+20   4.7476760865e+18   1.1388087133e+60   2.0927080167e-30   1.1768335760e-13  -1.0930078948e+07   9.9248591688e-02 
  1.4564438000e+20   5.1181055290e+18   1.3169085136e+60   2.3094612534e-30   1.1769533937e-13  -1.1317792639e+07   9.9248591688e-02 
  1.5150060035e+20   5.8562203515e+18   1.6246518295e+60   2.5753168244e-30   1.1771064727e-13  -1.1748647009e+07   9.9248591688e-02 
  1.5714747267e+20   5.6468723225e+18   1.6901818532e+60   2.8802301634e-30   1.1772919281e-13  -1.2199963001e+07   9.9248591688e-02 
  1.6191552517e+20   4.7680524981e+18   1.5250220103e+60   3.1847418629e-30   1.1774823602e-13  -1.2608089486e+07   9.9248591688e-02 
  1.6837871398e+20   6.4631888165e+18   2.2154101547e+60   3.5546127172e-30   1.1777194263e-13  -1.3046782983e+07   9.9248591688e-02 
  1.7624473183e+20   7.8660178463e+18   2.9354173311e+60   4.0746258196e-30   1.1780902701e-13  -1.3603665074e+07   9.9248591688e-02 
  1.8410491118e+20   7.8601793542e+18   3.2070032005e+60   4.6979438400e-30   1.1785962165e-13  -1.4209627390e+07   9.9248591688e-02 
  1.9106097881e+20   6.9560676252e+18   3.0761685212e+60   5.3437445890e-30   1.1791724660e-13  -1.4774900069e+07   9.9248591688e-02 
  1.9998107395e+20   8.9200951409e+18   4.2858958043e+60   6.1202800060e-30   1.1799622710e-13  -1.5371263365e+07   9.9248591688e-02 
  2.0712294645e+20   7.1418725029e+18   3.7189239631e+60   6.9886049883e-30   1.1809167415e-13  -1.5964416202e+07   9.9248591688e-02 
  2.1782896003e+20   1.0706013575e+19   6.0750394218e+60   8.0919063312e-30   1.1822711143e-13  -1.6601493557e+07   9.9248591688e-02 
  2.3235376789e+20   1.4524807860e+19   9.2509982149e+60   9.8238139349e-30   1.1849649181e-13  -1.7467045192e+07   9.9248591688e-02 
  2.4688097882e+20   1.4527210932e+19   1.0484837810e+61   1.2036514593e-29   1.1893577566e-13  -1.8420732288e+07   9.9248591688e-02 
  2.5701919227e+20   1.0138213446e+19   8.0883309085e+60   1.4160966469e-29   1.1941153312e-13  -1.9198309948e+07   9.9248591688e-02 
  2.6677475190e+20   9.7555596371e+18   8.4095589745e+60   1.5933960972e-29   1.1987704555e-13  -1.9802444580e+07   9.9248591688e-02 
  2.8004487478e+20   1.3270122874e+19   1.2468041886e+61   1.7694309006e-29   1.2050060095e-13  -2.0483728475e+07   9.9248591688e-02 
  2.8989612702e+20   9.8512522449e+18   1.0054126910e+61   1.9199787048e-29   1.2118273046e-13  -2.1160450755e+07   9.9248591688e-02 
  3.0112826278e+20   1.1232135762e+19   1.2327508345e+61   2.0208017524e-29   1.2185773012e-13  -2.1757564310e+07   9.9248591688e-02 
  3.1275287761e+20   1.1624614825e+19   1.3764135324e+61   2.0965372247e-29   1.2264488501e-13  -2.2372783151e+07   9.9248591688e-02 
  3.2652528958e+20   1.3772411970e+19   1.7685070992e+61   2.1524987550e-29   1.2361275128e-13  -2.3005431745e+07   9.9248591688e-02 
  3.3782706437e+20   1.1301774789e+19   1.5672395059e+61   2.1888729099e-29   1.2465438019e-13  -2.3578975873e+07   9.9248591688e-02 
  3.5113043130e+20   1.3303366935e+19   1.9840393182e+61   2.2056182389e-29   1.2579145219e-13  -2.4087926634e+07   9.9248591688e-02 
  3.6338175521e+20   1.2251323911e+19   1.9651456053e+61   2.2067793146e-29   1.2710155654e-13  -2.4578963320e+07   9.9248591688e-02 
  3.7000948426e+20   6.6277290499e+18   1.1199480470e+61   2.1971352978e-29   1.2814074835e-13  -2.4932063617e+07   9.9248591688e-02 
  3.7625493590e+20   6.2454516333e+18   1.0927211108e+61   2.1815306186e-29   1.2890798997e-13  -2.5170563962e+07   9.9248591688e-02 
  3.8952255203e+20   1.3267616135e+19   2.4445077228e+61   2.1456155548e-29   1.3017623971e-13  -2.5519350310e+07   9.9248591688e-02 
  4.0040008860e+20   1.0877536571e+19   2.1324408726e+61   2.1044545636e-29   1.3186960981e-13  -2.5961158784e+07   9.9248591688e-02 
  4.0764412547e+20   7.2440368695e+18   1.4859781003e+61   2.0834058999e-29   1.3331362060e-13  -2.6341223016e+07   9.9248591688e-02 
  4.1384926814e+20   6.2051426661e+18   1.3155823967e+61   2.0759796620e-29   1.3449558899e-13  -2.6651839147e+07   9.9248591688e-02 
  4.1862799391e+20   4.7787257664e+18   1.0404267556e+61   2.0757058299e-29   1.3554166983e-13  -2.6928368238e+07   9.9248591686e-02 
  4.3195550337e+20   1.3327509464e+19   3.0294815818e+61   2.0865945011e-29   1.3740473379e-13  -2.7400311964e+07   9.9248591681e-02 
  4.3992870713e+20   7.9732037613e+18   1.9041995905e+61   2.1098933105e-29   1.3969714642e-13  -2.7973045952e+07   9.9248591662e-02 
  4.4183226492e+20   1.9035577851e+18   4.6496295982e+60   2.1256155396e-29   1.4072373842e-13  -2.8187312513e+07   9.9248591622e-02 
  4.4322234549e+20   1.3900805716e+18   3.4208209302e+60   2.1359511888e-29   1.4104228783e-13  -2.8251344184e+07   9.9248591134e-02 
  4.4943024878e+20   6.2079032948e+18   1.5540563421e+61   2.1576529838e-29   1.4174635565e-13  -2.8383176177e+07   9.9248589590e-02 
  4.5482199066e+20   5.3917418831e+18   1.3850431340e+61   2.1848516650e-29   1.4283585937e-13  -2.8563729526e+07   9.9248582987e-02 
  4.6032803524e+20   5.5060445766e+18   1.4487032312e+61   2.2025350831e-29   1.4379296652e-13  -2.8700333049e+07   9.9248557888e-02 
  4.7262098206e+20   1.2292946816e+19   3.3616061662e+61   2.2141963659e-29   1.4529095558e-13  -2.8835760531e+07   9.9248477614e-02 
  4.9084240693e+20   1.8221424871e+19   5.3144021671e+61   2.2145167571e-29   1.4762834855e-13  -2.9017453821e+07   9.9248114884e-02 
  5.0233997596e+20   1.1497569030e+19   3.5631435019e+61   2.2038872642e-29   1.4985608964e-13  -2.9056017790e+07   9.9247163989e-02 
  5.1257768038e+20   1.0237704418e+19   3.3130562145e+61   2.1827336774e-29   1.5137589142e-13  -2.9036641801e+07   9.9245672160e-02 
  5.2262617493e+20   1.0048494554e+19   3.3831112192e+61   2.1468704875e-29   1.5273568528e-13  -2.9011226278e+07   9.9239614976e-02 
  5.3222869379e+20   9.6025188658e+18   3.3568540659e+61   2.0940855514e-29   1.5403862006e-13  -2.8983737492e+07   9.9235741439e-02 
  5.4329622895e+20   1.1067535159e+19   4.0221389450e+61   2.0166002112e-29   1.5535661788e-13  -2.8939826758e+07   9.9199039000e-02 
  5.5254886434e+20   9.2526353829e+18   3.4907920327e+61   1.9176330037e-29   1.5655360892e-13  -2.8863827192e+07   9.8961750645e-02 
  5.5777141627e+20   5.2225519322e+18   2.0227042536e+61   1.8359322019e-29   1.5731471733e-13  -2.8777410404e+07   9.8435478189e-02 
  5.6238292881e+20   4.6115125449e+18   1.8178224237e+61   1.7526674774e-29   1.5775494163e-13  -2.8691188167e+07   9.7432278375e-02 
  5.6938889429e+20   7.0059654772e+18   2.8192991976e+61   1.6344662589e-29   1.5819483788e-13  -2.8567313342e+07   9.6878838015e-02 
  5.7187077526e+20   2.4818809727e+18   1.0155479815e+61   1.5260127598e-29   1.5849954538e-13  -2.8458709450e+07   9.6654851837e-02 
  5.7307006054e+20   1.1992852804e+18   4.9389954438e+60   1.4769603144e-29   1.5859417061e-13  -2.8411809709e+07   9.6597255033e-02 
  5.7485525665e+20   1.7851961016e+18   7.3903230184e+60   1.4442287049e-29   1.5866482251e-13  -2.8369081959e+07   9.6583607546e-02 
  5.8026668456e+20   5.4114279102e+18   2.2684049875e+61   1.3915523403e-29   1.5881867091e-13  -2.8259211476e+07   9.6582135897e-02 
  5.8456437307e+20   4.2976885149e+18   1.8319459766e+61   1.3342547126e-29   1.5900215598e-13  -2.8104398957e+07   9.6581702880e-02 
  5.8761447151e+20   3.0500984389e+18   1.3165958046e+61   1.2962044872e-29   1.5910540618e-13  -2.7979509792e+07   9.6581673998e-02 
  5.9043084889e+20   2.8163773814e+18   1.2279071968e+61   1.2755190727e-29   1.5917155563e-13  -2.7873792530e+07   9.6581671502e-02 
  5.9355588329e+20   3.1250344035e+18   1.3762564122e+61   1.2642121601e-29   1.5922918031e-13  -2.7761742925e+07   9.6581671424e-02 
  5.9605251194e+20   2.4966286414e+18   1.1099732168e+61   1.2582156133e-29   1.5927586152e-13  -2.7651082510e+07   9.6581671422e-02 
  6.0700750072e+20   1.0954988780e+19   4.9813653686e+61   1.2528622336e-29   1.5935449414e-13  -2.7367920825e+07   9.6581671420e-02 
  6.1739537721e+20   1.0387876489e+19   4.8925554144e+61   1.2511933915e-29   1.5944838456e-13  -2.6897353695e+07   9.6581671417e-02 
  6.2096312330e+20   3.5677460923e+18   1.7188492647e+61   1.2541669523e-29   1.5945068692e-13  -2.6581407501e+07   9.6581671415e-02 
  6.2346549464e+20   2.5023713384e+18   1.2174249418e+61   1.2604587734e-29   1.5943780113e-13  -2.6437629882e+07   9.6581671413e-02 
  6.2582127158e+20   2.3557769483e+18   1.1550714095e+61   1.2714217813e-29   1.5943866321e-13  -2.6328864973e+07   9.6581671411e-02 
  6.2770097488e+20   1.8797032918e+18   9.2790516449e+60   1.2848916403e-29   1.5943420792e-13  -2.6232875600e+07   9.6581671406e-02 
  6.3659449685e+20   8.8935219732e+18   4.4660952711e+61   1.3421230630e-29   1.5940075975e-13  -2.5982366208e+07   9.6581671381e-02 
  6.4205886361e+20   5.4643667642e+18   2.8067130014e+61   1.4246544596e-29   1.5933847980e-13  -2.5642601699e+07   9.6581671215e-02 
  6.4407734911e+20   2.0184854985e+18   1.0489379443e+61   1.4728484260e-29   1.5929156737e-13  -2.5469088113e+07   9.6581670635e-02 
  6.4655807357e+20   2.4807244597e+18   1.2981835373e+61   1.5007862697e-29   1.5929554026e-13  -2.5366365994e+07   9.6581662898e-02 
  6.5140827341e+20   4.8501998382e+18   2.5670740219e+61   1.5298744392e-29   1.5924108351e-13  -2.5188313557e+07   9.6581636758e-02 
  6.5599268368e+20   4.5844102721e+18   2.4617997698e+61   1.5570901998e-29   1.5918442486e-13  -2.4962288666e+07   9.6581380439e-02 
  6.6189817897e+20   5.9054952875e+18   3.2223150565e+61   1.5745795611e-29   1.5910765336e-13  -2.4708984874e+07   9.6580372767e-02 
  6.7637372141e+20   1.4475542437e+19   8.1449866145e+61   1.5922837728e-29   1.5899008272e-13  -2.4214906733e+07   9.6577636657e-02 
  6.8662960957e+20   1.0255888159e+19   5.9858410389e+61   1.6060561759e-29   1.5882371590e-13  -2.3603029878e+07   9.6571311853e-02 
  6.9614594267e+20   9.5163331031e+18   5.7164939671e+61   1.6104039240e-29   1.5870696334e-13  -2.3116210805e+07   9.6560764383e-02 
  7.0479134248e+20   8.6453998153e+18   5.3306216167e+61   1.6093943610e-29   1.5862084617e-13  -2.2671137830e+07   9.6526286260e-02 
  7.1312486529e+20   8.3335228037e+18   5.2636212921e+61   1.6037824972e-29   1.5855636480e-13  -2.2257655367e+07   9.6525720610e-02 
  7.2477547498e+20   1.1650609688e+19   7.5677295379e+61   1.5925931205e-29   1.5847987592e-13  -2.1779728746e+07   9.6393279749e-02 
  7.3270136180e+20   7.9258868207e+18   5.2893869936e+61   1.5769960091e-29   1.5842456173e-13  -2.1309241311e+07   9.5758337906e-02 
  7.3926946957e+20   6.5681077775e+18   4.4708637387e+61   1.5576878121e-29   1.5836399485e-13  -2.0963039125e+07   9.1721709557e-02 
  7.4229053327e+20   3.0210636997e+18   2.0832857689e+61   1.5398024986e-29   1.5833146237e-13  -2.0732185385e+07   8.7032600022e-02 
  7.4759794492e+20   5.3074116481e+18   3.7011953360e+61   1.5091023931e-29   1.5830059281e-13  -2.0528511419e+07   8.0221229524e-02 
  7.4929450381e+20   1.6965588899e+18   1.1942635926e+61   1.4788322632e-29   1.5828207926e-13  -2.0354460622e+07   7.5491968646e-02 
  7.5126344248e+20   1.9689386704e+18   1.3927970962e+61   1.4539735280e-29   1.5824714198e-13  -2.0267772680e+07   7.3595023379e-02 
  7.5564575938e+20   4.3823168960e+18   3.1262884493e+61   1.4127708158e-29   1.5821911808e-13  -2.0118482625e+07   7.3404203543e-02 
  7.5860052227e+20   2.9547628926e+18   2.1284629360e+61   1.3754640489e-29   1.5818445773e-13  -1.9935664936e+07   7.3328259741e-02 
  7.6122862781e+20   2.6281055434e+18   1.9071403192e+61   1.3498944928e-29   1.5816568621e-13  -1.9793309016e+07   7.3313985682e-02 
  7.6494595560e+20   3.7173277818e+18   2.7201322673e+61   1.3324956609e-29   1.5812795740e-13  -1.9632516395e+07   7.3313132589e-02 
  7.6900723057e+20   4.0612749738e+18   3.0021852995e+61   1.3154478178e-29   1.5807774266e-13  -1.9437679672e+07   7.3313017199e-02 
  7.7257160099e+20   3.5643704180e+18   2.6611230299e+61   1.3052349190e-29   1.5803190237e-13  -1.9242308125e+07   7.3313012013e-02 
  7.8130251749e+20   8.7309165030e+18   6.6228656346e+61   1.2960688371e-29   1.5795036830e-13  -1.8925219995e+07   7.3313011826e-02 
  7.8787065080e+20   6.5681333147e+18   5.0808469746e+61   1.2889075062e-29   1.5784159724e-13  -1.8523464659e+07   7.3313011762e-02 
  7.9167977100e+20   3.8091201921e+18   2.9856739488e+61   1.2854567644e-29   1.5776010636e-13  -1.8244159726e+07   7.3313011749e-02 
  8.0260848937e+20   1.0928718371e+19   8.7268920915e+61   1.2841827731e-29   1.5764541177e-13  -1.7846215638e+07   7.3313011729e-02 
  8.1075412875e+20   8.1456393822e+18   6.6610504410e+61   1.2849968058e-29   1.5747178232e-13  -1.7317810206e+07   7.3313011627e-02 
  8.2175757923e+20   1.1003450476e+19   9.2129338246e+61   1.2895694341e-29   1.5730059124e-13  -1.6787813303e+07   7.3313011127e-02 
  8.2885904887e+20   7.1014696457e+18   6.0784551832e+61   1.2963137149e-29   1.5713986380e-13  -1.6283931904e+07   7.3313009559e-02 
  8.3552415482e+20   6.6651059476e+18   5.8005062665e+61   1.3046123451e-29   1.5699804082e-13  -1.5890582623e+07   7.3312986606e-02 
  8.4916635591e+20   1.3642201096e+19   1.2164214554e+62   1.3219192965e-29   1.5677897632e-13  -1.5309562797e+07   7.3312927028e-02 
  8.6632231100e+20   1.7155955083e+19   1.5861890880e+62   1.3479329026e-29   1.5642805742e-13  -1.4421509928e+07   7.3312559764e-02 
  8.7287631331e+20   6.5540023139e+18   6.2281187604e+61   1.3653955206e-29   1.5614874346e-13  -1.3733576576e+07   7.3311710337e-02 
  8.7805049221e+20   5.1741788980e+18   4.9834322728e+61   1.3715236298e-29   1.5601121684e-13  -1.3394062231e+07   7.3299666555e-02 
  8.9177604144e+20   1.3725549235e+19   1.3506714350e+62   1.3771326166e-29   1.5579008150e-13  -1.2848075420e+07   7.3267919669e-02 
  8.9990498385e+20   8.1289424079e+18   8.1980070600e+61   1.3823508097e-29   1.5553478819e-13  -1.2217713773e+07   7.3179183504e-02 
  9.0312832054e+20   3.2233366872e+18   3.2920278770e+61   1.3844002890e-29   1.5540435437e-13  -1.1892057193e+07   7.3030784575e-02 
  9.0774845543e+20   4.6201348953e+18   4.7597404269e+61   1.3850782069e-29   1.5531578421e-13  -1.1668930571e+07   7.2255787919e-02 
  9.1066861161e+20   2.9201561746e+18   3.0334952734e+61   1.3852934367e-29   1.5523233458e-13  -1.1454926086e+07   7.1049650013e-02 
  9.1423532894e+20   3.5667173259e+18   3.7316348047e+61   1.3849777202e-29   1.5516145852e-13  -1.1271986293e+07   6.9491791727e-02 
  9.1648254395e+20   2.2472150188e+18   2.3661243368e+61   1.3845117861e-29   1.5509873189e-13  -1.1108579698e+07   6.8735197801e-02 
  9.2244836046e+20   5.9658165053e+18   6.3379981860e+61   1.3837293712e-29   1.5501167839e-13  -1.0879059744e+07   6.8569166166e-02 
  9.2620994944e+20   3.7615889806e+18   4.0386396641e+61   1.3828664026e-29   1.5490861086e-13  -1.0608572741e+07   6.8472922136e-02 
  9.3330822584e+20   7.0982763996e+18   7.7109119437e+61   1.3823321072e-29   1.5479530765e-13  -1.0309604517e+07   6.8452868641e-02 
  9.3670420090e+20   3.3959750628e+18   3.7308159750e+61   1.3821824473e-29   1.5468594095e-13  -1.0022713624e+07   6.8446838226e-02 
  9.3934760024e+20   2.6433993382e+18   2.9228234883e+61   1.3825626968e-29   1.5462513022e-13  -9.8583004063e+06   6.8445257795e-02 
  9.4246162756e+20   3.1140273203e+18   3.4643668580e+61   1.3834118382e-29   1.5456763951e-13  -9.7023686822e+06   6.8445095495e-02 
  9.4429090574e+20   1.8292781800e+18   2.0457833815e+61   1.3845727668e-29   1.5451934611e-13  -9.5686159740e+06   6.8445087900e-02 
  9.4945511620e+20   5.1642104591e+18   5.8183299952e+61   1.3870862715e-29   1.5445174815e-13  -9.3805324076e+06   6.8445090620e-02 
  9.5301510169e+20   3.5599854920e+18   4.0479425613e+61   1.3909021822e-29   1.5436897813e-13  -9.1460122383e+06   6.8445113880e-02 
  9.5636312638e+20   3.3480246904e+18   3.8346250252e+61   1.3948565485e-29   1.5430303923e-13  -8.9620465247e+06   6.8445633869e-02 
  9.5902819054e+20   2.6650641531e+18   3.0716579281e+61   1.3995755693e-29   1.5424820535e-13  -8.8020470337e+06   6.8447147962e-02 
  9.7362947470e+20   1.4601284167e+19   1.7134011572e+62   1.4167644684e-29   1.5409196166e-13  -8.3501500924e+06   6.8452182087e-02 
  9.8434271786e+20   1.0713243159e+19   1.2902926047e+62   1.4432931959e-29   1.5385797937e-13  -7.6923797704e+06   6.8465892072e-02 
  9.9152024283e+20   7.1775249645e+18   8.8031912051e+61   1.4633935470e-29   1.5369893198e-13  -7.2349988348e+06   6.8497560858e-02 
  1.0052135197e+21   1.3693276858e+19   1.7151590247e+62   1.4864378509e-29   1.5352017415e-13  -6.7082794504e+06   6.8572470164e-02 
  1.0128572328e+21   7.6437131126e+18   9.7797804364e+61   1.5084744230e-29   1.5334091093e-13  -6.1734121050e+06   6.8716181449e-02 
  1.0191146398e+21   6.2574069939e+18   8.1167287505e+61   1.5217180069e-29   1.5323041195e-13  -5.8275831144e+06   6.9514670983e-02 
  1.0257227507e+21   6.6081109204e+18   8.6805304379e+61   1.5330620117e-29   1.5313202815e-13  -5.5103756525e+06   7.3347339801e-02 
  1.0292809658e+21   3.5582150678e+18   4.7207143750e+61   1.5415563033e-29   1.5305681399e-13  -5.2613099505e+06   7.8095438985e-02 
  1.0320192052e+21   2.7382394431e+18   3.6551401065e+61   1.5466360670e-29   1.5301133819e-13  -5.1076789229e+06   8.6915235869e-02 
  1.0403474203e+21   8.3282151160e+18   1.1236662174e+62   1.5554339281e-29   1.5293307149e-13  -4.8384002640e+06   9.0927726713e-02 
  1.0468304198e+21   6.4829994884e+18   8.8725032481e+61   1.5672713961e-29   1.5282999411e-13  -4.4788494940e+06   9.4989477379e-02 
  1.0532400310e+21   6.4096112127e+18   8.8807702950e+61   1.5780530330e-29   1.5274682921e-13  -4.1680354985e+06   9.7018874066e-02 
  1.0616616862e+21   8.4216552085e+18   1.1833957490e+62   1.5917916084e-29   1.5266113798e-13  -3.8139759412e+06   9.7238322527e-02 
  1.0683378243e+21   6.6761380737e+18   9.5155876109e+61   1.6080209348e-29   1.5257898671e-13  -3.4581170727e+06   9.7319116347e-02 
  1.0784845673e+21   1.0146742993e+19   1.4691698241e+62   1.6310238016e-29   1.5249532567e-13  -3.0638111892e+06   9.7330250011e-02 
  1.0861680324e+21   7.6834650689e+18   1.1310589286e+62   1.6616628409e-29   1.5238954973e-13  -2.6400615445e+06   9.7328696493e-02 
  1.0899272358e+21   3.7592034237e+18   5.5924478307e+61   1.6895164783e-29   1.5232515452e-13  -2.3786989847e+06   9.7326707009e-02 
  1.0935591450e+21   3.6319092114e+18   5.4398413230e+61   1.7227157120e-29   1.5232451470e-13  -2.2169839634e+06   9.7344458886e-02 
  1.1063361295e+21   1.2776984481e+19   1.9426167852e+62   1.8428597386e-29   1.5225896532e-13  -1.8509342760e+06   9.7413658757e-02 
  1.1230816076e+21   1.6745478108e+19   2.6148001169e+62   2.1036296686e-29   1.5213761248e-13  -1.1892470714e+06   9.7821628400e-02 
  1.1277578419e+21   4.6762343422e+18   7.4427906104e+61   2.3538317422e-29   1.5199448551e-13  -7.3342086457e+05   9.8256061882e-02 
  1.1323023328e+21   4.5444908098e+18   7.2924874859e+61   2.5989632669e-29   1.5211339593e-13  -5.3578873656e+05   9.9918410470e-02 
  1.1410189166e+21   8.7165838316e+18   1.4152068929e+62   3.2405269967e-29   1.5199956523e-13  -2.1850046984e+05   1.0022816084e-01 
  1.1428156088e+21   1.7966921963e+18   2.9441024037e+61   3.8969568636e-29   1.5195940105e-13  -1.2718015765e+04   1.0003609497e-01 
  1.1487580047e+21   5.9423958909e+18   9.8034751805e+61   5.4190946417e-29   1.5202072060e-13   1.5370059758e+05   9.7020980572e-02 
  1.1503349848e+21   1.5769801060e+18   2.6187209930e+61   7.2870988337e-29   1.5206267649e-13   3.3664009818e+05   7.4429634710e-02 
  1.1529948613e+21   2.6598765575e+18   4.4332662834e+61   1.0950506944e-23   1.4804305420e-13   3.6760512987e+05   2.0032297339e-02 
  1.1587224309e+21   5.7275695590e+18   9.6159141397e+61   1.4360987296e-23   1.7996079891e-13   3.3404293965e+05   2.0023835517e-02 
  1.1610128524e+21   2.2904215255e+18   3.8720618581e+61   1.4581313137e-23   1.8197761206e-13   3.3844432500e+05   2.0013333539e-02 
  1.1626472010e+21   1.6343485687e+18   2.7722973851e+61   1.4948058581e-23   1.8537908717e-13   3.4308625672e+05   2.0004044078e-02 
  1.1639818012e+21   1.3346002449e+18   2.2696317353e+61   1.5505530525e-23   1.9047069391e-13   3.4497859663e+05   2.0001150047e-02 
  1.1654840455e+21   1.5022442870e+18   2.5609623215e+61   1.6058405103e-23   1.9546164808e-13   3.4609750102e+05   2.0000468556e-02 
  1.1671022102e+21   1.6181646580e+18   2.7659739052e+61   1.6766325968e-23   2.0177301522e-13   3.4693650156e+05   2.0000179206e-02 
  1.1687127754e+21   1.6105652025e+18   2.7606104893e+61   1.7646331313e-23   2.0951733157e-13   3.4815139074e+05   2.0000060045e-02 
  1.1702531782e+21   1.5404028262e+18   2.6474760659e+61   1.8628141265e-23   2.1814745975e-13   3.4984820077e+05   2.0000019043e-02 
  1.1717053471e+21   1.4521688822e+18   2.5022197867e+61   1.9631284888e-23   2.2695944902e-13   3.5190975625e+05   2.0000005908e-02 
  1.1730356102e+21   1.3302630824e+18   2.2976146792e+61   2.0573662757e-23   2.3514215658e-13   3.5419562693e+05   2.0000001735e-02 
  1.1743341984e+21   1.2985882308e+18   2.2479384120e+61   2.1498171671e-23   2.4308426844e-13   3.5655180524e+05   2.0000000498e-02 
  1.1755362111e+21   1.2020127370e+18   2.0851956259e+61   2.2438364145e-23   2.5094824655e-13   3.5899908891e+05   2.0000000133e-02 
  1.1767221866e+21   1.1859754235e+18   2.0615584580e+61   2.3354769887e-23   2.5838825776e-13   3.6163625960e+05   2.0000000034e-02 
  1.1778073364e+21   1.0851498224e+18   1.8899394385e+61   2.4229124965e-23   2.6541707936e-13   3.6432067826e+05   2.0000000008e-02 
  1.1787763287e+21   9.6899232620e+17   1.6905809111e+61   2.5036778132e-23   2.7185267130e-13   3.6682158721e+05   2.0000000002e-02 
  1.1797203983e+21   9.4406955145e+17   1.6497739526e+61   2.5845037304e-23   2.7824040577e-13   3.6907044727e+05   2.0000000000e-02 
  1.1806572716e+21   9.3687334704e+17   1.6398109202e+61   2.6704317127e-23   2.8497195173e-13   3.7116003708e+05   2.0000000000e-02 
  1.1814914058e+21   8.3413422336e+17   1.4621781490e+61   2.7565763263e-23   2.9165876526e-13   3.7307905715e+05   2.0000000000e-02 
  1.1822974267e+21   8.0602084594e+17   1.4148601562e+61   2.8399955632e-23   2.9807644846e-13   3.7489133802e+05   2.0000000000e-02 
  1.1830902673e+21   7.9284062992e+17   1.3936074296e+61   2.9225376503e-23   3.0445140397e-13   3.7672452674e+05   2.0000000000e-02 
  1.1837846167e+21   6.9434940726e+17   1.2220206833e+61   3.0084278629e-23   3.1108667282e-13   3.7833213800e+05   2.0000000000e-02 
  1.1846074714e+21   8.2285469113e+17   1.4500408687e+61   3.1079529259e-23   3.1871069004e-13   3.7988969819e+05   2.0000000000e-02 
  1.1854824837e+21   8.7501226262e+17   1.5441649523e+61   3.2313005487e-23   3.2806547138e-13   3.8170236726e+05   2.0000000000e-02 
  1.1862513021e+21   7.6881844874e+17   1.3586436539e+61   3.3560854060e-23   3.3742805013e-13   3.8368266900e+05   2.0000000000e-02 
  1.1870040231e+21   7.5272098592e+17   1.3319037439e+61   3.4784431909e-23   3.4653229303e-13   3.8566032540e+05   2.0000000000e-02 
  1.1877498416e+21   7.4581851610e+17   1.3213572576e+61   3.6213150256e-23   3.5704883992e-13   3.8738463616e+05   2.0000000000e-02 
  1.1884823580e+21   7.3251634077e+17   1.2994062665e+61   3.7785869324e-23   3.6848877558e-13   3.8909462470e+05   2.0000000000e-02 
  1.1892083706e+21   7.2601266814e+17   1.2894509118e+61   3.9275989618e-23   3.7920106893e-13   3.9124752409e+05   2.0000000000e-02 
  1.1898175105e+21   6.0913983499e+17   1.0830916730e+61   4.0585405292e-23   3.8855276892e-13   3.9346120147e+05   2.0000000000e-02 
  1.1904187703e+21   6.0125980153e+17   1.0701685711e+61   4.2820270456e-23   4.0431607672e-13   3.9578234063e+05   2.0000000000e-02 
  1.1910478906e+21   6.2912036534e+17   1.1209148915e+61   4.2046584953e-23   3.9932167326e-13   3.9386835374e+05   2.0000000000e-02 
  1.1915313872e+21   4.8349657588e+17   8.6225952775e+60   2.4269298436e-23   2.7082676954e-13   3.3476662005e+05   2.0000000000e-02 
  1.1927388875e+21   1.2075003329e+18   2.1564934218e+61   5.0086308588e-24   9.3618891701e-14   1.4608882845e+05   2.0000000000e-02 
  1.1945208767e+21   1.7819891602e+18   3.1904678155e+61   2.3994391068e-24   5.5140893636e-14   1.4802249190e+04   2.0000000000e-02 
  1.1964409242e+21   1.9200474920e+18   3.4483172322e+61   2.2361756477e-24   5.2079523681e-14   9.3252429442e+02   2.0000000000e-02 
  1.1983727017e+21   1.9317774560e+18   3.4805710325e+61   2.2252853050e-24   5.1883889836e-14   5.5657767077e+01   2.0000000000e-02 
  1.2003051962e+21   1.9324945282e+18   3.4931087483e+61   2.2246287867e-24   5.1872133994e-14   3.3100755853e+00   2.0000000000e-02 
  1.2022377334e+21   1.9325372131e+18   3.5044522345e+61   2.2245897241e-24   5.1871434250e-14   1.9643241275e-01   2.0000000000e-02 
  1.2041702731e+21   1.9325397470e+18   3.5157414459e+61   2.2245874051e-24   5.1871392694e-14   1.1637772482e-02   2.0000000000e-02 
  1.2061028130e+21   1.9325398965e+18   3.5270444824e+61   2.2245872683e-24   5.1871390241e-14   6.8494964456e-04   2.0000000000e-02 
  1.2080353529e+21   1.9325399057e+18   3.5383654038e+61   2.2245872599e-24   5.1871390088e-14   4.3839912921e-05   2.0000000000e-02 
  1.2099678929e+21   1.9325399057e+18   3.5497044479e+61   2.2245872600e-24   5.1871390088e-14   1.0578138625e-05   2.0000000000e-02 
  1.2119004328e+21   1.9325399057e+18   3.5610616315e+61   2.2245872600e-24   5.1871390089e-14   8.6548701632e-06   2.0000000000e-02 
  1.2138329727e+21   1.9325399057e+18   3.5724369546e+61   2.2245872600e-24   5.1871390089e-14   7.3119815423e-06   2.0000000000e-02 
  1.2157655126e+21   1.9325399057e+18   3.5838304172e+61   2.2245872600e-24   5.1871390089e-14   6.3709890414e-06   2.0000000000e-02 
  1.2176980525e+21   1.9325399057e+18   3.5952420193e+61   2.2245872600e-24   5.1871390089e-14   5.9010270036e-06   2.0000000000e-02 
  1.2196305924e+21   1.9325399057e+18   3.6066717609e+61   2.2245872600e-24   5.1871390089e-14   5.5111958619e-06   2.0000000000e-02 
  1.2215631323e+21   1.9325399057e+18   3.6181196420e+61   2.2245872600e-24   5.1871390089e-14   5.0917489136e-06   2.0000000000e-02 
  1.2234956722e+21   1.9325399057e+18   3.6295856626e+61   2.2245872600e-24   5.1871390089e-14   4.8147416645e-06   2.0000000000e-02 
  1.2254282121e+21   1.9325399057e+18   3.6410698227e+61   2.2245872600e-24   5.1871390089e-14   4.8524022432e-06   2.0000000000e-02 
  1.2273607520e+21   1.9325399057e+18   3.6525721223e+61   2.2245872600e-24   5.1871390089e-14   5.1550384594e-06   2.0000000000e-02 
  1.2292932919e+21   1.9325399057e+18   3.6640925614e+61   2.2245872600e-24   5.1871390089e-14   5.6855121132e-06   2.0000000000e-02 
  1.2312258318e+21   1.9325399057e+18   3.6756311400e+61   2.2245872600e-24   5.1871390089e-14   6.1416693749e-06   2.0000000000e-02 
  1.2331583717e+21   1.9325399057e+18   3.6871878581e+61   2.2245872600e-24   5.1871390089e-14   6.5066595145e-06   2.0000000000e-02 
  1.2350909116e+21   1.9325399057e+18   3.6987627157e+61   2.2245872600e-24   5.1871390089e-14   6.8478660112e-06   2.0000000000e-02 
  1.2370234515e+21   1.9325399057e+18   3.7103557128e+61   2.2245872600e-24   5.1871390089e-14   7.2028925529e-06   2.0000000000e-02 
  1.2389559914e+21   1.9325399057e+18   3.7219668494e+61   2.2245872600e-24   5.1871390089e-14   7.6122394299e-06   2.0000000000e-02 
  1.2408885313e+21   1.9325399057e+18   3.7335961255e+61   2.2245872600e-24   5.1871390089e-14   7.9468556480e-06   2.0000000000e-02 
  1.2428210712e+21   1.9325399057e+18   3.7452435411e+61   2.2245872600e-24   5.1871390089e-14   8.1802957975e-06   2.0000000000e-02 
  1.2447536112e+21   1.9325399057e+18   3.7569090962e+61   2.2245872600e-24   5.1871390089e-14   8.1913515226e-06   2.0000000000e-02 
  1.2466861511e+21   1.9325399057e+18   3.7685927907e+61   2.2245872600e-24   5.1871390089e-14   7.9159819939e-06   2.0000000000e-02 
  1.2486186910e+21   1.9325399057e+18   3.7802946248e+61   2.2245872600e-24   5.1871390089e-14   7.4007881271e-06   2.0000000000e-02 
  1.2505512309e+21   1.9325399057e+18   3.7920145984e+61   2.2245872600e-24   5.1871390089e-14   6.8839909793e-06   2.0000000000e-02 
  1.2524837708e+21   1.9325399057e+18   3.8037527115e+61   2.2245872600e-24   5.1871390089e-14   6.5706137233e-06   2.0000000000e-02 
  1.2544163107e+21   1.9325399057e+18   3.8155089640e+61   2.2245872600e-24   5.1871390089e-14   6.4464291921e-06   2.0000000000e-02 
  1.2563488506e+21   1.9325399057e+18   3.8272833561e+61   2.2245872600e-24   5.1871390089e-14   6.3579171745e-06   2.0000000000e-02 
  1.2582813905e+21   1.9325399057e+18   3.8390758877e+61   2.2245872600e-24   5.1871390089e-14   6.2211364544e-06   2.0000000000e-02 
  1.2602139304e+21   1.9325399057e+18   3.8508865588e+61   2.2245872600e-24   5.1871390089e-14   5.8970941085e-06   2.0000000000e-02 
  1.2621464703e+21   1.9325399057e+18   3.8627153693e+61   2.2245872600e-24   5.1871390089e-14   5.5031022138e-06   2.0000000000e-02 
  1.2640790102e+21   1.9325399057e+18   3.8745623194e+61   2.2245872600e-24   5.1871390089e-14   5.2828731758e-06   2.0000000000e-02 
  1.2660115501e+21   1.9325399057e+18   3.8864274090e+61   2.2245872600e-24   5.1871390089e-14   5.2275221425e-06   2.0000000000e-02 
  1.2679440900e+21   1.9325399057e+18   3.8983106380e+61   2.2245872600e-24   5.1871390089e-14   5.2820993813e-06   2.0000000000e-02 
  1.2698766299e+21   1.9325399057e+18   3.9102120066e+61   2.2245872600e-24   5.1871390089e-14   5.3181936367e-06   2.0000000000e-02 
  1.2718091698e+21   1.9325399057e+18   3.9221315146e+61   2.2245872600e-24   5.1871390089e-14   5.4417629186e-06   2.0000000000e-02 
  1.2737417097e+21   1.9325399057e+18   3.9340691622e+61   2.2245872600e-24   5.1871390089e-14   5.4668763340e-06   2.0000000000e-02 
  1.2756742496e+21   1.9325399057e+18   3.9460249492e+61   2.2245872600e-24   5.1871390089e-14   5.4004662666e-06   2.0000000000e-02 
  1.2776067896e+21   1.9325399057e+18   3.9579988758e+61   2.2245872600e-24   5.1871390089e-14   5.2891351424e-06   2.0000000000e-02 
  1.2795393295e+21   1.9325399057e+18   3.9699909419e+61   2.2245872600e-24   5.1871390090e-14   5.3060102971e-06   2.0000000000e-02 
  1.2814718694e+21   1.9325399057e+18   3.9820011474e+61   2.2245872600e-24   5.1871390090e-14   5.5105652641e-06   2.0000000000e-02 
  1.2834044093e+21   1.9325399057e+18   3.9940294925e+61   2.2245872600e-24   5.1871390090e-14   5.8328079672e-06   2.0000000000e-02 
  1.2853369492e+21   1.9325399057e+18   4.0060759770e+61   2.2245872600e-24   5.1871390090e-14   6.2245340043e-06   2.0000000000e-02 
  1.2872694891e+21   1.9325399057e+18   4.0181406010e+61   2.2245872600e-24   5.1871390090e-14   6.4714965557e-06   2.0000000000e-02 
  1.2892020290e+21   1.9325399057e+18   4.0302233646e+61   2.2245872600e-24   5.1871390090e-14   6.6491393214e-06   2.0000000000e-02 
  1.2911345689e+21   1.9325399057e+18   4.0423242676e+61   2.2245872600e-24   5.1871390090e-14   6.7282611488e-06   2.0000000000e-02 
  1.2930671088e+21   1.9325399057e+18   4.0544433102e+61   2.2245872600e-24   5.1871390090e-14   6.5846091138e-06   2.0000000000e-02 
  1.2949996487e+21   1.9325399057e+18   4.0665804922e+61   2.2245872600e-24   5.1871390090e-14   6.2567791007e-06   2.0000000000e-02 
  1.2969321886e+21   1.9325399057e+18   4.0787358138e+61   2.2245872600e-24   5.1871390090e-14   5.7690380424e-06   2.0000000000e-02 
  1.2988647285e+21   1.9325399057e+18   4.0909092748e+61   2.2245872600e-24   5.1871390090e-14   5.2234209913e-06   2.0000000000e-02 
  1.3007972684e+21   1.9325399057e+18   4.1031008753e+61   2.2245872600e-24   5.1871390090e-14   4.6946953185e-06   2.0000000000e-02 
  1.3027298083e+21   1.9325399057e+18   4.1153106154e+61   2.2245872600e-24   5.1871390090e-14   4.4170052103e-06   2.0000000000e-02 
  1.3046623482e+21   1.9325399057e+18   4.1275384949e+61   2.2245872600e-24   5.1871390090e-14   4.3640759468e-06   2.0000000000e-02 
  1.3065948881e+21   1.9325399057e+18   4.1397845139e+61   2.2245872600e-24   5.1871390089e-14   4.2839170327e-06   2.0000000000e-02 
  1.3085274280e+21   1.9325399057e+18   4.1520486724e+61   2.2245872600e-24   5.1871390089e-14   3.2503453918e-06   2.0000000000e-02 
  1.3104599679e+21   1.9325399057e+18   4.1643309705e+61   2.2245872600e-24   5.1871390088e-14   3.1045011566e-07   2.0000000000e-02 
  1.3123925079e+21   1.9325399057e+18   4.1766314080e+61   2.2245872600e-24   5.1871390088e-14  -2.3462038660e-06   2.0000000000e-02 
  1.3143250478e+21   1.9325399057e+18   4.1889499850e+61   2.2245872600e-24   5.1871390088e-14  -3.2049852151e-06   2.0000000000e-02 
  1.3162575877e+21   1.9325399057e+18   4.2012867015e+61   2.2245872600e-24   5.1871390088e-14  -3.4348089144e-06   2.0000000000e-02 
  1.3181901276e+21   1.9325399057e+18   4.2136415576e+61   2.2245872600e-24   5.1871390088e-14  -3.4588990649e-06   2.0000000000e-02 
  1.3201226675e+21   1.9325399057e+18   4.2260145531e+61   2.2245872600e-24   5.1871390088e-14  -3.3417796420e-06   2.0000000000e-02 
  1.3220552074e+21   1.9325399057e+18   4.2384056881e+61   2.2245872600e-24   5.1871390088e-14  -2.7422994317e-06   2.0000000000e-02 
  1.3239877473e+21   1.9325399057e+18   4.2508149626e+61   2.2245872600e-24   5.1871390088e-14  -1.5101299646e-06   2.0000000000e-02 
  1.3259202872e+21   1.9325399057e+18   4.2632423766e+61   2.2245872600e-24   5.1871390088e-14  -3.5663890036e-07   2.0000000000e-02 
  1.3278528271e+21   1.9325399057e+18   4.2756879301e+61   2.2245872600e-24   5.1871390088e-14   2.0194582776e-07   2.0000000000e-02 
  1.3297853670e+21   1.9325399057e+18   4.2881516231e+61   2.2245872600e-24   5.1871390088e-14   4.3769257154e-07   2.0000000000e-02 
  1.3317179069e+21   1.9325399057e+18   4.3006334556e+61   2.2245872600e-24   5.1871390088e-14   5.4858509477e-07   2.0000000000e-02 
  1.3336504468e+21   1.9325399057e+18   4.3131334276e+61   2.2245872600e-24   5.1871390088e-14   5.5663650304e-07   2.0000000000e-02 
  1.3355829867e+21   1.9325399057e+18   4.3256515391e+61   2.2245872600e-24   5.1871390088e-14   5.1893369407e-07   2.0000000000e-02 
  1.3375155266e+21   1.9325399057e+18   4.3381877901e+61   2.2245872600e-24   5.1871390088e-14   4.8392097539e-07   2.0000000000e-02 
  1.3394480665e+21   1.9325399057e+18   4.3507421806e+61   2.2245872600e-24   5.1871390088e-14   4.7669053507e-07   2.0000000000e-02 
  1.3413806064e+21   1.9325399057e+18   4.3633147106e+61   2.2245872600e-24   5.1871390088e-14   4.8363030753e-07   2.0000000000e-02 
  1.3433131463e+21   1.9325399057e+18   4.3759053801e+61   2.2245872600e-24   5.1871390088e-14   5.6935031554e-07   2.0000000000e-02 
  1.3452456863e+21   1.9325399057e+18   4.3885141891e+61   2.2245872600e-24   5.1871390088e-14   8.0605489794e-07   2.0000000000e-02 
  1.3471782262e+21   1.9325399057e+18   4.4011411376e+61   2.2245872600e-24   5.1871390088e-14   1.0397578868e-06   2.0000000000e-02 
  1.3491107661e+21   1.9325399057e+18   4.4137862256e+61   2.2245872600e-24   5.1871390088e-14   1.1390935947e-06   2.0000000000e-02 
  1.3510433060e+21   1.9325399057e+18   4.4264494531e+61   2.2245872600e-24   5.1871390088e-14   1.1338647770e-06   2.0000000000e-02 
  1.3529758459e+21   1.9325399057e+18   4.4391308201e+61   2.2245872600e-24   5.1871390088e-14   1.1000415626e-06   2.0000000000e-02 
  1.3549083858e+21   1.9325399057e+18   4.4518303266e+61   2.2245872600e-24   5.1871390088e-14   1.0076555308e-06   2.0000000000e-02 
  1.3568409257e+21   1.9325399057e+18   4.4645479726e+61   2.2245872600e-24   5.1871390088e-14   9.9065073015e-07   2.0000000000e-02 
  1.3587734656e+21   1.9325399057e+18   4.4772837581e+61   2.2245872600e-24   5.1871390088e-14   1.0808244960e-06   2.0000000000e-02 
  1.3607060055e+21   1.9325399057e+18   4.4900376830e+61   2.2245872600e-24   5.1871390088e-14   1.0506303415e-06   2.0000000000e-02 
  1.3626385454e+21   1.9325399057e+18   4.5028097475e+61   2.2245872600e-24   5.1871390088e-14   8.8302770970e-07   2.0000000000e-02 
  1.3645710853e+21   1.9325399057e+18   4.5155999515e+61   2.2245872600e-24   5.1871390088e-14   5.3007660241e-07   2.0000000000e-02 
  1.3665036252e+21   1.9325399057e+18   4.5284082950e+61   2.2245872600e-24   5.1871390088e-14   1.3389545522e-07   2.0000000000e-02 
  1.3684361651e+21   1.9325399057e+18   4.5412347779e+61   2.2245872600e-24   5.1871390088e-14  -9.0289792349e-08   2.0000000000e-02 
  1.3703687050e+21   1.9325399057e+18   4.5540794004e+61   2.2245872600e-24   5.1871390088e-14  -1.9542404064e-07   2.0000000000e-02 
  1.3723012449e+21   1.9325399057e+18   4.5669421624e+61   2.2245872600e-24   5.1871390088e-14  -2.5615603139e-07   2.0000000000e-02 
  1.3742337848e+21   1.9325399057e+18   4.5798230639e+61   2.2245872600e-24   5.1871390088e-14  -2.8234551908e-07   2.0000000000e-02 
  1.3761663247e+21   1.9325399057e+18   4.5927221048e+61   2.2245872600e-24   5.1871390088e-14  -2.6290278268e-07   2.0000000000e-02 
  1.3780988646e+21   1.9325399057e+18   4.6056392853e+61   2.2245872600e-24   5.1871390088e-14  -1.7553041499e-07   2.0000000000e-02 
  1.3800314046e+21   1.9325399057e+18   4.6185746053e+61   2.2245872600e-24   5.1871390088e-14  -6.3686056425e-08   2.0000000000e-02 
  1.3819639445e+21   1.9325399057e+18   4.6315280647e+61   2.2245872600e-24   5.1871390088e-14   9.4965424883e-08   2.0000000000e-02 
  1.3838964844e+21   1.9325399057e+18   4.6444996637e+61   2.2245872600e-24   5.1871390088e-14   3.5496892519e-07   2.0000000000e-02 
  1.3858290243e+21   1.9325399057e+18   4.6574894021e+61   2.2245872600e-24   5.1871390088e-14   7.4692109317e-07   2.0000000000e-02 
  1.3877615642e+21   1.9325399057e+18   4.6704972801e+61   2.2245872600e-24   5.1871390088e-14   1.1303103596e-06   2.0000000000e-02 
  1.3896941041e+21   1.9325399057e+18   4.6835232976e+61   2.2245872600e-24   5.1871390088e-14   1.3324424011e-06   2.0000000000e-02 
  1.3916266440e+21   1.9325399057e+18   4.6965674545e+61   2.2245872600e-24   5.1871390088e-14   1.3849011099e-06   2.0000000000e-02 
  1.3935591839e+21   1.9325399057e+18   4.7096297510e+61   2.2245872600e-24   5.1871390088e-14   1.2731148361e-06   2.0000000000e-02 
  1.3954917238e+21   1.9325399057e+18   4.7227101869e+61   2.2245872600e-24   5.1871390088e-14   1.1022659904e-06   2.0000000000e-02 
  1.3974242637e+21   1.9325399057e+18   4.7358087624e+61   2.2245872600e-24   5.1871390088e-14   9.9766068635e-07   2.0000000000e-02 
  1.3993568036e+21   1.9325399057e+18   4.7489254773e+61   2.2245872600e-24   5.1871390088e-14   9.8170762316e-07   2.0000000000e-02 
  1.4012893435e+21   1.9325399057e+18   4.7620603318e+61   2.2245872600e-24   5.1871390088e-14   9.5764634543e-07   2.0000000000e-02 
  1.4032218834e+21   1.9325399057e+18   4.7752133257e+61   2.2245872600e-24   5.1871390088e-14   7.9760979719e-07   2.0000000000e-02 
  1.4051544233e+21   1.9325399057e+18   4.7883844591e+61   2.2245872600e-24   5.1871390088e-14   7.9166727214e-07   2.0000000000e-02 
  1.4070869632e+21   1.9325399057e+18   4.8015737321e+61   2.2245872600e-24   5.1871390088e-14   9.4797115056e-07   2.0000000000e-02 
  1.4090195031e+21   1.9325399057e+18   4.8147811445e+61   2.2245872600e-24   5.1871390088e-14   1.0296286183e-06   2.0000000000e-02 
  1.4109520430e+21   1.9325399057e+18   4.8280066965e+61   2.2245872600e-24   5.1871390088e-14   1.0921008565e-06   2.0000000000e-02 
  1.4128845830e+21   1.9325399057e+18   4.8412503879e+61   2.2245872600e-24   5.1871390088e-14   1.1571011104e-06   2.0000000000e-02 
  1.4148171229e+21   1.9325399057e+18   4.8545122188e+61   2.2245872600e-24   5.1871390088e-14   1.2239984035e-06   2.0000000000e-02 
  1.4167496628e+21   1.9325399057e+18   4.8677921893e+61   2.2245872600e-24   5.1871390088e-14   1.2451410791e-06   2.0000000000e-02 
  1.4186822027e+21   1.9325399057e+18   4.8810902992e+61   2.2245872600e-24   5.1871390088e-14   1.2459755981e-06   2.0000000000e-02 
  1.4206147426e+21   1.9325399057e+18   4.8944065486e+61   2.2245872600e-24   5.1871390088e-14   1.1241226626e-06   2.0000000000e-02 
  1.4225472825e+21   1.9325399057e+18   4.9077409376e+61   2.2245872600e-24   5.1871390088e-14   7.6917145593e-07   2.0000000000e-02 
  1.4244798224e+21   1.9325399057e+18   4.9210934660e+61   2.2245872600e-24   5.1871390088e-14   4.1072937936e-07   2.0000000000e-02 
  1.4264123623e+21   1.9325399057e+18   4.9344641339e+61   2.2245872600e-24   5.1871390088e-14   1.6657826313e-07   2.0000000000e-02 
  1.4283449022e+21   1.9325399057e+18   4.9478529413e+61   2.2245872600e-24   5.1871390088e-14  -2.4570292211e-08   2.0000000000e-02 
  1.4302774421e+21   1.9325399057e+18   4.9612598883e+61   2.2245872600e-24   5.1871390088e-14  -1.8193916294e-07   2.0000000000e-02 
  1.4322099820e+21   1.9325399057e+18   4.9746849747e+61   2.2245872600e-24   5.1871390088e-14  -3.0256004429e-07   2.0000000000e-02 
  1.4341425219e+21   1.9325399057e+18   4.9881282006e+61   2.2245872600e-24   5.1871390088e-14  -3.9808900902e-07   2.0000000000e-02 
  1.4360750618e+21   1.9325399057e+18   5.0015895660e+61   2.2245872600e-24   5.1871390088e-14  -4.7202830649e-07   2.0000000000e-02 
  1.4380076017e+21   1.9325399057e+18   5.0150690709e+61   2.2245872600e-24   5.1871390088e-14  -5.0483968173e-07   2.0000000000e-02 
  1.4399401416e+21   1.9325399057e+18   5.0285667153e+61   2.2245872600e-24   5.1871390088e-14  -4.8976556510e-07   2.0000000000e-02 
  1.4418726815e+21   1.9325399057e+18   5.0420824992e+61   2.2245872600e-24   5.1871390088e-14  -3.8309568653e-07   2.0000000000e-02 
  1.4438052214e+21   1.9325399057e+18   5.0556164226e+61   2.2245872600e-24   5.1871390088e-14   1.7691541731e-08   2.0000000000e-02 
  1.4457377613e+21   1.9325399057e+18   5.0691684856e+61   2.2245872600e-24   5.1871390088e-14   9.6768079638e-07   2.0000000000e-02 
  1.4476703013e+21   1.9325399057e+18   5.0827386880e+61   2.2245872600e-24   5.1871390088e-14   2.1191077011e-06   2.0000000000e-02 
  1.4496028412e+21   1.9325399057e+18   5.0963270299e+61   2.2245872600e-24   5.1871390088e-14   2.5897077295e-06   2.0000000000e-02 
  1.4515353811e+21   1.9325399057e+18   5.1099335113e+61   2.2245872600e-24   5.1871390088e-14   2.4167167847e-06   2.0000000000e-02 
  1.4534679210e+21   1.9325399057e+18   5.1235581322e+61   2.2245872600e-24   5.1871390088e-14   1.1070907125e-06   2.0000000000e-02 
  1.4554004609e+21   1.9325399057e+18   5.1372008926e+61   2.2245872600e-24   5.1871390089e-14  -2.1391467614e-06   2.0000000000e-02 
  1.4573330008e+21   1.9325399057e+18   5.1508617925e+61   2.2245872600e-24   5.1871390089e-14  -4.2442950986e-06   2.0000000000e-02 
  1.4592655407e+21   1.9325399057e+18   5.1645408319e+61   2.2245872600e-24   5.1871390090e-14  -5.1061866400e-06   2.0000000000e-02 
  1.4611980806e+21   1.9325399057e+18   5.1782380108e+61   2.2245872600e-24   5.1871390090e-14  -5.5024087739e-06   2.0000000000e-02 
  1.4631306205e+21   1.9325399057e+18   5.1919533291e+61   2.2245872600e-24   5.1871390090e-14  -5.8831238573e-06   2.0000000000e-02 
  1.4650631604e+21   1.9325399057e+18   5.2056867870e+61   2.2245872600e-24   5.1871390090e-14  -6.2618532083e-06   2.0000000000e-02 
  1.4669957003e+21   1.9325399057e+18   5.2194383844e+61   2.2245872600e-24   5.1871390090e-14  -6.5128424518e-06   2.0000000000e-02 
  1.4689282402e+21   1.9325399057e+18   5.2332081213e+61   2.2245872600e-24   5.1871390090e-14  -6.8409828475e-06   2.0000000000e-02 
  1.4708607801e+21   1.9325399057e+18   5.2469959977e+61   2.2245872600e-24   5.1871390090e-14  -7.3024825121e-06   2.0000000000e-02 
  1.4727933200e+21   1.9325399057e+18   5.2608020136e+61   2.2245872600e-24   5.1871390090e-14  -7.7144176285e-06   2.0000000000e-02 
  1.4747258599e+21   1.9325399057e+18   5.2746261690e+61   2.2245872600e-24   5.1871390090e-14  -7.9157771158e-06   2.0000000000e-02 
  1.4766583998e+21   1.9325399057e+18   5.2884684638e+61   2.2245872600e-24   5.1871390090e-14  -7.8284956198e-06   2.0000000000e-02 
  1.4785909397e+21   1.9325399057e+18   5.3023288982e+61   2.2245872600e-24   5.1871390090e-14  -7.5190960890e-06   2.0000000000e-02 
  1.4805234797e+21   1.9325399057e+18   5.3162074721e+61   2.2245872600e-24   5.1871390090e-14  -7.1558340128e-06   2.0000000000e-02 
  1.4824560196e+21   1.9325399057e+18   5.3301041855e+61   2.2245872600e-24   5.1871390090e-14  -7.0627090634e-06   2.0000000000e-02 
  1.4843885595e+21   1.9325399057e+18   5.3440190383e+61   2.2245872600e-24   5.1871390090e-14  -7.3427007693e-06   2.0000000000e-02 
  1.4863210994e+21   1.9325399057e+18   5.3579520307e+61   2.2245872600e-24   5.1871390091e-14  -7.9320438367e-06   2.0000000000e-02 
  1.4882536393e+21   1.9325399057e+18   5.3719031626e+61   2.2245872600e-24   5.1871390091e-14  -8.4671179666e-06   2.0000000000e-02 
  1.4901861792e+21   1.9325399057e+18   5.3858724340e+61   2.2245872600e-24   5.1871390091e-14  -9.0968056674e-06   2.0000000000e-02 
  1.4921187191e+21   1.9325399057e+18   5.3998598448e+61   2.2245872600e-24   5.1871390091e-14  -9.8156925584e-06   2.0000000000e-02 
  1.4940512590e+21   1.9325399057e+18   5.4138653952e+61   2.2245872600e-24   5.1871390091e-14  -1.0337595226e-05   2.0000000000e-02 
  1.4959837989e+21   1.9325399057e+18   5.4278890850e+61   2.2245872600e-24   5.1871390091e-14  -1.0743307770e-05   2.0000000000e-02 
  1.4979163388e+21   1.9325399057e+18   5.4419309144e+61   2.2245872600e-24   5.1871390091e-14  -1.0999419995e-05   2.0000000000e-02 
  1.4998488787e+21   1.9325399057e+18   5.4559908833e+61   2.2245872600e-24   5.1871390091e-14  -1.0769341235e-05   2.0000000000e-02 
  1.5017814186e+21   1.9325399057e+18   5.4700689916e+61   2.2245872600e-24   5.1871390090e-14  -9.5761027099e-06   2.0000000000e-02 
  1.5037139585e+21   1.9325399057e+18   5.4841652395e+61   2.2245872600e-24   5.1871390090e-14  -8.3908820460e-06   2.0000000000e-02 
  1.5056464984e+21   1.9325399057e+18   5.4982796268e+61   2.2245872600e-24   5.1871390090e-14  -7.0118710157e-06   2.0000000000e-02 
  1.5075790383e+21   1.9325399057e+18   5.5124121537e+61   2.2245872600e-24   5.1871390090e-14  -6.0336249846e-06   2.0000000000e-02 
  1.5095115782e+21   1.9325399057e+18   5.5265628200e+61   2.2245872600e-24   5.1871390090e-14  -5.5762426728e-06   2.0000000000e-02 
  1.5114441181e+21   1.9325399057e+18   5.5407316259e+61   2.2245872600e-24   5.1871390089e-14  -5.2085852565e-06   2.0000000000e-02 
  1.5133766580e+21   1.9325399057e+18   5.5549185712e+61   2.2245872600e-24   5.1871390089e-14  -4.9985898215e-06   2.0000000000e-02 
  1.5153091980e+21   1.9325399057e+18   5.5691236561e+61   2.2245872600e-24   5.1871390089e-14  -4.9052076960e-06   2.0000000000e-02 
  1.5172417379e+21   1.9325399057e+18   5.5833468804e+61   2.2245872600e-24   5.1871390089e-14  -4.9471474173e-06   2.0000000000e-02 
  1.5191742778e+21   1.9325399057e+18   5.5975882443e+61   2.2245872600e-24   5.1871390089e-14  -5.1936809056e-06   2.0000000000e-02 
  1.5211068177e+21   1.9325399057e+18   5.6118477476e+61   2.2245872600e-24   5.1871390089e-14  -5.5241447019e-06   2.0000000000e-02 
  1.5230393576e+21   1.9325399057e+18   5.6261253905e+61   2.2245872600e-24   5.1871390089e-14  -5.8245944707e-06   2.0000000000e-02 
  1.5249718975e+21   1.9325399057e+18   5.6404211728e+61   2.2245872600e-24   5.1871390089e-14  -6.0352662426e-06   2.0000000000e-02 
  1.5269044374e+21   1.9325399057e+18   5.6547350946e+61   2.2245872600e-24   5.1871390089e-14  -6.0921505371e-06   2.0000000000e-02 
  1.5288369773e+21   1.9325399057e+18   5.6690671560e+61   2.2245872600e-24   5.1871390089e-14  -6.1073341338e-06   2.0000000000e-02 
  1.5307695172e+21   1.9325399057e+18   5.6834173568e+61   2.2245872600e-24   5.1871390089e-14  -6.2669049802e-06   2.0000000000e-02 
  1.5327020571e+21   1.9325399057e+18   5.6977856971e+61   2.2245872600e-24   5.1871390089e-14  -6.4361098167e-06   2.0000000000e-02 
  1.5346345970e+21   1.9325399057e+18   5.7121721770e+61   2.2245872600e-24   5.1871390089e-14  -6.8160514189e-06   2.0000000000e-02 
  1.5365671369e+21   1.9325399057e+18   5.7265767963e+61   2.2245872600e-24   5.1871390089e-14  -7.0654729248e-06   2.0000000000e-02 
  1.5384996768e+21   1.9325399057e+18   5.7409995551e+61   2.2245872600e-24   5.1871390089e-14  -6.6599654215e-06   2.0000000000e-02 
  1.5404322167e+21   1.9325399057e+18   5.7554404534e+61   2.2245872600e-24   5.1871390089e-14  -6.0636062840e-06   2.0000000000e-02 
  1.5423647566e+21   1.9325399057e+18   5.7698994913e+61   2.2245872600e-24   5.1871390090e-14  -5.5368292078e-06   2.0000000000e-02 
  1.5442972965e+21   1.9325399057e+18   5.7843766686e+61   2.2245872600e-24   5.1871390090e-14  -5.0225726244e-06   2.0000000000e-02 
  1.5462298364e+21   1.9325399057e+18   5.7988719854e+61   2.2245872600e-24   5.1871390090e-14  -4.7925113708e-06   2.0000000000e-02 
  1.5481623764e+21   1.9325399057e+18   5.8133854417e+61   2.2245872600e-24   5.1871390090e-14  -4.5385382142e-06   2.0000000000e-02 
  1.5500949163e+21   1.9325399057e+18   5.8279170375e+61   2.2245872600e-24   5.1871390090e-14  -4.2661784168e-06   2.0000000000e-02 
  1.5520274562e+21   1.9325399057e+18   5.8424667728e+61   2.2245872600e-24   5.1871390090e-14  -4.0648898930e-06   2.0000000000e-02 
  1.5539599961e+21   1.9325399057e+18   5.8570346477e+61   2.2245872600e-24   5.1871390089e-14  -3.9034225858e-06   2.0000000000e-02 
  1.5558925360e+21   1.9325399057e+18   5.8716206620e+61   2.2245872600e-24   5.1871390089e-14  -3.8333252174e-06   2.0000000000e-02 
  1.5578250759e+21   1.9325399057e+18   5.8862248158e+61   2.2245872600e-24   5.1871390089e-14  -3.9421022688e-06   2.0000000000e-02 
  1.5597576158e+21   1.9325399057e+18   5.9008471091e+61   2.2245872600e-24   5.1871390089e-14  -4.1978608677e-06   2.0000000000e-02 
  1.5616901557e+21   1.9325399057e+18   5.9154875419e+61   2.2245872600e-24   5.1871390089e-14  -4.5247516493e-06   2.0000000000e-02 
  1.5636226956e+21   1.9325399057e+18   5.9301461142e+61   2.2245872600e-24   5.1871390089e-14  -4.9940629965e-06   2.0000000000e-02 
  1.5655552355e+21   1.9325399057e+18   5.9448228260e+61   2.2245872600e-24   5.1871390089e-14  -5.5741950082e-06   2.0000000000e-02 
  1.5674877754e+21   1.9325399057e+18   5.9595176773e+61   2.2245872600e-24   5.1871390089e-14  -6.4464063221e-06   2.0000000000e-02 
  1.5694203153e+21   1.9325399057e+18   5.9742306681e+61   2.2245872600e-24   5.1871390089e-14  -7.2439003643e-06   2.0000000000e-02 
  1.5713528552e+21   1.9325399057e+18   5.9889617984e+61   2.2245872600e-24   5.1871390089e-14  -7.7919289619e-06   2.0000000000e-02 
  1.5732853951e+21   1.9325399057e+18   6.0037110682e+61   2.2245872600e-24   5.1871390089e-14  -8.9649014851e-06   2.0000000000e-02 
  1.5752179350e+21   1.9325399057e+18   6.0184784775e+61   2.2245872600e-24   5.1871390088e-14  -1.0607314190e-05   2.0000000000e-02 
  1.5771504749e+21   1.9325399057e+18   6.0332640263e+61   2.2245872600e-24   5.1871390088e-14  -1.1676481734e-05   2.0000000000e-02 
  1.5790830148e+21   1.9325399057e+18   6.0480677146e+61   2.2245872600e-24   5.1871390088e-14  -1.2071354198e-05   2.0000000000e-02 
  1.5810155547e+21   1.9325399057e+18   6.0628895424e+61   2.2245872600e-24   5.1871390088e-14  -1.2117674027e-05   2.0000000000e-02 
  1.5829480947e+21   1.9325399057e+18   6.0777295096e+61   2.2245872600e-24   5.1871390088e-14  -1.1874731452e-05   2.0000000000e-02 
  1.5848806346e+21   1.9325399057e+18   6.0925876164e+61   2.2245872600e-24   5.1871390088e-14  -1.1394835406e-05   2.0000000000e-02 
  1.5868131745e+21   1.9325399057e+18   6.1074638627e+61   2.2245872600e-24   5.1871390088e-14  -1.0600875152e-05   2.0000000000e-02 
  1.5887457144e+21   1.9325399057e+18   6.1223582485e+61   2.2245872600e-24   5.1871390089e-14  -9.7742049401e-06   2.0000000000e-02 
  1.5906782543e+21   1.9325399057e+18   6.1372707738e+61   2.2245872600e-24   5.1871390089e-14  -8.9885258427e-06   2.0000000000e-02 
  1.5926107942e+21   1.9325399057e+18   6.1522014386e+61   2.2245872600e-24   5.1871390089e-14  -8.1674538701e-06   2.0000000000e-02 
  1.5945433341e+21   1.9325399057e+18   6.1671502428e+61   2.2245872600e-24   5.1871390089e-14  -7.4193772943e-06   2.0000000000e-02 
  1.5964758740e+21   1.9325399057e+18   6.1821171866e+61   2.2245872600e-24   5.1871390089e-14  -6.7222537341e-06   2.0000000000e-02 
  1.5984084139e+21   1.9325399057e+18   6.1971022699e+61   2.2245872600e-24   5.1871390089e-14  -6.1478397990e-06   2.0000000000e-02 
  1.6003409538e+21   1.9325399057e+18   6.2121054927e+61   2.2245872600e-24   5.1871390089e-14  -5.9841895969e-06   2.0000000000e-02 
  1.6022734937e+21   1.9325399057e+18   6.2271268549e+61   2.2245872600e-24   5.1871390089e-14  -5.9582222225e-06   2.0000000000e-02 
  1.6042060336e+21   1.9325399057e+18   6.2421663567e+61   2.2245872600e-24   5.1871390089e-14  -5.9646250440e-06   2.0000000000e-02 
  1.6061385735e+21   1.9325399057e+18   6.2572239980e+61   2.2245872600e-24   5.1871390089e-14  -6.0355206948e-06   2.0000000000e-02 
  1.6080711134e+21   1.9325399057e+18   6.2722997787e+61   2.2245872600e-24   5.1871390089e-14  -6.1029038548e-06   2.0000000000e-02 
  1.6100036533e+21   1.9325399057e+18   6.2873936990e+61   2.2245872600e-24   5.1871390089e-14  -6.0434284644e-06   2.0000000000e-02 
  1.6119361932e+21   1.9325399057e+18   6.3025057587e+61   2.2245872600e-24   5.1871390089e-14  -6.0187393857e-06   2.0000000000e-02 
  1.6138687331e+21   1.9325399057e+18   6.3176359580e+61   2.2245872600e-24   5.1871390089e-14  -5.9696365509e-06   2.0000000000e-02 
  1.6158012731e+21   1.9325399057e+18   6.3327842968e+61   2.2245872600e-24   5.1871390089e-14  -5.7073069684e-06   2.0000000000e-02 
  1.6177338130e+21   1.9325399057e+18   6.3479507750e+61   2.2245872600e-24   5.1871390089e-14  -5.3422828840e-06   2.0000000000e-02 
  1.6196663529e+21   1.9325399057e+18   6.3631353928e+61   2.2245872600e-24   5.1871390089e-14  -4.9073129890e-06   2.0000000000e-02 
  1.6215988928e+21   1.9325399057e+18   6.3783381500e+61   2.2245872600e-24   5.1871390089e-14  -4.2548997415e-06   2.0000000000e-02 
  1.6235314327e+21   1.9325399057e+18   6.3935590468e+61   2.2245872600e-24   5.1871390090e-14  -3.0469650233e-06   2.0000000000e-02 
  1.6254639726e+21   1.9325399057e+18   6.4087980830e+61   2.2245872600e-24   5.1871390090e-14  -6.7785652727e-07   2.0000000000e-02 
  1.6273965125e+21   1.9325399057e+18   6.4240552588e+61   2.2245872600e-24   5.1871390090e-14   1.4895401493e-06   2.0000000000e-02 
  1.6293290524e+21   1.9325399057e+18   6.4393305740e+61   2.2245872600e-24   5.1871390091e-14   2.1314587411e-06   2.0000000000e-02 
  1.6312615923e+21   1.9325399057e+18   6.4546240288e+61   2.2245872600e-24   5.1871390091e-14   2.2515503669e-06   2.0000000000e-02 
  1.6331941322e+21   1.9325399057e+18   6.4699356230e+61   2.2245872600e-24   5.1871390091e-14   2.2649904216e-06   2.0000000000e-02 
  1.6351266721e+21   1.9325399057e+18   6.4852653568e+61   2.2245872600e-24   5.1871390091e-14   2.2824839521e-06   2.0000000000e-02 
  1.6370592120e+21   1.9325399057e+18   6.5006132300e+61   2.2245872600e-24   5.1871390091e-14   2.3426595619e-06   2.0000000000e-02 
  1.6389917519e+21   1.9325399057e+18   6.5159792427e+61   2.2245872600e-24   5.1871390091e-14   2.4332626632e-06   2.0000000000e-02 
  1.6409242918e+21   1.9325399057e+18   6.5313633950e+61   2.2245872600e-24   5.1871390091e-14   2.5348215707e-06   2.0000000000e-02 
  1.6428568317e+21   1.9325399057e+18   6.5467656867e+61   2.2245872600e-24   5.1871390091e-14   2.7486028034e-06   2.0000000000e-02 
  1.6447893716e+21   1.9325399057e+18   6.5621861179e+61   2.2245872600e-24   5.1871390091e-14   2.9043878286e-06   2.0000000000e-02 
  1.6467219115e+21   1.9325399057e+18   6.5776246887e+61   2.2245872600e-24   5.1871390091e-14   2.9548647450e-06   2.0000000000e-02 
  1.6486544514e+21   1.9325399057e+18   6.5930813989e+61   2.2245872600e-24   5.1871390091e-14   2.9877816116e-06   2.0000000000e-02 
  1.6505869914e+21   1.9325399057e+18   6.6085562486e+61   2.2245872600e-24   5.1871390091e-14   3.0048754020e-06   2.0000000000e-02 
  1.6525195313e+21   1.9325399057e+18   6.6240492379e+61   2.2245872600e-24   5.1871390091e-14   2.8430099192e-06   2.0000000000e-02 
  1.6544520712e+21   1.9325399057e+18   6.6395603666e+61   2.2245872600e-24   5.1871390091e-14   2.5127070654e-06   2.0000000000e-02 
  1.6563846111e+21   1.9325399057e+18   6.6550896348e+61   2.2245872600e-24   5.1871390091e-14   2.0859948480e-06   2.0000000000e-02 
  1.6583171510e+21   1.9325399057e+18   6.6706370425e+61   2.2245872600e-24   5.1871390090e-14   1.7242619924e-06   2.0000000000e-02 
  1.6602496909e+21   1.9325399057e+18   6.6862025897e+61   2.2245872600e-24   5.1871390090e-14   1.7501234194e-06   2.0000000000e-02 
  1.6621822308e+21   1.9325399057e+18   6.7017862765e+61   2.2245872600e-24   5.1871390090e-14   2.4618662421e-06   2.0000000000e-02 
  1.6641147707e+21   1.9325399057e+18   6.7173881027e+61   2.2245872600e-24   5.1871390090e-14   3.5381701385e-06   2.0000000000e-02 
  1.6660473106e+21   1.9325399057e+18   6.7330080684e+61   2.2245872600e-24   5.1871390090e-14   4.3472950900e-06   2.0000000000e-02 
  1.6679798505e+21   1.9325399057e+18   6.7486461736e+61   2.2245872600e-24   5.1871390089e-14   4.9524421837e-06   2.0000000000e-02 
  1.6699123904e+21   1.9325399057e+18   6.7643024183e+61   2.2245872600e-24   5.1871390089e-14   5.5021542094e-06   2.0000000000e-02 
  1.6718449303e+21   1.9325399057e+18   6.7799768025e+61   2.2245872600e-24   5.1871390089e-14   6.0653586765e-06   2.0000000000e-02 
  1.6737774702e+21   1.9325399057e+18   6.7956693262e+61   2.2245872600e-24   5.1871390089e-14   6.4934211139e-06   2.0000000000e-02 
  1.6757100101e+21   1.9325399057e+18   6.8113799894e+61   2.2245872600e-24   5.1871390089e-14   6.6773390494e-06   2.0000000000e-02 
  1.6776425500e+21   1.9325399057e+18   6.8271087921e+61   2.2245872600e-24   5.1871390089e-14   6.8098841026e-06   2.0000000000e-02 
  1.6795750899e+21   1.9325399057e+18   6.8428557343e+61   2.2245872600e-24   5.1871390089e-14   6.9279105852e-06   2.0000000000e-02 
  1.6815076298e+21   1.9325399057e+18   6.8586208160e+61   2.2245872600e-24   5.1871390089e-14   7.0007070175e-06   2.0000000000e-02 
  1.6834401697e+21   1.9325399057e+18   6.8744040372e+61   2.2245872600e-24   5.1871390089e-14   6.9773015426e-06   2.0000000000e-02 
  1.6853727097e+21   1.9325399057e+18   6.8902053979e+61   2.2245872600e-24   5.1871390089e-14   6.8468442136e-06   2.0000000000e-02 
  1.6873052496e+21   1.9325399057e+18   6.9060248981e+61   2.2245872600e-24   5.1871390089e-14   6.6629888042e-06   2.0000000000e-02 
  1.6892377895e+21   1.9325399057e+18   6.9218625378e+61   2.2245872600e-24   5.1871390089e-14   6.4459998269e-06   2.0000000000e-02 
  1.6911703294e+21   1.9325399057e+18   6.9377183170e+61   2.2245872600e-24   5.1871390089e-14   6.1951106641e-06   2.0000000000e-02 
  1.6931028693e+21   1.9325399057e+18   6.9535922357e+61   2.2245872600e-24   5.1871390089e-14   5.8732800638e-06   2.0000000000e-02 
  1.6950354092e+21   1.9325399057e+18   6.9694842939e+61   2.2245872600e-24   5.1871390089e-14   5.5452040844e-06   2.0000000000e-02 
  1.6969679491e+21   1.9325399057e+18   6.9853944916e+61   2.2245872600e-24   5.1871390089e-14   5.4287881382e-06   2.0000000000e-02 
  1.6989004890e+21   1.9325399057e+18   7.0013228288e+61   2.2245872600e-24   5.1871390089e-14   5.4457952626e-06   2.0000000000e-02 
  1.7008330289e+21   1.9325399057e+18   7.0172693055e+61   2.2245872600e-24   5.1871390089e-14   5.5533834717e-06   2.0000000000e-02 
  1.7027655688e+21   1.9325399057e+18   7.0332339216e+61   2.2245872600e-24   5.1871390089e-14   5.8821540750e-06   2.0000000000e-02 
  1.7046981087e+21   1.9325399057e+18   7.0492166773e+61   2.2245872600e-24   5.1871390089e-14   6.4883137196e-06   2.0000000000e-02 
  1.7066306486e+21   1.9325399057e+18   7.0652175725e+61   2.2245872600e-24   5.1871390089e-14   7.1328304243e-06   2.0000000000e-02 
  1.7085631885e+21   1.9325399057e+18   7.0812366072e+61   2.2245872600e-24   5.1871390089e-14   7.7836908538e-06   2.0000000000e-02 
  1.7104957284e+21   1.9325399057e+18   7.0972737814e+61   2.2245872600e-24   5.1871390088e-14   8.3791950039e-06   2.0000000000e-02 
  1.7124282683e+21   1.9325399057e+18   7.1133290950e+61   2.2245872600e-24   5.1871390088e-14   8.9705466575e-06   2.0000000000e-02 
  1.7143608082e+21   1.9325399057e+18   7.1294025482e+61   2.2245872600e-24   5.1871390088e-14   9.6365113920e-06   2.0000000000e-02 
  1.7162933481e+21   1.9325399057e+18   7.1454941409e+61   2.2245872600e-24   5.1871390088e-14   1.0095045436e-05   2.0000000000e-02 
  1.7182258881e+21   1.9325399057e+18   7.1616038730e+61   2.2245872600e-24   5.1871390088e-14   1.0261348493e-05   2.0000000000e-02 
  1.7201584280e+21   1.9325399057e+18   7.1777317447e+61   2.2245872600e-24   5.1871390088e-14   1.0205606915e-05   2.0000000000e-02 
  1.7220909679e+21   1.9325399057e+18   7.1938777559e+61   2.2245872600e-24   5.1871390088e-14   1.0058741646e-05   2.0000000000e-02 
  1.7240235078e+21   1.9325399057e+18   7.2100419065e+61   2.2245872600e-24   5.1871390088e-14   9.7366758006e-06   2.0000000000e-02 
  1.7259560477e+21   1.9325399057e+18   7.2262241967e+61   2.2245872600e-24   5.1871390088e-14   9.1225406418e-06   2.0000000000e-02 
  1.7278885876e+21   1.9325399057e+18   7.2424246264e+61   2.2245872600e-24   5.1871390088e-14   8.0013946835e-06   2.0000000000e-02 
  1.7298211275e+21   1.9325399057e+18   7.2586431955e+61   2.2245872600e-24   5.1871390088e-14   6.8195385869e-06   2.0000000000e-02 
  1.7317536674e+21   1.9325399057e+18   7.2748799042e+61   2.2245872600e-24   5.1871390089e-14   6.0955522963e-06   2.0000000000e-02 
  1.7336862073e+21   1.9325399057e+18   7.2911347523e+61   2.2245872600e-24   5.1871390089e-14   5.7009883450e-06   2.0000000000e-02 
  1.7356187472e+21   1.9325399057e+18   7.3074077400e+61   2.2245872600e-24   5.1871390089e-14   5.2319819226e-06   2.0000000000e-02 
  1.7375512871e+21   1.9325399057e+18   7.3236988671e+61   2.2245872600e-24   5.1871390089e-14   4.7731901304e-06   2.0000000000e-02 
  1.7394838270e+21   1.9325399057e+18   7.3400081338e+61   2.2245872600e-24   5.1871390089e-14   4.7066071877e-06   2.0000000000e-02 
  1.7414163669e+21   1.9325399057e+18   7.3563355399e+61   2.2245872600e-24   5.1871390089e-14   4.8634701460e-06   2.0000000000e-02 
  1.7433489068e+21   1.9325399057e+18   7.3726810856e+61   2.2245872600e-24   5.1871390089e-14   5.1826059054e-06   2.0000000000e-02 
  1.7452814467e+21   1.9325399057e+18   7.3890447707e+61   2.2245872600e-24   5.1871390089e-14   5.7003022162e-06   2.0000000000e-02 
  1.7472139866e+21   1.9325399057e+18   7.4054265954e+61   2.2245872600e-24   5.1871390089e-14   6.1688368203e-06   2.0000000000e-02 
  1.7491465265e+21   1.9325399057e+18   7.4218265595e+61   2.2245872600e-24   5.1871390089e-14   6.5114670098e-06   2.0000000000e-02 
  1.7510790664e+21   1.9325399057e+18   7.4382446632e+61   2.2245872600e-24   5.1871390089e-14   6.8274103876e-06   2.0000000000e-02 
  1.7530116064e+21   1.9325399057e+18   7.4546809063e+61   2.2245872600e-24   5.1871390089e-14   7.1703945661e-06   2.0000000000e-02 
  1.7549441463e+21   1.9325399057e+18   7.4711352889e+61   2.2245872600e-24   5.1871390089e-14   7.5148662154e-06   2.0000000000e-02 
  1.7568766862e+21   1.9325399057e+18   7.4876078111e+61   2.2245872600e-24   5.1871390089e-14   7.7101199354e-06   2.0000000000e-02 
  1.7588092261e+21   1.9325399057e+18   7.5040984727e+61   2.2245872600e-24   5.1871390089e-14   7.7940775343e-06   2.0000000000e-02 
  1.7607417660e+21   1.9325399057e+18   7.5206072738e+61   2.2245872600e-24   5.1871390089e-14   7.6800070085e-06   2.0000000000e-02 
  1.7626743059e+21   1.9325399057e+18   7.5371342145e+61   2.2245872600e-24   5.1871390089e-14   7.3645954638e-06   2.0000000000e-02 
  1.7646068458e+21   1.9325399057e+18   7.5536792946e+61   2.2245872600e-24   5.1871390089e-14   6.9178635844e-06   2.0000000000e-02 
  1.7665393857e+21   1.9325399057e+18   7.5702425142e+61   2.2245872600e-24   5.1871390089e-14   6.5598461907e-06   2.0000000000e-02 
  1.7684719256e+21   1.9325399057e+18   7.5868238733e+61   2.2245872600e-24   5.1871390089e-14   6.3613167707e-06   2.0000000000e-02 
  1.7704044655e+21   1.9325399057e+18   7.6034233720e+61   2.2245872600e-24   5.1871390089e-14   6.2502102823e-06   2.0000000000e-02 
  1.7723370054e+21   1.9325399057e+18   7.6200410101e+61   2.2245872600e-24   5.1871390089e-14   6.1586920469e-06   2.0000000000e-02 
  1.7742695453e+21   1.9325399057e+18   7.6366767877e+61   2.2245872600e-24   5.1871390089e-14   5.9547112266e-06   2.0000000000e-02 
  1.7762020852e+21   1.9325399057e+18   7.6533307048e+61   2.2245872600e-24   5.1871390089e-14   5.6203613911e-06   2.0000000000e-02 
  1.7781346251e+21   1.9325399057e+18   7.6700027614e+61   2.2245872600e-24   5.1871390089e-14   5.2206130306e-06   2.0000000000e-02 
  1.7800671650e+21   1.9325399057e+18   7.6866929575e+61   2.2245872600e-24   5.1871390089e-14   5.0459276917e-06   2.0000000000e-02 
  1.7819997049e+21   1.9325399057e+18   7.7034012932e+61   2.2245872600e-24   5.1871390089e-14   4.9919381153e-06   2.0000000000e-02 
  1.7839322448e+21   1.9325399057e+18   7.7201277683e+61   2.2245872600e-24   5.1871390089e-14   5.0163237807e-06   2.0000000000e-02 
  1.7858647848e+21   1.9325399057e+18   7.7368723829e+61   2.2245872600e-24   5.1871390089e-14   5.0179945998e-06   2.0000000000e-02 
  1.7877973247e+21   1.9325399057e+18   7.7536351370e+61   2.2245872600e-24   5.1871390089e-14   5.1193106189e-06   2.0000000000e-02 
  1.7897298646e+21   1.9325399057e+18   7.7704160306e+61   2.2245872600e-24   5.1871390089e-14   5.2064968489e-06   2.0000000000e-02 
  1.7916624045e+21   1.9325399057e+18   7.7872150637e+61   2.2245872600e-24   5.1871390089e-14   5.2973477835e-06   2.0000000000e-02 
  1.7935949444e+21   1.9325399057e+18   7.8040322363e+61   2.2245872600e-24   5.1871390089e-14   5.2784892511e-06   2.0000000000e-02 
  1.7955274843e+21   1.9325399057e+18   7.8208675484e+61   2.2245872600e-24   5.1871390090e-14   5.3054344095e-06   2.0000000000e-02 
  1.7974600242e+21   1.9325399057e+18   7.8377210000e+61   2.2245872600e-24   5.1871390090e-14   5.5070025231e-06   2.0000000000e-02 
  1.7993925641e+21   1.9325399057e+18   7.8545925911e+61   2.2245872600e-24   5.1871390090e-14   5.7932298588e-06   2.0000000000e-02 
  1.8013251040e+21   1.9325399057e+18   7.8714823217e+61   2.2245872600e-24   5.1871390090e-14   6.1329275792e-06   2.0000000000e-02 
  1.8032576439e+21   1.9325399057e+18   7.8883901918e+61   2.2245872600e-24   5.1871390090e-14   6.3884078834e-06   2.0000000000e-02 
  1.8051901838e+21   1.9325399057e+18   7.9053162014e+61   2.2245872600e-24   5.1871390090e-14   6.5978699901e-06   2.0000000000e-02 
  1.8071227237e+21   1.9325399057e+18   7.9222603505e+61   2.2245872600e-24   5.1871390090e-14   6.7165274885e-06   2.0000000000e-02 
  1.8090552636e+21   1.9325399057e+18   7.9392226391e+61   2.2245872600e-24   5.1871390090e-14   6.5894404677e-06   2.0000000000e-02 
  1.8109878035e+21   1.9325399057e+18   7.9562030672e+61   2.2245872600e-24   5.1871390090e-14   6.2567259634e-06   2.0000000000e-02 
  1.8129203434e+21   1.9325399057e+18   7.9732016347e+61   2.2245872600e-24   5.1871390090e-14   5.7739438479e-06   2.0000000000e-02 
  1.8148528833e+21   1.9325399057e+18   7.9902183418e+61   2.2245872600e-24   5.1871390090e-14   5.2081927858e-06   2.0000000000e-02 
  1.8167854232e+21   1.9325399057e+18   8.0072531884e+61   2.2245872600e-24   5.1871390090e-14   4.6871671983e-06   2.0000000000e-02 
  1.8187179631e+21   1.9325399057e+18   8.0243061745e+61   2.2245872600e-24   5.1871390090e-14   4.4607286375e-06   2.0000000000e-02 
  1.8206505031e+21   1.9325399057e+18   8.0413773001e+61   2.2245872600e-24   5.1871390090e-14   4.4704565905e-06   2.0000000000e-02 
  1.8225830430e+21   1.9325399057e+18   8.0584665651e+61   2.2245872600e-24   5.1871390089e-14   4.3978843133e-06   2.0000000000e-02 
  1.8245155829e+21   1.9325399057e+18   8.0755739697e+61   2.2245872600e-24   5.1871390089e-14   3.1352938162e-06   2.0000000000e-02 
  1.8264481228e+21   1.9325399057e+18   8.0926995138e+61   2.2245872600e-24   5.1871390088e-14  -1.6819443028e-07   2.0000000000e-02 
  1.8283806627e+21   1.9325399057e+18   8.1098431974e+61   2.2245872600e-24   5.1871390088e-14  -2.7127941856e-06   2.0000000000e-02 
  1.8303132026e+21   1.9325399057e+18   8.1270050204e+61   2.2245872600e-24   5.1871390088e-14  -3.3317215853e-06   2.0000000000e-02 
  1.8322457425e+21   1.9325399057e+18   8.1441849830e+61   2.2245872600e-24   5.1871390088e-14  -3.3682505995e-06   2.0000000000e-02 
  1.8341782824e+21   1.9325399057e+18   8.1613830851e+61   2.2245872600e-24   5.1871390088e-14  -3.3042889108e-06   2.0000000000e-02 
  1.8361108223e+21   1.9325399057e+18   8.1785993266e+61   2.2245872600e-24   5.1871390088e-14  -2.7210131332e-06   2.0000000000e-02 
  1.8380433622e+21   1.9325399057e+18   8.1958337077e+61   2.2245872600e-24   5.1871390088e-14  -1.6480125252e-06   2.0000000000e-02 
  1.8399759021e+21   1.9325399057e+18   8.2130862283e+61   2.2245872600e-24   5.1871390088e-14  -8.0048869049e-07   2.0000000000e-02 
  1.8419084420e+21   1.9325399057e+18   8.2303568883e+61   2.2245872600e-24   5.1871390088e-14  -3.9872409699e-07   2.0000000000e-02 
  1.8438409819e+21   1.9325399057e+18   8.2476456879e+61   2.2245872600e-24   5.1871390088e-14  -3.2982709835e-07   2.0000000000e-02 
  1.8457735218e+21   1.9325399057e+18   8.2649526269e+61   2.2245872600e-24   5.1871390088e-14  -3.5990095293e-07   2.0000000000e-02 
  1.8477060617e+21   1.9325399057e+18   8.2822777055e+61   2.2245872600e-24   5.1871390088e-14  -3.9963139307e-07   2.0000000000e-02 
  1.8496386016e+21   1.9325399057e+18   8.2996209236e+61   2.2245872600e-24   5.1871390088e-14  -4.0018129972e-07   2.0000000000e-02 
  1.8515711415e+21   1.9325399057e+18   8.3169822811e+61   2.2245872600e-24   5.1871390088e-14  -3.0602259024e-07   2.0000000000e-02 
  1.8535036815e+21   1.9325399057e+18   8.3343617782e+61   2.2245872600e-24   5.1871390088e-14  -2.1075504493e-07   2.0000000000e-02 
  1.8554362214e+21   1.9325399057e+18   8.3517594147e+61   2.2245872600e-24   5.1871390088e-14  -1.6854521541e-07   2.0000000000e-02 
  1.8573687613e+21   1.9325399057e+18   8.3691751907e+61   2.2245872600e-24   5.1871390088e-14  -1.4194803979e-07   2.0000000000e-02 
  1.8593013012e+21   1.9325399057e+18   8.3866091063e+61   2.2245872600e-24   5.1871390088e-14  -1.2074435145e-07   2.0000000000e-02 
  1.8612338411e+21   1.9325399057e+18   8.4040611613e+61   2.2245872600e-24   5.1871390088e-14  -9.6818529417e-08   2.0000000000e-02 
  1.8631663810e+21   1.9325399057e+18   8.4215313559e+61   2.2245872600e-24   5.1871390088e-14  -3.6746428722e-08   2.0000000000e-02 
  1.8650989209e+21   1.9325399057e+18   8.4390196899e+61   2.2245872600e-24   5.1871390088e-14   2.3822651254e-08   2.0000000000e-02 
  1.8670314608e+21   1.9325399057e+18   8.4565261635e+61   2.2245872600e-24   5.1871390088e-14   3.0994467094e-08   2.0000000000e-02 
  1.8689640007e+21   1.9325399057e+18   8.4740507765e+61   2.2245872600e-24   5.1871390088e-14   4.4931267195e-08   2.0000000000e-02 
  1.8708965406e+21   1.9325399057e+18   8.4915935290e+61   2.2245872600e-24   5.1871390088e-14   6.4797523650e-08   2.0000000000e-02 
  1.8728290805e+21   1.9325399057e+18   8.5091544211e+61   2.2245872600e-24   5.1871390088e-14   1.1493410469e-07   2.0000000000e-02 
  1.8747616204e+21   1.9325399057e+18   8.5267334526e+61   2.2245872600e-24   5.1871390088e-14   2.0277757574e-07   2.0000000000e-02 
  1.8766941603e+21   1.9325399057e+18   8.5443306236e+61   2.2245872600e-24   5.1871390088e-14   2.9982558021e-07   2.0000000000e-02 
  1.8786267002e+21   1.9325399057e+18   8.5619459342e+61   2.2245872600e-24   5.1871390088e-14   4.1879296812e-07   2.0000000000e-02 
  1.8805592401e+21   1.9325399057e+18   8.5795793842e+61   2.2245872600e-24   5.1871390088e-14   5.3088549422e-07   2.0000000000e-02 
  1.8824917800e+21   1.9325399057e+18   8.5972309737e+61   2.2245872600e-24   5.1871390088e-14   5.8912583308e-07   2.0000000000e-02 
  1.8844243199e+21   1.9325399057e+18   8.6149007027e+61   2.2245872600e-24   5.1871390088e-14   5.8285160453e-07   2.0000000000e-02 
  1.8863568598e+21   1.9325399057e+18   8.6325885712e+61   2.2245872600e-24   5.1871390088e-14   5.3762468883e-07   2.0000000000e-02 
  1.8882893998e+21   1.9325399057e+18   8.6502945793e+61   2.2245872600e-24   5.1871390088e-14   4.4033281360e-07   2.0000000000e-02 
  1.8902219397e+21   1.9325399057e+18   8.6680187268e+61   2.2245872600e-24   5.1871390088e-14   2.5948027257e-07   2.0000000000e-02 
  1.8921544796e+21   1.9325399057e+18   8.6857610138e+61   2.2245872600e-24   5.1871390088e-14   8.1754372608e-08   2.0000000000e-02 
  1.8940870195e+21   1.9325399057e+18   8.7035214403e+61   2.2245872600e-24   5.1871390088e-14  -4.4028969092e-09   2.0000000000e-02 
  1.8960195594e+21   1.9325399057e+18   8.7213000063e+61   2.2245872600e-24   5.1871390088e-14  -1.9449216552e-08   2.0000000000e-02 
  1.8979520993e+21   1.9325399057e+18   8.7390967118e+61   2.2245872600e-24   5.1871390088e-14  -5.7033451928e-09   2.0000000000e-02 
  1.8998846392e+21   1.9325399057e+18   8.7569115569e+61   2.2245872600e-24   5.1871390088e-14   5.4270051422e-08   2.0000000000e-02 
  1.9018171791e+21   1.9325399057e+18   8.7747445414e+61   2.2245872600e-24   5.1871390088e-14   1.8312775848e-07   2.0000000000e-02 
  1.9037497190e+21   1.9325399057e+18   8.7925956654e+61   2.2245872600e-24   5.1871390088e-14   4.2286609845e-07   2.0000000000e-02 
  1.9056822589e+21   1.9325399057e+18   8.8104649289e+61   2.2245872600e-24   5.1871390088e-14   7.8579659452e-07   2.0000000000e-02 
  1.9076147988e+21   1.9325399057e+18   8.8283523319e+61   2.2245872600e-24   5.1871390088e-14   1.0971942631e-06   2.0000000000e-02 
  1.9095473387e+21   1.9325399057e+18   8.8462578744e+61   2.2245872600e-24   5.1871390088e-14   1.2130395323e-06   2.0000000000e-02 
  1.9114798786e+21   1.9325399057e+18   8.8641815564e+61   2.2245872600e-24   5.1871390088e-14   1.1682082206e-06   2.0000000000e-02 
  1.9134124185e+21   1.9325399057e+18   8.8821233779e+61   2.2245872600e-24   5.1871390088e-14   1.0388910525e-06   2.0000000000e-02 
  1.9153449584e+21   1.9325399057e+18   8.9000833389e+61   2.2245872600e-24   5.1871390088e-14   8.3923323754e-07   2.0000000000e-02 
  1.9172774983e+21   1.9325399057e+18   8.9180614394e+61   2.2245872600e-24   5.1871390088e-14   6.2964719412e-07   2.0000000000e-02 
  1.9192100382e+21   1.9325399057e+18   8.9360576794e+61   2.2245872600e-24   5.1871390088e-14   6.2028124434e-07   2.0000000000e-02 
  1.9211425782e+21   1.9325399057e+18   8.9540720589e+61   2.2245872600e-24   5.1871390088e-14   7.9319135764e-07   2.0000000000e-02 
  1.9230751181e+21   1.9325399057e+18   8.9721045778e+61   2.2245872600e-24   5.1871390088e-14   8.8772489863e-07   2.0000000000e-02 
  1.9250076580e+21   1.9325399057e+18   8.9901552363e+61   2.2245872600e-24   5.1871390088e-14   9.0137108293e-07   2.0000000000e-02 
  1.9269401979e+21   1.9325399057e+18   9.0082240343e+61   2.2245872600e-24   5.1871390088e-14   8.7028838793e-07   2.0000000000e-02 
  1.9288727378e+21   1.9325399057e+18   9.0263109718e+61   2.2245872600e-24   5.1871390088e-14   6.9658073304e-07   2.0000000000e-02 
  1.9308052777e+21   1.9325399057e+18   9.0444160488e+61   2.2245872600e-24   5.1871390088e-14   3.3856175250e-07   2.0000000000e-02 
  1.9327378176e+21   1.9325399057e+18   9.0625392653e+61   2.2245872600e-24   5.1871390088e-14  -3.3244345233e-08   2.0000000000e-02 
  1.9346703575e+21   1.9325399057e+18   9.0806806212e+61   2.2245872600e-24   5.1871390088e-14  -2.4004105797e-07   2.0000000000e-02 
  1.9366028974e+21   1.9325399057e+18   9.0988401167e+61   2.2245872600e-24   5.1871390088e-14  -2.8707843057e-07   2.0000000000e-02 
  1.9385354373e+21   1.9325399057e+18   9.1170177517e+61   2.2245872600e-24   5.1871390088e-14  -2.8683679064e-07   2.0000000000e-02 
  1.9404679772e+21   1.9325399057e+18   9.1352135262e+61   2.2245872600e-24   5.1871390088e-14  -2.9174396646e-07   2.0000000000e-02 
  1.9424005171e+21   1.9325399057e+18   9.1534274401e+61   2.2245872600e-24   5.1871390088e-14  -2.9498107354e-07   2.0000000000e-02 
  1.9443330570e+21   1.9325399057e+18   9.1716594936e+61   2.2245872600e-24   5.1871390088e-14  -2.7496827473e-07   2.0000000000e-02 
  1.9462655969e+21   1.9325399057e+18   9.1899096866e+61   2.2245872600e-24   5.1871390088e-14  -2.3582180065e-07   2.0000000000e-02 
  1.9481981368e+21   1.9325399057e+18   9.2081780190e+61   2.2245872600e-24   5.1871390088e-14  -1.9071685068e-07   2.0000000000e-02 
  1.9501306767e+21   1.9325399057e+18   9.2264644910e+61   2.2245872600e-24   5.1871390088e-14  -1.3566426042e-07   2.0000000000e-02 
  1.9520632166e+21   1.9325399057e+18   9.2447691025e+61   2.2245872600e-24   5.1871390088e-14  -1.0335792497e-07   2.0000000000e-02 
  1.9539957565e+21   1.9325399057e+18   9.2630918534e+61   2.2245872600e-24   5.1871390088e-14  -1.2362796893e-07   2.0000000000e-02 
  1.9559282965e+21   1.9325399057e+18   9.2814327439e+61   2.2245872600e-24   5.1871390088e-14  -1.6768125618e-07   2.0000000000e-02 
  1.9578608364e+21   1.9325399057e+18   9.2997917739e+61   2.2245872600e-24   5.1871390088e-14  -2.0918359272e-07   2.0000000000e-02 
  1.9597933763e+21   1.9325399057e+18   9.3181689433e+61   2.2245872600e-24   5.1871390088e-14  -2.4435859880e-07   2.0000000000e-02 
  1.9617259162e+21   1.9325399057e+18   9.3365642523e+61   2.2245872600e-24   5.1871390088e-14  -2.6614910025e-07   2.0000000000e-02 
  1.9636584561e+21   1.9325399057e+18   9.3549777007e+61   2.2245872600e-24   5.1871390088e-14  -2.5191502756e-07   2.0000000000e-02 
  1.9655909960e+21   1.9325399057e+18   9.3734092887e+61   2.2245872600e-24   5.1871390088e-14  -2.2981901724e-07   2.0000000000e-02 
  1.9675235359e+21   1.9325399057e+18   9.3918590161e+61   2.2245872600e-24   5.1871390088e-14  -2.5532421894e-07   2.0000000000e-02 
  1.9694560758e+21   1.9325399057e+18   9.4103268831e+61   2.2245872600e-24   5.1871390088e-14  -2.7831285966e-07   2.0000000000e-02 
  1.9713886157e+21   1.9325399057e+18   9.4288128895e+61   2.2245872600e-24   5.1871390088e-14  -2.5987322667e-07   2.0000000000e-02 
  1.9733211556e+21   1.9325399057e+18   9.4473170355e+61   2.2245872600e-24   5.1871390088e-14  -2.2055012734e-07   2.0000000000e-02 
  1.9752536955e+21   1.9325399057e+18   9.4658393209e+61   2.2245872600e-24   5.1871390088e-14  -1.5539936972e-07   2.0000000000e-02 
  1.9771862354e+21   1.9325399057e+18   9.4843797459e+61   2.2245872600e-24   5.1871390088e-14  -6.3477375433e-08   2.0000000000e-02 
  1.9791187753e+21   1.9325399057e+18   9.5029383103e+61   2.2245872600e-24   5.1871390088e-14   0.0000000000e+00   2.0000000000e-02 
