# time = 4.276868e+15 [s] 
# r                  dr                 dV                 Density            Pressure           Velocity           Z
  2.1304517832e+18   2.1304517832e+18   4.0504543150e+55   4.2500548089e-31   2.9582554675e-14   0.0000000000e+00   9.9248591688e-02 
  2.5596989026e+18   4.2924711939e+17   2.9746900944e+55   4.2500548089e-31   2.9582554675e-14  -3.8803623191e+03   9.9248591688e-02 
  3.4230866015e+18   8.6338769888e+17   9.7761317033e+55   4.2502479621e-31   2.9582456451e-14  -7.8537418423e+03   9.9248591688e-02 
  4.3723418625e+18   9.4925526106e+17   1.8211854376e+56   4.2509250008e-31   2.9582486215e-14  -1.3612540339e+04   9.9248591688e-02 
  4.8109814005e+18   4.3863953799e+17   1.1630209675e+56   4.2518574735e-31   2.9582492808e-14  -1.7358182152e+04   9.9248591688e-02 
  5.1997310438e+18   3.8874964327e+17   1.2245262632e+56   4.2530168810e-31   2.9582491118e-14  -1.9427242905e+04   9.9248591688e-02 
  5.8894247286e+18   6.8969368480e+17   2.6678580462e+56   4.2555016160e-31   2.9582488881e-14  -2.2025408930e+04   9.9248591688e-02 
  6.5172013309e+18   6.2777660236e+17   3.0383155527e+56   4.2593090989e-31   2.9582486287e-14  -2.5125480931e+04   9.9248591688e-02 
  7.3630209449e+18   8.4581961397e+17   5.1257532116e+56   4.2646310767e-31   2.9582481226e-14  -2.8510209935e+04   9.9248591688e-02 
  8.1842083723e+18   8.2118742735e+17   6.2416851148e+56   4.2716785620e-31   2.9582472363e-14  -3.2285021708e+04   9.9248591688e-02 
  9.2135313708e+18   1.0293229985e+18   9.7992682917e+56   4.2808297552e-31   2.9582457293e-14  -3.6422204518e+04   9.9248591688e-02 
  1.0280627374e+19   1.0670960035e+18   1.2752517192e+57   4.2925776254e-31   2.9582434196e-14  -4.1066768666e+04   9.9248591688e-02 
  1.1543014261e+19   1.2623868870e+18   1.8909537584e+57   4.3073225639e-31   2.9582402518e-14  -4.6183206523e+04   9.9248591688e-02 
  1.2898988888e+19   1.3559746265e+18   2.5475360871e+57   4.3257466048e-31   2.9582362396e-14  -5.1891534416e+04   9.9248591688e-02 
  1.4451502018e+19   1.5525131298e+18   3.6524274978e+57   4.3484067660e-31   2.9582314306e-14  -5.8187698357e+04   9.9248591688e-02 
  1.6203612571e+19   1.7521105533e+18   5.1783323501e+57   4.3766430660e-31   2.9582253580e-14  -6.5291794424e+04   9.9248591688e-02 
  1.8160787010e+19   1.9571744392e+18   7.2688590804e+57   4.4111524252e-31   2.9582180717e-14  -7.3222775408e+04   9.9248591688e-02 
  2.0371489080e+19   2.2107020700e+18   1.0322993849e+58   4.4531218141e-31   2.9582082891e-14  -8.2128372009e+04   9.9248591688e-02 
  2.2767729890e+19   2.3962408096e+18   1.4023981229e+58   4.5030288982e-31   2.9581973697e-14  -9.2028969492e+04   9.9248591688e-02 
  2.5492452616e+19   2.7247227263e+18   1.9957738006e+58   4.5625510359e-31   2.9581814034e-14  -1.0295438152e+05   9.9248591688e-02 
  2.8421401592e+19   2.9289489762e+18   2.6772534221e+58   4.6326774099e-31   2.9581632934e-14  -1.1512616656e+05   9.9248591688e-02 
  3.1827235600e+19   3.4058340078e+18   3.8880350396e+58   4.7164067498e-31   2.9581372342e-14  -1.2868494373e+05   9.9248591688e-02 
  3.5449452955e+19   3.6222173549e+18   5.1555266538e+58   4.8149002739e-31   2.9581059140e-14  -1.4392311188e+05   9.9248591688e-02 
  3.9563494174e+19   4.1140412192e+18   7.2799130079e+58   4.9299612349e-31   2.9580655326e-14  -1.6079111145e+05   9.9248591688e-02 
  4.3941066787e+19   4.3775726129e+18   9.5984539158e+58   5.0636641041e-31   2.9580129692e-14  -1.7940696109e+05   9.9248591688e-02 
  4.8946682130e+19   5.0056153433e+18   1.3581396153e+59   5.2202303769e-31   2.9579444068e-14  -2.0021040036e+05   9.9248591688e-02 
  5.3854266113e+19   4.9075839827e+18   1.6305782527e+59   5.3949883835e-31   2.9578573237e-14  -2.2245170617e+05   9.9248591688e-02 
  6.1364657903e+19   7.5103917897e+18   3.1367127832e+59   5.6273606200e-31   2.9577207368e-14  -2.5133422315e+05   9.9248591688e-02 
  7.2599400307e+19   1.1234742404e+19   6.3490177754e+59   5.9941064884e-31   2.9574553853e-14  -2.9733005560e+05   9.9248591688e-02 
  7.6766587072e+19   4.1671867653e+18   2.9215204532e+59   6.3063994705e-31   2.9571986141e-14  -3.3550245515e+05   9.9248591688e-02 
  8.0541245108e+19   3.7746580355e+18   2.9350230905e+59   6.4839211648e-31   2.9570427337e-14  -3.5561351986e+05   9.9248591688e-02 
  8.4521880254e+19   3.9806351462e+18   3.4078977594e+59   6.6764529913e-31   2.9568810505e-14  -3.7574891837e+05   9.9248591688e-02 
  8.8789994514e+19   4.2681142600e+18   4.0283791379e+59   6.9024410199e-31   2.9567016389e-14  -3.9714343688e+05   9.9248591688e-02 
  9.2743311564e+19   3.9533170497e+18   4.0934812185e+59   7.1496038555e-31   2.9565252211e-14  -4.1797393907e+05   9.9248591688e-02 
  9.7806172757e+19   5.0628611935e+18   5.7764847913e+59   7.4491455528e-31   2.9563324964e-14  -4.4022806930e+05   9.9248591688e-02 
  1.0278699768e+20   4.9808249247e+18   6.2975653150e+59   7.8101615717e-31   2.9561198988e-14  -4.6436504818e+05   9.9248591688e-02 
  1.0758945382e+20   4.8024561412e+18   6.6785620186e+59   8.1911439752e-31   2.9559165658e-14  -4.8719929493e+05   9.9248591688e-02 
  1.1219539605e+20   4.6059422282e+18   6.9908090060e+59   8.5892974105e-31   2.9557203870e-14  -5.0893024665e+05   9.9248591688e-02 
  1.1788053023e+20   5.6851341819e+18   9.4563019510e+59   9.0648089758e-31   2.9555098128e-14  -5.3240465472e+05   9.9248591688e-02 
  1.2364179893e+20   5.7612686958e+18   1.0560024961e+60   9.6348319860e-31   2.9552820431e-14  -5.5807554754e+05   9.9248591688e-02 
  1.2918892837e+20   5.5471294399e+18   1.1141599939e+60   1.0243092465e-30   2.9550619690e-14  -5.8304945879e+05   9.9248591688e-02 
  1.3473577043e+20   5.5468420592e+18   1.2140027775e+60   1.0890514208e-30   2.9548673599e-14  -6.0657397876e+05   9.9248591688e-02 
  1.4130682446e+20   6.5710540362e+18   1.5733275141e+60   1.1658873698e-30   2.9546676918e-14  -6.3197849711e+05   9.9248591688e-02 
  1.4793506902e+20   6.6282445553e+18   1.7423957510e+60   1.2559903731e-30   2.9544813951e-14  -6.5872355081e+05   9.9248591688e-02 
  1.5430591615e+20   6.3708471303e+18   1.8285973465e+60   1.3518044148e-30   2.9543517357e-14  -6.8340379200e+05   9.9248591688e-02 
  1.6116894273e+20   6.8630265800e+18   2.1461672799e+60   1.4577195927e-30   2.9542945573e-14  -7.0641961256e+05   9.9248591688e-02 
  1.6899370212e+20   7.8247593920e+18   2.6801434403e+60   1.5849943363e-30   2.9542880732e-14  -7.3049283555e+05   9.9248591688e-02 
  1.7666000043e+20   7.6662983044e+18   2.8779895945e+60   1.7295406239e-30   2.9543336364e-14  -7.5621700533e+05   9.9248591688e-02 
  1.8344530951e+20   6.7853090814e+18   2.7645850372e+60   1.8756118796e-30   2.9544153094e-14  -7.8039640458e+05   9.9248591688e-02 
  1.9233876577e+20   8.8934562619e+18   3.9461924839e+60   2.0495936325e-30   2.9545422324e-14  -8.0761100342e+05   9.9248591688e-02 
  2.0316272345e+20   1.0823957679e+19   5.3203550833e+60   2.2858211280e-30   2.9547449902e-14  -8.4316627363e+05   9.9248591688e-02 
  2.1421222445e+20   1.1049500999e+19   6.0484868699e+60   2.5665159123e-30   2.9551668948e-14  -8.8237117574e+05   9.9248591688e-02 
  2.2443702000e+20   1.0224795555e+19   6.1818423714e+60   2.8593776896e-30   2.9558952643e-14  -9.1817633704e+05   9.9248591688e-02 
  2.3703846605e+20   1.2601446043e+19   8.4328710861e+60   3.2000416362e-30   2.9570702274e-14  -9.5488913064e+05   9.9248591688e-02 
  2.4812586103e+20   1.1087394982e+19   8.2003560788e+60   3.5804753301e-30   2.9586682627e-14  -9.9368921061e+05   9.9248591688e-02 
  2.6425602243e+20   1.6130161403e+19   1.3308207415e+61   4.0575377645e-30   2.9609514532e-14  -1.0390879723e+06   9.9248591688e-02 
  2.7598026994e+20   1.1724247513e+19   1.0751536642e+61   4.5784927340e-30   2.9635345753e-14  -1.0871069045e+06   9.9248591688e-02 
  2.8641497775e+20   1.0434707807e+19   1.0369630520e+61   5.0308782195e-30   2.9654780782e-14  -1.1251160844e+06   9.9248591688e-02 
  2.9739762461e+20   1.0982646855e+19   1.1761292494e+61   5.4724765418e-30   2.9670793046e-14  -1.1648811328e+06   9.9248591688e-02 
  3.0754358953e+20   1.0145964926e+19   1.1665686366e+61   5.8696236386e-30   2.9682956550e-14  -1.2080141914e+06   9.9248591688e-02 
  3.2265969653e+20   1.5116106999e+19   1.8864028189e+61   6.2851334735e-30   2.9695564090e-14  -1.2574759740e+06   9.9248591688e-02 
  3.3826393665e+20   1.5604240117e+19   2.1417843840e+61   6.7469587316e-30   2.9715016858e-14  -1.3141105640e+06   9.9248591688e-02 
  3.4855853725e+20   1.0294600604e+19   1.5257412633e+61   7.1009660921e-30   2.9736629343e-14  -1.3579169877e+06   9.9248591688e-02 
  3.5824034351e+20   9.6818062541e+18   1.5195854588e+61   7.3322739189e-30   2.9758677271e-14  -1.3886960866e+06   9.9248591688e-02 
  3.7392441370e+20   1.5684070191e+19   2.6417560771e+61   7.5686114467e-30   2.9796181529e-14  -1.4233285399e+06   9.9248591688e-02 
  3.9141534958e+20   1.7490935882e+19   3.2191934806e+61   7.8293287246e-30   2.9853795362e-14  -1.4659145692e+06   9.9248591688e-02 
  4.0983335808e+20   1.8418008507e+19   3.7153840374e+61   8.0700606324e-30   2.9917896673e-14  -1.5079087659e+06   9.9248591688e-02 
  4.2022592067e+20   1.0392562584e+19   2.2496420999e+61   8.2372782237e-30   2.9965266588e-14  -1.5319506871e+06   9.9248591688e-02 
  4.3020390783e+20   9.9779871613e+18   2.2671993605e+61   8.3264813813e-30   2.9991084347e-14  -1.5479820227e+06   9.9248591688e-02 
  4.4742572061e+20   1.7221812784e+19   4.1678015301e+61   8.4086704081e-30   3.0019319373e-14  -1.5699009089e+06   9.9248591688e-02 
  4.6678980064e+20   1.9364080031e+19   5.0852096734e+61   8.4940985320e-30   3.0060725520e-14  -1.5924219623e+06   9.9248591688e-02 
  4.8364427018e+20   1.6854469540e+19   4.7835958062e+61   8.5639050640e-30   3.0113374127e-14  -1.6087882753e+06   9.9248591688e-02 
  4.9265420008e+20   9.0099298992e+18   2.6980427801e+61   8.6059229288e-30   3.0161476209e-14  -1.6263947785e+06   9.9248591688e-02 
  5.0163849879e+20   8.9842987055e+18   2.7904508384e+61   8.6272540139e-30   3.0203935657e-14  -1.6460367282e+06   9.9248591688e-02 
  5.1957280188e+20   1.7934303095e+19   5.8763850820e+61   8.6478698512e-30   3.0265714278e-14  -1.6663073089e+06   9.9248591688e-02 
  5.3464772222e+20   1.5074920337e+19   5.2637764025e+61   8.6653899391e-30   3.0335079047e-14  -1.6823198098e+06   9.9248591688e-02 
  5.4443006905e+20   9.7823468336e+18   3.5785767421e+61   8.6708507297e-30   3.0377939065e-14  -1.6830722616e+06   9.9248591688e-02 
  5.5250200165e+20   8.0719325920e+18   3.0513688338e+61   8.6684822901e-30   3.0401766555e-14  -1.6760685088e+06   9.9248591687e-02 
  5.5946693321e+20   6.9649315600e+18   2.7055633945e+61   8.6623274833e-30   3.0419687904e-14  -1.6674017099e+06   9.9248591685e-02 
  5.7670798489e+20   1.7241051685e+19   6.9925785802e+61   8.6436279694e-30   3.0451102844e-14  -1.6561686062e+06   9.9248591674e-02 
  5.8778091883e+20   1.1072933935e+19   4.7173313188e+61   8.6174412053e-30   3.0492918863e-14  -1.6501942430e+06   9.9248591640e-02 
  5.9057053945e+20   2.7896206275e+18   1.2168737339e+61   8.6015478077e-30   3.0517283895e-14  -1.6551887320e+06   9.9248591564e-02 
  5.9288925671e+20   2.3187172545e+18   1.0202467970e+61   8.5900224316e-30   3.0526992126e-14  -1.6579606820e+06   9.9248590811e-02 
  6.0113358640e+20   8.2443296870e+18   3.6926436222e+61   8.5513367777e-30   3.0547877011e-14  -1.6622859803e+06   9.9248588397e-02 
  6.0881360338e+20   7.6800169831e+18   3.5322441616e+61   8.4881525874e-30   3.0582143028e-14  -1.6698485946e+06   9.9248577922e-02 
  6.1711593404e+20   8.3023306629e+18   3.9200134440e+61   8.4182015540e-30   3.0618771304e-14  -1.6783981928e+06   9.9248537441e-02 
  6.3434367994e+20   1.7227745895e+19   8.4769464768e+61   8.2945753652e-30   3.0674307493e-14  -1.6850373905e+06   9.9248425617e-02 
  6.4869282042e+20   1.4349140479e+19   7.4211616115e+61   8.1342678242e-30   3.0740259622e-14  -1.6812723487e+06   9.9248192409e-02 
  6.6232269293e+20   1.3629872515e+19   7.3599179825e+61   7.9820152265e-30   3.0782662624e-14  -1.6565438253e+06   9.9247872173e-02 
  6.7996677803e+20   1.7644085100e+19   9.9877208600e+61   7.8007659516e-30   3.0814288316e-14  -1.6089496013e+06   9.9247012200e-02 
  6.9625636784e+20   1.6289589810e+19   9.6929956500e+61   7.5945733538e-30   3.0843136620e-14  -1.5550659634e+06   9.9244700890e-02 
  7.1199054530e+20   1.5734177454e+19   9.8032392907e+61   7.3901880414e-30   3.0880388561e-14  -1.5178273103e+06   9.9238440093e-02 
  7.2722240531e+20   1.5231860012e+19   9.9121791731e+61   7.1814437750e-30   3.0928378351e-14  -1.5069945529e+06   9.9218311978e-02 
  7.4423575230e+20   1.7013346993e+19   1.1573236256e+62   6.9503762413e-30   3.0987389345e-14  -1.5092224189e+06   9.9138819479e-02 
  7.5835574174e+20   1.4119989436e+19   1.0015644011e+62   6.7131401407e-30   3.1046756265e-14  -1.5126844208e+06   9.8870530354e-02 
  7.6636434464e+20   8.0086028986e+18   5.8491245583e+61   6.5311044933e-30   3.1086906380e-14  -1.5091402105e+06   9.8440267993e-02 
  7.7322170929e+20   6.8573646499e+18   5.1064363835e+61   6.3928886984e-30   3.1107062451e-14  -1.4966441906e+06   9.7605577268e-02 
  7.8233976059e+20   9.1180513063e+18   6.9315639287e+61   6.2238544288e-30   3.1121764564e-14  -1.4709474349e+06   9.6992752042e-02 
  7.8595281030e+20   3.6130497044e+18   2.7917642884e+61   6.0796660834e-30   3.1129409174e-14  -1.4466381413e+06   9.6712630264e-02 
  7.8760346875e+20   1.6506584533e+18   1.2840200724e+61   6.0124423755e-30   3.1131203946e-14  -1.4351803439e+06   9.6621813565e-02 
  7.9020601448e+20   2.6025457294e+18   2.0354374452e+61   5.9652074191e-30   3.1132597373e-14  -1.4249198027e+06   9.6590532699e-02 
  7.9673173818e+20   6.5257236975e+18   5.1629840828e+61   5.8872761778e-30   3.1135441360e-14  -1.4018313724e+06   9.6584504282e-02 
  8.0190368078e+20   5.1719426007e+18   4.1524455461e+61   5.7986963679e-30   3.1138713912e-14  -1.3718566082e+06   9.6582044771e-02 
  8.0559485530e+20   3.6911745185e+18   2.9965145255e+61   5.7418071807e-30   3.1140993038e-14  -1.3493836351e+06   9.6581723696e-02 
  8.0901384780e+20   3.4189925038e+18   2.8001625865e+61   5.7058792999e-30   3.1143015986e-14  -1.3320994544e+06   9.6581674835e-02 
  8.1271238319e+20   3.6985353901e+18   3.0558743070e+61   5.6798845756e-30   3.1145435780e-14  -1.3155583169e+06   9.6581671606e-02 
  8.1607188080e+20   3.3594976094e+18   2.7999608226e+61   5.6623610957e-30   3.1148514364e-14  -1.3002376140e+06   9.6581671429e-02 
  8.2885753290e+20   1.2785652097e+19   1.0868660788e+62   5.6401324676e-30   3.1157535413e-14  -1.2718175791e+06   9.6581671422e-02 
  8.4110035614e+20   1.2242823243e+19   1.0726308218e+62   5.6134573288e-30   3.1174660040e-14  -1.2349838348e+06   9.6581671417e-02 
  8.4554220519e+20   4.4418490519e+18   3.9697282967e+61   5.5986856583e-30   3.1188596389e-14  -1.2221687923e+06   9.6581671415e-02 
  8.4856526201e+20   3.0230568244e+18   2.7257031608e+61   5.5938806388e-30   3.1196315601e-14  -1.2199974303e+06   9.6581671414e-02 
  8.5147209228e+20   2.9068302701e+18   2.6392886986e+61   5.5919098784e-30   3.1203131427e-14  -1.2186898147e+06   9.6581671408e-02 
  8.5451976364e+20   3.0476713593e+18   2.7865855175e+61   5.5912137467e-30   3.1210395337e-14  -1.2178041987e+06   9.6581671355e-02 
  8.6558021681e+20   1.1060453164e+19   1.0281018983e+62   5.5918803075e-30   3.1229115872e-14  -1.2169569957e+06   9.6581671170e-02 
  8.7281285209e+20   7.2326352847e+18   6.8666499416e+61   5.5944329268e-30   3.1254246852e-14  -1.2169460580e+06   9.6581670356e-02 
  8.7584571118e+20   3.0328590834e+18   2.9134836026e+61   5.5968578202e-30   3.1269503176e-14  -1.2188607874e+06   9.6581668288e-02 
  8.7976059546e+20   3.9148842883e+18   3.7907381613e+61   5.5995036356e-30   3.1279260710e-14  -1.2190649110e+06   9.6581647542e-02 
  8.8670987904e+20   6.9492835801e+18   6.8124748688e+61   5.6038614781e-30   3.1293722740e-14  -1.2185009133e+06   9.6581580523e-02 
  8.9377800893e+20   7.0681298824e+18   7.0393850711e+61   5.6086690098e-30   3.1310704569e-14  -1.2140523391e+06   9.6581063791e-02 
  9.0331622911e+20   9.5382201869e+18   9.6774959442e+61   5.6127632067e-30   3.1327097255e-14  -1.2011419119e+06   9.6579694761e-02 
  9.1364472846e+20   1.0328499348e+19   1.0712305946e+62   5.6159326009e-30   3.1341525180e-14  -1.1747095396e+06   9.6577294887e-02 
  9.2382826232e+20   1.0183533859e+19   1.0801765854e+62   5.6171728412e-30   3.1349938520e-14  -1.1345421801e+06   9.6575882292e-02 
  9.3985342876e+20   1.6025166437e+19   1.7486649380e+62   5.6161821380e-30   3.1354088916e-14  -1.0675311830e+06   9.6570778833e-02 
  9.5427405529e+20   1.4420626536e+19   1.6254020564e+62   5.6128424149e-30   3.1355362116e-14  -9.8545474508e+05   9.6556839902e-02 
  9.6731854094e+20   1.3044485643e+19   1.5132341591e+62   5.6079224202e-30   3.1359004983e-14  -9.1544465600e+05   9.6526443820e-02 
  9.8012340246e+20   1.2804861522e+19   1.5256680674e+62   5.6009969006e-30   3.1370227571e-14  -8.6849414371e+05   9.6440503723e-02 
  9.9664028514e+20   1.6516882678e+19   2.0276713858e+62   5.5895846360e-30   3.1394699161e-14  -8.3717857529e+05   9.6114302185e-02 
  1.0089585360e+21   1.2318250833e+19   1.5566554922e+62   5.5746521534e-30   3.1425710511e-14  -8.2309581315e+05   9.5059106650e-02 
  1.0185400348e+21   9.5814988313e+18   1.2373930435e+62   5.5580289136e-30   3.1452369856e-14  -8.1968632772e+05   9.1897754870e-02 
  1.0237144932e+21   5.1744583754e+18   6.7800896287e+61   5.5419633018e-30   3.1470006217e-14  -8.1756968007e+05   8.8161632290e-02 
  1.0307626291e+21   7.0481359036e+18   9.3460578552e+61   5.5194567239e-30   3.1484883417e-14  -8.1342420316e+05   8.1760863554e-02 
  1.0336010853e+21   2.8384561707e+18   3.8001852902e+61   5.4969138803e-30   3.1494863975e-14  -8.1044697596e+05   7.6501287592e-02 
  1.0366020014e+21   3.0009161059e+18   4.0404518421e+61   5.4751504448e-30   3.1500233841e-14  -8.0678776165e+05   7.3862821221e-02 
  1.0422351696e+21   5.6331682130e+18   7.6479423048e+61   5.4331457769e-30   3.1506593954e-14  -7.9786194861e+05   7.3530564590e-02 
  1.0462682948e+21   4.0331251934e+18   5.5266570502e+61   5.3833624679e-30   3.1512290607e-14  -7.8532264676e+05   7.3371153148e-02 
  1.0498797635e+21   3.6114687819e+18   4.9851482473e+61   5.3488853423e-30   3.1514864541e-14  -7.7313750062e+05   7.3320670134e-02 
  1.0547226897e+21   4.8429261354e+18   6.7390492310e+61   5.3184040604e-30   3.1516415720e-14  -7.5729744574e+05   7.3314363936e-02 
  1.0599942786e+21   5.2715889002e+18   7.4062233885e+61   5.2887275698e-30   3.1517221169e-14  -7.3585661394e+05   7.3313130472e-02 
  1.0649741657e+21   4.9798871328e+18   7.0643976576e+61   5.2655240959e-30   3.1517205328e-14  -7.1281693557e+05   7.3313019146e-02 
  1.0756920121e+21   1.0717846346e+19   1.5429751186e+62   5.2396856792e-30   3.1515766145e-14  -6.7498511797e+05   7.3313013195e-02 
  1.0842382891e+21   8.5462770597e+18   1.2525889649e+62   5.2130528408e-30   3.1510969957e-14  -6.2305482521e+05   7.3313011917e-02 
  1.0899270935e+21   5.6888043933e+18   8.4480605504e+61   5.1981281053e-30   3.1507363000e-14  -5.8405600871e+05   7.3313011763e-02 
  1.1033555853e+21   1.3428491768e+19   2.0294191504e+62   5.1861520864e-30   3.1505797716e-14  -5.4045654867e+05   7.3313011665e-02 
  1.1143698399e+21   1.1014254600e+19   1.7018610765e+62   5.1757826196e-30   3.1508240832e-14  -4.9001110291e+05   7.3313011314e-02 
  1.1283764603e+21   1.4006620426e+19   2.2133453189e+62   5.1701041322e-30   3.1519524876e-14  -4.5912358915e+05   7.3313009344e-02 
  1.1382873622e+21   9.9109018599e+18   1.5997055152e+62   5.1675275546e-30   3.1535238270e-14  -4.4132665590e+05   7.3313000056e-02 
  1.1477334353e+21   9.4460731280e+18   1.5508293162e+62   5.1671566497e-30   3.1549572524e-14  -4.2939744811e+05   7.3312944888e-02 
  1.1652990413e+21   1.7565606016e+19   2.9524654237e+62   5.1680952214e-30   3.1565565289e-14  -4.0418751900e+05   7.3312809447e-02 
  1.1771859100e+21   1.1886868716e+19   2.0491544131e+62   5.1705259007e-30   3.1577981294e-14  -3.6943187462e+05   7.3312524280e-02 
  1.1886379028e+21   1.1451992768e+19   2.0137202038e+62   5.1744446956e-30   3.1582156528e-14  -3.3696915784e+05   7.3311355378e-02 
  1.1984075215e+21   9.7696187414e+18   1.7488448416e+62   5.1811439068e-30   3.1584544156e-14  -3.0667787960e+05   7.3305672281e-02 
  1.2063978632e+21   7.9903416681e+18   1.4516993838e+62   5.1908549236e-30   3.1586098489e-14  -2.8091058500e+05   7.3286930127e-02 
  1.2238346813e+21   1.7436818069e+19   3.2353422281e+62   5.2143602363e-30   3.1593872645e-14  -2.5445896427e+05   7.3233489268e-02 
  1.2354996060e+21   1.1664924760e+19   2.2165125807e+62   5.2504794309e-30   3.1611465393e-14  -2.4362419905e+05   7.3124914825e-02 
  1.2409668142e+21   5.4672081659e+18   1.0533703151e+62   5.2826328677e-30   3.1630652847e-14  -2.5608771030e+05   7.2967408880e-02 
  1.2472060472e+21   6.2392329746e+18   1.2135092284e+62   5.3204332015e-30   3.1633386650e-14  -2.4127641489e+05   7.2242190988e-02 
  1.2514603393e+21   4.2542920960e+18   8.3443813960e+61   5.3704240687e-30   3.1620329926e-14  -2.0269683383e+05   7.1110730186e-02 
  1.2561319115e+21   4.6715722643e+18   9.2284185731e+61   5.4375939999e-30   3.1594385937e-14  -1.4117026591e+05   6.9661753725e-02 
  1.2594398349e+21   3.3079233575e+18   6.5762600471e+61   5.5261857789e-30   3.1578863021e-14  -9.7278824327e+04   6.8924031017e-02 
  1.2665985224e+21   7.1586875004e+18   1.4350410409e+62   5.7053644129e-30   3.1572331612e-14  -7.0402320610e+04   6.8646544439e-02 
  1.2714465838e+21   4.8480613832e+18   9.8110882707e+61   5.9679073802e-30   3.1570810527e-14  -5.9084739433e+04   6.8519937907e-02 
  1.2793303753e+21   7.8837915653e+18   1.6115038971e+62   6.3729777795e-30   3.1590455083e-14  -7.9607196009e+04   6.8470183265e-02 
  1.2830799258e+21   3.7495504490e+18   7.7344017513e+61   6.8772435546e-30   3.1601013413e-14  -6.4780451559e+04   6.8453098324e-02 
  1.2856685179e+21   2.5885920712e+18   5.3660756192e+61   7.3603517536e-30   3.1565006319e-14  -1.6098476346e+04   6.8447560632e-02 
  1.2886095869e+21   2.9410690713e+18   6.1230275212e+61   8.0951949299e-30   3.1546821780e-14   2.3622217984e+04   6.8445486729e-02 
  1.2898330970e+21   1.2235100202e+18   2.5554794895e+61   8.9401401759e-30   3.1515062112e-14   4.9269048365e+04   6.8445196382e-02 
  1.2936201349e+21   3.7870379100e+18   7.9405584015e+61   1.0986284921e-29   3.1537517349e-14   2.5605739435e+04   6.8445173289e-02 
  1.2953792897e+21   1.7591548802e+18   3.7044004205e+61   1.4024464853e-29   3.1564913500e-14  -8.4706660717e+03   6.8444924697e-02 
  1.2969464870e+21   1.5671972732e+18   3.3086646352e+61   1.7275389443e-29   3.1578804307e-14  -2.3589675041e+04   6.8436477145e-02 
  1.3028409708e+21   5.8944837528e+18   1.2516188071e+62   2.9870167529e-29   3.1592651188e-14  -4.2558712747e+04   6.7842217510e-02 
  1.3053941263e+21   2.5531555172e+18   5.4565828015e+61   5.1488973725e-29   3.1694183291e-14  -4.4329360836e+04   6.4649865472e-02 
  1.3094958540e+21   4.1017277374e+18   8.8109736080e+61   1.0105826033e-28   3.1554576146e-14  -2.3338378316e+04   5.2022400474e-02 
  1.3099171012e+21   4.2124717323e+17   9.0801875370e+60   1.9678703041e-28   3.1794720883e-14  -7.0473394807e+04   4.0308244678e-02 
  1.3117083295e+21   1.7912283365e+18   3.8676055404e+61   7.3318896846e-28   3.1788704003e-14  -6.5976707834e+04   3.2071449609e-02 
  1.3138630411e+21   2.1547115627e+18   4.6664516322e+61   5.7747321588e-27   3.1607373871e-14  -6.2619301588e+04   2.2974825033e-02 
  1.3142536827e+21   3.9064162456e+17   8.4765219890e+60   1.9807646474e-26   3.2054389983e-14  -6.1935266471e+04   2.1267961316e-02 
  1.3145669344e+21   3.1325171519e+17   6.8008819545e+60   3.9529082495e-26   3.1568982393e-14  -5.6921328268e+04   2.0891728258e-02 
  1.3155108913e+21   9.4395682554e+17   2.0513474313e+61   5.8463692929e-26   3.1777409752e-14  -5.9565163921e+04   2.0411769754e-02 
  1.3167906657e+21   1.2797743930e+18   2.7858299579e+61   6.3264750032e-26   3.1794742502e-14  -5.9331305021e+04   2.0090135635e-02 
  1.3302364897e+21   1.3445824077e+19   2.9597690602e+62   6.5469750375e-26   3.1674671209e-14  -6.2055179259e+04   2.0050341012e-02 
  1.3409462197e+21   1.0709729935e+19   2.4007000911e+62   7.6775674527e-25   3.1648800411e-14  -6.0645279020e+04   2.0035428363e-02 
  1.3526597755e+21   1.1713555795e+19   2.6699891763e+62   7.8374927968e-25   3.1882347900e-14  -5.7851033607e+04   2.0032040007e-02 
  1.3656347906e+21   1.2975015135e+19   3.0119938306e+62   7.9634534728e-25   3.2073631875e-14  -5.5984700047e+04   2.0028740510e-02 
  1.3792423695e+21   1.3607578908e+19   3.2209213404e+62   8.0815657040e-25   3.2240791728e-14  -5.4863437358e+04   2.0028367152e-02 
  1.3988227139e+21   1.9580344428e+19   4.7474699353e+62   8.2975916159e-25   3.2550688568e-14  -5.3212410817e+04   2.0022763362e-02 
  1.4192434794e+21   2.0420765492e+19   5.0948555135e+62   8.5983724936e-25   3.2957390733e-14  -4.9263059606e+04   2.0022426762e-02 
  1.4323182989e+21   1.3074819432e+19   3.3400593640e+62   9.0197581019e-25   3.3533993258e-14  -4.5238526888e+04   2.0014616398e-02 
  1.4449776300e+21   1.2659331172e+19   3.2925509093e+62   9.3786512557e-25   3.4012736213e-14  -4.0769112290e+04   2.0014431134e-02 
  1.4625759074e+21   1.7598277331e+19   4.6739146110e+62   9.9001599052e-25   3.4798795076e-14  -3.4972644364e+04   2.0005295329e-02 
  1.4766940909e+21   1.4118183568e+19   3.8318720624e+62   1.0444911027e-24   3.5591072512e-14  -2.9202781762e+04   2.0001239527e-02 
  1.4903627647e+21   1.3668673801e+19   3.7803417380e+62   1.0928577347e-24   3.6272685784e-14  -2.4726730115e+04   2.0000446934e-02 
  1.5043836706e+21   1.4020905916e+19   3.9504742401e+62   1.1425276644e-24   3.6958593164e-14  -2.0399902826e+04   2.0000172810e-02 
  1.5183079146e+21   1.3924243915e+19   3.9967983830e+62   1.1950691394e-24   3.7726066638e-14  -1.6108141290e+04   2.0000059371e-02 
  1.5316444959e+21   1.3336581383e+19   3.8974745328e+62   1.2519690014e-24   3.8569071044e-14  -1.1588719284e+04   2.0000019182e-02 
  1.5441178628e+21   1.2473366826e+19   3.7071614774e+62   1.3126542568e-24   3.9449845797e-14  -6.9164265747e+03   2.0000006018e-02 
  1.5556791629e+21   1.1561300126e+19   3.4899971822e+62   1.3757190782e-24   4.0346089430e-14  -2.3343496379e+03   2.0000001770e-02 
  1.5665377070e+21   1.0858544156e+19   3.3254418450e+62   1.4392815568e-24   4.1230686056e-14   1.9867781639e+03   2.0000000505e-02 
  1.5767277488e+21   1.0190041722e+19   3.1629292370e+62   1.4986058687e-24   4.2060652744e-14   5.9419828974e+03   2.0000000135e-02 
  1.5863410085e+21   9.6132597594e+18   3.0216151714e+62   1.5562235104e-24   4.2897849553e-14   9.6049370165e+03   2.0000000035e-02 
  1.5952008683e+21   8.8598598178e+18   2.8174299942e+62   1.6139912005e-24   4.3724421340e-14   1.3122668102e+04   2.0000000008e-02 
  1.6033101524e+21   8.1092840034e+18   2.6063276817e+62   1.6703826229e-24   4.4519870994e-14   1.6472841872e+04   2.0000000002e-02 
  1.6109623617e+21   7.6522093186e+18   2.4837216530e+62   1.7267314869e-24   4.5304102338e-14   1.9646983347e+04   2.0000000000e-02 
  1.6182468321e+21   7.2844704606e+18   2.3863874502e+62   1.7829259363e-24   4.6075981720e-14   2.2731854015e+04   2.0000000000e-02 
  1.6250224738e+21   6.7756417054e+18   2.2390663386e+62   1.8388680640e-24   4.6834963295e-14   2.5665113126e+04   2.0000000000e-02 
  1.6314310648e+21   6.4085909836e+18   2.1350239950e+62   1.8934133683e-24   4.7566483860e-14   2.8437151471e+04   2.0000000000e-02 
  1.6375680547e+21   6.1369899308e+18   2.0603234276e+62   1.9466855761e-24   4.8282328932e-14   3.1065279862e+04   2.0000000000e-02 
  1.6435110469e+21   5.9429921607e+18   2.0099669038e+62   2.0023427764e-24   4.9066084596e-14   3.3697804493e+04   2.0000000000e-02 
  1.6497587107e+21   6.2476637767e+18   2.1287401689e+62   2.0699207405e-24   5.0006143532e-14   3.7089561155e+04   2.0000000000e-02 
  1.6561675327e+21   6.4088220312e+18   2.2004674490e+62   2.1419369492e-24   5.0751573101e-14   4.0023990070e+04   2.0000000000e-02 
  1.6623153518e+21   6.1478190482e+18   2.1269173299e+62   2.1970861673e-24   5.1498342399e-14   4.2261975801e+04   2.0000000000e-02 
  1.6682816350e+21   5.9662831973e+18   2.0792100740e+62   2.2528233867e-24   5.2233566938e-14   4.4550668940e+04   2.0000000000e-02 
  1.6741729757e+21   5.8913407137e+18   2.0677379531e+62   2.3125302304e-24   5.3012855387e-14   4.6929135649e+04   2.0000000000e-02 
  1.6799779060e+21   5.8049303149e+18   2.0516936135e+62   2.3764170582e-24   5.3838553890e-14   4.9425639691e+04   2.0000000000e-02 
  1.6855732711e+21   5.5953651132e+18   1.9910909635e+62   2.4435654723e-24   5.4697861589e-14   5.1960746433e+04   2.0000000000e-02 
  1.6907518028e+21   5.1785316541e+18   1.8545790798e+62   2.5065678531e-24   5.5497387081e-14   5.4273717101e+04   2.0000000000e-02 
  1.6956818629e+21   4.9300601029e+18   1.7761823055e+62   2.5618973411e-24   5.6193007661e-14   5.6196186359e+04   2.0000000000e-02 
  1.7003694448e+21   4.6875819266e+18   1.6984294260e+62   2.6119500247e-24   5.6828066392e-14   5.7901151114e+04   2.0000000000e-02 
  1.7046415463e+21   4.2721014633e+18   1.5560684437e+62   2.6588094537e-24   5.7445064055e-14   5.9455612660e+04   2.0000000000e-02 
  1.7087136394e+21   4.0720931399e+18   1.4904957645e+62   2.7039604060e-24   5.8035894613e-14   6.0934773475e+04   2.0000000000e-02 
  1.7127109256e+21   3.9972862250e+18   1.4700403503e+62   2.7492207155e-24   5.8624697373e-14   6.2397780263e+04   2.0000000000e-02 
  1.7166364288e+21   3.9255031370e+18   1.4503350550e+62   2.7953338949e-24   5.9221125600e-14   6.3862880507e+04   2.0000000000e-02 
  1.7203795931e+21   3.7431643194e+18   1.3891592979e+62   2.8414328836e-24   5.9813953966e-14   6.5308696782e+04   2.0000000000e-02 
  1.7237164003e+21   3.3368072385e+18   1.2434594369e+62   2.8853495470e-24   6.0375721129e-14   6.6662585743e+04   2.0000000000e-02 
  1.7268740762e+21   3.1576759164e+18   1.1811481862e+62   2.9267989988e-24   6.0903220197e-14   6.7921056549e+04   2.0000000000e-02 
  1.7299790443e+21   3.1049681079e+18   1.1656521991e+62   2.9677871779e-24   6.1422296865e-14   6.9149283790e+04   2.0000000000e-02 
  1.7330619750e+21   3.0829306908e+18   1.1615262260e+62   3.0093234155e-24   6.1945757390e-14   7.0373497687e+04   2.0000000000e-02 
  1.7361274336e+21   3.0654585331e+18   1.1590480886e+62   3.0515223281e-24   6.2475010695e-14   7.1600247415e+04   2.0000000000e-02 
  1.7391760540e+21   3.0486204017e+18   1.1567481354e+62   3.0944595253e-24   6.3010924940e-14   7.2827382379e+04   2.0000000000e-02 
  1.7422073271e+21   3.0312731142e+18   1.1541938440e+62   3.1380288472e-24   6.3552096549e-14   7.4055745551e+04   2.0000000000e-02 
  1.7452183578e+21   3.0110307367e+18   1.1504694561e+62   3.1822328096e-24   6.4098499838e-14   7.5282677043e+04   2.0000000000e-02 
  1.7481854008e+21   2.9670429842e+18   1.1375523227e+62   3.2268825840e-24   6.4647741981e-14   7.6502556430e+04   2.0000000000e-02 
  1.7509978437e+21   2.8124429367e+18   1.0818500214e+62   3.2709242337e-24   6.5187187327e-14   7.7689452582e+04   2.0000000000e-02 
  1.7534068033e+21   2.4089595393e+18   9.2941128601e+61   3.3115972827e-24   6.5683145819e-14   7.8768561019e+04   2.0000000000e-02 
  1.7556535583e+21   2.2467550592e+18   8.6913519767e+61   3.3486595818e-24   6.6133214934e-14   7.9739521916e+04   2.0000000000e-02 
  1.7578596110e+21   2.2060526833e+18   8.5555706290e+61   3.3847884683e-24   6.6570424670e-14   8.0673065013e+04   2.0000000000e-02 
  1.7600315513e+21   2.1719403025e+18   8.4442796998e+61   3.4201760686e-24   6.6997384662e-14   8.1575687318e+04   2.0000000000e-02 
  1.7620818403e+21   2.0502889423e+18   7.9904577305e+61   3.4533798101e-24   6.7396971281e-14   8.2407197630e+04   2.0000000000e-02 
  1.7638465546e+21   1.7647143674e+18   6.8924132257e+61   3.4824999429e-24   6.7746565579e-14   8.3121243737e+04   2.0000000000e-02 
  1.7657373590e+21   1.8908043287e+18   7.4002011536e+61   3.5093893193e-24   6.8068619327e-14   8.3765397303e+04   2.0000000000e-02 
  1.7674636596e+21   1.7263006298e+18   6.7702238775e+61   3.5345697369e-24   6.8369536008e-14   8.4354554368e+04   2.0000000000e-02 
  1.7693476218e+21   1.8839622623e+18   7.4036501290e+61   3.5582868428e-24   6.8652667902e-14   8.4895145830e+04   2.0000000000e-02 
  1.7710663862e+21   1.7187643813e+18   6.7682182192e+61   3.5809727699e-24   6.8924159490e-14   8.5408330211e+04   2.0000000000e-02 
  1.7729393045e+21   1.8729182785e+18   7.3902233225e+61   3.6035832627e-24   6.9206790719e-14   8.5913839628e+04   2.0000000000e-02 
  1.7746482359e+21   1.7089313786e+18   6.7567954604e+61   3.6266217539e-24   6.9494143466e-14   8.6437489907e+04   2.0000000000e-02 
  1.7764975554e+21   1.8493195453e+18   7.3265391845e+61   3.6505944764e-24   6.9792551559e-14   8.6973997142e+04   2.0000000000e-02 
  1.7780650102e+21   1.5674547988e+18   6.2218172744e+61   3.6742210455e-24   7.0086095346e-14   8.7508507188e+04   2.0000000000e-02 
  1.7795028515e+21   1.4378412305e+18   5.7169871436e+61   3.6958398975e-24   7.0354209814e-14   8.7987807343e+04   2.0000000000e-02 
  1.7809310618e+21   1.4282103755e+18   5.6878474229e+61   3.7168179666e-24   7.0613943372e-14   8.8458723812e+04   2.0000000000e-02 
  1.7823261486e+21   1.3950868113e+18   5.5647476302e+61   3.7381618851e-24   7.0877763130e-14   8.8927285936e+04   2.0000000000e-02 
  1.7835992290e+21   1.2730803139e+18   5.0856936410e+61   3.7585468853e-24   7.1129308632e-14   8.9380210077e+04   2.0000000000e-02 
  1.7844651251e+21   8.6589616523e+17   3.4632277687e+61   3.7752736914e-24   7.1335405407e-14   8.9744631727e+04   2.0000000000e-02 
  1.7851897380e+21   7.2461291690e+17   2.9007373417e+61   3.7877548131e-24   7.1489010559e-14   9.0020443631e+04   2.0000000000e-02 
  1.7858872741e+21   6.9753606698e+17   2.7945699106e+61   3.7991335225e-24   7.1628918009e-14   9.0267278308e+04   2.0000000000e-02 
  1.7865877996e+21   7.0052550415e+17   2.8087445590e+61   3.8103294029e-24   7.1766452242e-14   9.0513376592e+04   2.0000000000e-02 
  1.7872911480e+21   7.0334841228e+17   2.8222797925e+61   3.8217539116e-24   7.1906676341e-14   9.0760429985e+04   2.0000000000e-02 
  1.7879947394e+21   7.0359140448e+17   2.8254781475e+61   3.8332138868e-24   7.2047201002e-14   9.1011051074e+04   2.0000000000e-02 
  1.7886972688e+21   7.0252933635e+17   2.8234326413e+61   3.8448312925e-24   7.2189532882e-14   9.1261617248e+04   2.0000000000e-02 
  1.7893988187e+21   7.0154995204e+17   2.8217106395e+61   3.8564487035e-24   7.2331733443e-14   9.1514477805e+04   2.0000000000e-02 
  1.7900994658e+21   7.0064709069e+17   2.8202883829e+61   3.8682036854e-24   7.2475495550e-14   9.1766998885e+04   2.0000000000e-02 
  1.7907993373e+21   6.9987150328e+17   2.8193713668e+61   3.8799701653e-24   7.2619254583e-14   9.2021534308e+04   2.0000000000e-02 
  1.7914984487e+21   6.9911135513e+17   2.8185101530e+61   3.8918401448e-24   7.2764161458e-14   9.2276141652e+04   2.0000000000e-02 
  1.7921967785e+21   6.9832984926e+17   2.8175564154e+61   3.9037579780e-24   7.2909509205e-14   9.2531796340e+04   2.0000000000e-02 
  1.7928943029e+21   6.9752441410e+17   2.8164995001e+61   3.9157365004e-24   7.3055470521e-14   9.2787991516e+04   2.0000000000e-02 
  1.7935910195e+21   6.9671660347e+17   2.8154262415e+61   3.9277650319e-24   7.3201889309e-14   9.3044480223e+04   2.0000000000e-02 
  1.7942869343e+21   6.9591478015e+17   2.8143704461e+61   3.9398377904e-24   7.3348714404e-14   9.3300692196e+04   2.0000000000e-02 
  1.7949820520e+21   6.9511766952e+17   2.8133270312e+61   3.9519097392e-24   7.3496597989e-14   9.3557243419e+04   2.0000000000e-02 
  1.7956763526e+21   6.9430058993e+17   2.8121960493e+61   3.9641649570e-24   7.3645280029e-14   9.3816513993e+04   2.0000000000e-02 
  1.7963698309e+21   6.9347834158e+17   2.8110372696e+61   3.9765099232e-24   7.3794946014e-14   9.4078070027e+04   2.0000000000e-02 
  1.7970624727e+21   6.9264180426e+17   2.8098136185e+61   3.9889841153e-24   7.3946050001e-14   9.4340362545e+04   2.0000000000e-02 
  1.7977542711e+21   6.9179838232e+17   2.8085549924e+61   4.0014921880e-24   7.4097431804e-14   9.4604226638e+04   2.0000000000e-02 
  1.7984452220e+21   6.9095087810e+17   2.8072726987e+61   4.0141040690e-24   7.4249929898e-14   9.4867977858e+04   2.0000000000e-02 
  1.7991353222e+21   6.9010021507e+17   2.8059704464e+61   4.0267331964e-24   7.4402498100e-14   9.5132799902e+04   2.0000000000e-02 
  1.7998245662e+21   6.8924398790e+17   2.8046384082e+61   4.0394594942e-24   7.4556115686e-14   9.5397262672e+04   2.0000000000e-02 
  1.8005129607e+21   6.8839446799e+17   2.8033265102e+61   4.0522037859e-24   7.4709799186e-14   9.5662866499e+04   2.0000000000e-02 
  1.8012004947e+21   6.8753409092e+17   2.8019632305e+61   4.0650539345e-24   7.4864609176e-14   9.5928278519e+04   2.0000000000e-02 
  1.8018871714e+21   6.8667666497e+17   2.8006047764e+61   4.0779293217e-24   7.5019572477e-14   9.6195019321e+04   2.0000000000e-02 
  1.8025729795e+21   6.8580806451e+17   2.7991935113e+61   4.0909170028e-24   7.5175736581e-14   9.6461727090e+04   2.0000000000e-02 
  1.8032579196e+21   6.8494011797e+17   2.7977776344e+61   4.1039339636e-24   7.5332102147e-14   9.6729834379e+04   2.0000000000e-02 
  1.8039419817e+21   6.8406212636e+17   2.7963134059e+61   4.1170631498e-24   7.5489665532e-14   9.6997926831e+04   2.0000000000e-02 
  1.8046251691e+21   6.8318736142e+17   2.7948550195e+61   4.1302226199e-24   7.5647440202e-14   9.7267335236e+04   2.0000000000e-02 
  1.8053074674e+21   6.8229830842e+17   2.7933307868e+61   4.1434901116e-24   7.5806358203e-14   9.7536707976e+04   2.0000000000e-02 
  1.8059888803e+21   6.8141286890e+17   2.7918139076e+61   4.1567899788e-24   7.5965509023e-14   9.7807281523e+04   2.0000000000e-02 
  1.8066693990e+21   6.8051874289e+17   2.7902539797e+61   4.1701936930e-24   7.6125748410e-14   9.8077850768e+04   2.0000000000e-02 
  1.8073490248e+21   6.7962576010e+17   2.7886912496e+61   4.1836340069e-24   7.6286267969e-14   9.8349537671e+04   2.0000000000e-02 
  1.8080277539e+21   6.7872911766e+17   2.7871060063e+61   4.1971746978e-24   7.6447830324e-14   9.8621287376e+04   2.0000000000e-02 
  1.8087055823e+21   6.7782838905e+17   2.7854964561e+61   4.2107566875e-24   7.6609726360e-14   9.8894080493e+04   2.0000000000e-02 
  1.8093825036e+21   6.7692137435e+17   2.7838535026e+61   4.2244356015e-24   7.6772619901e-14   9.9166994495e+04   2.0000000000e-02 
  1.8100585177e+21   6.7601409190e+17   2.7822018517e+61   4.2381597043e-24   7.6935890941e-14   9.9440873520e+04   2.0000000000e-02 
  1.8107336189e+21   6.7510117306e+17   2.7805193852e+61   4.2519775345e-24   7.7100117291e-14   9.9714912603e+04   2.0000000000e-02 
  1.8114078059e+21   6.7418699788e+17   2.7788240991e+61   4.2658436217e-24   7.7264754943e-14   9.9989841023e+04   2.0000000000e-02 
  1.8120810770e+21   6.7327112147e+17   2.7771141473e+61   4.2798005340e-24   7.7430309355e-14   1.0026495365e+05   2.0000000000e-02 
  1.8127534272e+21   6.7235021901e+17   2.7753757845e+61   4.2938080942e-24   7.7596300691e-14   1.0054088371e+05   2.0000000000e-02 
  1.8134248502e+21   6.7142291346e+17   2.7736032640e+61   4.3079037991e-24   7.7763172998e-14   1.0081700722e+05   2.0000000000e-02 
  1.8140953423e+21   6.7049212017e+17   2.7718085693e+61   4.3220517401e-24   7.7930498216e-14   1.0109387981e+05   2.0000000000e-02 
  1.8147648812e+21   6.6953887486e+17   2.7699131781e+61   4.3362852457e-24   7.8098670030e-14   1.0137094137e+05   2.0000000000e-02 
  1.8154334639e+21   6.6858279515e+17   2.7679980708e+61   4.3505720317e-24   7.8267304089e-14   1.0164868118e+05   2.0000000000e-02 
  1.8161010880e+21   6.6762401224e+17   2.7660637628e+61   4.3649417575e-24   7.8436750136e-14   1.0192660780e+05   2.0000000000e-02 
  1.8167677581e+21   6.6667011640e+17   2.7641417094e+61   4.3793667485e-24   7.8606678708e-14   1.0220514943e+05   2.0000000000e-02 
  1.8174334689e+21   6.6571086143e+17   2.7621894468e+61   4.3938721398e-24   7.8777385782e-14   1.0248389257e+05   2.0000000000e-02 
  1.8180982218e+21   6.6475288738e+17   2.7602344972e+61   4.4084353600e-24   7.8948602372e-14   1.0276318770e+05   2.0000000000e-02 
  1.8187620458e+21   6.6382392822e+17   2.7583921678e+61   4.4230766163e-24   7.9120566137e-14   1.0304271671e+05   2.0000000000e-02 
  1.8194249833e+21   6.6293758432e+17   2.7567193921e+61   4.4377802847e-24   7.9293089863e-14   1.0332276101e+05   2.0000000000e-02 
  1.8200870372e+21   6.6205382224e+17   2.7550500371e+61   4.4525606003e-24   7.9466340914e-14   1.0360311133e+05   2.0000000000e-02 
  1.8207481771e+21   6.6113997994e+17   2.7532480722e+61   4.4674083481e-24   7.9640207110e-14   1.0388392894e+05   2.0000000000e-02 
  1.8214083636e+21   6.6018648859e+17   2.7512732467e+61   4.4823294641e-24   7.9814758270e-14   1.0416511026e+05   2.0000000000e-02 
  1.8220675624e+21   6.5919881037e+17   2.7491478755e+61   4.4973222880e-24   7.9989971013e-14   1.0444670557e+05   2.0000000000e-02 
  1.8227257571e+21   6.5819470064e+17   2.7469456803e+61   4.5123876249e-24   8.0165853895e-14   1.0472874255e+05   2.0000000000e-02 
  1.8233829414e+21   6.5718430298e+17   2.7447088499e+61   4.5275298776e-24   8.0342455614e-14   1.0501123690e+05   2.0000000000e-02 
  1.8240391093e+21   6.5616788584e+17   2.7424384382e+61   4.5427509012e-24   8.0519794287e-14   1.0529428683e+05   2.0000000000e-02 
  1.8246942611e+21   6.5515174083e+17   2.7401607044e+61   4.5580514823e-24   8.0697789226e-14   1.0557787119e+05   2.0000000000e-02 
  1.8253483947e+21   6.5413367006e+17   2.7378664569e+61   4.5734264831e-24   8.0876462236e-14   1.0586174975e+05   2.0000000000e-02 
  1.8260015072e+21   6.5311250166e+17   2.7355507701e+61   4.5888638960e-24   8.1055681495e-14   1.0614592182e+05   2.0000000000e-02 
  1.8266535978e+21   6.5209056077e+17   2.7332233638e+61   4.6043725064e-24   8.1235544599e-14   1.0643016749e+05   2.0000000000e-02 
  1.8273046644e+21   6.5106657581e+17   2.7308789011e+61   4.6199361327e-24   8.1415863590e-14   1.0671465640e+05   2.0000000000e-02 
  1.8279547023e+21   6.5003789846e+17   2.7285062454e+61   4.6355719599e-24   8.1596834351e-14   1.0699912137e+05   2.0000000000e-02 
  1.8286037135e+21   6.4901125469e+17   2.7261336105e+61   4.6512613791e-24   8.1778240203e-14   1.0728384338e+05   2.0000000000e-02 
  1.8292516933e+21   6.4797978305e+17   2.7237321771e+61   4.6670247688e-24   8.1960315185e-14   1.0756855736e+05   2.0000000000e-02 
  1.8298986401e+21   6.4694677959e+17   2.7213157649e+61   4.6828452284e-24   8.2142861645e-14   1.0785356503e+05   2.0000000000e-02 
  1.8305445532e+21   6.4591313128e+17   2.7188880990e+61   4.6987414974e-24   8.2326095253e-14   1.0813865402e+05   2.0000000000e-02 
  1.8311894299e+21   6.4487664256e+17   2.7164399281e+61   4.7147011593e-24   8.2509869848e-14   1.0842408601e+05   2.0000000000e-02 
  1.8318332683e+21   6.4383845358e+17   2.7139760347e+61   4.7307388498e-24   8.2694353654e-14   1.0870972330e+05   2.0000000000e-02 
  1.8324760689e+21   6.4280056914e+17   2.7115048666e+61   4.7468473603e-24   8.2879460557e-14   1.0899576362e+05   2.0000000000e-02 
  1.8331178262e+21   6.4175730856e+17   2.7090024480e+61   4.7630369313e-24   8.3065307611e-14   1.0928214414e+05   2.0000000000e-02 
  1.8337585396e+21   6.4071338043e+17   2.7064886209e+61   4.7793048825e-24   8.3251860975e-14   1.0956900262e+05   2.0000000000e-02 
  1.8343982062e+21   6.3966661832e+17   2.7039542248e+61   4.7956581571e-24   8.3439199038e-14   1.0985633660e+05   2.0000000000e-02 
  1.8350368212e+21   6.3861501547e+17   2.7013907434e+61   4.8120971649e-24   8.3627323730e-14   1.1014424408e+05   2.0000000000e-02 
  1.8356743826e+21   6.3756143018e+17   2.6988102318e+61   4.8286267560e-24   8.3816288878e-14   1.1043275366e+05   2.0000000000e-02 
  1.8363108863e+21   6.3650367049e+17   2.6962033873e+61   4.8452483997e-24   8.4006109023e-14   1.1072193163e+05   2.0000000000e-02 
  1.8369463268e+21   6.3544052780e+17   2.6935650450e+61   4.8619647832e-24   8.4196813279e-14   1.1101179406e+05   2.0000000000e-02 
  1.8375807025e+21   6.3437565299e+17   2.6909106425e+61   4.8787757387e-24   8.4388398412e-14   1.1130235612e+05   2.0000000000e-02 
  1.8382140101e+21   6.3330755907e+17   2.6882338548e+61   4.8956810128e-24   8.4580743979e-14   1.1159336552e+05   2.0000000000e-02 
  1.8388462522e+21   6.3224212626e+17   2.6855596392e+61   4.9126302874e-24   8.4773315123e-14   1.1188388840e+05   2.0000000000e-02 
  1.8394774372e+21   6.3118498017e+17   2.6829119567e+61   4.9295723127e-24   8.4965607658e-14   1.1217305310e+05   2.0000000000e-02 
  1.8401075696e+21   6.3013239738e+17   2.6802750701e+61   4.9465186778e-24   8.5157730469e-14   1.1246093506e+05   2.0000000000e-02 
  1.8407366530e+21   6.2908344366e+17   2.6776450638e+61   4.9635054532e-24   8.5350094115e-14   1.1274807195e+05   2.0000000000e-02 
  1.8413646881e+21   6.2803506472e+17   2.6750089754e+61   4.9805574550e-24   8.5542976766e-14   1.1303521363e+05   2.0000000000e-02 
  1.8419916694e+21   6.2698132413e+17   2.6723415096e+61   4.9977290747e-24   8.5736969587e-14   1.1332286059e+05   2.0000000000e-02 
  1.8426176075e+21   6.2593813633e+17   2.6697105135e+61   5.0149401629e-24   8.5931395775e-14   1.1361012169e+05   2.0000000000e-02 
  1.8432425441e+21   6.2493655507e+17   2.6672487018e+61   5.0318439042e-24   8.6122333310e-14   1.1388977115e+05   2.0000000000e-02 
  1.8438665549e+21   6.2401079018e+17   2.6651027216e+61   5.0481832189e-24   8.6306872734e-14   1.1415638965e+05   2.0000000000e-02 
  1.8444897482e+21   6.2319333429e+17   2.6634123711e+61   5.0636990415e-24   8.6482108110e-14   1.1440494813e+05   2.0000000000e-02 
  1.8451122541e+21   6.2250585787e+17   2.6622716163e+61   5.0781937949e-24   8.6645414466e-14   1.1463114112e+05   2.0000000000e-02 
  1.8457342093e+21   6.2195525297e+17   2.6617114660e+61   5.0915802996e-24   8.6796113531e-14   1.1483350617e+05   2.0000000000e-02 
  1.8463557476e+21   6.2153830842e+17   2.6617197447e+61   5.1039028335e-24   8.6934695589e-14   1.1501326459e+05   2.0000000000e-02 
  1.8469769775e+21   6.2122986239e+17   2.6621901308e+61   5.1153243414e-24   8.7062942790e-14   1.1517429821e+05   2.0000000000e-02 
  1.8475979695e+21   6.2099198868e+17   2.6629611841e+61   5.1261920868e-24   8.7184709781e-14   1.1532270237e+05   2.0000000000e-02 
  1.8482187493e+21   6.2077987219e+17   2.6638413463e+61   5.1368271214e-24   8.7306705803e-14   1.1546746651e+05   2.0000000000e-02 
  1.8488392978e+21   6.2054842171e+17   2.6646372270e+61   5.1476112082e-24   8.7432242440e-14   1.1561641916e+05   2.0000000000e-02 
  1.8494595712e+21   6.2027346438e+17   2.6652446998e+61   5.1587992715e-24   8.7562344418e-14   1.1577343901e+05   2.0000000000e-02 
  1.8500795159e+21   6.1994470738e+17   2.6656189908e+61   5.1704814223e-24   8.7698084446e-14   1.1594026332e+05   2.0000000000e-02 
  1.8506990695e+21   6.1955351562e+17   2.6657223132e+61   5.1826993244e-24   8.7839956684e-14   1.1611784999e+05   2.0000000000e-02 
  1.8513181711e+21   6.1910168795e+17   2.6655616947e+61   5.1954705737e-24   8.7988171227e-14   1.1630625686e+05   2.0000000000e-02 
  1.8519367621e+21   6.1859099743e+17   2.6651440787e+61   5.2087725808e-24   8.8142465362e-14   1.1650514127e+05   2.0000000000e-02 
  1.8525547857e+21   6.1802357813e+17   2.6644779913e+61   5.2225768504e-24   8.8302503670e-14   1.1671358098e+05   2.0000000000e-02 
  1.8531721945e+21   6.1740875884e+17   2.6636030404e+61   5.2368274668e-24   8.8467630612e-14   1.1693057006e+05   2.0000000000e-02 
  1.8537889456e+21   6.1675112557e+17   2.6625384867e+61   5.2514747903e-24   8.8637262264e-14   1.1715475191e+05   2.0000000000e-02 
  1.8544050038e+21   6.1605821246e+17   2.6613163982e+61   5.2664501688e-24   8.8810594112e-14   1.1738489849e+05   2.0000000000e-02 
  1.8550203435e+21   6.1533972952e+17   2.6599783602e+61   5.2817001131e-24   8.8986997471e-14   1.1761959157e+05   2.0000000000e-02 
  1.8556349434e+21   6.1459984731e+17   2.6585421290e+61   5.2971587256e-24   8.9165700456e-14   1.1785769316e+05   2.0000000000e-02 
  1.8562487898e+21   6.1384644699e+17   2.6570415874e+61   5.3127810979e-24   8.9346174886e-14   1.1809799865e+05   2.0000000000e-02 
  1.8568618762e+21   6.1308632817e+17   2.6555060456e+61   5.3285156990e-24   8.9527816498e-14   1.1833967532e+05   2.0000000000e-02 
  1.8574741969e+21   6.1232074841e+17   2.6539408828e+61   5.3443343969e-24   8.9710292859e-14   1.1858191073e+05   2.0000000000e-02 
  1.8580857513e+21   6.1155441336e+17   2.6523664559e+61   5.3602073088e-24   8.9893251178e-14   1.1882427392e+05   2.0000000000e-02 
  1.8586965406e+21   6.1078922018e+17   2.6507909966e+61   5.3761236208e-24   9.0076561179e-14   1.1906641880e+05   2.0000000000e-02 
  1.8593065635e+21   6.1002293640e+17   2.6492048233e+61   5.3920750934e-24   9.0260122428e-14   1.1930827305e+05   2.0000000000e-02 
  1.8599158224e+21   6.0925891962e+17   2.6476225234e+61   5.4080664947e-24   9.0443985861e-14   1.1954984012e+05   2.0000000000e-02 
  1.8605243166e+21   6.0849414624e+17   2.6460309740e+61   5.4241018935e-24   9.0628195561e-14   1.1979129435e+05   2.0000000000e-02 
  1.8611320450e+21   6.0772840945e+17   2.6444292705e+61   5.4401928184e-24   9.0812882771e-14   1.2003278941e+05   2.0000000000e-02 
  1.8617390066e+21   6.0696168213e+17   2.6428172875e+61   5.4563469311e-24   9.0998134641e-14   1.2027453579e+05   2.0000000000e-02 
  1.8623451987e+21   6.0619207524e+17   2.6411867846e+61   5.4725733540e-24   9.1184056112e-14   1.2051666649e+05   2.0000000000e-02 
  1.8629506177e+21   6.0541898501e+17   2.6395351000e+61   5.4888759201e-24   9.1370691406e-14   1.2075928513e+05   2.0000000000e-02 
  1.8635552627e+21   6.0464498917e+17   2.6378734478e+61   5.5052567028e-24   9.1558064844e-14   1.2100240238e+05   2.0000000000e-02 
  1.8641591280e+21   6.0386532621e+17   2.6361810285e+61   5.5217131373e-24   9.1746147214e-14   1.2124597737e+05   2.0000000000e-02 
  1.8647622143e+21   6.0308627566e+17   2.6344852224e+61   5.5382407735e-24   9.1934887545e-14   1.2148990363e+05   2.0000000000e-02 
  1.8653645181e+21   6.0230383320e+17   2.6327685314e+61   5.5548327191e-24   9.2124206487e-14   1.2173404774e+05   2.0000000000e-02 
  1.8659660398e+21   6.0152162608e+17   2.6310467922e+61   5.5714816092e-24   9.2314019073e-14   1.2197825550e+05   2.0000000000e-02 
  1.8665667783e+21   6.0073858488e+17   2.6293153295e+61   5.5881797936e-24   9.2504237076e-14   1.2222237981e+05   2.0000000000e-02 
  1.8671667356e+21   5.9995725403e+17   2.6275852857e+61   5.6049215386e-24   9.2694838466e-14   1.2246631912e+05   2.0000000000e-02 
  1.8677659100e+21   5.9917437286e+17   2.6258423900e+61   5.6217101586e-24   9.2885841753e-14   1.2271014231e+05   2.0000000000e-02 
  1.8683643043e+21   5.9839430308e+17   2.6241057626e+61   5.6385508126e-24   9.3077274081e-14   1.2295391789e+05   2.0000000000e-02 
  1.8689619143e+21   5.9761007071e+17   2.6223448276e+61   5.6554468045e-24   9.3269172177e-14   1.2319770681e+05   2.0000000000e-02 
  1.8695587418e+21   5.9682747954e+17   2.6205850343e+61   5.6724015345e-24   9.3461573644e-14   1.2344156790e+05   2.0000000000e-02 
  1.8701547840e+21   5.9604215807e+17   2.6188071927e+61   5.6894175562e-24   9.3654484346e-14   1.2368553834e+05   2.0000000000e-02 
  1.8707500412e+21   5.9525726561e+17   2.6170251708e+61   5.7064927740e-24   9.3847888444e-14   1.2392957099e+05   2.0000000000e-02 
  1.8713445121e+21   5.9447082531e+17   2.6152302783e+61   5.7236240808e-24   9.4041765469e-14   1.2417361681e+05   2.0000000000e-02 
  1.8719381981e+21   5.9368598201e+17   2.6134363508e+61   5.7408090968e-24   9.4236087669e-14   1.2441762727e+05   2.0000000000e-02 
  1.8725310965e+21   5.9289840899e+17   2.6116243460e+61   5.7580451298e-24   9.4430823886e-14   1.2466154951e+05   2.0000000000e-02 
  1.8731232105e+21   5.9211406323e+17   2.6098205024e+61   5.7753294114e-24   9.4625942099e-14   1.2490532886e+05   2.0000000000e-02 
  1.8737145388e+21   5.9132830543e+17   2.6080043929e+61   5.7926592427e-24   9.4821410830e-14   1.2514891358e+05   2.0000000000e-02 
  1.8743050838e+21   5.9054502037e+17   2.6061931561e+61   5.8100319425e-24   9.5017201029e-14   1.2539222025e+05   2.0000000000e-02 
  1.8748948469e+21   5.8976302020e+17   2.6043815768e+61   5.8274392050e-24   9.5213220179e-14   1.2563514204e+05   2.0000000000e-02 
  1.8754838300e+21   5.8898313057e+17   2.6025733234e+61   5.8448750331e-24   9.5409397948e-14   1.2587756877e+05   2.0000000000e-02 
  1.8760720356e+21   5.8820562177e+17   2.6007696192e+61   5.8623367592e-24   9.5605703095e-14   1.2611944615e+05   2.0000000000e-02 
  1.8766594671e+21   5.8743149315e+17   2.5989749180e+61   5.8798230943e-24   9.5802120693e-14   1.2636074956e+05   2.0000000000e-02 
  1.8772461264e+21   5.8665924675e+17   2.5971826281e+61   5.8973331396e-24   9.5998640562e-14   1.2660146400e+05   2.0000000000e-02 
  1.8778320169e+21   5.8589056347e+17   2.5954002231e+61   5.9148659996e-24   9.6195252704e-14   1.2684157579e+05   2.0000000000e-02 
  1.8784171403e+21   5.8512340207e+17   2.5936186961e+61   5.9324206811e-24   9.6391946051e-14   1.2708107012e+05   2.0000000000e-02 
  1.8790015000e+21   5.8435963782e+17   2.5918463884e+61   5.9499961383e-24   9.6588708949e-14   1.2731993145e+05   2.0000000000e-02 
  1.8795850999e+21   5.8359989464e+17   2.5900861116e+61   5.9675913859e-24   9.6785530414e-14   1.2755814532e+05   2.0000000000e-02 
  1.8801679417e+21   5.8284188101e+17   2.5883277349e+61   5.9852055053e-24   9.6982400218e-14   1.2779569855e+05   2.0000000000e-02 
  1.8807500285e+21   5.8208671207e+17   2.5865762384e+61   6.0028376903e-24   9.7179309402e-14   1.2803258013e+05   2.0000000000e-02 
  1.8813313622e+21   5.8133369824e+17   2.5848285905e+61   6.0204872890e-24   9.7376250756e-14   1.2826878182e+05   2.0000000000e-02 
  1.8819119467e+21   5.8058456131e+17   2.5830924821e+61   6.0381538108e-24   9.7573218894e-14   1.2850429836e+05   2.0000000000e-02 
  1.8824917869e+21   5.7984019264e+17   2.5813719291e+61   6.0558369395e-24   9.7770210396e-14   1.2873912746e+05   2.0000000000e-02 
  1.8830708829e+21   5.7909603216e+17   2.5796466686e+61   6.0735364233e-24   9.7967222581e-14   1.2897326823e+05   2.0000000000e-02 
  1.8836492413e+21   5.7835834484e+17   2.5779446406e+61   6.0912521406e-24   9.8164254237e-14   1.2920672186e+05   2.0000000000e-02 
  1.8842268662e+21   5.7762495577e+17   2.5762562168e+61   6.1089841173e-24   9.8361305795e-14   1.2943949184e+05   2.0000000000e-02 
  1.8848037526e+21   5.7688632496e+17   2.5745388598e+61   6.1267322694e-24   9.8558376474e-14   1.2967158049e+05   2.0000000000e-02 
  1.8853799107e+21   5.7615813594e+17   2.5728625735e+61   6.1444966658e-24   9.8755467197e-14   1.2990299238e+05   2.0000000000e-02 
  1.8859553480e+21   5.7543726404e+17   2.5712135095e+61   6.1622776174e-24   9.8952581571e-14   1.3013373532e+05   2.0000000000e-02 
  1.8865300551e+21   5.7470714378e+17   2.5695176647e+61   6.1800751721e-24   9.9149720275e-14   1.3036381389e+05   2.0000000000e-02 
  1.8871040383e+21   5.7398315052e+17   2.5678437483e+61   6.1978893856e-24   9.9346884079e-14   1.3059323301e+05   2.0000000000e-02 
  1.8876773065e+21   5.7326819378e+17   2.5662048590e+61   6.2157206240e-24   9.9544077184e-14   1.3082200178e+05   2.0000000000e-02 
  1.8882498575e+21   5.7255106638e+17   2.5645508849e+61   6.2335691564e-24   9.9741302713e-14   1.3105012794e+05   2.0000000000e-02 
  1.8888217009e+21   5.7184342956e+17   2.5629340864e+61   6.2514352971e-24   9.9938564264e-14   1.3127761962e+05   2.0000000000e-02 
  1.8893928327e+21   5.7113177229e+17   2.5612939602e+61   6.2693193690e-24   1.0013586551e-13   1.3150448518e+05   2.0000000000e-02 
  1.8899632578e+21   5.7042507070e+17   2.5596707574e+61   6.2872216737e-24   1.0033320987e-13   1.3173073319e+05   2.0000000000e-02 
  1.8905329950e+21   5.6973722071e+17   2.5581269469e+61   6.3051429557e-24   1.0053060560e-13   1.3195637817e+05   2.0000000000e-02 
  1.8911020409e+21   5.6904592613e+17   2.5565625356e+61   6.3230839581e-24   1.0072806094e-13   1.3218143452e+05   2.0000000000e-02 
  1.8916703994e+21   5.6835850770e+17   2.5550104094e+61   6.3410453512e-24   1.0092558323e-13   1.3240591571e+05   2.0000000000e-02 
  1.8922380615e+21   5.6766207373e+17   2.5534126079e+61   6.3590278816e-24   1.0112318066e-13   1.3262983676e+05   2.0000000000e-02 
  1.8928050278e+21   5.6696631657e+17   2.5518126736e+61   6.3770323913e-24   1.0132086242e-13   1.3285321481e+05   2.0000000000e-02 
  1.8933713122e+21   5.6628433379e+17   2.5502696203e+61   6.3950602122e-24   1.0151864311e-13   1.3307607300e+05   2.0000000000e-02 
  1.8939369319e+21   5.6561974615e+17   2.5487999206e+61   6.4131129923e-24   1.0171654083e-13   1.3329843715e+05   2.0000000000e-02 
  1.8945019096e+21   5.6497771291e+17   2.5474270343e+61   6.4311924016e-24   1.0191457389e-13   1.3352033223e+05   2.0000000000e-02 
  1.8950662600e+21   5.6435034119e+17   2.5461155871e+61   6.4492997151e-24   1.0211275634e-13   1.3374177812e+05   2.0000000000e-02 
  1.8956299889e+21   5.6372891754e+17   2.5448263927e+61   6.4674354014e-24   1.0231109347e-13   1.3396278403e+05   2.0000000000e-02 
  1.8961930888e+21   5.6309990172e+17   2.5434983386e+61   6.4855989415e-24   1.0250957985e-13   1.3418334417e+05   2.0000000000e-02 
  1.8967555464e+21   5.6245764198e+17   2.5421057946e+61   6.5037888756e-24   1.0270819976e-13   1.3440343768e+05   2.0000000000e-02 
  1.8973173504e+21   5.6180394477e+17   2.5406567931e+61   6.5220031397e-24   1.0290693070e-13   1.3462303605e+05   2.0000000000e-02 
  1.8978784933e+21   5.6114290629e+17   2.5391697553e+61   6.5402395762e-24   1.0310574899e-13   1.3484211298e+05   2.0000000000e-02 
  1.8984389714e+21   5.6047807493e+17   2.5376606764e+61   6.5584966923e-24   1.0330463793e-13   1.3506065310e+05   2.0000000000e-02 
  1.8989987851e+21   5.5981377957e+17   2.5361491361e+61   6.5767745679e-24   1.0350359766e-13   1.3527866112e+05   2.0000000000e-02 
  1.8995579352e+21   5.5915002263e+17   2.5346351543e+61   6.5950755542e-24   1.0370265271e-13   1.3549617017e+05   2.0000000000e-02 
  1.9001164240e+21   5.5848888635e+17   2.5331281870e+61   6.6134043510e-24   1.0390185261e-13   1.3571324526e+05   2.0000000000e-02 
  1.9006742536e+21   5.5782951704e+17   2.5316243898e+61   6.6317672518e-24   1.0410126599e-13   1.3592997774e+05   2.0000000000e-02 
  1.9012314249e+21   5.5717134556e+17   2.5301211996e+61   6.6501690824e-24   1.0430094572e-13   1.3614646277e+05   2.0000000000e-02 
  1.9017879391e+21   5.5651419953e+17   2.5286178487e+61   6.6686189688e-24   1.0450110180e-13   1.3636283330e+05   2.0000000000e-02 
  1.9023437939e+21   5.5585484051e+17   2.5270996238e+61   6.6871447998e-24   1.0470198213e-13   1.3657960565e+05   2.0000000000e-02 
  1.9028989849e+21   5.5519092243e+17   2.5255558293e+61   6.7057836876e-24   1.0490391820e-13   1.3679722015e+05   2.0000000000e-02 
  1.9034535049e+21   5.5452002067e+17   2.5239753807e+61   6.7245643897e-24   1.0510721778e-13   1.3701617913e+05   2.0000000000e-02 
  1.9040073427e+21   5.5383776077e+17   2.5223382787e+61   6.7435247169e-24   1.0531228465e-13   1.3723698495e+05   2.0000000000e-02 
  1.9045604849e+21   5.5314228161e+17   2.5206359232e+61   6.7627047690e-24   1.0551954430e-13   1.3746027313e+05   2.0000000000e-02 
  1.9051129131e+21   5.5242819644e+17   2.5188436092e+61   6.7821574417e-24   1.0572955765e-13   1.3768678130e+05   2.0000000000e-02 
  1.9056646044e+21   5.5169126415e+17   2.5169417894e+61   6.8019464995e-24   1.0594299877e-13   1.3791746261e+05   2.0000000000e-02 
  1.9062155293e+21   5.5092492688e+17   2.5149002821e+61   6.8221548853e-24   1.0616074426e-13   1.3815350327e+05   2.0000000000e-02 
  1.9067656500e+21   5.5012072476e+17   2.5126801302e+61   6.8428866329e-24   1.0638389223e-13   1.3839641890e+05   2.0000000000e-02 
  1.9073149190e+21   5.4926900462e+17   2.5102368106e+61   6.8642740315e-24   1.0661383836e-13   1.3864810770e+05   2.0000000000e-02 
  1.9078632756e+21   5.4835659386e+17   2.5075095766e+61   6.8864823019e-24   1.0685232407e-13   1.3891094177e+05   2.0000000000e-02 
  1.9084106436e+21   5.4736794523e+17   2.5044266421e+61   6.9097165352e-24   1.0710150862e-13   1.3918785048e+05   2.0000000000e-02 
  1.9089569289e+21   5.4628526489e+17   2.5009057318e+61   6.9342275573e-24   1.0736403426e-13   1.3948242182e+05   2.0000000000e-02 
  1.9095020285e+21   5.4509969021e+17   2.4969052631e+61   6.9603540111e-24   1.0764291754e-13   1.3979813822e+05   2.0000000000e-02 
  1.9100459071e+21   5.4387852565e+17   2.4927327345e+61   6.9875635786e-24   1.0792621868e-13   1.4012546030e+05   2.0000000000e-02 
  1.9105886400e+21   5.4273288543e+17   2.4888974892e+61   7.0133581243e-24   1.0819506340e-13   1.4043123453e+05   2.0000000000e-02 
  1.9111303379e+21   5.4169796781e+17   2.4855618808e+61   7.0377873415e-24   1.0844918645e-13   1.4071523231e+05   2.0000000000e-02 
  1.9116710849e+21   5.4074698409e+17   2.4826040496e+61   7.0612351890e-24   1.0869271132e-13   1.4098344300e+05   2.0000000000e-02 
  1.9122109430e+21   5.3985813331e+17   2.4799247030e+61   7.0839627153e-24   1.0892842155e-13   1.4123988340e+05   2.0000000000e-02 
  1.9127499595e+21   5.3901647037e+17   2.4774557828e+61   7.1061566008e-24   1.0915830131e-13   1.4148740817e+05   2.0000000000e-02 
  1.9132881704e+21   5.3821092606e+17   2.4751468649e+61   7.1279560418e-24   1.0938382530e-13   1.4172812472e+05   2.0000000000e-02 
  1.9138256027e+21   5.3743223874e+17   2.4729557006e+61   7.1494690640e-24   1.0960613333e-13   1.4196365699e+05   2.0000000000e-02 
  1.9143622774e+21   5.3667467620e+17   2.4708561745e+61   7.1707823416e-24   1.0982613704e-13   1.4219531437e+05   2.0000000000e-02 
  1.9148982083e+21   5.3593099228e+17   2.4688151204e+61   7.1919686101e-24   1.1004460089e-13   1.4242416858e+05   2.0000000000e-02 
  1.9154334061e+21   5.3519772381e+17   2.4668167194e+61   7.2130913449e-24   1.1026218667e-13   1.4265109819e+05   2.0000000000e-02 
  1.9159678758e+21   5.3446977809e+17   2.4648375909e+61   7.2341918134e-24   1.1047943559e-13   1.4287696128e+05   2.0000000000e-02 
  1.9165016197e+21   5.3374388463e+17   2.4628626989e+61   7.2553364944e-24   1.1069727686e-13   1.4310239541e+05   2.0000000000e-02 
  1.9170346364e+21   5.3301668284e+17   2.4608765491e+61   7.2765679130e-24   1.1091579619e-13   1.4332815063e+05   2.0000000000e-02 
  1.9175669218e+21   5.3228540164e+17   2.4588663283e+61   7.2979180194e-24   1.1113532677e-13   1.4355458209e+05   2.0000000000e-02 
  1.9180984707e+21   5.3154886250e+17   2.4568265504e+61   7.3194132138e-24   1.1135613609e-13   1.4378208190e+05   2.0000000000e-02 
  1.9186292749e+21   5.3080425332e+17   2.4547441580e+61   7.3410851361e-24   1.1157854688e-13   1.4401106471e+05   2.0000000000e-02 
  1.9191593269e+21   5.3005194802e+17   2.4526208038e+61   7.3629813766e-24   1.1180302879e-13   1.4424168697e+05   2.0000000000e-02 
  1.9196886327e+21   5.2930579595e+17   2.4505205499e+61   7.3849256053e-24   1.1202804490e-13   1.4447224804e+05   2.0000000000e-02 
  1.9202172225e+21   5.2858984280e+17   2.4485548803e+61   7.4064280503e-24   1.1224846808e-13   1.4469602659e+05   2.0000000000e-02 
  1.9207451457e+21   5.2792322402e+17   2.4468128206e+61   7.4273032711e-24   1.1246235503e-13   1.4491041446e+05   2.0000000000e-02 
  1.9212724612e+21   5.2731541743e+17   2.4453388416e+61   7.4474000935e-24   1.1266816849e-13   1.4511347533e+05   2.0000000000e-02 
  1.9217992353e+21   5.2677413131e+17   2.4441693206e+61   7.4666021946e-24   1.1286472433e-13   1.4530372584e+05   2.0000000000e-02 
  1.9223255398e+21   5.2630447372e+17   2.4433286570e+61   7.4848323864e-24   1.1305123297e-13   1.4548022236e+05   2.0000000000e-02 
  1.9228514461e+21   5.2590635530e+17   2.4428171655e+61   7.5020702710e-24   1.1322747765e-13   1.4564279434e+05   2.0000000000e-02 
  1.9233770238e+21   5.2557771294e+17   2.4426259832e+61   7.5183556771e-24   1.1339391417e-13   1.4579207433e+05   2.0000000000e-02 
  1.9239023362e+21   5.2531236738e+17   2.4427270747e+61   7.5337476089e-24   1.1355172334e-13   1.4592917466e+05   2.0000000000e-02 
  1.9244274437e+21   5.2510750738e+17   2.4431079999e+61   7.5482987064e-24   1.1370082107e-13   1.4605463021e+05   2.0000000000e-02 
  1.9249524007e+21   5.2495701417e+17   2.4437408817e+61   7.5620753487e-24   1.1384188234e-13   1.4616935437e+05   2.0000000000e-02 
  1.9254772553e+21   5.2485453851e+17   2.4445966911e+61   7.5751742444e-24   1.1397589568e-13   1.4627467593e+05   2.0000000000e-02 
  1.9260020463e+21   5.2479105471e+17   2.4456338428e+61   7.5877161608e-24   1.1410409720e-13   1.4637221581e+05   2.0000000000e-02 
  1.9265268044e+21   5.2475804259e+17   2.4468129944e+61   7.5998261544e-24   1.1422776420e-13   1.4646370945e+05   2.0000000000e-02 
  1.9270515497e+21   5.2474536681e+17   2.4480871583e+61   7.6116372889e-24   1.1434825837e-13   1.4655103956e+05   2.0000000000e-02 
  1.9275762937e+21   5.2474395675e+17   2.4494141894e+61   7.6232986293e-24   1.1446710626e-13   1.4663614331e+05   2.0000000000e-02 
  1.9281010305e+21   5.2473681326e+17   2.4507147884e+61   7.6349350008e-24   1.1458835396e-13   1.4672128848e+05   2.0000000000e-02 
  1.9286257330e+21   5.2470249857e+17   2.4518886929e+61   7.6469621148e-24   1.1471533998e-13   1.4681286758e+05   2.0000000000e-02 
  1.9291503493e+21   5.2461631191e+17   2.4528201075e+61   7.6597914058e-24   1.1485066141e-13   1.4691482329e+05   2.0000000000e-02 
  1.9296748212e+21   5.2447192690e+17   2.4534789017e+61   7.6735402288e-24   1.1499560561e-13   1.4702922431e+05   2.0000000000e-02 
  1.9301990851e+21   5.2426391858e+17   2.4538390844e+61   7.6882633883e-24   1.1515077971e-13   1.4715623444e+05   2.0000000000e-02 
  1.9307230834e+21   5.2399828968e+17   2.4539281271e+61   7.7038882779e-24   1.1531543073e-13   1.4729521488e+05   2.0000000000e-02 
  1.9312467634e+21   5.2367997496e+17   2.4537685725e+61   7.7203221982e-24   1.1548858240e-13   1.4744443580e+05   2.0000000000e-02 
  1.9317700833e+21   5.2331991081e+17   2.4534111704e+61   7.7374112062e-24   1.1566860119e-13   1.4760208799e+05   2.0000000000e-02 
  1.9322930093e+21   5.2292599143e+17   2.4528925366e+61   7.7550266487e-24   1.1585411577e-13   1.4776604832e+05   2.0000000000e-02 
  1.9328155179e+21   5.2250858910e+17   2.4522610203e+61   7.7730227881e-24   1.1604357190e-13   1.4793462042e+05   2.0000000000e-02 
  1.9333375915e+21   5.2207359712e+17   2.4515440652e+61   7.7913022974e-24   1.1623592644e-13   1.4810618285e+05   2.0000000000e-02 
  1.9338592201e+21   5.2162855901e+17   2.4507769451e+61   7.8097659720e-24   1.1643011915e-13   1.4827969712e+05   2.0000000000e-02 
  1.9343803958e+21   5.2117577235e+17   2.4499703626e+61   7.8283672832e-24   1.1662564718e-13   1.4845422349e+05   2.0000000000e-02 
  1.9349011159e+21   5.2072005784e+17   2.4491469202e+61   7.8470521969e-24   1.1682193245e-13   1.4862935160e+05   2.0000000000e-02 
  1.9354213772e+21   5.2026129352e+17   2.4483060152e+61   7.8658117881e-24   1.1701887382e-13   1.4880464820e+05   2.0000000000e-02 
  1.9359411793e+21   5.1980206794e+17   2.4474598091e+61   7.8846180754e-24   1.1721617312e-13   1.4898008678e+05   2.0000000000e-02 
  1.9364605206e+21   5.1934134962e+17   2.4466034381e+61   7.9034813687e-24   1.1741393591e-13   1.4915546745e+05   2.0000000000e-02 
  1.9369794014e+21   5.1888077912e+17   2.4457446231e+61   7.9223847446e-24   1.1761198327e-13   1.4933089863e+05   2.0000000000e-02 
  1.9374978205e+21   5.1841911584e+17   2.4448775144e+61   7.9413434964e-24   1.1781047463e-13   1.4950624883e+05   2.0000000000e-02 
  1.9380157780e+21   5.1795750261e+17   2.4440074964e+61   7.9603421716e-24   1.1800924764e-13   1.4968165000e+05   2.0000000000e-02 
  1.9385332731e+21   5.1749509337e+17   2.4431305753e+61   7.9793952495e-24   1.1820845377e-13   1.4985697348e+05   2.0000000000e-02 
  1.9390503057e+21   5.1703262537e+17   2.4422502277e+61   7.9984883334e-24   1.1840794176e-13   1.5003232669e+05   2.0000000000e-02 
  1.9395668753e+21   5.1656953224e+17   2.4413637770e+61   8.0176339966e-24   1.1860784266e-13   1.5020758736e+05   2.0000000000e-02 
  1.9400829817e+21   5.1610647986e+17   2.4404743675e+61   8.0368191993e-24   1.1880801927e-13   1.5038285331e+05   2.0000000000e-02 
  1.9405986246e+21   5.1564286840e+17   2.4395791624e+61   8.0560552449e-24   1.1900858923e-13   1.5055802514e+05   2.0000000000e-02 
  1.9411138039e+21   5.1517928009e+17   2.4386809141e+61   8.0753325583e-24   1.1920945142e-13   1.5073319259e+05   2.0000000000e-02 
  1.9416285189e+21   5.1471498356e+17   2.4377761593e+61   8.0946613388e-24   1.1941071161e-13   1.5090829265e+05   2.0000000000e-02 
  1.9421427695e+21   5.1425060860e+17   2.4368678774e+61   8.1140351389e-24   1.1961230145e-13   1.5108341585e+05   2.0000000000e-02 
  1.9426565548e+21   5.1378529988e+17   2.4359520125e+61   8.1334633008e-24   1.1981431776e-13   1.5125852965e+05   2.0000000000e-02 
  1.9431698743e+21   5.1331955736e+17   2.4350309290e+61   8.1529425806e-24   1.2001672566e-13   1.5143371510e+05   2.0000000000e-02 
  1.9436827270e+21   5.1285262427e+17   2.4341010309e+61   8.1724810869e-24   1.2021960890e-13   1.5160896163e+05   2.0000000000e-02 
  1.9441951119e+21   5.1238491775e+17   2.4331642890e+61   8.1920773181e-24   1.2042295076e-13   1.5178434029e+05   2.0000000000e-02 
  1.9447070276e+21   5.1191577675e+17   2.4322175556e+61   8.2117372929e-24   1.2062681326e-13   1.5195985450e+05   2.0000000000e-02 
  1.9452184731e+21   5.1144543745e+17   2.4312619404e+61   8.2314605369e-24   1.2083119046e-13   1.5213555217e+05   2.0000000000e-02 
  1.9457294470e+21   5.1097389710e+17   2.4302974200e+61   8.2512496081e-24   1.2103607718e-13   1.5231140871e+05   2.0000000000e-02 
  1.9462399481e+21   5.1050116053e+17   2.4293240066e+61   8.2710991564e-24   1.2124144873e-13   1.5248738978e+05   2.0000000000e-02 
  1.9467499757e+21   5.1002759712e+17   2.4283434488e+61   8.2910077203e-24   1.2144729076e-13   1.5266345654e+05   2.0000000000e-02 
  1.9472595288e+21   5.0955309255e+17   2.4273551951e+61   8.3109739197e-24   1.2165358700e-13   1.5283957985e+05   2.0000000000e-02 
  1.9477686069e+21   5.0907808569e+17   2.4263613299e+61   8.3309940456e-24   1.2186029436e-13   1.5301582372e+05   2.0000000000e-02 
  1.9482772090e+21   5.0860208075e+17   2.4253594848e+61   8.3510703198e-24   1.2206745984e-13   1.5319210357e+05   2.0000000000e-02 
  1.9487853292e+21   5.0812018154e+17   2.4243262845e+61   8.3712544662e-24   1.2227557185e-13   1.5336790471e+05   2.0000000000e-02 
  1.9492929457e+21   5.0761648923e+17   2.4231857567e+61   8.3916162440e-24   1.2248513750e-13   1.5354612170e+05   2.0000000000e-02 
  1.9497998518e+21   5.0690615657e+17   2.4210546004e+61   8.4126049777e-24   1.2270063912e-13   1.5374538641e+05   2.0000000000e-02 
  1.9503058157e+21   5.0596388027e+17   2.4178098201e+61   8.4436971889e-24   1.2302040230e-13   1.5399419212e+05   2.0000000000e-02 
  1.9508120578e+21   5.0624208999e+17   2.4203951347e+61   8.4561902574e-24   1.2315472723e-13   1.5409866564e+05   2.0000000000e-02 
  1.9513263348e+21   5.1427702178e+17   2.4600975660e+61   8.4246638171e-24   1.2284664588e-13   1.5381660618e+05   2.0000000000e-02 
  1.9519046538e+21   5.7831899756e+17   2.7679984397e+61   8.0198939193e-24   1.1884702195e-13   1.5072538097e+05   2.0000000000e-02 
  1.9527807449e+21   8.7609112173e+17   4.1963456748e+61   6.1498539079e-24   9.9804911897e-14   1.2234255288e+05   2.0000000000e-02 
  1.9541805635e+21   1.3998185134e+18   6.7127402882e+61   3.1899565142e-24   6.5357476118e-14   5.1014608709e+04   2.0000000000e-02 
  1.9559632849e+21   1.7827214900e+18   8.5628605622e+61   2.3962475132e-24   5.4394881966e-14   1.1275160096e+04   2.0000000000e-02 
  1.9578667589e+21   1.9034739450e+18   9.1601116853e+61   2.2538706234e-24   5.2307000753e-14   1.9768808936e+03   2.0000000000e-02 
  1.9597943548e+21   1.9275959113e+18   9.2943631207e+61   2.2294463071e-24   5.1943839305e-14   3.2939161201e+02   2.0000000000e-02 
  1.9617260770e+21   1.9317221712e+18   9.3326190028e+61   2.2253873837e-24   5.1883327182e-14   5.4289956520e+01   2.0000000000e-02 
  1.9636584825e+21   1.9324054868e+18   9.3543279019e+61   2.2247186653e-24   5.1873351044e-14   8.9196332764e+00   2.0000000000e-02 
  1.9655910003e+21   1.9325178567e+18   9.3733024910e+61   2.2246088039e-24   5.1871711652e-14   1.4628380200e+00   2.0000000000e-02 
  1.9675235366e+21   1.9325362908e+18   9.3918414725e+61   2.2245907868e-24   5.1871442740e-14   2.3954844315e-01   2.0000000000e-02 
  1.9694560759e+21   1.9325393100e+18   9.4103239861e+61   2.2245878365e-24   5.1871398696e-14   3.9182465544e-02   2.0000000000e-02 
  1.9713886157e+21   1.9325398033e+18   9.4288123907e+61   2.2245873545e-24   5.1871391500e-14   6.4162317310e-03   2.0000000000e-02 
  1.9733211556e+21   1.9325398836e+18   9.4473169276e+61   2.2245872761e-24   5.1871390326e-14   1.0637513287e-03   2.0000000000e-02 
  1.9752536955e+21   1.9325398996e+18   9.4658392911e+61   2.2245872600e-24   5.1871390095e-14   1.5426527973e-04   2.0000000000e-02 
  1.9771862354e+21   1.9325399000e+18   9.4843797177e+61   2.2245872599e-24   5.1871390087e-14   1.7200853718e-05   2.0000000000e-02 
  1.9791187753e+21   1.9325399000e+18   9.5029382820e+61   2.2245872600e-24   5.1871390085e-14   1.0167784080e-06   2.0000000000e-02 
  1.9810513152e+21   1.9325399000e+18   9.5215149859e+61   2.2245872600e-24   5.1871390085e-14  -8.5193289373e-07   2.0000000000e-02 
  1.9829838551e+21   1.9325399000e+18   9.5401098292e+61   2.2245872600e-24   5.1871390085e-14  -7.3784316521e-07   2.0000000000e-02 
  1.9849163950e+21   1.9325399000e+18   9.5587228120e+61   2.2245872600e-24   5.1871390085e-14  -1.3781000651e-07   2.0000000000e-02 
  1.9868489349e+21   1.9325399000e+18   9.5773539343e+61   2.2245872600e-24   5.1871390085e-14  -3.6250754140e-07   2.0000000000e-02 
  1.9887814748e+21   1.9325399000e+18   9.5960031962e+61   2.2245872600e-24   5.1871390085e-14  -1.0221315526e-06   2.0000000000e-02 
  1.9907140147e+21   1.9325399000e+18   9.6146705975e+61   2.2245872600e-24   5.1871390085e-14  -1.1638664963e-06   2.0000000000e-02 
  1.9926465546e+21   1.9325399000e+18   9.6333561383e+61   2.2245872600e-24   5.1871390085e-14  -1.1469035245e-06   2.0000000000e-02 
  1.9945790945e+21   1.9325399000e+18   9.6520598186e+61   2.2245872600e-24   5.1871390085e-14  -1.1452222505e-06   2.0000000000e-02 
  1.9965116344e+21   1.9325399000e+18   9.6707816384e+61   2.2245872600e-24   5.1871390085e-14  -1.1439856011e-06   2.0000000000e-02 
  1.9984441743e+21   1.9325399000e+18   9.6895215977e+61   2.2245872600e-24   5.1871390085e-14  -1.1295517917e-06   2.0000000000e-02 
  2.0003767142e+21   1.9325399000e+18   9.7082796965e+61   2.2245872600e-24   5.1871390085e-14  -1.1655597066e-06   2.0000000000e-02 
  2.0023092541e+21   1.9325399000e+18   9.7270559349e+61   2.2245872600e-24   5.1871390085e-14  -1.2848630984e-06   2.0000000000e-02 
  2.0042417940e+21   1.9325399000e+18   9.7458503127e+61   2.2245872600e-24   5.1871390085e-14  -1.3967462128e-06   2.0000000000e-02 
  2.0061743339e+21   1.9325399000e+18   9.7646628300e+61   2.2245872600e-24   5.1871390085e-14  -1.3976371076e-06   2.0000000000e-02 
  2.0081068738e+21   1.9325399000e+18   9.7834934868e+61   2.2245872600e-24   5.1871390085e-14  -1.3856290549e-06   2.0000000000e-02 
  2.0100394137e+21   1.9325399000e+18   9.8023422831e+61   2.2245872600e-24   5.1871390085e-14  -1.6535243995e-06   2.0000000000e-02 
  2.0119719536e+21   1.9325399000e+18   9.8212092189e+61   2.2245872600e-24   5.1871390085e-14  -2.0478895248e-06   2.0000000000e-02 
  2.0139044935e+21   1.9325399000e+18   9.8400942942e+61   2.2245872600e-24   5.1871390085e-14  -2.1019694471e-06   2.0000000000e-02 
  2.0158370334e+21   1.9325399000e+18   9.8589975090e+61   2.2245872600e-24   5.1871390085e-14  -1.8318370649e-06   2.0000000000e-02 
  2.0177695733e+21   1.9325399000e+18   9.8779188633e+61   2.2245872600e-24   5.1871390085e-14  -1.7074187544e-06   2.0000000000e-02 
  2.0197021132e+21   1.9325399000e+18   9.8968583570e+61   2.2245872600e-24   5.1871390086e-14  -1.9090916732e-06   2.0000000000e-02 
  2.0216346531e+21   1.9325399000e+18   9.9158159903e+61   2.2245872600e-24   5.1871390086e-14  -2.1446577732e-06   2.0000000000e-02 
  2.0235671930e+21   1.9325399000e+18   9.9347917631e+61   2.2245872600e-24   5.1871390086e-14  -2.2299947903e-06   2.0000000000e-02 
  2.0254997329e+21   1.9325399000e+18   9.9537856754e+61   2.2245872600e-24   5.1871390086e-14  -2.2404527959e-06   2.0000000000e-02 
  2.0274322728e+21   1.9325399000e+18   9.9727977272e+61   2.2245872600e-24   5.1871390086e-14  -2.2295615147e-06   2.0000000000e-02 
  2.0293648127e+21   1.9325399000e+18   9.9918279185e+61   2.2245872600e-24   5.1871390086e-14  -2.2324931898e-06   2.0000000000e-02 
  2.0312973526e+21   1.9325399000e+18   1.0010876249e+62   2.2245872600e-24   5.1871390086e-14  -2.2463304648e-06   2.0000000000e-02 
  2.0332298925e+21   1.9325399000e+18   1.0029942720e+62   2.2245872600e-24   5.1871390086e-14  -2.2551610008e-06   2.0000000000e-02 
  2.0351624324e+21   1.9325399000e+18   1.0049027329e+62   2.2245872600e-24   5.1871390086e-14  -2.2505811880e-06   2.0000000000e-02 
  2.0370949723e+21   1.9325399000e+18   1.0068130079e+62   2.2245872600e-24   5.1871390086e-14  -2.2527178480e-06   2.0000000000e-02 
  2.0390275122e+21   1.9325399000e+18   1.0087250967e+62   2.2245872600e-24   5.1871390086e-14  -2.2694435015e-06   2.0000000000e-02 
  2.0409600521e+21   1.9325399000e+18   1.0106389996e+62   2.2245872600e-24   5.1871390086e-14  -2.3353629978e-06   2.0000000000e-02 
  2.0428925920e+21   1.9325399000e+18   1.0125547163e+62   2.2245872600e-24   5.1871390086e-14  -2.6641949653e-06   2.0000000000e-02 
  2.0448251319e+21   1.9325399000e+18   1.0144722471e+62   2.2245872600e-24   5.1871390086e-14  -3.0186874175e-06   2.0000000000e-02 
  2.0467576718e+21   1.9325399000e+18   1.0163915917e+62   2.2245872600e-24   5.1871390086e-14  -3.0893575434e-06   2.0000000000e-02 
  2.0486902117e+21   1.9325399000e+18   1.0183127504e+62   2.2245872600e-24   5.1871390086e-14  -3.1573256269e-06   2.0000000000e-02 
  2.0506227516e+21   1.9325399000e+18   1.0202357229e+62   2.2245872600e-24   5.1871390086e-14  -3.2245224534e-06   2.0000000000e-02 
  2.0525552915e+21   1.9325399000e+18   1.0221605095e+62   2.2245872600e-24   5.1871390086e-14  -3.2225873099e-06   2.0000000000e-02 
  2.0544878314e+21   1.9325399000e+18   1.0240871099e+62   2.2245872600e-24   5.1871390086e-14  -3.2017156797e-06   2.0000000000e-02 
  2.0564203713e+21   1.9325399000e+18   1.0260155244e+62   2.2245872600e-24   5.1871390086e-14  -3.2172672769e-06   2.0000000000e-02 
  2.0583529112e+21   1.9325399000e+18   1.0279457527e+62   2.2245872600e-24   5.1871390086e-14  -3.2873147264e-06   2.0000000000e-02 
  2.0602854511e+21   1.9325399000e+18   1.0298777951e+62   2.2245872600e-24   5.1871390086e-14  -3.7020811250e-06   2.0000000000e-02 
  2.0622179910e+21   1.9325399000e+18   1.0318116513e+62   2.2245872600e-24   5.1871390086e-14  -4.0237752731e-06   2.0000000000e-02 
  2.0641505309e+21   1.9325399000e+18   1.0337473216e+62   2.2245872600e-24   5.1871390086e-14  -3.9995910292e-06   2.0000000000e-02 
  2.0660830708e+21   1.9325399000e+18   1.0356848057e+62   2.2245872600e-24   5.1871390086e-14  -4.0143020919e-06   2.0000000000e-02 
  2.0680156107e+21   1.9325399000e+18   1.0376241039e+62   2.2245872600e-24   5.1871390086e-14  -3.8177586267e-06   2.0000000000e-02 
  2.0699481506e+21   1.9325399000e+18   1.0395652159e+62   2.2245872600e-24   5.1871390086e-14  -3.7723823895e-06   2.0000000000e-02 
  2.0718806905e+21   1.9325399000e+18   1.0415081420e+62   2.2245872600e-24   5.1871390086e-14  -3.8939463029e-06   2.0000000000e-02 
  2.0738132304e+21   1.9325399000e+18   1.0434528819e+62   2.2245872600e-24   5.1871390085e-14  -3.4550441436e-06   2.0000000000e-02 
  2.0757457703e+21   1.9325399000e+18   1.0453994359e+62   2.2245872600e-24   5.1871390085e-14  -3.0868216678e-06   2.0000000000e-02 
  2.0776783102e+21   1.9325399000e+18   1.0473478037e+62   2.2245872600e-24   5.1871390085e-14  -2.9786763370e-06   2.0000000000e-02 
  2.0796108501e+21   1.9325399000e+18   1.0492979856e+62   2.2245872600e-24   5.1871390085e-14  -2.9809807698e-06   2.0000000000e-02 
  2.0815433900e+21   1.9325399000e+18   1.0512499813e+62   2.2245872600e-24   5.1871390085e-14  -2.9687849913e-06   2.0000000000e-02 
  2.0834759299e+21   1.9325399000e+18   1.0532037911e+62   2.2245872600e-24   5.1871390085e-14  -2.9402751879e-06   2.0000000000e-02 
  2.0854084698e+21   1.9325399000e+18   1.0551594147e+62   2.2245872600e-24   5.1871390085e-14  -2.7113030711e-06   2.0000000000e-02 
  2.0873410097e+21   1.9325399000e+18   1.0571168524e+62   2.2245872600e-24   5.1871390085e-14  -2.2321878452e-06   2.0000000000e-02 
  2.0892735496e+21   1.9325399000e+18   1.0590761039e+62   2.2245872600e-24   5.1871390085e-14  -2.0796756394e-06   2.0000000000e-02 
  2.0912060895e+21   1.9325399000e+18   1.0610371695e+62   2.2245872600e-24   5.1871390085e-14  -2.0335290247e-06   2.0000000000e-02 
  2.0931386294e+21   1.9325399000e+18   1.0630000489e+62   2.2245872600e-24   5.1871390085e-14  -1.9933830732e-06   2.0000000000e-02 
  2.0950711693e+21   1.9325399000e+18   1.0649647423e+62   2.2245872600e-24   5.1871390085e-14  -1.9721787319e-06   2.0000000000e-02 
  2.0970037092e+21   1.9325399000e+18   1.0669312497e+62   2.2245872600e-24   5.1871390085e-14  -1.9563083546e-06   2.0000000000e-02 
  2.0989362491e+21   1.9325399000e+18   1.0688995710e+62   2.2245872600e-24   5.1871390085e-14  -1.9506695310e-06   2.0000000000e-02 
  2.1008687890e+21   1.9325399000e+18   1.0708697063e+62   2.2245872600e-24   5.1871390085e-14  -1.9504302591e-06   2.0000000000e-02 
  2.1028013289e+21   1.9325399000e+18   1.0728416555e+62   2.2245872600e-24   5.1871390085e-14  -1.9424426957e-06   2.0000000000e-02 
  2.1047338688e+21   1.9325399000e+18   1.0748154187e+62   2.2245872600e-24   5.1871390085e-14  -1.9135678498e-06   2.0000000000e-02 
  2.1066664087e+21   1.9325399000e+18   1.0767909958e+62   2.2245872600e-24   5.1871390085e-14  -1.7667251919e-06   2.0000000000e-02 
  2.1085989486e+21   1.9325399000e+18   1.0787683869e+62   2.2245872600e-24   5.1871390085e-14  -1.3289352284e-06   2.0000000000e-02 
  2.1105314885e+21   1.9325399000e+18   1.0807475919e+62   2.2245872600e-24   5.1871390085e-14  -1.0286371043e-06   2.0000000000e-02 
  2.1124640284e+21   1.9325399000e+18   1.0827286109e+62   2.2245872600e-24   5.1871390085e-14  -9.4036269231e-07   2.0000000000e-02 
  2.1143965683e+21   1.9325399000e+18   1.0847114438e+62   2.2245872600e-24   5.1871390085e-14  -6.0018364047e-07   2.0000000000e-02 
  2.1163291082e+21   1.9325399000e+18   1.0866960907e+62   2.2245872600e-24   5.1871390085e-14   2.5677935845e-07   2.0000000000e-02 
  2.1182616481e+21   1.9325399000e+18   1.0886825515e+62   2.2245872600e-24   5.1871390085e-14   9.0057454210e-07   2.0000000000e-02 
  2.1201941880e+21   1.9325399000e+18   1.0906708263e+62   2.2245872600e-24   5.1871390085e-14   1.0416645257e-06   2.0000000000e-02 
  2.1221267279e+21   1.9325399000e+18   1.0926609150e+62   2.2245872600e-24   5.1871390085e-14   1.1854156254e-06   2.0000000000e-02 
  2.1240592678e+21   1.9325399000e+18   1.0946528177e+62   2.2245872600e-24   5.1871390085e-14   1.5337761168e-06   2.0000000000e-02 
  2.1259918077e+21   1.9325399000e+18   1.0966465343e+62   2.2245872600e-24   5.1871390085e-14   1.8371268153e-06   2.0000000000e-02 
  2.1279243476e+21   1.9325399000e+18   1.0986420648e+62   2.2245872600e-24   5.1871390085e-14   1.8993510422e-06   2.0000000000e-02 
  2.1298568875e+21   1.9325399000e+18   1.1006394094e+62   2.2245872600e-24   5.1871390085e-14   1.9108558378e-06   2.0000000000e-02 
  2.1317894274e+21   1.9325399000e+18   1.1026385678e+62   2.2245872600e-24   5.1871390085e-14   1.9143194130e-06   2.0000000000e-02 
  2.1337219673e+21   1.9325399000e+18   1.1046395402e+62   2.2245872600e-24   5.1871390085e-14   1.9216527191e-06   2.0000000000e-02 
  2.1356545072e+21   1.9325399000e+18   1.1066423266e+62   2.2245872600e-24   5.1871390085e-14   1.9294806486e-06   2.0000000000e-02 
  2.1375870471e+21   1.9325399000e+18   1.1086469269e+62   2.2245872600e-24   5.1871390085e-14   1.9402962448e-06   2.0000000000e-02 
  2.1395195870e+21   1.9325399000e+18   1.1106533412e+62   2.2245872600e-24   5.1871390085e-14   1.9473874099e-06   2.0000000000e-02 
  2.1414521269e+21   1.9325399000e+18   1.1126615694e+62   2.2245872600e-24   5.1871390085e-14   1.9592773258e-06   2.0000000000e-02 
  2.1433846668e+21   1.9325399000e+18   1.1146716116e+62   2.2245872600e-24   5.1871390085e-14   1.9891233366e-06   2.0000000000e-02 
  2.1453172067e+21   1.9325399000e+18   1.1166834677e+62   2.2245872600e-24   5.1871390085e-14   1.9977235675e-06   2.0000000000e-02 
  2.1472497466e+21   1.9325399000e+18   1.1186971378e+62   2.2245872600e-24   5.1871390085e-14   2.0028284999e-06   2.0000000000e-02 
  2.1491822865e+21   1.9325399000e+18   1.1207126218e+62   2.2245872600e-24   5.1871390085e-14   2.0482105973e-06   2.0000000000e-02 
  2.1511148264e+21   1.9325399000e+18   1.1227299198e+62   2.2245872600e-24   5.1871390085e-14   2.1955795667e-06   2.0000000000e-02 
  2.1530473663e+21   1.9325399000e+18   1.1247490317e+62   2.2245872600e-24   5.1871390085e-14   2.5477262492e-06   2.0000000000e-02 
  2.1549799062e+21   1.9325399000e+18   1.1267699575e+62   2.2245872600e-24   5.1871390085e-14   2.7339212314e-06   2.0000000000e-02 
  2.1569124461e+21   1.9325399000e+18   1.1287926974e+62   2.2245872600e-24   5.1871390085e-14   2.7697421812e-06   2.0000000000e-02 
  2.1588449860e+21   1.9325399000e+18   1.1308172511e+62   2.2245872600e-24   5.1871390085e-14   2.7793619263e-06   2.0000000000e-02 
  2.1607775259e+21   1.9325399000e+18   1.1328436188e+62   2.2245872600e-24   5.1871390085e-14   2.7917692586e-06   2.0000000000e-02 
  2.1627100658e+21   1.9325399000e+18   1.1348718005e+62   2.2245872600e-24   5.1871390085e-14   2.8174161658e-06   2.0000000000e-02 
  2.1646426057e+21   1.9325399000e+18   1.1369017961e+62   2.2245872600e-24   5.1871390085e-14   2.8571035705e-06   2.0000000000e-02 
  2.1665751456e+21   1.9325399000e+18   1.1389336057e+62   2.2245872600e-24   5.1871390085e-14   2.9507841161e-06   2.0000000000e-02 
  2.1685076855e+21   1.9325399000e+18   1.1409672292e+62   2.2245872600e-24   5.1871390085e-14   3.6077626209e-06   2.0000000000e-02 
  2.1704402254e+21   1.9325399000e+18   1.1430026667e+62   2.2245872600e-24   5.1871390085e-14   4.3721056400e-06   2.0000000000e-02 
  2.1723727653e+21   1.9325399000e+18   1.1450399181e+62   2.2245872600e-24   5.1871390085e-14   4.8229590026e-06   2.0000000000e-02 
  2.1743053052e+21   1.9325399000e+18   1.1470789834e+62   2.2245872600e-24   5.1871390085e-14   5.2141085199e-06   2.0000000000e-02 
  2.1762378451e+21   1.9325399000e+18   1.1491198628e+62   2.2245872600e-24   5.1871390085e-14   5.2342791180e-06   2.0000000000e-02 
  2.1781703850e+21   1.9325399000e+18   1.1511625560e+62   2.2245872600e-24   5.1871390085e-14   4.9371025773e-06   2.0000000000e-02 
  2.1801029249e+21   1.9325399000e+18   1.1532070632e+62   2.2245872600e-24   5.1871390085e-14   4.7101380176e-06   2.0000000000e-02 
  2.1820354648e+21   1.9325399000e+18   1.1552533844e+62   2.2245872600e-24   5.1871390085e-14   4.6276092805e-06   2.0000000000e-02 
  2.1839680047e+21   1.9325399000e+18   1.1573015195e+62   2.2245872600e-24   5.1871390085e-14   4.5875842796e-06   2.0000000000e-02 
  2.1859005446e+21   1.9325399000e+18   1.1593514686e+62   2.2245872600e-24   5.1871390085e-14   4.5698504371e-06   2.0000000000e-02 
  2.1878330845e+21   1.9325399000e+18   1.1614032316e+62   2.2245872600e-24   5.1871390085e-14   4.5691512445e-06   2.0000000000e-02 
  2.1897656244e+21   1.9325399000e+18   1.1634568085e+62   2.2245872600e-24   5.1871390085e-14   4.5866053464e-06   2.0000000000e-02 
  2.1916981643e+21   1.9325399000e+18   1.1655121995e+62   2.2245872600e-24   5.1871390085e-14   4.6069595479e-06   2.0000000000e-02 
  2.1936307042e+21   1.9325399000e+18   1.1675694043e+62   2.2245872600e-24   5.1871390085e-14   4.6220483154e-06   2.0000000000e-02 
  2.1955632441e+21   1.9325399000e+18   1.1696284231e+62   2.2245872600e-24   5.1871390085e-14   4.6518524501e-06   2.0000000000e-02 
  2.1974957840e+21   1.9325399000e+18   1.1716892559e+62   2.2245872600e-24   5.1871390085e-14   4.7118434583e-06   2.0000000000e-02 
  2.1994283239e+21   1.9325399000e+18   1.1737519026e+62   2.2245872600e-24   5.1871390085e-14   4.7922072694e-06   2.0000000000e-02 
  2.2013608638e+21   1.9325399000e+18   1.1758163633e+62   2.2245872600e-24   5.1871390085e-14   4.8373843916e-06   2.0000000000e-02 
  2.2032934037e+21   1.9325399000e+18   1.1778826379e+62   2.2245872600e-24   5.1871390085e-14   4.8807200233e-06   2.0000000000e-02 
  2.2052259436e+21   1.9325399000e+18   1.1799507264e+62   2.2245872600e-24   5.1871390085e-14   5.0465154979e-06   2.0000000000e-02 
  2.2071584835e+21   1.9325399000e+18   1.1820206290e+62   2.2245872600e-24   5.1871390085e-14   5.2197017396e-06   2.0000000000e-02 
  2.2090910234e+21   1.9325399000e+18   1.1840923454e+62   2.2245872600e-24   5.1871390085e-14   5.0318757639e-06   2.0000000000e-02 
  2.2110235633e+21   1.9325399000e+18   1.1861658758e+62   2.2245872600e-24   5.1871390085e-14   4.8427336973e-06   2.0000000000e-02 
  2.2129561032e+21   1.9325399000e+18   1.1882412202e+62   2.2245872600e-24   5.1871390085e-14   4.8052314429e-06   2.0000000000e-02 
  2.2148886431e+21   1.9325399000e+18   1.1903183785e+62   2.2245872600e-24   5.1871390085e-14   4.7682240092e-06   2.0000000000e-02 
  2.2168211830e+21   1.9325399000e+18   1.1923973508e+62   2.2245872600e-24   5.1871390085e-14   4.5538678122e-06   2.0000000000e-02 
  2.2187537229e+21   1.9325399000e+18   1.1944781370e+62   2.2245872600e-24   5.1871390085e-14   4.0759907712e-06   2.0000000000e-02 
  2.2206862628e+21   1.9325399000e+18   1.1965607371e+62   2.2245872600e-24   5.1871390085e-14   3.3085023568e-06   2.0000000000e-02 
  2.2226188027e+21   1.9325399000e+18   1.1986451512e+62   2.2245872600e-24   5.1871390085e-14   2.5080858216e-06   2.0000000000e-02 
  2.2245513426e+21   1.9325399000e+18   1.2007313793e+62   2.2245872600e-24   5.1871390085e-14   2.0463315021e-06   2.0000000000e-02 
  2.2264838825e+21   1.9325399000e+18   1.2028194213e+62   2.2245872600e-24   5.1871390085e-14   1.8207618243e-06   2.0000000000e-02 
  2.2284164224e+21   1.9325399000e+18   1.2049092773e+62   2.2245872600e-24   5.1871390085e-14   1.7724786485e-06   2.0000000000e-02 
  2.2303489623e+21   1.9325399000e+18   1.2070009472e+62   2.2245872600e-24   5.1871390085e-14   1.7027323108e-06   2.0000000000e-02 
  2.2322815022e+21   1.9325399000e+18   1.2090944310e+62   2.2245872600e-24   5.1871390085e-14   1.6926450480e-06   2.0000000000e-02 
  2.2342140421e+21   1.9325399000e+18   1.2111897288e+62   2.2245872600e-24   5.1871390085e-14   1.6773812188e-06   2.0000000000e-02 
  2.2361465820e+21   1.9325399000e+18   1.2132868406e+62   2.2245872600e-24   5.1871390085e-14   1.4324367252e-06   2.0000000000e-02 
  2.2380791219e+21   1.9325399000e+18   1.2153857663e+62   2.2245872600e-24   5.1871390085e-14   1.0178196031e-06   2.0000000000e-02 
  2.2400116618e+21   1.9325399000e+18   1.2174865060e+62   2.2245872600e-24   5.1871390085e-14   9.1218135225e-07   2.0000000000e-02 
  2.2419442017e+21   1.9325399000e+18   1.2195890596e+62   2.2245872600e-24   5.1871390085e-14   7.8538272175e-07   2.0000000000e-02 
  2.2438767416e+21   1.9325399000e+18   1.2216934271e+62   2.2245872600e-24   5.1871390085e-14   4.0005928041e-07   2.0000000000e-02 
  2.2458092815e+21   1.9325399000e+18   1.2237996086e+62   2.2245872600e-24   5.1871390085e-14   0.0000000000e+00   2.0000000000e-02 
