# time = 3.032311e+15 [s] 
# r                  dr                 dV                 Density            Pressure           Velocity           Z
  2.1304517832e+18   2.1304517832e+18   4.0504543150e+55   3.2696695753e-31   3.2631220477e-14   0.0000000000e+00   9.9248591688e-02 
  2.7380730861e+18   6.0762130288e+17   4.5480659354e+55   3.2696695753e-31   3.2631220477e-14  -2.8421794192e+04   9.9248591688e-02 
  3.6899505268e+18   9.5187744067e+17   1.2446543197e+56   3.2698271883e-31   3.2630747903e-14  -5.3876186683e+04   9.9248591688e-02 
  4.6889940627e+18   9.9904353598e+17   2.2139412906e+56   3.2704869969e-31   3.2630909675e-14  -8.7168006574e+04   9.9248591688e-02 
  5.2020679167e+18   5.1307385393e+17   1.5783559610e+56   3.2714469599e-31   3.2630992924e-14  -1.0899857092e+05   9.9248591688e-02 
  5.6501009736e+18   4.4803305694e+17   1.6585924917e+56   3.2726772333e-31   3.2631009556e-14  -1.2211386178e+05   9.9248591688e-02 
  6.3988278037e+18   7.4872683006e+17   3.4192336996e+56   3.2751780723e-31   3.2631034001e-14  -1.3786459878e+05   9.9248591688e-02 
  7.0928374009e+18   6.9400959721e+17   3.9721839100e+56   3.2789958675e-31   3.2631071974e-14  -1.5644383853e+05   9.9248591688e-02 
  8.0124200449e+18   9.1958264402e+17   6.5998352355e+56   3.2843524026e-31   3.2631122799e-14  -1.7676701245e+05   9.9248591688e-02 
  8.9157395881e+18   9.0331954325e+17   8.1399697785e+56   3.2914652569e-31   3.2631190704e-14  -1.9942790593e+05   9.9248591688e-02 
  1.0037207464e+19   1.1214678759e+18   1.2670587960e+57   3.3007151046e-31   3.2631279883e-14  -2.2432689640e+05   9.9248591688e-02 
  1.1205518062e+19   1.1683105979e+18   1.6579305260e+57   3.3125699511e-31   3.2631398343e-14  -2.5228849633e+05   9.9248591688e-02 
  1.2580535231e+19   1.3750171694e+18   2.4467312272e+57   3.3274060237e-31   3.2631554367e-14  -2.8317913124e+05   9.9248591688e-02 
  1.4059432286e+19   1.4788970549e+18   3.3006624321e+57   3.3458577926e-31   3.2631762461e-14  -3.1772857812e+05   9.9248591688e-02 
  1.5747034694e+19   1.6876024076e+18   4.7152511815e+57   3.3684488542e-31   3.2632038398e-14  -3.5598712049e+05   9.9248591688e-02 
  1.7644508915e+19   1.8974742215e+18   6.6537419639e+57   3.3964495657e-31   3.2632413673e-14  -3.9924794920e+05   9.9248591688e-02 
  1.9759656164e+19   2.1151472489e+18   9.3066435676e+57   3.4305781641e-31   3.2632908338e-14  -4.4762985643e+05   9.9248591688e-02 
  2.2142620860e+19   2.3829646954e+18   1.3158629747e+58   3.4720476774e-31   3.2633548726e-14  -5.0187813896e+05   9.9248591688e-02 
  2.4728686267e+19   2.5860654070e+18   1.7866684523e+58   3.5214203674e-31   3.2634346587e-14  -5.6158707199e+05   9.9248591688e-02 
  2.7661581661e+19   2.9328953939e+18   2.5316352488e+58   3.5803126059e-31   3.2635336624e-14  -6.2782211509e+05   9.9248591688e-02 
  3.0819178959e+19   3.1575972984e+18   3.3958967057e+58   3.6496971642e-31   3.2636551373e-14  -7.0090485424e+05   9.9248591688e-02 
  3.4470471354e+19   3.6512923949e+18   4.8948309122e+58   3.7324592435e-31   3.2638094717e-14  -7.8269948664e+05   9.9248591688e-02 
  3.8349815541e+19   3.8793441877e+18   6.4687982291e+58   3.8297315226e-31   3.2640010539e-14  -8.7306901499e+05   9.9248591688e-02 
  4.2734043780e+19   4.3842282384e+18   9.0643126828e+58   3.9432823510e-31   3.2642387722e-14  -9.7214255665e+05   9.9248591688e-02 
  4.7393368416e+19   4.6593246357e+18   1.1900723664e+59   4.0750600094e-31   3.2645368067e-14  -1.0809581046e+06   9.9248591688e-02 
  5.2700373512e+19   5.3070050962e+18   1.6719373285e+59   4.2291360486e-31   3.2649153535e-14  -1.2014120852e+06   9.9248591688e-02 
  5.7950720241e+19   5.2503467295e+18   2.0210408425e+59   4.4018353850e-31   3.2653706812e-14  -1.3294061138e+06   9.9248591688e-02 
  6.5777869899e+19   7.8271496581e+18   3.7694031446e+59   4.6294405476e-31   3.2660355397e-14  -1.4887299371e+06   9.9248591688e-02 
  7.7318451015e+19   1.1540581116e+19   7.4400363340e+59   4.9834224673e-31   3.2672221084e-14  -1.7248326416e+06   9.9248591688e-02 
  8.1766587934e+19   4.4481369184e+18   3.5375277852e+59   5.2874816742e-31   3.2683457596e-14  -1.9232343542e+06   9.9248591688e-02 
  8.5753657065e+19   3.9870691312e+18   3.5157682030e+59   5.4651944113e-31   3.2689645832e-14  -2.0244916570e+06   9.9248591688e-02 
  8.9903584040e+19   4.1499269746e+18   4.0234928568e+59   5.6566955086e-31   3.2695665041e-14  -2.1194898723e+06   9.9248591688e-02 
  9.4308775255e+19   4.4051912154e+18   4.6971555731e+59   5.8800306468e-31   3.2701986592e-14  -2.2166476411e+06   9.9248591688e-02 
  9.8406207807e+19   4.0974325519e+18   4.7814331184e+59   6.1248744626e-31   3.2708196714e-14  -2.3104953518e+06   9.9248591688e-02 
  1.0360279208e+20   5.1965842711e+18   6.6635409642e+59   6.4223004910e-31   3.2714824639e-14  -2.4095617345e+06   9.9248591688e-02 
  1.0868872016e+20   5.0859280820e+18   7.2022539237e+59   6.7807361798e-31   3.2722039360e-14  -2.5149966970e+06   9.9248591688e-02 
  1.1358810418e+20   4.8993840177e+18   7.6058901325e+59   7.1611033101e-31   3.2728857445e-14  -2.6127455194e+06   9.9248591688e-02 
  1.1829421199e+20   4.7061078150e+18   7.9507231018e+59   7.5622000637e-31   3.2735174333e-14  -2.7025846301e+06   9.9248591688e-02 
  1.2405421204e+20   5.7600000499e+18   1.0630030933e+60   8.0429405174e-31   3.2741709937e-14  -2.7961298756e+06   9.9248591688e-02 
  1.2985322700e+20   5.7990149581e+18   1.1747094384e+60   8.6186659901e-31   3.2748636134e-14  -2.8945092166e+06   9.9248591688e-02 
  1.3542100166e+20   5.5677746568e+18   1.2310775501e+60   9.2344706932e-31   3.2755110317e-14  -2.9855727387e+06   9.9248591688e-02 
  1.4097995399e+20   5.5589523320e+18   1.3343828606e+60   9.8937075575e-31   3.2761015907e-14  -3.0693599976e+06   9.9248591688e-02 
  1.4753568414e+20   6.5557301483e+18   1.7146851735e+60   1.0679826393e-30   3.2766944320e-14  -3.1548818481e+06   9.9248591688e-02 
  1.5411766724e+20   6.5819831047e+18   1.8818797203e+60   1.1604133533e-30   3.2772836803e-14  -3.2418376989e+06   9.9248591688e-02 
  1.6041269809e+20   6.2950308521e+18   1.9567298847e+60   1.2590922269e-30   3.2777969905e-14  -3.3210327437e+06   9.9248591688e-02 
  1.6717345701e+20   6.7607589113e+18   2.2795968854e+60   1.3689850610e-30   3.2782641752e-14  -3.3943997611e+06   9.9248591688e-02 
  1.7485313429e+20   7.6796772890e+18   2.8228354701e+60   1.5022453725e-30   3.2787056900e-14  -3.4686552659e+06   9.9248591688e-02 
  1.8234194015e+20   7.4888058547e+18   3.0021818504e+60   1.6547573132e-30   3.2791018995e-14  -3.5388441151e+06   9.9248591688e-02 
  1.8892430878e+20   6.5823686305e+18   2.8506803080e+60   1.8097817868e-30   3.2794038311e-14  -3.5961898404e+06   9.9248591688e-02 
  1.9755485705e+20   8.6305482707e+18   4.0505371394e+60   1.9963207240e-30   3.2795755216e-14  -3.6514051179e+06   9.9248591688e-02 
  2.0799077673e+20   1.0435919683e+19   5.3933165597e+60   2.2522638474e-30   3.2797244662e-14  -3.7079516068e+06   9.9248591688e-02 
  2.1853632617e+20   1.0545549434e+19   6.0283829672e+60   2.5589002234e-30   3.2798307073e-14  -3.7513077558e+06   9.9248591688e-02 
  2.2821322217e+20   9.6768960051e+18   6.0685104885e+60   2.8811309031e-30   3.2801699312e-14  -3.7683382312e+06   9.9248591688e-02 
  2.4014348744e+20   1.1930265272e+19   8.2233237116e+60   3.2610133366e-30   3.2803028770e-14  -3.7646289894e+06   9.9248591688e-02 
  2.5054152591e+20   1.0398038466e+19   7.8663249413e+60   3.6902335480e-30   3.2808607192e-14  -3.7512064106e+06   9.9248591688e-02 
  2.6584317848e+20   1.5301652568e+19   1.2822185167e+61   4.2367745938e-30   3.2829276256e-14  -3.7221324412e+06   9.9248591688e-02 
  2.7673179874e+20   1.0888620257e+19   1.0071648145e+61   4.8371960382e-30   3.2858521990e-14  -3.6675787433e+06   9.9248591688e-02 
  2.8650271839e+20   9.7709196510e+18   9.7388438728e+60   5.3615361114e-30   3.2894632357e-14  -3.6123936594e+06   9.9248591688e-02 
  2.9672952612e+20   1.0226807737e+19   1.0929933627e+61   5.8684321500e-30   3.2946262257e-14  -3.5560582992e+06   9.9248591688e-02 
  3.0609424438e+20   9.3647182537e+18   1.0692032274e+61   6.3124282039e-30   3.3019287412e-14  -3.5062710267e+06   9.9248591688e-02 
  3.2027435983e+20   1.4180115455e+19   1.7480900010e+61   6.7726489617e-30   3.3107474520e-14  -3.4781141914e+06   9.9248591688e-02 
  3.3500669073e+20   1.4732330898e+19   1.9876948970e+61   7.2823558021e-30   3.3214166064e-14  -3.5085084222e+06   9.9248591688e-02 
  3.4474393099e+20   9.7372402620e+18   1.4135614416e+61   7.6770138054e-30   3.3312141067e-14  -3.5823075592e+06   9.9248591688e-02 
  3.5384242552e+20   9.0984945284e+18   1.3950319865e+61   7.9370497839e-30   3.3384342050e-14  -3.6694747466e+06   9.9248591688e-02 
  3.6864353693e+20   1.4801111411e+19   2.4275253811e+61   8.2049595705e-30   3.3449826907e-14  -3.8212178979e+06   9.9248591688e-02 
  3.8508036028e+20   1.6436823347e+19   2.9340071660e+61   8.5017144668e-30   3.3500599761e-14  -4.0505622882e+06   9.9248591688e-02 
  4.0268752350e+20   1.7607163220e+19   3.4332712531e+61   8.7739690209e-30   3.3521117824e-14  -4.3043522310e+06   9.9248591688e-02 
  4.1260739207e+20   9.9198685703e+18   2.0716037541e+61   8.9600232641e-30   3.3536634101e-14  -4.4860997201e+06   9.9248591688e-02 
  4.2212284742e+20   9.5154553468e+18   2.0830061553e+61   9.0576002465e-30   3.3552063179e-14  -4.6056135036e+06   9.9248591688e-02 
  4.3856550037e+20   1.6442652956e+19   3.8270703099e+61   9.1452109306e-30   3.3587746788e-14  -4.7638116372e+06   9.9248591688e-02 
  4.5703627147e+20   1.8470771096e+19   4.6550715177e+61   9.2373940900e-30   3.3666951145e-14  -4.9812085922e+06   9.9248591688e-02 
  4.7327605681e+20   1.6239785340e+19   4.4160280174e+61   9.3141915087e-30   3.3775941513e-14  -5.1923934847e+06   9.9248591688e-02 
  4.8194908599e+20   8.6730291818e+18   2.4862460415e+61   9.3595989216e-30   3.3857668338e-14  -5.3127963485e+06   9.9248591688e-02 
  4.9057644398e+20   8.6273579922e+18   2.5635459496e+61   9.3780624970e-30   3.3906300718e-14  -5.3623194555e+06   9.9248591688e-02 
  5.0788366464e+20   1.7307220654e+19   5.4210340398e+61   9.3898049892e-30   3.3986617577e-14  -5.3776135129e+06   9.9248591688e-02 
  5.2241861287e+20   1.4534948238e+19   4.8475410123e+61   9.3903738975e-30   3.4070601440e-14  -5.3146443866e+06   9.9248591688e-02 
  5.3194516395e+20   9.5265510737e+18   3.3271956928e+61   9.3775326673e-30   3.4114596547e-14  -5.2356511776e+06   9.9248591688e-02 
  5.3983229614e+20   7.8871321927e+18   2.8463353787e+61   9.3625526007e-30   3.4154901861e-14  -5.1744852436e+06   9.9248591687e-02 
  5.4656201398e+20   6.7297178403e+18   2.4953257494e+61   9.3448139997e-30   3.4197677962e-14  -5.1357694312e+06   9.9248591685e-02 
  5.6338942242e+20   1.6827408436e+19   6.5134087828e+61   9.3060453353e-30   3.4283885279e-14  -5.0915740493e+06   9.9248591675e-02 
  5.7417020059e+20   1.0780778171e+19   4.3828975770e+61   9.2581685753e-30   3.4394062128e-14  -5.0577964242e+06   9.9248591644e-02 
  5.7690647249e+20   2.7362719005e+18   1.1389861605e+61   9.2327539439e-30   3.4450381876e-14  -5.0583577971e+06   9.9248591577e-02 
  5.7914008324e+20   2.2336107465e+18   9.3779637965e+60   9.2206144629e-30   3.4474053244e-14  -5.0617044260e+06   9.9248590868e-02 
  5.8720798992e+20   8.0679066828e+18   3.4480536781e+61   9.1863504738e-30   3.4521910992e-14  -5.0711812432e+06   9.9248588653e-02 
  5.9469708188e+20   7.4890919579e+18   3.2866241412e+61   9.1336231067e-30   3.4601086697e-14  -5.1012347148e+06   9.9248579141e-02 
  6.0271552456e+20   8.0184426806e+18   3.6118860922e+61   9.0780546395e-30   3.4680679664e-14  -5.1367726969e+06   9.9248540789e-02 
  6.1942564644e+20   1.6710121885e+19   7.8415028047e+61   8.9816755244e-30   3.4793181099e-14  -5.1864705343e+06   9.9248430104e-02 
  6.3320839156e+20   1.3782745119e+19   6.7944067221e+61   8.8559262857e-30   3.4914582249e-14  -5.2356798524e+06   9.9248192989e-02 
  6.4623234755e+20   1.3023955986e+19   6.6980462673e+61   8.7352247614e-30   3.5004222626e-14  -5.2374815858e+06   9.9247912159e-02 
  6.6313337755e+20   1.6901030000e+19   9.1035147619e+61   8.5800293674e-30   3.5068398866e-14  -5.1787081013e+06   9.9247083664e-02 
  6.7863099366e+20   1.5497616113e+19   8.7656998335e+61   8.3887283749e-30   3.5106862136e-14  -5.0731173493e+06   9.9244914363e-02 
  6.9358879570e+20   1.4957802040e+19   8.8487558171e+61   8.1822448776e-30   3.5134686038e-14  -4.9539828825e+06   9.9239191831e-02 
  7.0805484880e+20   1.4466053096e+19   8.9287481181e+61   7.9554590142e-30   3.5184633781e-14  -4.8563260565e+06   9.9222515494e-02 
  7.2433338658e+20   1.6278537785e+19   1.0493139630e+62   7.6856145000e-30   3.5261625284e-14  -4.7874508663e+06   9.9151462420e-02 
  7.3794522463e+20   1.3611838046e+19   9.1440679558e+61   7.3935667649e-30   3.5356789596e-14  -4.7545168042e+06   9.8885540830e-02 
  7.4568323947e+20   7.7380148428e+18   5.3509843750e+61   7.1598485738e-30   3.5434249319e-14  -4.7515895295e+06   9.8439014031e-02 
  7.5232230969e+20   6.6390702194e+18   4.6804415118e+61   6.9716063696e-30   3.5487102362e-14  -4.7522692005e+06   9.7572870924e-02 
  7.6126923440e+20   8.9469247069e+18   6.4394103159e+61   6.7298454328e-30   3.5546971895e-14  -4.7520219531e+06   9.6973257297e-02 
  7.6482308093e+20   3.5538465374e+18   2.6002250554e+61   6.5179489586e-30   3.5590857437e-14  -4.7530627410e+06   9.6703354601e-02 
  7.6646178407e+20   1.6387031321e+18   1.2071529564e+61   6.4166567960e-30   3.5610085327e-14  -4.7531611632e+06   9.6617267793e-02 
  7.6901765474e+20   2.5558706718e+18   1.8931157076e+61   6.3450837702e-30   3.5625542493e-14  -4.7472746346e+06   9.6588548197e-02 
  7.7550856167e+20   6.4909069313e+18   4.8646139418e+61   6.2304307091e-30   3.5651277122e-14  -4.7391344986e+06   9.6583839226e-02 
  7.8070408454e+20   5.1955228691e+18   3.9529254823e+61   6.1039925388e-30   3.5681975863e-14  -4.7234065423e+06   9.6581934406e-02 
  7.8442293980e+20   3.7188552640e+18   2.8619309197e+61   6.0222403751e-30   3.5699315972e-14  -4.7046792639e+06   9.6581705150e-02 
  7.8785728401e+20   3.4343442130e+18   2.6671920505e+61   5.9729591854e-30   3.5709971978e-14  -4.6845766158e+06   9.6581673318e-02 
  7.9157937414e+20   3.7220901226e+18   2.9170373394e+61   5.9417042391e-30   3.5718211976e-14  -4.6600948706e+06   9.6581671507e-02 
  7.9493550435e+20   3.3561302149e+18   2.6538576364e+61   5.9231445194e-30   3.5724175405e-14  -4.6312981713e+06   9.6581671425e-02 
  8.0774126841e+20   1.2805764055e+19   1.0333715396e+62   5.9097876293e-30   3.5731659724e-14  -4.5520163758e+06   9.6581671421e-02 
  8.2004622699e+20   1.2304958581e+19   1.0243154350e+62   5.8996030247e-30   3.5737590004e-14  -4.4228181230e+06   9.6581671417e-02 
  8.2451061357e+20   4.4643865870e+18   3.7932416564e+61   5.8956142281e-30   3.5730002675e-14  -4.3254161797e+06   9.6581671415e-02 
  8.2752857381e+20   3.0179602319e+18   2.5876441846e+61   5.8964958840e-30   3.5725637565e-14  -4.2811620091e+06   9.6581671414e-02 
  8.3042412239e+20   2.8955485871e+18   2.5004918403e+61   5.9011889826e-30   3.5722442062e-14  -4.2492677403e+06   9.6581671409e-02 
  8.3342550369e+20   3.0013812983e+18   2.6103555333e+61   5.9097797389e-30   3.5720440067e-14  -4.2183174553e+06   9.6581671370e-02 
  8.4438404383e+20   1.0958540138e+19   9.6915685916e+61   5.9404826122e-30   3.5718752978e-14  -4.1498995905e+06   9.6581671228e-02 
  8.5151259132e+20   7.1285474915e+18   6.4409842140e+61   5.9871550445e-30   3.5722221898e-14  -4.0645700878e+06   9.6581670580e-02 
  8.5446132351e+20   2.9487321923e+18   2.6960653134e+61   6.0192711248e-30   3.5727602829e-14  -4.0294581949e+06   9.6581668876e-02 
  8.5824856942e+20   3.7872459047e+18   3.4901307552e+61   6.0437611821e-30   3.5735027455e-14  -4.0097454685e+06   9.6581651391e-02 
  8.6500280748e+20   6.7542380613e+18   6.3012357565e+61   6.0731142643e-30   3.5751257500e-14  -3.9813345618e+06   9.6581594373e-02 
  8.7181194533e+20   6.8091378491e+18   6.4528448477e+61   6.1023571640e-30   3.5776613394e-14  -3.9514763707e+06   9.6581119378e-02 
  8.8102416273e+20   9.2122174011e+18   8.8920249324e+61   6.1273999316e-30   3.5811938692e-14  -3.9280991239e+06   9.6579771420e-02 
  8.9095684741e+20   9.9326846761e+18   9.7980397386e+61   6.1495251843e-30   3.5856732793e-14  -3.9085829705e+06   9.6577184211e-02 
  9.0067837989e+20   9.7215324825e+18   9.8036557419e+61   6.1654790656e-30   3.5902327609e-14  -3.8857019271e+06   9.6576389299e-02 
  9.1610658445e+20   1.5428204563e+19   1.5998628535e+62   6.1766928748e-30   3.5945081437e-14  -3.8294804533e+06   9.6571026213e-02 
  9.2992899067e+20   1.3822406217e+19   1.4798638894e+62   6.1817034530e-30   3.5974704742e-14  -3.7260429932e+06   9.6557443545e-02 
  9.4241685315e+20   1.2487862485e+19   1.3753605465e+62   6.1780212953e-30   3.5981195053e-14  -3.6029963974e+06   9.6528290295e-02 
  9.5466195551e+20   1.2245102351e+19   1.3844875960e+62   6.1693875948e-30   3.5988746934e-14  -3.4773697662e+06   9.6458383481e-02 
  9.7058080975e+20   1.5918854242e+19   1.8537133439e+62   6.1546558947e-30   3.6019034267e-14  -3.3634927428e+06   9.6177588439e-02 
  9.8234104772e+20   1.1760237970e+19   1.4090972404e+62   6.1346510476e-30   3.6067218196e-14  -3.2864518724e+06   9.5190985105e-02 
  9.9153459786e+20   9.1935501425e+18   1.1253194866e+62   6.1102892604e-30   3.6111812328e-14  -3.2488216282e+06   9.1778563378e-02 
  9.9639350331e+20   4.8589054518e+18   6.0324055615e+61   6.0869622095e-30   3.6141954972e-14  -3.2209285255e+06   8.7894653279e-02 
  1.0032171093e+21   6.8236059607e+18   8.5714908216e+61   6.0500821711e-30   3.6162314056e-14  -3.1905229057e+06   8.1521387991e-02 
  1.0059120034e+21   2.6948941145e+18   3.4174922037e+61   6.0145445028e-30   3.6174777893e-14  -3.1613950413e+06   7.6348184515e-02 
  1.0087852447e+21   2.8732413437e+18   3.6638852256e+61   5.9785850058e-30   3.6179303184e-14  -3.1397696895e+06   7.3790579479e-02 
  1.0142859142e+21   5.5006695195e+18   7.0727582476e+61   5.9115693115e-30   3.6184169298e-14  -3.1023717793e+06   7.3505442816e-02 
  1.0182119034e+21   3.9259891418e+18   5.0951817798e+61   5.8337545981e-30   3.6187087818e-14  -3.0571654945e+06   7.3362417278e-02 
  1.0217254979e+21   3.5135945301e+18   4.5934143809e+61   5.7851447935e-30   3.6187121358e-14  -3.0193212095e+06   7.3318642096e-02 
  1.0264663520e+21   4.7408540950e+18   6.2481076759e+61   5.7416959181e-30   3.6186567155e-14  -2.9757302143e+06   7.3313981172e-02 
  1.0316454311e+21   5.1790790552e+18   6.8919361906e+61   5.7015079802e-30   3.6184847421e-14  -2.9215625295e+06   7.3313083858e-02 
  1.0365081981e+21   4.8627670020e+18   6.5343098865e+61   5.6710707516e-30   3.6181108877e-14  -2.8635366075e+06   7.3313015533e-02 
  1.0470864633e+21   1.0578265250e+19   1.4427614473e+62   5.6375997984e-30   3.6172195233e-14  -2.7694350740e+06   7.3313012518e-02 
  1.0554975014e+21   8.4110380710e+18   1.1681765500e+62   5.6040320670e-30   3.6152890348e-14  -2.6401371093e+06   7.3313011841e-02 
  1.0610314877e+21   5.5339863368e+18   7.7882052303e+61   5.5850247887e-30   3.6132838040e-14  -2.5353433799e+06   7.3313011754e-02 
  1.0743041310e+21   1.3272643272e+19   1.9012760458e+62   5.5704154293e-30   3.6110409269e-14  -2.4042764875e+06   7.3313011685e-02 
  1.0851455116e+21   1.0841380594e+19   1.5882697858e+62   5.5576209084e-30   3.6086508152e-14  -2.2462117527e+06   7.3313011426e-02 
  1.0989400656e+21   1.3794554010e+19   2.0672957573e+62   5.5502650718e-30   3.6075683885e-14  -2.1098828422e+06   7.3313010085e-02 
  1.1086446827e+21   9.7046171318e+18   1.4858187907e+62   5.5476560394e-30   3.6086195171e-14  -1.9982748857e+06   7.3313003700e-02 
  1.1179110976e+21   9.2664148304e+18   1.4432158101e+62   5.5494297325e-30   3.6110324295e-14  -1.9466273901e+06   7.3312947794e-02 
  1.1352564593e+21   1.7345361735e+19   2.7664880057e+62   5.5566105976e-30   3.6159782682e-14  -1.8889836803e+06   7.3312821491e-02 
  1.1468696344e+21   1.1613175089e+19   1.9001324232e+62   5.5666240854e-30   3.6210358298e-14  -1.8166875148e+06   7.3312589500e-02 
  1.1580476142e+21   1.1177979826e+19   1.8656375517e+62   5.5759743178e-30   3.6229005254e-14  -1.7288741625e+06   7.3311856493e-02 
  1.1675835197e+21   9.5359054654e+18   1.6203017807e+62   5.5865434437e-30   3.6230920433e-14  -1.6294353980e+06   7.3307365371e-02 
  1.1754416589e+21   7.8581392546e+18   1.3552678407e+62   5.5982298073e-30   3.6224107195e-14  -1.5307189743e+06   7.3288021960e-02 
  1.1926908806e+21   1.7249221670e+19   3.0390585493e+62   5.6216159991e-30   3.6211372841e-14  -1.3796707853e+06   7.3240769874e-02 
  1.2040170731e+21   1.1326192529e+19   2.0439359372e+62   5.6519649936e-30   3.6204652442e-14  -1.2163550392e+06   7.3139623139e-02 
  1.2091881469e+21   5.1710737748e+18   9.4606240221e+61   5.6732895379e-30   3.6217065739e-14  -1.1503514949e+06   7.3002046203e-02 
  1.2152575688e+21   6.0694219203e+18   1.1207868786e+62   5.6919791106e-30   3.6237680018e-14  -1.1303080391e+06   7.2230351194e-02 
  1.2194421665e+21   4.1845976235e+18   7.7928231676e+61   5.7113607160e-30   3.6260606008e-14  -1.1211934253e+06   7.1110985396e-02 
  1.2241078870e+21   4.6657205814e+18   8.7520865928e+61   5.7302392808e-30   3.6283030187e-14  -1.1185100328e+06   6.9571017676e-02 
  1.2275418021e+21   3.4339150593e+18   6.4842019851e+61   5.7486438080e-30   3.6303610567e-14  -1.1144749933e+06   6.8838546728e-02 
  1.2349824018e+21   7.4405997015e+18   1.4174904789e+62   5.7743683775e-30   3.6327379220e-14  -1.1027510033e+06   6.8631949277e-02 
  1.2403798506e+21   5.3974487929e+18   1.0390025648e+62   5.8043986308e-30   3.6350608871e-14  -1.0800925247e+06   6.8502354563e-02 
  1.2491671270e+21   8.7872764409e+18   1.7109866346e+62   5.8365642093e-30   3.6363627750e-14  -1.0370246585e+06   6.8464795576e-02 
  1.2539311978e+21   4.7640707935e+18   9.3774427768e+61   5.8672353451e-30   3.6368233978e-14  -9.8773099472e+05   6.8450948453e-02 
  1.2575341696e+21   3.6029717764e+18   7.1394608786e+61   5.8871568159e-30   3.6366698054e-14  -9.5148972815e+05   6.8446233652e-02 
  1.2614924061e+21   3.9582364863e+18   7.8907351470e+61   5.9076815799e-30   3.6364792550e-14  -9.1658127309e+05   6.8445185628e-02 
  1.2642196810e+21   2.7272749064e+18   5.4657107317e+61   5.9290050496e-30   3.6362248787e-14  -8.8384667136e+05   6.8445110336e-02 
  1.2705141621e+21   6.2944811438e+18   1.2705022228e+62   5.9657675098e-30   3.6357271913e-14  -8.3689678897e+05   6.8445109435e-02 
  1.2752073586e+21   4.6931964588e+18   9.5552243172e+61   6.0181614507e-30   3.6348268325e-14  -7.7546412965e+05   6.8445182574e-02 
  1.2795273463e+21   4.3199877085e+18   8.8577702850e+61   6.0735710197e-30   3.6339219136e-14  -7.2258180408e+05   6.8445901115e-02 
  1.2835786248e+21   4.0512785383e+18   8.3613318910e+61   6.1440815977e-30   3.6331388766e-14  -6.7714800787e+05   6.8448260495e-02 
  1.3003947168e+21   1.6816091910e+19   3.5274196811e+62   6.3906103070e-30   3.6318698322e-14  -5.7059290102e+05   6.8455661512e-02 
  1.3131013366e+21   1.2706619844e+19   2.7266351483e+62   6.8185407674e-30   3.6305005359e-14  -4.2441412002e+05   6.8475671841e-02 
  1.3211932608e+21   8.0919242442e+18   1.7641346466e+62   7.2651098141e-30   3.6289182603e-14  -3.0382375471e+05   6.8512862993e-02 
  1.3350972946e+21   1.3904033753e+19   3.0820934937e+62   8.0880542409e-30   3.6217246334e-14  -1.0337495663e+05   6.8636260040e-02 
  1.3422939280e+21   7.1966334488e+18   1.6207050010e+62   9.2713526129e-30   3.6163218282e-14   6.5501154685e+04   6.8955266615e-02 
  1.3472687079e+21   4.9747798258e+18   1.1305442306e+62   1.0648858395e-29   3.6157079517e-14   8.9130377234e+04   7.0004433136e-02 
  1.3522377090e+21   4.9690010921e+18   1.1375963336e+62   1.2846363722e-29   3.6169202729e-14   8.9766517025e+04   7.4262622750e-02 
  1.3544117506e+21   2.1740416841e+18   5.0035916610e+61   1.5674729344e-29   3.6207972850e-14   6.9705464145e+04   7.9979656144e-02 
  1.3548629286e+21   4.5117798404e+17   1.0404084058e+61   1.8047360497e-29   3.6209651804e-14   7.8934542637e+04   8.4313416997e-02 
  1.3583209623e+21   3.4580337058e+18   7.9971969123e+61   3.3031984196e-29   3.6186213937e-14   7.5302277052e+04   9.0052827846e-02 
  1.3591704154e+21   8.4945308625e+17   1.9707232260e+61   5.7298073513e-29   3.6219636539e-14   5.6470207638e+04   8.9245806439e-02 
  1.3598913404e+21   7.2092497922e+17   1.6744728082e+61   8.5668504175e-29   3.6225671263e-14   4.9507891855e+04   7.7924716096e-02 
  1.3626219657e+21   2.7306252879e+18   6.3584629961e+61   2.6828878542e-28   3.6307844776e-14   4.0082949932e+04   4.3904178228e-02 
  1.3656699593e+21   3.0479935729e+18   7.1276403135e+61   1.2901959121e-27   3.6493571306e-14   3.1811651097e+04   2.3879078407e-02 
  1.3670447252e+21   1.3747659388e+18   3.2252787402e+61   7.4469234522e-27   3.6691252960e-14   1.6266726586e+04   2.1187916683e-02 
  1.3684900188e+21   1.4452935549e+18   3.3977423968e+61   3.9398351218e-26   3.6851383914e-14   1.1740722589e+04   2.0534158763e-02 
  1.3687785684e+21   2.8854963771e+17   6.7921181923e+60   6.2712725643e-26   3.6734448908e-14   1.3504405156e+04   2.0081618400e-02 
  1.3786921243e+21   9.9135559483e+18   2.3509714568e+62   8.0036864875e-26   3.6509905513e-14   7.6929495000e+03   2.0050467944e-02 
  1.3851699668e+21   6.4778424476e+18   1.5545825457e+62   1.1183888768e-24   3.6620378606e-14   6.6560257632e+03   2.0035549782e-02 
  1.3921640192e+21   6.9940524256e+18   1.6948680439e+62   1.1713253709e-24   3.7281721092e-14   1.0869863480e+04   2.0032347117e-02 
  1.4086627745e+21   1.6498755254e+19   4.0661049215e+62   1.2534483024e-24   3.8516104391e-14   1.9315409265e+04   2.0028799385e-02 
  1.4197824053e+21   1.1119630879e+19   2.7947181316e+62   1.4249064662e-24   4.0960380968e-14   3.0309363180e+04   2.0022744266e-02 
  1.4305145382e+21   1.0732132855e+19   2.7391649099e+62   1.5484315905e-24   4.2726357745e-14   3.9720079453e+04   2.0022625885e-02 
  1.4448608735e+21   1.4346335265e+19   3.7263492929e+62   1.7363163159e-24   4.5392891120e-14   4.7732570591e+04   2.0014621059e-02 
  1.4539893841e+21   9.1285105874e+18   2.4099209438e+62   1.9025895709e-24   4.7663551459e-14   5.7685132658e+04   2.0005064349e-02 
  1.4609821279e+21   6.9927438104e+18   1.8666674425e+62   2.0652581344e-24   4.9926721933e-14   6.5264706828e+04   2.0001204842e-02 
  1.4678234398e+21   6.8413118921e+18   1.8436188320e+62   2.2288085476e-24   5.1903330629e-14   7.2396406576e+04   2.0000452758e-02 
  1.4748413624e+21   7.0179226096e+18   1.9091535526e+62   2.3830964126e-24   5.3914954231e-14   7.8541888611e+04   2.0000174667e-02 
  1.4817639206e+21   6.9225582626e+18   1.9010957155e+62   2.5312034982e-24   5.5799418678e-14   8.3863147528e+04   2.0000059556e-02 
  1.4883899577e+21   6.6260370713e+18   1.8363791548e+62   2.6706849099e-24   5.7593639981e-14   8.8610820761e+04   2.0000019111e-02 
  1.4946013077e+21   6.2113499721e+18   1.7363627626e+62   2.8080787270e-24   5.9378553989e-14   9.2984541195e+04   2.0000005970e-02 
  1.5003747985e+21   5.7734908037e+18   1.6269552697e+62   2.9438207671e-24   6.1112498666e-14   9.7081749757e+04   2.0000001754e-02 
  1.5058528914e+21   5.4780928887e+18   1.5553333588e+62   3.0776988250e-24   6.2795636053e-14   1.0092865648e+05   2.0000000501e-02 
  1.5110090240e+21   5.1561325951e+18   1.4742978691e+62   3.2103237578e-24   6.4438208637e-14   1.0454162900e+05   2.0000000134e-02 
  1.5159201443e+21   4.9111203132e+18   1.4136286686e+62   3.3418301176e-24   6.6044750433e-14   1.0790048121e+05   2.0000000035e-02 
  1.5204527235e+21   4.5325791855e+18   1.3128218594e+62   3.4688633310e-24   6.7576802014e-14   1.1096080851e+05   2.0000000008e-02 
  1.5245951178e+21   4.1423943586e+18   1.2066736323e+62   3.5854672029e-24   6.8973720697e-14   1.1368592632e+05   2.0000000002e-02 
  1.5285504437e+21   3.9553259096e+18   1.1583169463e+62   3.6955059790e-24   7.0344034688e-14   1.1620164499e+05   2.0000000000e-02 
  1.5323607617e+21   3.8103179870e+18   1.1215348687e+62   3.8102483349e-24   7.1759338296e-14   1.1865433323e+05   2.0000000000e-02 
  1.5358941525e+21   3.5333908015e+18   1.0450200325e+62   3.9234328152e-24   7.3142704794e-14   1.2113264751e+05   2.0000000000e-02 
  1.5392538346e+21   3.3596820645e+18   9.9811427577e+61   4.0400987066e-24   7.4557088469e-14   1.2352043442e+05   2.0000000000e-02 
  1.5424828522e+21   3.2290175712e+18   9.6341076976e+61   4.1579978478e-24   7.5972831983e-14   1.2593383277e+05   2.0000000000e-02 
  1.5455713916e+21   3.0885394773e+18   9.2527965947e+61   4.2801878120e-24   7.7427462187e-14   1.2831833360e+05   2.0000000000e-02 
  1.5489072561e+21   3.3358644947e+18   1.0035370768e+62   4.4123758691e-24   7.8987069404e-14   1.3085442508e+05   2.0000000000e-02 
  1.5523646296e+21   3.4573735045e+18   1.0446625748e+62   4.5624904143e-24   8.0741209457e-14   1.3363072232e+05   2.0000000000e-02 
  1.5556178828e+21   3.2532531530e+18   9.8724518369e+61   4.7215114230e-24   8.2579594125e-14   1.3645074344e+05   2.0000000000e-02 
  1.5587616840e+21   3.1438011702e+18   9.5796176206e+61   4.8786133988e-24   8.4379192146e-14   1.3913150967e+05   2.0000000000e-02 
  1.5618736851e+21   3.1120011002e+18   9.5208519391e+61   5.0273783874e-24   8.6065357837e-14   1.4152655476e+05   2.0000000000e-02 
  1.5649553211e+21   3.0816360215e+18   9.4654141180e+61   5.1705642225e-24   8.7691140889e-14   1.4374612768e+05   2.0000000000e-02 
  1.5679468799e+21   2.9915588418e+18   9.2244659026e+61   5.3133424930e-24   8.9346565361e-14   1.4586135940e+05   2.0000000000e-02 
  1.5706844799e+21   2.7375999533e+18   8.4722855932e+61   5.4536960243e-24   9.0961585330e-14   1.4786880108e+05   2.0000000000e-02 
  1.5733064176e+21   2.6219376972e+18   8.1420712982e+61   5.5898858297e-24   9.2517644040e-14   1.4974782193e+05   2.0000000000e-02 
  1.5758153236e+21   2.5089059877e+18   7.8165165731e+61   5.7233835916e-24   9.4033222691e-14   1.5153129847e+05   2.0000000000e-02 
  1.5780589734e+21   2.2436498913e+18   7.0112232210e+61   5.8489284613e-24   9.5449340690e-14   1.5315877748e+05   2.0000000000e-02 
  1.5802052342e+21   2.1462608024e+18   6.7255739244e+61   5.9661570421e-24   9.6763984008e-14   1.5463466108e+05   2.0000000000e-02 
  1.5823207703e+21   2.1155360910e+18   6.6471975644e+61   6.0809762192e-24   9.8044600926e-14   1.5604022350e+05   2.0000000000e-02 
  1.5844076152e+21   2.0868448394e+18   6.5744847931e+61   6.1951855467e-24   9.9311686679e-14   1.5740016510e+05   2.0000000000e-02 
  1.5864133562e+21   2.0057409816e+18   6.3353151330e+61   6.3075258983e-24   1.0055162542e-13   1.5870299015e+05   2.0000000000e-02 
  1.5881586719e+21   1.7453156942e+18   5.5257887884e+61   6.4117196316e-24   1.0169607640e-13   1.5988302168e+05   2.0000000000e-02 
  1.5898230880e+21   1.6644161511e+18   5.2809813564e+61   6.5078005471e-24   1.0274674717e-13   1.6094923687e+05   2.0000000000e-02 
  1.5914690602e+21   1.6459722058e+18   5.2333468090e+61   6.6026460215e-24   1.0377964436e-13   1.6198381876e+05   2.0000000000e-02 
  1.5931065949e+21   1.6375346420e+18   5.2172728371e+61   6.6984454839e-24   1.0481912825e-13   1.6301340681e+05   2.0000000000e-02 
  1.5947364553e+21   1.6298604359e+18   5.2034836060e+61   6.7962040966e-24   1.0587607915e-13   1.6404784984e+05   2.0000000000e-02 
  1.5963584827e+21   1.6220274038e+18   5.1890463197e+61   6.8969463859e-24   1.0696066091e-13   1.6510443142e+05   2.0000000000e-02 
  1.5979717223e+21   1.6132396138e+18   5.1714032447e+61   7.0027609053e-24   1.0808104783e-13   1.6620326069e+05   2.0000000000e-02 
  1.5995753265e+21   1.6036042241e+18   5.1508747254e+61   7.1134153277e-24   1.0922732803e-13   1.6733409533e+05   2.0000000000e-02 
  1.6011625206e+21   1.5871940593e+18   5.1083441490e+61   7.2269739553e-24   1.1039869889e-13   1.6847193855e+05   2.0000000000e-02 
  1.6026856123e+21   1.5230916910e+18   4.9115638896e+61   7.3342498078e-24   1.1150338999e-13   1.6952076979e+05   2.0000000000e-02 
  1.6039450983e+21   1.2594859958e+18   4.0685638233e+61   7.4250059581e-24   1.1243431022e-13   1.7036993259e+05   2.0000000000e-02 
  1.6051351033e+21   1.1900050140e+18   3.8499919918e+61   7.5007139435e-24   1.1320834895e-13   1.7104246902e+05   2.0000000000e-02 
  1.6063156027e+21   1.1804994165e+18   3.8248833034e+61   7.5694393379e-24   1.1391101740e-13   1.7162534907e+05   2.0000000000e-02 
  1.6074887055e+21   1.1731028042e+18   3.8064911299e+61   7.6345386881e-24   1.1457850206e-13   1.7216182860e+05   2.0000000000e-02 
  1.6086113047e+21   1.1225991597e+18   3.6478224683e+61   7.6974356721e-24   1.1524342589e-13   1.7267204742e+05   2.0000000000e-02 
  1.6095188041e+21   9.0749939270e+17   2.9525919034e+61   7.7536834903e-24   1.1583669227e-13   1.7313001252e+05   2.0000000000e-02 
  1.6105743788e+21   1.0555747694e+18   3.4385533606e+61   7.8091174494e-24   1.1642016269e-13   1.7357834224e+05   2.0000000000e-02 
  1.6114704610e+21   8.9608215508e+17   2.9225427502e+61   7.8648979229e-24   1.1700609588e-13   1.7403028331e+05   2.0000000000e-02 
  1.6125258899e+21   1.0554289185e+18   3.4464180879e+61   7.9217339288e-24   1.1760189647e-13   1.7448653521e+05   2.0000000000e-02 
  1.6134182481e+21   8.9235822698e+17   2.9174458304e+61   7.9790590650e-24   1.1820158852e-13   1.7494798043e+05   2.0000000000e-02 
  1.6144669892e+21   1.0487410937e+18   3.4328461881e+61   8.0372345307e-24   1.1880892496e-13   1.7541163526e+05   2.0000000000e-02 
  1.6153545417e+21   8.8755247800e+17   2.9087136915e+61   8.0959351281e-24   1.1942046077e-13   1.7587932869e+05   2.0000000000e-02 
  1.6163993386e+21   1.0447969079e+18   3.4281382222e+61   8.1554391380e-24   1.2003908701e-13   1.7635035766e+05   2.0000000000e-02 
  1.6172295829e+21   8.3024430758e+17   2.7273203304e+61   8.2138590765e-24   1.2064519203e-13   1.7681087919e+05   2.0000000000e-02 
  1.6179968507e+21   7.6726773847e+17   2.5229357062e+61   8.2642488128e-24   1.2116693737e-13   1.7720565166e+05   2.0000000000e-02 
  1.6187721337e+21   7.7528300484e+17   2.5517231437e+61   8.3133331527e-24   1.2167428105e-13   1.7758946089e+05   2.0000000000e-02 
  1.6195333799e+21   7.6124622311e+17   2.5079026258e+61   8.3627911158e-24   1.2218462177e-13   1.7797253364e+05   2.0000000000e-02 
  1.6202522940e+21   7.1891409075e+17   2.3706063153e+61   8.4107351180e-24   1.2267852326e-13   1.7834369963e+05   2.0000000000e-02 
  1.6206944275e+21   4.4213353788e+17   1.4589725406e+61   8.4486613265e-24   1.2306866406e-13   1.7863473091e+05   2.0000000000e-02 
  1.6210785126e+21   3.8408507533e+17   1.2680678508e+61   8.4757602784e-24   1.2334711604e-13   1.7884262467e+05   2.0000000000e-02 
  1.6214545331e+21   3.7602048664e+17   1.2420246162e+61   8.5008429935e-24   1.2360462699e-13   1.7903393120e+05   2.0000000000e-02 
  1.6218345858e+21   3.8005271151e+17   1.2559288597e+61   8.5258638750e-24   1.2386128635e-13   1.7922476466e+05   2.0000000000e-02 
  1.6222163334e+21   3.8174756120e+17   1.2621223884e+61   8.5512110118e-24   1.2412107539e-13   1.7941702886e+05   2.0000000000e-02 
  1.6225982116e+21   3.8187821315e+17   1.2631488080e+61   8.5766910234e-24   1.2438200197e-13   1.7961024816e+05   2.0000000000e-02 
  1.6229795300e+21   3.8131839888e+17   1.2618904919e+61   8.6022948574e-24   1.2464397596e-13   1.7980335255e+05   2.0000000000e-02 
  1.6233604599e+21   3.8092996039e+17   1.2611972337e+61   8.6279393245e-24   1.2490613996e-13   1.7999673283e+05   2.0000000000e-02 
  1.6237410387e+21   3.8057874013e+17   1.2606256137e+61   8.6537022392e-24   1.2516929285e-13   1.8018992319e+05   2.0000000000e-02 
  1.6241213463e+21   3.8030758712e+17   1.2603178966e+61   8.6795161132e-24   1.2543273942e-13   1.8038351730e+05   2.0000000000e-02 
  1.6245013904e+21   3.8004417549e+17   1.2600347275e+61   8.7054624734e-24   1.2569731440e-13   1.8057697268e+05   2.0000000000e-02 
  1.6248811559e+21   3.7976544596e+17   1.2596996483e+61   8.7314616875e-24   1.2596219995e-13   1.8077091280e+05   2.0000000000e-02 
  1.6252606287e+21   3.7947284177e+17   1.2593173549e+61   8.7576009223e-24   1.2622828655e-13   1.8096470461e+05   2.0000000000e-02 
  1.6256398087e+21   3.7917995834e+17   1.2589329111e+61   8.7837900708e-24   1.2649465115e-13   1.8115904676e+05   2.0000000000e-02 
  1.6260186983e+21   3.7888967609e+17   1.2585558855e+61   8.8101288260e-24   1.2676231025e-13   1.8135323818e+05   2.0000000000e-02 
  1.6263973008e+21   3.7860248722e+17   1.2581879309e+61   8.8365162474e-24   1.2703023198e-13   1.8154806424e+05   2.0000000000e-02 
  1.6267756111e+21   3.7831030091e+17   1.2578021601e+61   8.8630636727e-24   1.2729954965e-13   1.8174274011e+05   2.0000000000e-02 
  1.6271536323e+21   3.7802116500e+17   1.2574253189e+61   8.8896583714e-24   1.2756911309e-13   1.8193812847e+05   2.0000000000e-02 
  1.6275313610e+21   3.7772873288e+17   1.2570363006e+61   8.9164235449e-24   1.2784017395e-13   1.8213336435e+05   2.0000000000e-02 
  1.6279087920e+21   3.7743099771e+17   1.2566284023e+61   8.9432345849e-24   1.2811146350e-13   1.8232939058e+05   2.0000000000e-02 
  1.6282859271e+21   3.7713502508e+17   1.2562251323e+61   8.9702273575e-24   1.2838435903e-13   1.8252525955e+05   2.0000000000e-02 
  1.6286627612e+21   3.7683417749e+17   1.2558043772e+61   8.9972639060e-24   1.2865745902e-13   1.8272201397e+05   2.0000000000e-02 
  1.6290392925e+21   3.7653129329e+17   1.2553755729e+61   9.0244953459e-24   1.2893229239e-13   1.8291860861e+05   2.0000000000e-02 
  1.6294155242e+21   3.7623168039e+17   1.2549564164e+61   9.0517683091e-24   1.2920730426e-13   1.8311619583e+05   2.0000000000e-02 
  1.6297914497e+21   3.7592553166e+17   1.2545141931e+61   9.0792502719e-24   1.2948418626e-13   1.8331362177e+05   2.0000000000e-02 
  1.6301670710e+21   3.7562130118e+17   1.2540770951e+61   9.1067714259e-24   1.2976121977e-13   1.8351214605e+05   2.0000000000e-02 
  1.6305423821e+21   3.7531104310e+17   1.2536185877e+61   9.1345151810e-24   1.3004025461e-13   1.8371050718e+05   2.0000000000e-02 
  1.6309173833e+21   3.7500121819e+17   1.2531602298e+61   9.1622966589e-24   1.3031942306e-13   1.8391005532e+05   2.0000000000e-02 
  1.6312920689e+21   3.7468561848e+17   1.2526812645e+61   9.1903131915e-24   1.3060071145e-13   1.8410943258e+05   2.0000000000e-02 
  1.6316664417e+21   3.7437275551e+17   1.2522101333e+61   9.2183660849e-24   1.3088211559e-13   1.8431008653e+05   2.0000000000e-02 
  1.6320404913e+21   3.7404960864e+17   1.2517032716e+61   9.2466659388e-24   1.3116575282e-13   1.8451056978e+05   2.0000000000e-02 
  1.6324142209e+21   3.7372959474e+17   1.2512055454e+61   9.2750004464e-24   1.3144948507e-13   1.8471240636e+05   2.0000000000e-02 
  1.6327876239e+21   3.7340297821e+17   1.2506843586e+61   9.3035930570e-24   1.3173555484e-13   1.8491406532e+05   2.0000000000e-02 
  1.6331607007e+21   3.7307679573e+17   1.2501632561e+61   9.3322189230e-24   1.3202170272e-13   1.8511715023e+05   2.0000000000e-02 
  1.6335334485e+21   3.7274783242e+17   1.2496314611e+61   9.3611127733e-24   1.3231027571e-13   1.8532006137e+05   2.0000000000e-02 
  1.6339058640e+21   3.7241552689e+17   1.2490870736e+61   9.3900392507e-24   1.3259892005e-13   1.8552444966e+05   2.0000000000e-02 
  1.6342779421e+21   3.7207804076e+17   1.2485239039e+61   9.4192426947e-24   1.3289007407e-13   1.8572864756e+05   2.0000000000e-02 
  1.6346496829e+21   3.7174087145e+17   1.2479603804e+61   9.4484798369e-24   1.3318130150e-13   1.8593437037e+05   2.0000000000e-02 
  1.6350210812e+21   3.7139824780e+17   1.2473771183e+61   9.4779971810e-24   1.3347506242e-13   1.8613992986e+05   2.0000000000e-02 
  1.6353921359e+21   3.7105470784e+17   1.2467893367e+61   9.5075574919e-24   1.3376898695e-13   1.8634698946e+05   2.0000000000e-02 
  1.6357628449e+21   3.7070897748e+17   1.2461927470e+61   9.5373908939e-24   1.3406536602e-13   1.8655397701e+05   2.0000000000e-02 
  1.6361332043e+21   3.7035942077e+17   1.2455818331e+61   9.5672839783e-24   1.3436206921e-13   1.8676238826e+05   2.0000000000e-02 
  1.6365032086e+21   3.7000433332e+17   1.2449508366e+61   9.5974370990e-24   1.3466109024e-13   1.8697084881e+05   2.0000000000e-02 
  1.6368728571e+21   3.6964844498e+17   1.2443156499e+61   9.6276712426e-24   1.3496064141e-13   1.8718061550e+05   2.0000000000e-02 
  1.6372421319e+21   3.6927483597e+17   1.2436192747e+61   9.6581478568e-24   1.3526232911e-13   1.8739057123e+05   2.0000000000e-02 
  1.6376110319e+21   3.6889996607e+17   1.2429170740e+61   9.6887298267e-24   1.3556478175e-13   1.8760168024e+05   2.0000000000e-02 
  1.6379795534e+21   3.6852150481e+17   1.2422011838e+61   9.7195331239e-24   1.3586915424e-13   1.8781314111e+05   2.0000000000e-02 
  1.6383476985e+21   3.6814514321e+17   1.2414907793e+61   9.7504694944e-24   1.3617455926e-13   1.8802560070e+05   2.0000000000e-02 
  1.6387154620e+21   3.6776344702e+17   1.2407607869e+61   9.7816055128e-24   1.3648166215e-13   1.8823859740e+05   2.0000000000e-02 
  1.6390828394e+21   3.6737748040e+17   1.2400147681e+61   9.8129032983e-24   1.3679007395e-13   1.8845244664e+05   2.0000000000e-02 
  1.6394498475e+21   3.6700802686e+17   1.2393228961e+61   9.8443822577e-24   1.3709999296e-13   1.8866703389e+05   2.0000000000e-02 
  1.6398165112e+21   3.6666374044e+17   1.2387145144e+61   9.8760569605e-24   1.3741154755e-13   1.8888239013e+05   2.0000000000e-02 
  1.6401828306e+21   3.6631938035e+17   1.2381044471e+61   9.9079070716e-24   1.3772450172e-13   1.8909872069e+05   2.0000000000e-02 
  1.6405487836e+21   3.6595297143e+17   1.2374183717e+61   9.9399750657e-24   1.3803923038e-13   1.8931568214e+05   2.0000000000e-02 
  1.6409143469e+21   3.6556332903e+17   1.2366521479e+61   9.9721890550e-24   1.3835510966e-13   1.8953355803e+05   2.0000000000e-02 
  1.6412794978e+21   3.6515087939e+17   1.2358070793e+61   1.0004614628e-23   1.3867277388e-13   1.8975184736e+05   2.0000000000e-02 
  1.6416442279e+21   3.6473014113e+17   1.2349321991e+61   1.0037170826e-23   1.3899142842e-13   1.8997100345e+05   2.0000000000e-02 
  1.6420085325e+21   3.6430463863e+17   1.2340393996e+61   1.0069936493e-23   1.3931184030e-13   1.9019048263e+05   2.0000000000e-02 
  1.6423724085e+21   3.6387593762e+17   1.2331339611e+61   1.0102827484e-23   1.3963318383e-13   1.9041078989e+05   2.0000000000e-02 
  1.6427358547e+21   3.6344617578e+17   1.2322231146e+61   1.0135926698e-23   1.3995626548e-13   1.9063137433e+05   2.0000000000e-02 
  1.6430988704e+21   3.6301578941e+17   1.2313083357e+61   1.0169149893e-23   1.4028025977e-13   1.9085274958e+05   2.0000000000e-02 
  1.6434614505e+21   3.6258007607e+17   1.2303736611e+61   1.0202581041e-23   1.4060598211e-13   1.9107436768e+05   2.0000000000e-02 
  1.6438235953e+21   3.6214475290e+17   1.2294384739e+61   1.0236134380e-23   1.4093259430e-13   1.9129674623e+05   2.0000000000e-02 
  1.6441852999e+21   3.6170460461e+17   1.2284850607e+61   1.0269896980e-23   1.4126093928e-13   1.9151933017e+05   2.0000000000e-02 
  1.6445465614e+21   3.6126156826e+17   1.2275199777e+61   1.0303776065e-23   1.4159011395e-13   1.9174266938e+05   2.0000000000e-02 
  1.6449073785e+21   3.6081702947e+17   1.2265479203e+61   1.0337868758e-23   1.4192105587e-13   1.9196615321e+05   2.0000000000e-02 
  1.6452677483e+21   3.6036986479e+17   1.2255650597e+61   1.0372068402e-23   1.4225273022e-13   1.9219041012e+05   2.0000000000e-02 
  1.6456276666e+21   3.5991823472e+17   1.2245651219e+61   1.0406487203e-23   1.4258621933e-13   1.9241472916e+05   2.0000000000e-02 
  1.6459871346e+21   3.5946800880e+17   1.2235680651e+61   1.0441005319e-23   1.4292036082e-13   1.9263982005e+05   2.0000000000e-02 
  1.6463461471e+21   3.5901255380e+17   1.2225513061e+61   1.0475742117e-23   1.4325630780e-13   1.9286491429e+05   2.0000000000e-02 
  1.6467047047e+21   3.5855760665e+17   1.2215343645e+61   1.0510579853e-23   1.4359291541e-13   1.9309071690e+05   2.0000000000e-02 
  1.6470628060e+21   3.5810127441e+17   1.2205107918e+61   1.0545623494e-23   1.4393120071e-13   1.9331653646e+05   2.0000000000e-02 
  1.6474204483e+21   3.5764230883e+17   1.2194763244e+61   1.0580780712e-23   1.4427026154e-13   1.9354293458e+05   2.0000000000e-02 
  1.6477776308e+21   3.5718248923e+17   1.2184370194e+61   1.0616121404e-23   1.4461077833e-13   1.9376943303e+05   2.0000000000e-02 
  1.6481343531e+21   3.5672228944e+17   1.2173944908e+61   1.0651594874e-23   1.4495225012e-13   1.9399635113e+05   2.0000000000e-02 
  1.6484906119e+21   3.5625877286e+17   1.2163387099e+61   1.0687230213e-23   1.4529496290e-13   1.9422347879e+05   2.0000000000e-02 
  1.6488464076e+21   3.5579567167e+17   1.2152824096e+61   1.0723018206e-23   1.4563881710e-13   1.9445089923e+05   2.0000000000e-02 
  1.6492017383e+21   3.5533075867e+17   1.2142179817e+61   1.0758956936e-23   1.4598379666e-13   1.9467863780e+05   2.0000000000e-02 
  1.6495566014e+21   3.5486305354e+17   1.2131420653e+61   1.0795067050e-23   1.4633009143e-13   1.9490664322e+05   2.0000000000e-02 
  1.6499109970e+21   3.5439566926e+17   1.2120652947e+61   1.0831334162e-23   1.4667754777e-13   1.9513509732e+05   2.0000000000e-02 
  1.6502649223e+21   3.5392526404e+17   1.2109762372e+61   1.0867784241e-23   1.4702627613e-13   1.9536382456e+05   2.0000000000e-02 
  1.6506183759e+21   3.5345362833e+17   1.2098810068e+61   1.0904374811e-23   1.4737602990e-13   1.9559286307e+05   2.0000000000e-02 
  1.6509713582e+21   3.5298231994e+17   1.2087849341e+61   1.0941126931e-23   1.4772700512e-13   1.9582202233e+05   2.0000000000e-02 
  1.6513238667e+21   3.5250847859e+17   1.2076782216e+61   1.0978016339e-23   1.4807896487e-13   1.9605143186e+05   2.0000000000e-02 
  1.6516759006e+21   3.5203387895e+17   1.2065669403e+61   1.1015066456e-23   1.4843212999e-13   1.9628098510e+05   2.0000000000e-02 
  1.6520274598e+21   3.5155917705e+17   1.2054533374e+61   1.1052268259e-23   1.4878640788e-13   1.9651083741e+05   2.0000000000e-02 
  1.6523785405e+21   3.5108076734e+17   1.2043250435e+61   1.1089648259e-23   1.4914204631e-13   1.9674101525e+05   2.0000000000e-02 
  1.6527291417e+21   3.5060111545e+17   1.2031905022e+61   1.1127219945e-23   1.4949916338e-13   1.9697176206e+05   2.0000000000e-02 
  1.6530792597e+21   3.5011806461e+17   1.2020423020e+61   1.1165026928e-23   1.4985816255e-13   1.9720334879e+05   2.0000000000e-02 
  1.6534288877e+21   3.4962796756e+17   1.2008678951e+61   1.1203127064e-23   1.5021957336e-13   1.9743629836e+05   2.0000000000e-02 
  1.6537780181e+21   3.4913039166e+17   1.1996657558e+61   1.1241618741e-23   1.5058430246e-13   1.9767141386e+05   2.0000000000e-02 
  1.6541266366e+21   3.4861855298e+17   1.1984125175e+61   1.1280661300e-23   1.5095381754e-13   1.9790994261e+05   2.0000000000e-02 
  1.6544747225e+21   3.4808581935e+17   1.1970852864e+61   1.1320503403e-23   1.5133035528e-13   1.9815392220e+05   2.0000000000e-02 
  1.6548222679e+21   3.4754544896e+17   1.1957295687e+61   1.1361290611e-23   1.5171564221e-13   1.9840341355e+05   2.0000000000e-02 
  1.6551693136e+21   3.4704567091e+17   1.1945113592e+61   1.1400604915e-23   1.5208796583e-13   1.9864096801e+05   2.0000000000e-02 
  1.6555159497e+21   3.4663615535e+17   1.1936019641e+61   1.1436848336e-23   1.5243116748e-13   1.9885205365e+05   2.0000000000e-02 
  1.6558622720e+21   3.4632222919e+17   1.1930202598e+61   1.1470007562e-23   1.5274478354e-13   1.9903713953e+05   2.0000000000e-02 
  1.6562083427e+21   3.4607071467e+17   1.1926524349e+61   1.1501148541e-23   1.5303866016e-13   1.9920374800e+05   2.0000000000e-02 
  1.6565541878e+21   3.4584512160e+17   1.1923730156e+61   1.1531460702e-23   1.5333166400e-13   1.9936483775e+05   2.0000000000e-02 
  1.6568998099e+21   3.4562206045e+17   1.1921014606e+61   1.1561873870e-23   1.5362676396e-13   1.9952674773e+05   2.0000000000e-02 
  1.6572452018e+21   3.4539194025e+17   1.1918046835e+61   1.1592533191e-23   1.5392406354e-13   1.9969006513e+05   2.0000000000e-02 
  1.6575903588e+21   3.4515701203e+17   1.1914904160e+61   1.1623460844e-23   1.5422376910e-13   1.9985486811e+05   2.0000000000e-02 
  1.6579352758e+21   3.4491698110e+17   1.1911576128e+61   1.1654634786e-23   1.5452567119e-13   2.0002124980e+05   2.0000000000e-02 
  1.6582799452e+21   3.4466941803e+17   1.1907978498e+61   1.1686075640e-23   1.5482996501e-13   2.0018896324e+05   2.0000000000e-02 
  1.6586243635e+21   3.4441833662e+17   1.1904249598e+61   1.1717740170e-23   1.5513622878e-13   2.0035809170e+05   2.0000000000e-02 
  1.6589685248e+21   3.4416129424e+17   1.1900304752e+61   1.1749660833e-23   1.5544476854e-13   2.0052835678e+05   2.0000000000e-02 
  1.6593124238e+21   3.4389891837e+17   1.1896165333e+61   1.1781793964e-23   1.5575515692e-13   2.0069996777e+05   2.0000000000e-02 
  1.6596560561e+21   3.4363232032e+17   1.1891869503e+61   1.1814189206e-23   1.5606786590e-13   2.0087270913e+05   2.0000000000e-02 
  1.6599994159e+21   3.4335983691e+17   1.1887359433e+61   1.1846807237e-23   1.5638251143e-13   2.0104691559e+05   2.0000000000e-02 
  1.6603424971e+21   3.4308119462e+17   1.1882625314e+61   1.1879713177e-23   1.5669971593e-13   2.0122239683e+05   2.0000000000e-02 
  1.6606852961e+21   3.4279903722e+17   1.1877758423e+61   1.1912868472e-23   1.5701910371e-13   2.0139954244e+05   2.0000000000e-02 
  1.6610278048e+21   3.4250864410e+17   1.1872594895e+61   1.1946340188e-23   1.5734131692e-13   2.0157814785e+05   2.0000000000e-02 
  1.6613700185e+21   3.4221375408e+17   1.1867263947e+61   1.1980082582e-23   1.5766591205e-13   2.0175857406e+05   2.0000000000e-02 
  1.6617119307e+21   3.4191211795e+17   1.1861687281e+61   1.2014153514e-23   1.5799344418e-13   2.0194054247e+05   2.0000000000e-02 
  1.6620535345e+21   3.4160387507e+17   1.1855869354e+61   1.2048499889e-23   1.5832339902e-13   2.0212429693e+05   2.0000000000e-02 
  1.6623948246e+21   3.4129006315e+17   1.1849845835e+61   1.2083159708e-23   1.5865614064e-13   2.0230949555e+05   2.0000000000e-02 
  1.6627357959e+21   3.4097126219e+17   1.1843636562e+61   1.2118073833e-23   1.5899109707e-13   2.0249625239e+05   2.0000000000e-02 
  1.6630764426e+21   3.4064668520e+17   1.1837213906e+61   1.2153262250e-23   1.5932845988e-13   2.0268418156e+05   2.0000000000e-02 
  1.6634167620e+21   3.4031947004e+17   1.1830686649e+61   1.2188672468e-23   1.5966772024e-13   2.0287326383e+05   2.0000000000e-02 
  1.6637567494e+21   3.3998740374e+17   1.1823977672e+61   1.2224311736e-23   1.6000894435e-13   2.0306315380e+05   2.0000000000e-02 
  1.6640964024e+21   3.3965297672e+17   1.1817173371e+61   1.2260133673e-23   1.6035166990e-13   2.0325382520e+05   2.0000000000e-02 
  1.6644357193e+21   3.3931686378e+17   1.1810297112e+61   1.2296136998e-23   1.6069587248e-13   2.0344501861e+05   2.0000000000e-02 
  1.6647746972e+21   3.3897793650e+17   1.1803309508e+61   1.2332283896e-23   1.6104121657e-13   2.0363667549e+05   2.0000000000e-02 
  1.6651133345e+21   3.3863727937e+17   1.1796248192e+61   1.2368629388e-23   1.6138820960e-13   2.0382833840e+05   2.0000000000e-02 
  1.6654516306e+21   3.3829610983e+17   1.1789155511e+61   1.2405090723e-23   1.6173600446e-13   2.0402079924e+05   2.0000000000e-02 
  1.6657895839e+21   3.3795328852e+17   1.1781991714e+61   1.2441578684e-23   1.6208397083e-13   2.0421439010e+05   2.0000000000e-02 
  1.6661271882e+21   3.3760427775e+17   1.1774598424e+61   1.2478535474e-23   1.6243612847e-13   2.0440585145e+05   2.0000000000e-02 
  1.6664644395e+21   3.3725132295e+17   1.1767053662e+61   1.2515775440e-23   1.6279048741e-13   2.0459761716e+05   2.0000000000e-02 
  1.6668013457e+21   3.3690618969e+17   1.1759767976e+61   1.2552415339e-23   1.6313859353e-13   2.0479615708e+05   2.0000000000e-02 
  1.6671379025e+21   3.3655680919e+17   1.1752320299e+61   1.2589410873e-23   1.6349120450e-13   2.0499447735e+05   2.0000000000e-02 
  1.6674740736e+21   3.3617109893e+17   1.1743589424e+61   1.2628226370e-23   1.6386015911e-13   2.0517848776e+05   2.0000000000e-02 
  1.6678098610e+21   3.3578738837e+17   1.1734913103e+61   1.2667389493e-23   1.6423055818e-13   2.0537252187e+05   2.0000000000e-02 
  1.6681453185e+21   3.3545748777e+17   1.1728103188e+61   1.2702216162e-23   1.6455901034e-13   2.0559559767e+05   2.0000000000e-02 
  1.6684801244e+21   3.3480593692e+17   1.1710028144e+61   1.2741314858e-23   1.6493331581e-13   2.0583654123e+05   2.0000000000e-02 
  1.6688146123e+21   3.3448787371e+17   1.1703597540e+61   1.2797074150e-23   1.6547109721e-13   2.0602724213e+05   2.0000000000e-02 
  1.6691551950e+21   3.4058270039e+17   1.1921674688e+61   1.2797849819e-23   1.6550161428e-13   2.0551090917e+05   2.0000000000e-02 
  1.6695962778e+21   4.4108278957e+17   1.5446787533e+61   1.1855371064e-23   1.5673682116e-13   2.0170733330e+05   2.0000000000e-02 
  1.6704660232e+21   8.6974543235e+17   3.0482541546e+61   7.0986163721e-24   1.1132164515e-13   1.4725495178e+05   2.0000000000e-02 
  1.6719528325e+21   1.4868092783e+18   5.2182743607e+61   2.9664042518e-24   6.2740625043e-14   4.4339722527e+04   2.0000000000e-02 
  1.6737924022e+21   1.8395697430e+18   6.4692198484e+61   2.3233717754e-24   5.3393967482e-14   7.0324768464e+03   2.0000000000e-02 
  1.6757118825e+21   1.9194803364e+18   6.7654184442e+61   2.2371876294e-24   5.2066734286e-14   9.0128402121e+02   2.0000000000e-02 
  1.6776427813e+21   1.9308987553e+18   6.8213196361e+61   2.2261505056e-24   5.1895649665e-14   1.1184485641e+02   2.0000000000e-02 
  1.6795751184e+21   1.9323370753e+18   6.8421385984e+61   2.2247801169e-24   5.1874384003e-14   1.3801969687e+01   2.0000000000e-02 
  1.6815076333e+21   1.9325149224e+18   6.8585322800e+61   2.2246110020e-24   5.1871758756e-14   1.6996100184e+00   2.0000000000e-02 
  1.6834401701e+21   1.9325368299e+18   6.8743931118e+61   2.2245901776e-24   5.1871435405e-14   2.0892616650e-01   2.0000000000e-02 
  1.6853727098e+21   1.9325396230e+18   6.8902043920e+61   2.2245876182e-24   5.1871395653e-14   2.5653420354e-02   2.0000000000e-02 
  1.6873052496e+21   1.9325398539e+18   6.9060247137e+61   2.2245873038e-24   5.1871390771e-14   3.1443815394e-03   2.0000000000e-02 
  1.6892377895e+21   1.9325398953e+18   6.9218625008e+61   2.2245872643e-24   5.1871390157e-14   3.6245100280e-04   2.0000000000e-02 
  1.6911703294e+21   1.9325399000e+18   6.9377182968e+61   2.2245872598e-24   5.1871390087e-14   3.2524921530e-05   2.0000000000e-02 
  1.6931028693e+21   1.9325399000e+18   6.9535922154e+61   2.2245872600e-24   5.1871390088e-14   3.4384136753e-06   2.0000000000e-02 
  1.6950354092e+21   1.9325399000e+18   6.9694842735e+61   2.2245872600e-24   5.1871390089e-14   2.6698929141e-06   2.0000000000e-02 
  1.6969679491e+21   1.9325399000e+18   6.9853944711e+61   2.2245872600e-24   5.1871390089e-14   2.6992467448e-06   2.0000000000e-02 
  1.6989004890e+21   1.9325399000e+18   7.0013228082e+61   2.2245872600e-24   5.1871390089e-14   2.6700018702e-06   2.0000000000e-02 
  1.7008330289e+21   1.9325399000e+18   7.0172692847e+61   2.2245872600e-24   5.1871390089e-14   2.6925130128e-06   2.0000000000e-02 
  1.7027655688e+21   1.9325399000e+18   7.0332339008e+61   2.2245872600e-24   5.1871390089e-14   2.8415860038e-06   2.0000000000e-02 
  1.7046981087e+21   1.9325399000e+18   7.0492166564e+61   2.2245872600e-24   5.1871390089e-14   3.2628402887e-06   2.0000000000e-02 
  1.7066306486e+21   1.9325399000e+18   7.0652175515e+61   2.2245872600e-24   5.1871390089e-14   3.6747069916e-06   2.0000000000e-02 
  1.7085631885e+21   1.9325399000e+18   7.0812365861e+61   2.2245872600e-24   5.1871390089e-14   3.7996262013e-06   2.0000000000e-02 
  1.7104957284e+21   1.9325399000e+18   7.0972737602e+61   2.2245872600e-24   5.1871390089e-14   3.8435393708e-06   2.0000000000e-02 
  1.7124282683e+21   1.9325399000e+18   7.1133290737e+61   2.2245872600e-24   5.1871390089e-14   4.0101556643e-06   2.0000000000e-02 
  1.7143608082e+21   1.9325399000e+18   7.1294025268e+61   2.2245872600e-24   5.1871390089e-14   4.2472857699e-06   2.0000000000e-02 
  1.7162933481e+21   1.9325399000e+18   7.1454941194e+61   2.2245872600e-24   5.1871390088e-14   4.5444157658e-06   2.0000000000e-02 
  1.7182258881e+21   1.9325400000e+18   7.1616042225e+61   2.2245872600e-24   5.1871390088e-14   4.8986989557e-06   2.0000000000e-02 
  1.7201584280e+21   1.9325399000e+18   7.1777317239e+61   2.2245872600e-24   5.1871390088e-14   5.1502595166e-06   2.0000000000e-02 
  1.7220909679e+21   1.9325399000e+18   7.1938777349e+61   2.2245872600e-24   5.1871390088e-14   5.2397105746e-06   2.0000000000e-02 
  1.7240235078e+21   1.9325399000e+18   7.2100418855e+61   2.2245872600e-24   5.1871390088e-14   5.1459502222e-06   2.0000000000e-02 
  1.7259560477e+21   1.9325399000e+18   7.2262241756e+61   2.2245872600e-24   5.1871390088e-14   4.9037534709e-06   2.0000000000e-02 
  1.7278885876e+21   1.9325399000e+18   7.2424246051e+61   2.2245872600e-24   5.1871390088e-14   4.6477514659e-06   2.0000000000e-02 
  1.7298211275e+21   1.9325399000e+18   7.2586431742e+61   2.2245872600e-24   5.1871390088e-14   4.1779013048e-06   2.0000000000e-02 
  1.7317536674e+21   1.9325399000e+18   7.2748798828e+61   2.2245872600e-24   5.1871390088e-14   3.7636397244e-06   2.0000000000e-02 
  1.7336862073e+21   1.9325399000e+18   7.2911347308e+61   2.2245872600e-24   5.1871390088e-14   3.6574612411e-06   2.0000000000e-02 
  1.7356187472e+21   1.9325399000e+18   7.3074077184e+61   2.2245872600e-24   5.1871390088e-14   3.6162076100e-06   2.0000000000e-02 
  1.7375512871e+21   1.9325399000e+18   7.3236988454e+61   2.2245872600e-24   5.1871390088e-14   3.5685941049e-06   2.0000000000e-02 
  1.7394838270e+21   1.9325399000e+18   7.3400081120e+61   2.2245872600e-24   5.1871390088e-14   3.5691680163e-06   2.0000000000e-02 
  1.7414163669e+21   1.9325399000e+18   7.3563355180e+61   2.2245872600e-24   5.1871390088e-14   3.5489268850e-06   2.0000000000e-02 
  1.7433489068e+21   1.9325399000e+18   7.3726810636e+61   2.2245872600e-24   5.1871390088e-14   3.4641097662e-06   2.0000000000e-02 
  1.7452814467e+21   1.9325399000e+18   7.3890447486e+61   2.2245872600e-24   5.1871390088e-14   3.2645290907e-06   2.0000000000e-02 
  1.7472139866e+21   1.9325399000e+18   7.4054265732e+61   2.2245872600e-24   5.1871390088e-14   3.0451454647e-06   2.0000000000e-02 
  1.7491465265e+21   1.9325399000e+18   7.4218265372e+61   2.2245872600e-24   5.1871390088e-14   2.9834902609e-06   2.0000000000e-02 
  1.7510790664e+21   1.9325399000e+18   7.4382446408e+61   2.2245872600e-24   5.1871390088e-14   2.9801283811e-06   2.0000000000e-02 
  1.7530116064e+21   1.9325400000e+18   7.4546812700e+61   2.2245872600e-24   5.1871390088e-14   3.0046800427e-06   2.0000000000e-02 
  1.7549441463e+21   1.9325399000e+18   7.4711352672e+61   2.2245872600e-24   5.1871390088e-14   3.0763437450e-06   2.0000000000e-02 
  1.7568766862e+21   1.9325399000e+18   7.4876077892e+61   2.2245872600e-24   5.1871390088e-14   3.2940082770e-06   2.0000000000e-02 
  1.7588092261e+21   1.9325399000e+18   7.5040984508e+61   2.2245872600e-24   5.1871390088e-14   3.7165980279e-06   2.0000000000e-02 
  1.7607417660e+21   1.9325399000e+18   7.5206072518e+61   2.2245872600e-24   5.1871390087e-14   3.9883054043e-06   2.0000000000e-02 
  1.7626743059e+21   1.9325399000e+18   7.5371341924e+61   2.2245872600e-24   5.1871390087e-14   3.7632478596e-06   2.0000000000e-02 
  1.7646068458e+21   1.9325399000e+18   7.5536792724e+61   2.2245872600e-24   5.1871390087e-14   3.4888920340e-06   2.0000000000e-02 
  1.7665393857e+21   1.9325399000e+18   7.5702424919e+61   2.2245872600e-24   5.1871390087e-14   3.1739406465e-06   2.0000000000e-02 
  1.7684719256e+21   1.9325399000e+18   7.5868238509e+61   2.2245872600e-24   5.1871390087e-14   2.6501764848e-06   2.0000000000e-02 
  1.7704044655e+21   1.9325399000e+18   7.6034233495e+61   2.2245872600e-24   5.1871390087e-14   2.2720603514e-06   2.0000000000e-02 
  1.7723370054e+21   1.9325399000e+18   7.6200409875e+61   2.2245872600e-24   5.1871390087e-14   1.4597338643e-06   2.0000000000e-02 
  1.7742695453e+21   1.9325399000e+18   7.6366767650e+61   2.2245872600e-24   5.1871390087e-14   1.8615298640e-07   2.0000000000e-02 
  1.7762020852e+21   1.9325399000e+18   7.6533306820e+61   2.2245872600e-24   5.1871390087e-14  -6.5660831317e-07   2.0000000000e-02 
  1.7781346251e+21   1.9325399000e+18   7.6700027385e+61   2.2245872600e-24   5.1871390087e-14  -8.9574719480e-07   2.0000000000e-02 
  1.7800671650e+21   1.9325399000e+18   7.6866929346e+61   2.2245872600e-24   5.1871390087e-14  -7.5438538957e-07   2.0000000000e-02 
  1.7819997049e+21   1.9325399000e+18   7.7034012701e+61   2.2245872600e-24   5.1871390087e-14  -7.8755044565e-08   2.0000000000e-02 
  1.7839322448e+21   1.9325399000e+18   7.7201277451e+61   2.2245872600e-24   5.1871390087e-14   8.5631035960e-07   2.0000000000e-02 
  1.7858647848e+21   1.9325400000e+18   7.7368727604e+61   2.2245872600e-24   5.1871390087e-14   1.2633903622e-06   2.0000000000e-02 
  1.7877973247e+21   1.9325399000e+18   7.7536351145e+61   2.2245872600e-24   5.1871390086e-14   1.4175578827e-06   2.0000000000e-02 
  1.7897298646e+21   1.9325399000e+18   7.7704160080e+61   2.2245872600e-24   5.1871390087e-14   1.5197688013e-06   2.0000000000e-02 
  1.7916624045e+21   1.9325399000e+18   7.7872150410e+61   2.2245872600e-24   5.1871390087e-14   1.5929329780e-06   2.0000000000e-02 
  1.7935949444e+21   1.9325399000e+18   7.8040322135e+61   2.2245872600e-24   5.1871390087e-14   1.6361683158e-06   2.0000000000e-02 
  1.7955274843e+21   1.9325399000e+18   7.8208675255e+61   2.2245872600e-24   5.1871390087e-14   1.6594845990e-06   2.0000000000e-02 
  1.7974600242e+21   1.9325399000e+18   7.8377209770e+61   2.2245872600e-24   5.1871390087e-14   1.6893949806e-06   2.0000000000e-02 
  1.7993925641e+21   1.9325399000e+18   7.8545925680e+61   2.2245872600e-24   5.1871390087e-14   1.9567306725e-06   2.0000000000e-02 
  1.8013251040e+21   1.9325399000e+18   7.8714822985e+61   2.2245872600e-24   5.1871390087e-14   2.3236635651e-06   2.0000000000e-02 
  1.8032576439e+21   1.9325399000e+18   7.8883901685e+61   2.2245872600e-24   5.1871390087e-14   2.5045047276e-06   2.0000000000e-02 
  1.8051901838e+21   1.9325399000e+18   7.9053161780e+61   2.2245872600e-24   5.1871390087e-14   2.5657703167e-06   2.0000000000e-02 
  1.8071227237e+21   1.9325399000e+18   7.9222603270e+61   2.2245872600e-24   5.1871390087e-14   2.5892716066e-06   2.0000000000e-02 
  1.8090552636e+21   1.9325399000e+18   7.9392226155e+61   2.2245872600e-24   5.1871390087e-14   2.5836419742e-06   2.0000000000e-02 
  1.8109878035e+21   1.9325399000e+18   7.9562030434e+61   2.2245872600e-24   5.1871390087e-14   2.5659603476e-06   2.0000000000e-02 
  1.8129203434e+21   1.9325399000e+18   7.9732016109e+61   2.2245872600e-24   5.1871390087e-14   2.4482766354e-06   2.0000000000e-02 
  1.8148528833e+21   1.9325399000e+18   7.9902183179e+61   2.2245872600e-24   5.1871390087e-14   2.0158009090e-06   2.0000000000e-02 
  1.8167854232e+21   1.9325399000e+18   8.0072531644e+61   2.2245872600e-24   5.1871390087e-14   1.6481997786e-06   2.0000000000e-02 
  1.8187179631e+21   1.9325399000e+18   8.0243061504e+61   2.2245872600e-24   5.1871390087e-14   1.7267147575e-06   2.0000000000e-02 
  1.8206505031e+21   1.9325400000e+18   8.0413776924e+61   2.2245872600e-24   5.1871390087e-14   2.0170837953e-06   2.0000000000e-02 
  1.8225830430e+21   1.9325399000e+18   8.0584665417e+61   2.2245872600e-24   5.1871390087e-14   2.4313203107e-06   2.0000000000e-02 
  1.8245155829e+21   1.9325399000e+18   8.0755739462e+61   2.2245872600e-24   5.1871390087e-14   2.6920488777e-06   2.0000000000e-02 
  1.8264481228e+21   1.9325399000e+18   8.0926994902e+61   2.2245872600e-24   5.1871390087e-14   2.8688798680e-06   2.0000000000e-02 
  1.8283806627e+21   1.9325399000e+18   8.1098431736e+61   2.2245872600e-24   5.1871390087e-14   3.7398863408e-06   2.0000000000e-02 
  1.8303132026e+21   1.9325399000e+18   8.1270049966e+61   2.2245872600e-24   5.1871390088e-14   4.5274687905e-06   2.0000000000e-02 
  1.8322457425e+21   1.9325399000e+18   8.1441849591e+61   2.2245872600e-24   5.1871390088e-14   4.7112390082e-06   2.0000000000e-02 
  1.8341782824e+21   1.9325399000e+18   8.1613830610e+61   2.2245872600e-24   5.1871390088e-14   4.7307514820e-06   2.0000000000e-02 
  1.8361108223e+21   1.9325399000e+18   8.1785993025e+61   2.2245872600e-24   5.1871390088e-14   4.8334084536e-06   2.0000000000e-02 
  1.8380433622e+21   1.9325399000e+18   8.1958336835e+61   2.2245872600e-24   5.1871390088e-14   4.8970240145e-06   2.0000000000e-02 
  1.8399759021e+21   1.9325399000e+18   8.2130862039e+61   2.2245872600e-24   5.1871390088e-14   4.8992512292e-06   2.0000000000e-02 
  1.8419084420e+21   1.9325399000e+18   8.2303568639e+61   2.2245872600e-24   5.1871390088e-14   4.8578195807e-06   2.0000000000e-02 
  1.8438409819e+21   1.9325399000e+18   8.2476456633e+61   2.2245872600e-24   5.1871390088e-14   4.7958413272e-06   2.0000000000e-02 
  1.8457735218e+21   1.9325399000e+18   8.2649526023e+61   2.2245872600e-24   5.1871390088e-14   4.7525282292e-06   2.0000000000e-02 
  1.8477060617e+21   1.9325399000e+18   8.2822776807e+61   2.2245872600e-24   5.1871390088e-14   4.7305245492e-06   2.0000000000e-02 
  1.8496386016e+21   1.9325399000e+18   8.2996208987e+61   2.2245872600e-24   5.1871390088e-14   4.7236346055e-06   2.0000000000e-02 
  1.8515711415e+21   1.9325399000e+18   8.3169822561e+61   2.2245872600e-24   5.1871390088e-14   4.7177327114e-06   2.0000000000e-02 
  1.8535036815e+21   1.9325400000e+18   8.3343621848e+61   2.2245872600e-24   5.1871390088e-14   4.6771432093e-06   2.0000000000e-02 
  1.8554362214e+21   1.9325399000e+18   8.3517593904e+61   2.2245872600e-24   5.1871390088e-14   4.6099152649e-06   2.0000000000e-02 
  1.8573687613e+21   1.9325399000e+18   8.3691751664e+61   2.2245872600e-24   5.1871390088e-14   4.5711000968e-06   2.0000000000e-02 
  1.8593013012e+21   1.9325399000e+18   8.3866090818e+61   2.2245872600e-24   5.1871390088e-14   4.5238068602e-06   2.0000000000e-02 
  1.8612338411e+21   1.9325399000e+18   8.4040611368e+61   2.2245872600e-24   5.1871390088e-14   4.4226066840e-06   2.0000000000e-02 
  1.8631663810e+21   1.9325399000e+18   8.4215313312e+61   2.2245872600e-24   5.1871390088e-14   4.3302922143e-06   2.0000000000e-02 
  1.8650989209e+21   1.9325399000e+18   8.4390196651e+61   2.2245872600e-24   5.1871390088e-14   4.2657625196e-06   2.0000000000e-02 
  1.8670314608e+21   1.9325399000e+18   8.4565261386e+61   2.2245872600e-24   5.1871390088e-14   4.1138707342e-06   2.0000000000e-02 
  1.8689640007e+21   1.9325399000e+18   8.4740507515e+61   2.2245872600e-24   5.1871390088e-14   3.9631195220e-06   2.0000000000e-02 
  1.8708965406e+21   1.9325399000e+18   8.4915935039e+61   2.2245872600e-24   5.1871390088e-14   3.8839964902e-06   2.0000000000e-02 
  1.8728290805e+21   1.9325399000e+18   8.5091543959e+61   2.2245872600e-24   5.1871390088e-14   3.8642824972e-06   2.0000000000e-02 
  1.8747616204e+21   1.9325399000e+18   8.5267334273e+61   2.2245872600e-24   5.1871390088e-14   3.8474758658e-06   2.0000000000e-02 
  1.8766941603e+21   1.9325399000e+18   8.5443305982e+61   2.2245872600e-24   5.1871390088e-14   3.7578274820e-06   2.0000000000e-02 
  1.8786267002e+21   1.9325399000e+18   8.5619459086e+61   2.2245872600e-24   5.1871390088e-14   3.6606407411e-06   2.0000000000e-02 
  1.8805592401e+21   1.9325399000e+18   8.5795793586e+61   2.2245872600e-24   5.1871390088e-14   3.5962305631e-06   2.0000000000e-02 
  1.8824917800e+21   1.9325399000e+18   8.5972309480e+61   2.2245872600e-24   5.1871390088e-14   3.4489453390e-06   2.0000000000e-02 
  1.8844243199e+21   1.9325399000e+18   8.6149006769e+61   2.2245872600e-24   5.1871390088e-14   3.3466570049e-06   2.0000000000e-02 
  1.8863568598e+21   1.9325399000e+18   8.6325885453e+61   2.2245872600e-24   5.1871390088e-14   3.3483561919e-06   2.0000000000e-02 
  1.8882893998e+21   1.9325400000e+18   8.6502950013e+61   2.2245872600e-24   5.1871390088e-14   3.3727959422e-06   2.0000000000e-02 
  1.8902219397e+21   1.9325399000e+18   8.6680187016e+61   2.2245872600e-24   5.1871390088e-14   3.3937831732e-06   2.0000000000e-02 
  1.8921544796e+21   1.9325399000e+18   8.6857609885e+61   2.2245872600e-24   5.1871390088e-14   3.3668034432e-06   2.0000000000e-02 
  1.8940870195e+21   1.9325399000e+18   8.7035214149e+61   2.2245872600e-24   5.1871390088e-14   3.2755979644e-06   2.0000000000e-02 
  1.8960195594e+21   1.9325399000e+18   8.7212999808e+61   2.2245872600e-24   5.1871390088e-14   3.1551204592e-06   2.0000000000e-02 
  1.8979520993e+21   1.9325399000e+18   8.7390966862e+61   2.2245872600e-24   5.1871390088e-14   3.0749308890e-06   2.0000000000e-02 
  1.8998846392e+21   1.9325399000e+18   8.7569115311e+61   2.2245872600e-24   5.1871390088e-14   3.0419802291e-06   2.0000000000e-02 
  1.9018171791e+21   1.9325399000e+18   8.7747445155e+61   2.2245872600e-24   5.1871390088e-14   3.0255983044e-06   2.0000000000e-02 
  1.9037497190e+21   1.9325399000e+18   8.7925956394e+61   2.2245872600e-24   5.1871390088e-14   2.9892154685e-06   2.0000000000e-02 
  1.9056822589e+21   1.9325399000e+18   8.8104649028e+61   2.2245872600e-24   5.1871390088e-14   2.9338181694e-06   2.0000000000e-02 
  1.9076147988e+21   1.9325399000e+18   8.8283523057e+61   2.2245872600e-24   5.1871390088e-14   2.9023657544e-06   2.0000000000e-02 
  1.9095473387e+21   1.9325399000e+18   8.8462578481e+61   2.2245872600e-24   5.1871390088e-14   2.8785419117e-06   2.0000000000e-02 
  1.9114798786e+21   1.9325399000e+18   8.8641815300e+61   2.2245872600e-24   5.1871390088e-14   2.8781445964e-06   2.0000000000e-02 
  1.9134124185e+21   1.9325399000e+18   8.8821233514e+61   2.2245872600e-24   5.1871390088e-14   2.8562902178e-06   2.0000000000e-02 
  1.9153449584e+21   1.9325399000e+18   8.9000833123e+61   2.2245872600e-24   5.1871390088e-14   2.8114240256e-06   2.0000000000e-02 
  1.9172774983e+21   1.9325399000e+18   8.9180614127e+61   2.2245872600e-24   5.1871390088e-14   2.7702747795e-06   2.0000000000e-02 
  1.9192100382e+21   1.9325399000e+18   8.9360576526e+61   2.2245872600e-24   5.1871390088e-14   2.7228527657e-06   2.0000000000e-02 
  1.9211425782e+21   1.9325400000e+18   8.9540724957e+61   2.2245872600e-24   5.1871390088e-14   2.6744816076e-06   2.0000000000e-02 
  1.9230751181e+21   1.9325399000e+18   8.9721045518e+61   2.2245872600e-24   5.1871390088e-14   2.6298586979e-06   2.0000000000e-02 
  1.9250076580e+21   1.9325399000e+18   8.9901552101e+61   2.2245872600e-24   5.1871390088e-14   2.5735027435e-06   2.0000000000e-02 
  1.9269401979e+21   1.9325399000e+18   9.0082240080e+61   2.2245872600e-24   5.1871390088e-14   2.5461510566e-06   2.0000000000e-02 
  1.9288727378e+21   1.9325399000e+18   9.0263109454e+61   2.2245872600e-24   5.1871390088e-14   2.5255281341e-06   2.0000000000e-02 
  1.9308052777e+21   1.9325399000e+18   9.0444160223e+61   2.2245872600e-24   5.1871390088e-14   2.4834187066e-06   2.0000000000e-02 
  1.9327378176e+21   1.9325399000e+18   9.0625392386e+61   2.2245872600e-24   5.1871390088e-14   2.4485038276e-06   2.0000000000e-02 
  1.9346703575e+21   1.9325399000e+18   9.0806805945e+61   2.2245872600e-24   5.1871390088e-14   2.4402617863e-06   2.0000000000e-02 
  1.9366028974e+21   1.9325399000e+18   9.0988400899e+61   2.2245872600e-24   5.1871390088e-14   2.3856974885e-06   2.0000000000e-02 
  1.9385354373e+21   1.9325399000e+18   9.1170177248e+61   2.2245872600e-24   5.1871390088e-14   2.3229048201e-06   2.0000000000e-02 
  1.9404679772e+21   1.9325399000e+18   9.1352134991e+61   2.2245872600e-24   5.1871390088e-14   2.2419911935e-06   2.0000000000e-02 
  1.9424005171e+21   1.9325399000e+18   9.1534274130e+61   2.2245872600e-24   5.1871390088e-14   1.9946609239e-06   2.0000000000e-02 
  1.9443330570e+21   1.9325399000e+18   9.1716594664e+61   2.2245872600e-24   5.1871390088e-14   1.3178105352e-06   2.0000000000e-02 
  1.9462655969e+21   1.9325399000e+18   9.1899096592e+61   2.2245872600e-24   5.1871390088e-14   3.0669269758e-07   2.0000000000e-02 
  1.9481981368e+21   1.9325399000e+18   9.2081779916e+61   2.2245872600e-24   5.1871390088e-14  -7.3260050340e-07   2.0000000000e-02 
  1.9501306767e+21   1.9325399000e+18   9.2264644634e+61   2.2245872600e-24   5.1871390088e-14  -1.1266457581e-06   2.0000000000e-02 
  1.9520632166e+21   1.9325399000e+18   9.2447690748e+61   2.2245872600e-24   5.1871390089e-14  -1.3958518519e-07   2.0000000000e-02 
  1.9539957565e+21   1.9325399000e+18   9.2630918256e+61   2.2245872600e-24   5.1871390089e-14   6.3249050828e-07   2.0000000000e-02 
  1.9559282965e+21   1.9325400000e+18   9.2814331967e+61   2.2245872600e-24   5.1871390089e-14   7.5358433356e-07   2.0000000000e-02 
  1.9578608364e+21   1.9325399000e+18   9.2997917468e+61   2.2245872600e-24   5.1871390089e-14   7.2205712284e-07   2.0000000000e-02 
  1.9597933763e+21   1.9325399000e+18   9.3181689161e+61   2.2245872600e-24   5.1871390089e-14   6.8885733055e-07   2.0000000000e-02 
  1.9617259162e+21   1.9325399000e+18   9.3365642250e+61   2.2245872600e-24   5.1871390089e-14   7.0259182170e-07   2.0000000000e-02 
  1.9636584561e+21   1.9325399000e+18   9.3549776733e+61   2.2245872600e-24   5.1871390089e-14   7.9299522856e-07   2.0000000000e-02 
  1.9655909960e+21   1.9325399000e+18   9.3734092612e+61   2.2245872600e-24   5.1871390089e-14   9.2218252044e-07   2.0000000000e-02 
  1.9675235359e+21   1.9325399000e+18   9.3918589885e+61   2.2245872600e-24   5.1871390089e-14   1.0075422349e-06   2.0000000000e-02 
  1.9694560758e+21   1.9325399000e+18   9.4103268554e+61   2.2245872600e-24   5.1871390089e-14   1.0378335960e-06   2.0000000000e-02 
  1.9713886157e+21   1.9325399000e+18   9.4288128617e+61   2.2245872600e-24   5.1871390089e-14   1.0267953583e-06   2.0000000000e-02 
  1.9733211556e+21   1.9325399000e+18   9.4473170075e+61   2.2245872600e-24   5.1871390089e-14   9.7059369809e-07   2.0000000000e-02 
  1.9752536955e+21   1.9325399000e+18   9.4658392929e+61   2.2245872600e-24   5.1871390089e-14   7.9142011566e-07   2.0000000000e-02 
  1.9771862354e+21   1.9325399000e+18   9.4843797177e+61   2.2245872600e-24   5.1871390089e-14   3.7555700856e-07   2.0000000000e-02 
  1.9791187753e+21   1.9325399000e+18   9.5029382820e+61   2.2245872600e-24   5.1871390089e-14   0.0000000000e+00   2.0000000000e-02 
