# time = 4.336106e+15 [s] 
# r                  dr                 dV                 Density            Pressure           Velocity           Z
  2.1304517832e+18   2.1304517832e+18   4.0504543150e+55   4.2280301375e-31   2.8703886759e-14   0.0000000000e+00   9.9248591688e-02 
  2.5607482967e+18   4.3029651352e+17   2.9833338861e+55   4.2280301375e-31   2.8703886759e-14   7.7667813878e+03   9.9248591688e-02 
  3.4265855824e+18   8.6583728564e+17   9.8190619401e+55   4.2283102141e-31   2.8704010791e-14   1.5024848156e+04   9.9248591688e-02 
  4.3793393318e+18   9.5275374948e+17   1.8328653927e+56   4.2291095867e-31   2.8703763813e-14   2.5555244321e+04   9.9248591688e-02 
  4.8187775587e+18   4.3943822683e+17   1.1688959266e+56   4.2301246495e-31   2.8703501749e-14   3.1341811098e+04   9.9248591688e-02 
  5.2082146415e+18   3.8943708281e+17   1.2306848293e+56   4.2312550410e-31   2.8703312406e-14   3.4058779748e+04   9.9248591688e-02 
  5.8991023682e+18   6.9088772668e+17   2.6812383103e+56   4.2336099219e-31   2.8703024930e-14   3.7031693931e+04   9.9248591688e-02 
  6.5282140996e+18   6.2911173144e+17   3.0549436622e+56   4.2372167047e-31   2.8702649658e-14   4.0266615257e+04   9.9248591688e-02 
  7.3755839228e+18   8.4736982315e+17   5.1526083964e+56   4.2422736295e-31   2.8702204480e-14   4.3390743231e+04   9.9248591688e-02 
  8.1984926121e+18   8.2290868930e+17   6.2763927192e+56   4.2490155873e-31   2.8701653566e-14   4.6374223974e+04   9.9248591688e-02 
  9.2297139180e+18   1.0312213060e+18   9.8517567281e+56   4.2578496466e-31   2.8700873232e-14   4.8273225870e+04   9.9248591688e-02 
  1.0298965066e+19   1.0692511479e+18   1.2823574556e+57   4.2691275857e-31   2.8699742927e-14   4.8659953544e+04   9.9248591688e-02 
  1.1563776653e+19   1.2648115875e+18   1.9013812186e+57   4.2834356565e-31   2.8698450529e-14   4.8070625840e+04   9.9248591688e-02 
  1.2922566521e+19   1.3587898680e+18   2.5620971108e+57   4.3014218405e-31   2.8696709510e-14   4.6754102439e+04   9.9248591688e-02 
  1.4478414497e+19   1.5558479757e+18   3.6738018991e+57   4.3233850187e-31   2.8694459684e-14   4.3039607046e+04   9.9248591688e-02 
  1.6234625447e+19   1.7562109503e+18   5.2100902012e+57   4.3509682234e-31   2.8691532421e-14   3.7042889952e+04   9.9248591688e-02 
  1.8196348592e+19   1.9617231445e+18   7.3140157235e+57   4.3849207590e-31   2.8688178445e-14   3.0819156916e+04   9.9248591688e-02 
  2.0412299642e+19   2.2159510499e+18   1.0388571951e+58   4.4261795780e-31   2.8684720182e-14   2.6664967255e+04   9.9248591688e-02 
  2.2814424490e+19   2.4021248481e+18   1.4115520941e+58   4.4749777815e-31   2.8681243415e-14   2.4268973376e+04   9.9248591688e-02 
  2.5545770272e+19   2.7313457825e+18   2.0089271112e+58   4.5330809420e-31   2.8677705524e-14   2.2562619327e+04   9.9248591688e-02 
  2.8482273276e+19   2.9365030033e+18   2.6955428571e+58   4.6014578698e-31   2.8674164421e-14   2.0989683213e+04   9.9248591688e-02 
  3.1897222632e+19   3.4149493562e+18   3.9153981891e+58   4.6832271444e-31   2.8670855872e-14   1.9788684740e+04   9.9248591688e-02 
  3.5530213032e+19   3.6329903997e+18   5.1940660325e+58   4.7796201274e-31   2.8668059720e-14   1.9086899518e+04   9.9248591688e-02 
  3.9656946266e+19   4.1267332348e+18   7.3363409295e+58   4.8927116133e-31   2.8665891614e-14   1.9554720303e+04   9.9248591688e-02 
  4.4049571376e+19   4.3926251091e+18   9.6781206114e+58   5.0238848559e-31   2.8664658471e-14   2.3341074550e+04   9.9248591688e-02 
  4.9069791375e+19   5.0202199994e+18   1.3689045385e+59   5.1786825305e-31   2.8664444138e-14   3.2809330257e+04   9.9248591688e-02 
  5.3992367880e+19   4.9225765052e+18   1.6438831771e+59   5.3505711332e-31   2.8664749591e-14   4.1358565224e+04   9.9248591688e-02 
  6.1531275023e+19   7.5389071429e+18   3.1653088176e+59   5.5797428779e-31   2.8665231385e-14   4.6529900409e+04   9.9248591688e-02 
  7.2799181010e+19   1.1267905987e+19   6.4026456346e+59   5.9423450117e-31   2.8666884530e-14   4.4618569406e+04   9.9248591688e-02 
  7.6985493416e+19   4.1863124061e+18   2.9514085680e+59   6.2508339040e-31   2.8673132805e-14   1.5833211019e+04   9.9248591688e-02 
  8.0772362549e+19   3.7868691329e+18   2.9613897356e+59   6.4258437706e-31   2.8679072757e-14  -1.1945643835e+04   9.9248591688e-02 
  8.4767233653e+19   3.9948711033e+18   3.4398596707e+59   6.6137314184e-31   2.8682868752e-14  -2.8755123322e+04   9.9248591688e-02 
  8.9051140312e+19   4.2839066598e+18   4.0669530807e+59   6.8375759589e-31   2.8686716499e-14  -3.3644615134e+04   9.9248591688e-02 
  9.3019967985e+19   3.9688276724e+18   4.1339285673e+59   7.0826355944e-31   2.8688146854e-14  -2.8303956388e+04   9.9248591688e-02 
  9.8099888667e+19   5.0799206821e+18   5.8306998814e+59   7.3783627294e-31   2.8688754197e-14  -2.1340150467e+04   9.9248591688e-02 
  1.0310048673e+20   5.0005980626e+18   6.3609035168e+59   7.7342756736e-31   2.8689465792e-14  -1.4586932791e+04   9.9248591688e-02 
  1.0792210454e+20   4.8216178140e+18   6.7464627954e+59   8.1104618700e-31   2.8690663165e-14  -1.2395639486e+04   9.9248591688e-02 
  1.1254604234e+20   4.6239377986e+18   7.0618295948e+59   8.5023228107e-31   2.8693194967e-14  -9.5765611325e+03   9.9248591688e-02 
  1.1825102104e+20   5.7049786931e+18   9.5488902166e+59   8.9720005380e-31   2.8694720610e-14  -3.1888928565e+03   9.9248591688e-02 
  1.2403428755e+20   5.7832665156e+18   1.0667427853e+60   9.5376650915e-31   2.8698173738e-14  -5.0052893208e+03   9.9248591688e-02 
  1.2960435927e+20   5.5700717205e+18   1.1259298296e+60   1.0137494687e-30   2.8704385657e-14  -1.5569384874e+04   9.9248591688e-02 
  1.3517538463e+20   5.5710253551e+18   1.2272092064e+60   1.0775258201e-30   2.8711727907e-14  -2.2446933151e+04   9.9248591688e-02 
  1.4177372768e+20   6.5983430487e+18   1.5902554197e+60   1.1532871417e-30   2.8716935736e-14  -1.5773235451e+04   9.9248591688e-02 
  1.4843085774e+20   6.6571300692e+18   1.7616581074e+60   1.2421597352e-30   2.8722591454e-14  -7.8250532904e+03   9.9248591688e-02 
  1.5483210401e+20   6.4012462638e+18   1.8497696373e+60   1.3365476295e-30   2.8728757394e-14  -7.6713539687e+03   9.9248591688e-02 
  1.6173006600e+20   6.8979619959e+18   2.1719880405e+60   1.4408913517e-30   2.8738003073e-14  -6.3145123345e+03   9.9248591688e-02 
  1.6959303158e+20   7.8629655796e+18   2.7121967946e+60   1.5663399925e-30   2.8743081148e-14   7.6042717040e+03   9.9248591688e-02 
  1.7729722745e+20   7.7041958708e+18   2.9129484408e+60   1.7090631556e-30   2.8748019366e-14   2.5812455032e+04   9.9248591688e-02 
  1.8412352917e+20   6.8263017149e+18   2.8016454449e+60   1.8526392785e-30   2.8752844158e-14   4.4946893619e+04   9.9248591688e-02 
  1.9306346170e+20   8.9399325290e+18   3.9964910177e+60   2.0239915875e-30   2.8758644060e-14   6.7581790281e+04   9.9248591688e-02 
  2.0394145544e+20   1.0877993737e+19   5.3876468391e+60   2.2563833527e-30   2.8766344032e-14   9.7435416354e+04   9.9248591688e-02 
  2.1505084706e+20   1.1109391625e+19   6.1284972986e+60   2.5319487928e-30   2.8776671296e-14   1.2982470425e+05   9.9248591688e-02 
  2.2533545392e+20   1.0284606858e+19   6.2673524133e+60   2.8214586380e-30   2.8785627680e-14   1.5629221210e+05   9.9248591688e-02 
  2.3800886212e+20   1.2673408204e+19   8.5498651638e+60   3.1534514660e-30   2.8794473301e-14   1.8235543257e+05   9.9248591688e-02 
  2.4917485929e+20   1.1165997165e+19   8.3273910929e+60   3.5309107090e-30   2.8802930973e-14   2.0513585087e+05   9.9248591688e-02 
  2.6539501795e+20   1.6220158665e+19   1.3497008051e+61   3.9962394132e-30   2.8814362619e-14   2.2165666838e+05   9.9248591688e-02 
  2.7721057244e+20   1.1815554484e+19   1.0930528131e+61   4.5057204388e-30   2.8828162811e-14   2.2897978616e+05   9.9248591688e-02 
  2.8771877470e+20   1.0508202259e+19   1.0536992073e+61   4.9529958520e-30   2.8845389565e-14   2.2715236475e+05   9.9248591688e-02 
  2.9877776712e+20   1.1058992423e+19   1.1952198924e+61   5.3799910867e-30   2.8866629570e-14   2.2284065210e+05   9.9248591688e-02 
  3.0900309219e+20   1.0225325070e+19   1.1867575607e+61   5.7733471731e-30   2.8895049913e-14   2.1620270616e+05   9.9248591688e-02 
  3.2420673600e+20   1.5203643810e+19   1.9154741800e+61   6.1845190327e-30   2.8933509131e-14   2.1236036023e+05   9.9248591688e-02 
  3.3989239489e+20   1.5685658888e+19   2.1736980533e+61   6.6488710824e-30   2.8988451130e-14   2.1009100210e+05   9.9248591688e-02 
  3.5024078485e+20   1.0348389963e+19   1.5485349872e+61   7.0036443124e-30   2.9033467899e-14   2.1784906470e+05   9.9248591688e-02 
  3.5997125438e+20   9.7304695308e+18   1.5420089805e+61   7.2255716581e-30   2.9067903845e-14   2.2601933404e+05   9.9248591688e-02 
  3.7572837691e+20   1.5757122534e+19   2.6797499037e+61   7.4568285953e-30   2.9111356152e-14   2.3736393500e+05   9.9248591688e-02 
  3.9331453105e+20   1.7586154133e+19   3.2681169214e+61   7.7138682842e-30   2.9168075412e-14   2.5096527415e+05   9.9248591688e-02 
  4.1181638466e+20   1.8501853615e+19   3.7685524132e+61   7.9549932958e-30   2.9236333996e-14   2.5701579124e+05   9.9248591688e-02 
  4.2225853265e+20   1.0442147988e+19   2.2822989371e+61   8.1237024715e-30   2.9299752874e-14   2.4983297092e+05   9.9248591688e-02 
  4.3227832370e+20   1.0019791047e+19   2.2987409763e+61   8.2126160376e-30   2.9349159691e-14   2.4228245110e+05   9.9248591688e-02 
  4.4955358714e+20   1.7275263442e+19   4.2208675716e+61   8.3010179866e-30   2.9415734958e-14   2.4559617221e+05   9.9248591688e-02 
  4.6897036560e+20   1.9416778460e+19   5.1472196956e+61   8.3932220458e-30   2.9497345172e-14   2.6632467066e+05   9.9248591688e-02 
  4.8586123478e+20   1.6890869181e+19   4.8383885037e+61   8.4646809396e-30   2.9564267353e-14   3.0334890387e+05   9.9248591688e-02 
  4.9489597539e+20   9.0347406092e+18   2.7302402503e+61   8.5043321681e-30   2.9607410242e-14   3.3153267052e+05   9.9248591688e-02 
  5.0391662193e+20   9.0206465444e+18   2.8272705467e+61   8.5250567689e-30   2.9643129432e-14   3.4273609224e+05   9.9248591688e-02 
  5.2189477826e+20   1.7978156326e+19   5.9439415524e+61   8.5471575544e-30   2.9705643037e-14   3.4734341519e+05   9.9248591688e-02 
  5.3700224303e+20   1.5107464771e+19   5.3220430387e+61   8.5675058950e-30   2.9791530760e-14   3.3910600026e+05   9.9248591688e-02 
  5.4679976285e+20   9.7975198195e+18   3.6155781606e+61   8.5817851041e-30   2.9880035760e-14   2.9964257453e+05   9.9248591688e-02 
  5.5487762381e+20   8.0778609594e+18   3.0800864015e+61   8.5898900271e-30   2.9961668241e-14   2.4555396653e+05   9.9248591687e-02 
  5.6183959901e+20   6.9619751978e+18   2.7275605434e+61   8.5915288607e-30   3.0025249946e-14   2.0952488658e+05   9.9248591684e-02 
  5.7906341768e+20   1.7223818675e+19   7.0438446042e+61   8.5832780823e-30   3.0111767408e-14   1.7915637898e+05   9.9248591674e-02 
  5.9011549092e+20   1.1052073237e+19   4.7464455911e+61   8.5666070897e-30   3.0200522715e-14   1.6340595852e+05   9.9248591640e-02 
  5.9289419178e+20   2.7787008587e+18   1.2217126344e+61   8.5525552220e-30   3.0230803969e-14   1.7210977112e+05   9.9248591564e-02 
  5.9520573175e+20   2.3115399731e+18   1.0250800102e+61   8.5404942005e-30   3.0238223396e-14   1.8079306996e+05   9.9248590811e-02 
  6.0343933686e+20   8.2336051129e+18   3.7164469977e+61   8.5006723677e-30   3.0252147787e-14   2.0340697650e+05   9.9248588384e-02 
  6.1110926358e+20   7.6699267175e+18   3.5544847566e+61   8.4350359933e-30   3.0271015726e-14   2.3968394763e+05   9.9248577860e-02 
  6.1940690392e+20   8.2976403404e+18   3.9471688980e+61   8.3620700529e-30   3.0288266109e-14   2.7620719989e+05   9.9248537336e-02 
  6.3663445449e+20   1.7227550566e+19   8.5390295876e+61   8.2361248837e-30   3.0324189077e-14   3.2010983623e+05   9.9248425315e-02 
  6.5098413732e+20   1.4349682829e+19   7.4745427679e+61   8.0757528715e-30   3.0382076838e-14   3.5200911667e+05   9.9248192229e-02 
  6.6461313864e+20   1.3629001327e+19   7.4109754327e+61   7.9275306090e-30   3.0445386122e-14   3.4818760967e+05   9.9247870490e-02 
  6.8224493552e+20   1.7631796873e+19   1.0048816677e+62   7.7556558922e-30   3.0539565419e-14   3.0804698252e+05   9.9247007143e-02 
  6.9850693399e+20   1.6261998475e+19   9.7403631460e+61   7.5599910060e-30   3.0641650572e-14   2.6046401972e+05   9.9244685681e-02 
  7.1420603413e+20   1.5699100135e+19   9.8435187521e+61   7.3609061433e-30   3.0712016615e-14   2.5005090870e+05   9.9238382324e-02 
  7.2940619214e+20   1.5200158011e+19   9.9521090803e+61   7.1527538096e-30   3.0757526068e-14   2.7673596828e+05   9.9218061753e-02 
  7.4639468567e+20   1.6988493535e+19   1.1624638420e+62   6.9195283550e-30   3.0793148464e-14   3.1351404584e+05   9.9137979323e-02 
  7.6049327037e+20   1.4098584699e+19   1.0057730304e+62   6.6820226764e-30   3.0838817693e-14   3.3189798461e+05   9.8869823588e-02 
  7.6848587151e+20   7.9926011398e+18   5.8700944734e+61   6.5015934633e-30   3.0877450095e-14   3.2388510039e+05   9.8439475484e-02 
  7.7532983180e+20   6.8439602942e+18   5.1244953962e+61   6.3669672672e-30   3.0914479040e-14   2.9941653420e+05   9.7607318527e-02 
  7.8443098343e+20   9.1011516259e+18   6.9561215567e+61   6.2045535238e-30   3.0962870573e-14   2.5726496363e+05   9.6993390672e-02 
  7.8802919274e+20   3.5982093083e+18   2.7950936541e+61   6.0656492346e-30   3.1000513288e-14   2.2682134301e+05   9.6712826422e-02 
  7.8967126852e+20   1.6420757793e+18   1.2840807334e+61   6.0011202006e-30   3.1012008183e-14   2.1737372522e+05   9.6621986943e-02 
  7.9226202480e+20   2.5907562837e+18   2.0368223589e+61   5.9556039279e-30   3.1020926018e-14   2.1336640574e+05   9.6590607752e-02 
  7.9876790153e+20   6.5058767269e+18   5.1738617567e+61   5.8803856767e-30   3.1037456192e-14   2.0668183355e+05   9.6584528542e-02 
  8.0391740491e+20   5.1495033824e+18   4.1554037324e+61   5.7950776364e-30   3.1056131779e-14   2.0017685108e+05   9.6582050330e-02 
  8.0758985384e+20   3.6724489254e+18   2.9962008381e+61   5.7398784372e-30   3.1068946888e-14   2.0027320120e+05   9.6581724508e-02 
  8.1099218250e+20   3.4023286665e+18   2.8002461508e+61   5.7054517046e-30   3.1077397094e-14   2.0054920086e+05   9.6581674920e-02 
  8.1467414619e+20   3.6819636898e+18   3.0569823960e+61   5.6796670805e-30   3.1084580611e-14   2.0463618081e+05   9.6581671611e-02 
  8.1801147317e+20   3.3373269766e+18   2.7948234052e+61   5.6620624538e-30   3.1090163925e-14   2.1175211912e+05   9.6581671429e-02 
  8.3075377083e+20   1.2742297662e+19   1.0882380655e+62   5.6395235951e-30   3.1100854178e-14   2.3237653275e+05   9.6581671422e-02 
  8.4294782119e+20   1.2194050357e+19   1.0731528902e+62   5.6116677570e-30   3.1116469917e-14   2.6385743186e+05   9.6581671417e-02 
  8.4736321045e+20   4.4153892563e+18   3.9632649705e+61   5.5959890339e-30   3.1127609287e-14   2.8158947351e+05   9.6581671415e-02 
  8.5037430706e+20   3.0110966133e+18   2.7265666011e+61   5.5901942855e-30   3.1133512785e-14   2.8469929459e+05   9.6581671414e-02 
  8.5327116990e+20   2.8968628436e+18   2.6414152067e+61   5.5874935115e-30   3.1138816478e-14   2.8561254034e+05   9.6581671408e-02 
  8.5630349734e+20   3.0323274354e+18   2.7842137309e+61   5.5863866697e-30   3.1144486282e-14   2.8568296380e+05   9.6581671355e-02 
  8.6733900049e+20   1.1035503148e+19   1.0300121143e+62   5.5864463834e-30   3.1159146842e-14   2.8476426436e+05   9.6581671167e-02 
  8.7454875793e+20   7.2097574407e+18   6.8724777231e+61   5.5885703345e-30   3.1181530899e-14   2.7886360411e+05   9.6581670348e-02 
  8.7756893664e+20   3.0201787139e+18   2.9127921555e+61   5.5911501498e-30   3.1199731494e-14   2.6562826098e+05   9.6581668265e-02 
  8.8147250496e+20   3.9035683234e+18   3.7945869881e+61   5.5936617349e-30   3.1213695446e-14   2.5400882184e+05   9.6581647425e-02 
  8.8840492182e+20   6.9324168525e+18   6.8221795232e+61   5.5981527722e-30   3.1237413705e-14   2.3215496274e+05   9.6581579539e-02 
  8.9545130541e+20   7.0463835890e+18   7.0443043352e+61   5.6035278929e-30   3.1266172605e-14   2.0602392043e+05   9.6581062123e-02 
  9.0496324743e+20   9.5119420244e+18   9.6865279817e+61   5.6084567739e-30   3.1295020813e-14   1.8714812567e+05   9.6579690859e-02 
  9.1526098478e+20   1.0297737353e+19   1.0718798339e+62   5.6126438527e-30   3.1322700937e-14   1.7584956740e+05   9.6577299230e-02 
  9.2540888385e+20   1.0147899071e+19   1.0801453941e+62   5.6150290329e-30   3.1344659670e-14   1.7745908570e+05   9.6575866969e-02 
  9.4139022728e+20   1.5981343431e+19   1.7497215361e+62   5.6148883733e-30   3.1360150407e-14   1.9840014102e+05   9.6570752059e-02 
  9.5576319494e+20   1.4372967658e+19   1.6252101917e+62   5.6124071781e-30   3.1371189588e-14   2.3022881465e+05   9.6556790240e-02 
  9.6876299950e+20   1.2999804557e+19   1.5126587159e+62   5.6086612638e-30   3.1387631884e-14   2.5149564738e+05   9.6526281266e-02 
  9.8152046787e+20   1.2757468368e+19   1.5244600428e+62   5.6027320616e-30   3.1409827762e-14   2.4836155308e+05   9.6439748014e-02 
  9.9798377251e+20   1.6463304643e+19   2.0267014278e+62   5.5936767502e-30   3.1456362310e-14   2.0650319031e+05   9.6110988343e-02 
  1.0102520794e+21   1.2268306841e+19   1.5544234408e+62   5.5823357831e-30   3.1520659298e-14   1.2961270437e+05   9.5052455811e-02 
  1.0197985323e+21   9.5464529702e+18   1.2359725984e+62   5.5663141194e-30   3.1549846582e-14   1.0395435913e+05   9.1903375640e-02 
  1.0249498870e+21   5.1513546775e+18   6.7663117951e+61   5.5494927335e-30   3.1559452779e-14   1.0440352994e+05   8.8172481332e-02 
  1.0319793129e+21   7.0294258924e+18   9.3435111232e+61   5.5261730655e-30   3.1561393229e-14   1.1461872743e+05   8.1767763325e-02 
  1.0348048503e+21   2.8255373792e+18   3.7917653223e+61   5.5022441022e-30   3.1560481380e-14   1.2587658272e+05   7.6504209050e-02 
  1.0377948369e+21   2.9899866212e+18   4.0350625889e+61   5.4805022309e-30   3.1557695768e-14   1.3725128070e+05   7.3866518965e-02 
  1.0434133290e+21   5.6184920865e+18   7.6454269609e+61   5.4377089788e-30   3.1553256039e-14   1.5454909197e+05   7.3531389801e-02 
  1.0474327808e+21   4.0194518354e+18   5.5202834095e+61   5.3877267297e-30   3.1547117439e-14   1.7584405281e+05   7.3371470063e-02 
  1.0510328148e+21   3.6000339874e+18   4.9803585084e+61   5.3524709333e-30   3.1543985232e-14   1.8868686548e+05   7.3320773093e-02 
  1.0558622462e+21   4.8294314423e+18   6.7349201143e+61   5.3217008220e-30   3.1542388151e-14   1.9997836522e+05   7.3314378318e-02 
  1.0611187826e+21   5.2565363673e+18   7.4008971853e+61   5.2921718341e-30   3.1542058274e-14   2.1049557773e+05   7.3313132862e-02 
  1.0660798710e+21   4.9610883521e+18   7.0525101593e+61   5.2690448202e-30   3.1544590959e-14   2.1632151432e+05   7.3313019415e-02 
  1.0767707828e+21   1.0690911798e+19   1.5422402395e+62   5.2443026506e-30   3.1552201870e-14   2.1730918455e+05   7.3313013224e-02 
  1.0852888947e+21   8.5181118935e+18   1.2509236830e+62   5.2200885506e-30   3.1566654079e-14   2.0647459500e+05   7.3313011922e-02 
  1.0909458067e+21   5.6569120271e+18   8.4166978730e+61   5.2077647094e-30   3.1592041339e-14   1.7015589069e+05   7.3313011764e-02 
  1.1043236504e+21   1.3377843740e+19   2.0254290644e+62   5.2004480074e-30   3.1635014123e-14   1.0436242256e+05   7.3313011664e-02 
  1.1152700617e+21   1.0946411261e+19   1.6942290576e+62   5.1948159243e-30   3.1682050735e-14   3.5098701325e+04   7.3313011308e-02 
  1.1292082965e+21   1.3938234839e+19   2.2059419377e+62   5.1903937989e-30   3.1704343414e-14   1.2280878527e+04   7.3313009300e-02 
  1.1390634719e+21   9.8551753863e+18   1.5929683164e+62   5.1869711636e-30   3.1710535717e-14   2.2637978061e+04   7.3312999881e-02 
  1.1484574027e+21   9.3939308072e+18   1.5442933552e+62   5.1831261179e-30   3.1690789365e-14   6.9527746831e+04   7.3312944900e-02 
  1.1659706268e+21   1.7513224069e+19   2.9472136947e+62   5.1781218806e-30   3.1645539520e-14   1.7008805706e+05   7.3312808700e-02 
  1.1778204824e+21   1.1849855575e+19   2.0450523764e+62   5.1764287684e-30   3.1612167099e-14   2.4814283072e+05   7.3312520703e-02 
  1.1892494293e+21   1.1428946988e+19   2.0117853254e+62   5.1804662738e-30   3.1611435420e-14   2.5602802730e+05   7.3311335253e-02 
  1.1989936742e+21   9.7442448617e+18   1.7460534574e+62   5.1900795382e-30   3.1636391819e-14   2.1049317176e+05   7.3305621203e-02 
  1.2069323939e+21   7.9387196536e+18   1.4436651406e+62   5.2068573199e-30   3.1700113923e-14   9.1589851738e+04   7.3286948524e-02 
  1.2242843202e+21   1.7351926329e+19   3.2221984723e+62   5.2414001017e-30   3.1790480826e-14  -7.5568537697e+04   7.3233222892e-02 
  1.2358618791e+21   1.1577558934e+19   2.2013642669e+62   5.2891820726e-30   3.1863869503e-14  -2.1062993611e+05   7.3124150842e-02 
  1.2412643784e+21   5.4024992327e+18   1.0414575215e+62   5.3263898659e-30   3.1873410169e-14  -2.2204234951e+05   7.2966928527e-02 
  1.2474553177e+21   6.1909393337e+18   1.2046455663e+62   5.3704050209e-30   3.1857819822e-14  -1.9241951335e+05   7.2243927687e-02 
  1.2516620007e+21   4.2066829775e+18   8.2539789156e+61   5.4286089276e-30   3.1821624001e-14  -1.2412831070e+05   7.1115418108e-02 
  1.2562795746e+21   4.6175739165e+18   9.1242893594e+61   5.5098212959e-30   3.1778320837e-14  -4.3409049227e+04   6.9668914187e-02 
  1.2595029947e+21   3.2234201512e+18   6.4093388785e+61   5.6170020164e-30   3.1735350155e-14   3.5480059695e+04   6.8930304478e-02 
  1.2665270153e+21   7.0240206050e+18   1.4080360706e+62   5.8370713134e-30   3.1672065650e-14   1.4821830181e+05   6.8648104634e-02 
  1.2711809717e+21   4.6539563138e+18   9.4157724620e+61   6.1591318807e-30   3.1608652975e-14   2.5484445673e+05   6.8520981081e-02 
  1.2788039620e+21   7.6229903616e+18   1.5572264293e+62   6.6658009347e-30   3.1579865976e-14   2.9957394447e+05   6.8470601068e-02 
  1.2823085983e+21   3.5046363054e+18   7.2218827208e+61   7.2920140827e-30   3.1574433544e-14   2.7250014329e+05   6.8453203066e-02 
  1.2846845892e+21   2.3759908355e+18   4.9186304051e+61   7.8710274742e-30   3.1591504089e-14   2.2854732756e+05   6.8447695551e-02 
  1.2874471540e+21   2.7625648651e+18   5.7418116488e+61   8.7627670749e-30   3.1603685015e-14   2.0887756684e+05   6.8445539314e-02 
  1.2884885651e+21   1.0414110672e+18   2.1709115415e+61   9.7577676024e-30   3.1614918523e-14   1.9080791131e+05   6.8445218188e-02 
  1.2919994522e+21   3.5108870919e+18   7.3446431049e+61   1.2272893687e-29   3.1629453770e-14   1.6671409465e+05   6.8445124659e-02 
  1.2935147478e+21   1.5152956222e+18   3.1823001962e+61   1.5953678073e-29   3.1645015081e-14   1.3852598711e+05   6.8443865651e-02 
  1.2947597148e+21   1.2449669489e+18   2.6201634427e+61   1.9669364727e-29   3.1659497370e-14   1.2016130803e+05   6.8423269306e-02 
  1.3000511642e+21   5.2914494789e+18   1.1192743436e+62   3.5733821825e-29   3.1688541582e-14   6.8005628334e+04   6.7456973323e-02 
  1.3021011208e+21   2.0499565169e+18   4.3607383545e+61   6.7268521239e-29   3.1761440443e-14  -3.3620628900e+04   6.3308293490e-02 
  1.3059867011e+21   3.8855803287e+18   8.3032957738e+61   1.7150958866e-28   3.1860697804e-14  -9.6784094592e+04   4.5292930032e-02 
  1.3077672125e+21   1.7805114160e+18   3.8214140376e+61   6.4073486580e-28   3.2511582291e-14  -1.1356978512e+05   3.1075904101e-02 
  1.3097577072e+21   1.9904946545e+18   4.2844257616e+61   7.7877500120e-27   3.1725267731e-14  -5.5975349975e+04   2.2731353978e-02 
  1.3100272673e+21   2.6956015230e+17   5.8121506311e+60   2.1217709502e-26   3.1340352377e-14  -5.8490025761e+04   2.1152752703e-02 
  1.3103264906e+21   2.9922325061e+17   6.4545365524e+60   4.0871225254e-26   3.1850474814e-14  -6.3702238590e+04   2.0856283117e-02 
  1.3112688171e+21   9.4232654382e+17   2.0346167623e+61   5.8377864399e-26   3.1645739367e-14  -6.2792416392e+04   2.0409594490e-02 
  1.3126851948e+21   1.4163776741e+18   3.0636660629e+61   6.2657161747e-26   3.1420237285e-14  -6.6985746851e+04   2.0089704635e-02 
  1.3264313019e+21   1.3746107166e+19   3.0078117273e+62   6.3627950888e-26   3.1199756030e-14  -6.9534836199e+04   2.0050348475e-02 
  1.3373887680e+21   1.0957466078e+19   2.4427118003e+62   7.5532233715e-25   3.1476005957e-14  -6.2610046231e+04   2.0035430152e-02 
  1.3492433160e+21   1.1854547952e+19   2.6881536128e+62   7.7762983573e-25   3.1796051753e-14  -5.9600988830e+04   2.0032040039e-02 
  1.3623170966e+21   1.3073780662e+19   3.0199030601e+62   7.9466930143e-25   3.2048806093e-14  -5.7320379924e+04   2.0028741314e-02 
  1.3760105730e+21   1.3693476369e+19   3.2258044675e+62   8.0775045255e-25   3.2234500981e-14  -5.5902640816e+04   2.0028361407e-02 
  1.3957462436e+21   1.9735670628e+19   4.7634251906e+62   8.2759074065e-25   3.2521474908e-14  -5.4253881729e+04   2.0022763010e-02 
  1.4163837425e+21   2.0637498884e+19   5.1272620541e+62   8.5358767346e-25   3.2874757652e-14  -5.0939764948e+04   2.0022423935e-02 
  1.4296952473e+21   1.3311504745e+19   3.3874593271e+62   8.9037759989e-25   3.3382588554e-14  -4.7541126641e+04   2.0014616184e-02 
  1.4426467158e+21   1.2951468531e+19   3.3569441559e+62   9.2178811301e-25   3.3793123706e-14  -4.3459241562e+04   2.0014405691e-02 
  1.4605847138e+21   1.7937998049e+19   4.7499898885e+62   9.7042661982e-25   3.4513962746e-14  -3.8103197565e+04   2.0005292894e-02 
  1.4750134895e+21   1.4428775651e+19   3.9063942962e+62   1.0257785898e-24   3.5324101026e-14  -3.2157931605e+04   2.0001242561e-02 
  1.4889469853e+21   1.3933495848e+19   3.8455457299e+62   1.0747350794e-24   3.6019838812e-14  -2.7427107772e+04   2.0000447089e-02 
  1.5032225859e+21   1.4275600591e+19   4.0153181382e+62   1.1242884592e-24   3.6708636737e-14  -2.3049927274e+04   2.0000172797e-02 
  1.5174028640e+21   1.4180278096e+19   4.0647287141e+62   1.1754182098e-24   3.7431093464e-14  -1.8813187669e+04   2.0000059353e-02 
  1.5310046919e+21   1.3601827893e+19   3.9709652720e+62   1.2288308487e-24   3.8228773153e-14  -1.4540084060e+04   2.0000019174e-02 
  1.5437472337e+21   1.2742541803e+19   3.7846749905e+62   1.2855216574e-24   3.9058840755e-14  -1.0087423757e+04   2.0000006016e-02 
  1.5555710123e+21   1.1823778587e+19   3.5681295496e+62   1.3452055921e-24   3.9915010396e-14  -5.6334057677e+03   2.0000001770e-02 
  1.5666767522e+21   1.1105739929e+19   3.4012137805e+62   1.4064814204e-24   4.0776920460e-14  -1.2888061088e+03   2.0000000505e-02 
  1.5770929975e+21   1.0416245249e+19   3.2341795007e+62   1.4662822764e-24   4.1600562820e-14   2.7607520445e+03   2.0000000135e-02 
  1.5869169457e+21   9.8239482172e+18   3.0896765179e+62   1.5219377625e-24   4.2401541236e-14   6.3817372253e+03   2.0000000035e-02 
  1.5959781210e+21   9.0611752723e+18   2.8839001475e+62   1.5767470058e-24   4.3193148722e-14   9.8291920234e+03   2.0000000008e-02 
  1.6042786908e+21   8.3005698547e+18   2.6707203566e+62   1.6303552475e-24   4.3956643725e-14   1.3104982912e+04   2.0000000002e-02 
  1.6121148711e+21   7.8361802913e+18   2.5467922508e+62   1.6839699686e-24   4.4710200402e-14   1.6220232122e+04   2.0000000000e-02 
  1.6195767050e+21   7.4618339234e+18   2.4482515362e+62   1.7375270511e-24   4.5453408307e-14   1.9264542444e+04   2.0000000000e-02 
  1.6265209872e+21   6.9442822018e+18   2.2987993646e+62   1.7911192956e-24   4.6187967107e-14   2.2171914964e+04   2.0000000000e-02 
  1.6330896285e+21   6.5686412647e+18   2.1925901153e+62   1.8436814947e-24   4.6900103094e-14   2.4940082216e+04   2.0000000000e-02 
  1.6393808205e+21   6.2911920323e+18   2.1165806259e+62   1.8957001865e-24   4.7597247351e-14   2.7580811279e+04   2.0000000000e-02 
  1.6454899253e+21   6.1091047764e+18   2.0709257018e+62   1.9470019108e-24   4.8287046144e-14   3.0118254989e+04   2.0000000000e-02 
  1.6519250286e+21   6.4351032821e+18   2.1981288786e+62   2.0039155604e-24   4.9088374580e-14   3.2810646430e+04   2.0000000000e-02 
  1.6585066221e+21   6.5815935265e+18   2.2659522469e+62   2.0750453055e-24   5.0077518531e-14   3.6353214397e+04   2.0000000000e-02 
  1.6647941310e+21   6.2875089141e+18   2.1815656995e+62   2.1449156452e-24   5.0792442943e-14   3.9230240273e+04   2.0000000000e-02 
  1.6708930310e+21   6.0988999610e+18   2.1319278032e+62   2.1975553422e-24   5.1504943888e-14   4.1347227419e+04   2.0000000000e-02 
  1.6769240690e+21   6.0310379647e+18   2.1235664310e+62   2.2517509583e-24   5.2219714968e-14   4.3574969095e+04   2.0000000000e-02 
  1.6828740896e+21   5.9500206411e+18   2.1100617966e+62   2.3102276447e-24   5.2983182930e-14   4.5914233590e+04   2.0000000000e-02 
  1.6886136829e+21   5.7395932694e+18   2.0496258405e+62   2.3718917386e-24   5.3780644090e-14   4.8336404540e+04   2.0000000000e-02 
  1.6939244486e+21   5.3107656959e+18   1.9089421750e+62   2.4347455904e-24   5.4585629673e-14   5.0723804275e+04   2.0000000000e-02 
  1.6989685896e+21   5.0441409892e+18   1.8242222435e+62   2.4947902987e-24   5.5348628736e-14   5.2945669416e+04   2.0000000000e-02 
  1.7037550096e+21   4.7864200175e+18   1.7410622992e+62   2.5480895447e-24   5.6020161784e-14   5.4834751859e+04   2.0000000000e-02 
  1.7081164588e+21   4.3614491847e+18   1.5950204307e+62   2.5949869052e-24   5.6606303173e-14   5.6434116188e+04   2.0000000000e-02 
  1.7122742243e+21   4.1577655146e+18   1.5281342475e+62   2.6378742279e-24   5.7170100275e-14   5.7863204922e+04   2.0000000000e-02 
  1.7163568636e+21   4.0826393436e+18   1.5077613683e+62   2.6804679015e-24   5.7729080368e-14   5.9278642655e+04   2.0000000000e-02 
  1.7203673519e+21   4.0104883090e+18   1.4881156722e+62   2.7238978103e-24   5.8295849887e-14   6.0698139893e+04   2.0000000000e-02 
  1.7241923832e+21   3.8250313091e+18   1.4257798964e+62   2.7674110180e-24   5.8860545686e-14   6.2103338529e+04   2.0000000000e-02 
  1.7276057225e+21   3.4133392367e+18   1.2776745361e+62   2.8089946852e-24   5.9397317455e-14   6.3423902378e+04   2.0000000000e-02 
  1.7308363633e+21   3.2306408432e+18   1.2139469081e+62   2.8482744001e-24   5.9901814162e-14   6.4656970285e+04   2.0000000000e-02 
  1.7340133784e+21   3.1770150689e+18   1.1982241824e+62   2.8872269202e-24   6.0399833905e-14   6.5862214351e+04   2.0000000000e-02 
  1.7371684258e+21   3.1550473645e+18   1.1942922025e+62   2.9267489921e-24   6.0902752348e-14   6.7067461066e+04   2.0000000000e-02 
  1.7403062028e+21   3.1377770881e+18   1.1920652232e+62   2.9669751168e-24   6.1412203669e-14   6.8278991148e+04   2.0000000000e-02 
  1.7434272951e+21   3.1210922545e+18   1.1899985819e+62   3.0079641870e-24   6.1928830138e-14   6.9494918977e+04   2.0000000000e-02 
  1.7465310943e+21   3.1037991820e+18   1.1876380394e+62   3.0496156273e-24   6.2451312924e-14   7.0715063585e+04   2.0000000000e-02 
  1.7496144302e+21   3.0833359021e+18   1.1839948904e+62   3.0919636412e-24   6.2980006819e-14   7.1935057501e+04   2.0000000000e-02 
  1.7526525578e+21   3.0381275823e+18   1.1707239157e+62   3.1347272985e-24   6.3511346663e-14   7.3149500295e+04   2.0000000000e-02 
  1.7555318174e+21   2.8792596112e+18   1.1132574633e+62   3.1769149515e-24   6.4033075801e-14   7.4328647593e+04   2.0000000000e-02 
  1.7580011290e+21   2.4693115770e+18   9.5766562143e+61   3.2157666273e-24   6.4511419373e-14   7.5398651927e+04   2.0000000000e-02 
  1.7603039737e+21   2.3028447765e+18   8.9553300482e+61   3.2509771714e-24   6.4943339689e-14   7.6358990868e+04   2.0000000000e-02 
  1.7625647421e+21   2.2607683843e+18   8.8145251523e+61   3.2852258768e-24   6.5361982012e-14   7.7282693543e+04   2.0000000000e-02 
  1.7647898286e+21   2.2250864921e+18   8.6975125102e+61   3.3194761486e-24   6.5779122097e-14   7.8197818092e+04   2.0000000000e-02 
  1.7668889078e+21   2.0990792244e+18   8.2250990231e+61   3.3530758477e-24   6.6186875051e-14   7.9088626352e+04   2.0000000000e-02 
  1.7686974830e+21   1.8085751407e+18   7.1024694559e+61   3.3839641575e-24   6.6560606076e-14   7.9897067590e+04   2.0000000000e-02 
  1.7706290884e+21   1.9316054604e+18   7.6016805206e+61   3.4134298974e-24   6.6916234753e-14   8.0658283946e+04   2.0000000000e-02 
  1.7723936113e+21   1.7645228926e+18   6.9586513161e+61   3.4421336580e-24   6.7261807764e-14   8.1386870924e+04   2.0000000000e-02 
  1.7743130426e+21   1.9194313074e+18   7.5853046603e+61   3.4702542330e-24   6.7599780821e-14   8.2084349656e+04   2.0000000000e-02 
  1.7760646138e+21   1.7515711496e+18   6.9362828506e+61   3.4973426821e-24   6.7924617321e-14   8.2739232497e+04   2.0000000000e-02 
  1.7779684003e+21   1.9037864926e+18   7.5545929816e+61   3.5230241985e-24   6.8231880989e-14   8.3339529143e+04   2.0000000000e-02 
  1.7797072709e+21   1.7388706041e+18   6.9143264584e+61   3.5470393766e-24   6.8518717715e-14   8.3884503141e+04   2.0000000000e-02 
  1.7815860615e+21   1.8787905792e+18   7.4858958406e+61   3.5697659391e-24   6.8789863834e-14   8.4381050872e+04   2.0000000000e-02 
  1.7831813383e+21   1.5952768106e+18   6.3686641768e+61   3.5909464010e-24   6.9049233890e-14   8.4842081018e+04   2.0000000000e-02 
  1.7846454692e+21   1.4641308856e+18   5.8551405935e+61   3.6098574861e-24   6.9285402331e-14   8.5252448887e+04   2.0000000000e-02 
  1.7860999168e+21   1.4544476257e+18   5.8259365590e+61   3.6283637101e-24   6.9516105563e-14   8.5660015848e+04   2.0000000000e-02 
  1.7875209806e+21   1.4210638473e+18   5.7013859959e+61   3.6473077246e-24   6.9751895722e-14   8.6074547403e+04   2.0000000000e-02 
  1.7888172587e+21   1.2962781166e+18   5.2086509383e+61   3.6655909821e-24   6.9979129308e-14   8.6482276269e+04   2.0000000000e-02 
  1.7897014201e+21   8.8416139003e+17   3.5570339019e+61   3.6807053548e-24   7.0166727054e-14   8.6815106077e+04   2.0000000000e-02 
  1.7904409980e+21   7.3957786653e+17   2.9780664967e+61   3.6920761611e-24   7.0307717780e-14   8.7069951850e+04   2.0000000000e-02 
  1.7911526805e+21   7.1168251554e+17   2.8680637765e+61   3.7024946471e-24   7.0436793363e-14   8.7299495427e+04   2.0000000000e-02 
  1.7918673822e+21   7.1470168372e+17   2.8825255376e+61   3.7127719082e-24   7.0564017355e-14   8.7529673384e+04   2.0000000000e-02 
  1.7925850593e+21   7.1767712378e+17   2.8968407877e+61   3.7233017853e-24   7.0694263655e-14   8.7761505342e+04   2.0000000000e-02 
  1.7933030966e+21   7.1803730302e+17   2.9006168470e+61   3.7338702687e-24   7.0824878761e-14   8.7997823275e+04   2.0000000000e-02 
  1.7940201546e+21   7.1705800930e+17   2.8989798347e+61   3.7446295930e-24   7.0957742391e-14   8.8234321908e+04   2.0000000000e-02 
  1.7947363097e+21   7.1615506463e+17   2.8976432924e+61   3.7553839516e-24   7.1090429443e-14   8.8474067299e+04   2.0000000000e-02 
  1.7954516333e+21   7.1532357422e+17   2.8965883825e+61   3.7663084621e-24   7.1225101489e-14   8.8713708266e+04   2.0000000000e-02 
  1.7961662542e+21   7.1462088664e+17   2.8960485320e+61   3.7772310091e-24   7.1359631397e-14   8.8956379549e+04   2.0000000000e-02 
  1.7968801780e+21   7.1392381661e+17   2.8955255921e+61   3.7883210230e-24   7.1496105873e-14   8.9198911467e+04   2.0000000000e-02 
  1.7975933872e+21   7.1320921153e+17   2.8949256226e+61   3.7994111681e-24   7.1632459598e-14   8.9444322940e+04   2.0000000000e-02 
  1.7983058421e+21   7.1245489428e+17   2.8941582744e+61   3.8106597102e-24   7.1770640922e-14   8.9689615667e+04   2.0000000000e-02 
  1.7990175436e+21   7.1170155443e+17   2.8933885249e+61   3.8219110587e-24   7.1908733490e-14   8.9937537315e+04   2.0000000000e-02 
  1.7997284804e+21   7.1093673587e+17   2.8925656888e+61   3.8333155452e-24   7.2048582239e-14   9.0185258792e+04   2.0000000000e-02 
  1.8004386606e+21   7.1018020488e+17   2.8917701383e+61   3.8447221607e-24   7.2188329452e-14   9.0435466096e+04   2.0000000000e-02 
  1.8011480654e+21   7.0940487348e+17   2.8908915523e+61   3.8562683135e-24   7.2329666804e-14   9.0685467170e+04   2.0000000000e-02 
  1.8018567007e+21   7.0863522758e+17   2.8900295919e+61   3.8678332612e-24   7.2471098248e-14   9.0937451661e+04   2.0000000000e-02 
  1.8025645534e+21   7.0785268278e+17   2.8891084500e+61   3.8795034584e-24   7.2613699499e-14   9.1189585676e+04   2.0000000000e-02 
  1.8032716162e+21   7.0706284232e+17   2.8881508601e+61   3.8912185860e-24   7.2756712277e-14   9.1442919558e+04   2.0000000000e-02 
  1.8039778876e+21   7.0627134777e+17   2.8871798026e+61   3.9030026543e-24   7.2900445597e-14   9.1696738738e+04   2.0000000000e-02 
  1.8046833597e+21   7.0547219215e+17   2.8861706740e+61   3.9148448629e-24   7.3044756438e-14   9.1951019858e+04   2.0000000000e-02 
  1.8053880328e+21   7.0467304196e+17   2.8851547802e+61   3.9267332541e-24   7.3189478050e-14   9.2205667400e+04   2.0000000000e-02 
  1.8060919131e+21   7.0388027166e+17   2.8841582535e+61   3.9386505485e-24   7.3334436863e-14   9.2460142376e+04   2.0000000000e-02 
  1.8067949931e+21   7.0308001666e+17   2.8831243014e+61   3.9506020200e-24   7.3480254363e-14   9.2714126673e+04   2.0000000000e-02 
  1.8074972654e+21   7.0227231042e+17   2.8820529685e+61   3.9626643628e-24   7.3627227082e-14   9.2971775118e+04   2.0000000000e-02 
  1.8081987081e+21   7.0144270836e+17   2.8808848143e+61   3.9748986238e-24   7.3775570446e-14   9.3230487489e+04   2.0000000000e-02 
  1.8088993169e+21   7.0060884699e+17   2.8796920818e+61   3.9871879065e-24   7.3924447090e-14   9.3491449853e+04   2.0000000000e-02 
  1.8095990794e+21   6.9976242699e+17   2.8784405679e+61   3.9995929277e-24   7.4074600503e-14   9.3752789487e+04   2.0000000000e-02 
  1.8102979979e+21   6.9891850654e+17   2.8771921292e+61   4.0120286087e-24   7.4224989426e-14   9.4015410484e+04   2.0000000000e-02 
  1.8109960587e+21   6.9806085396e+17   2.8758799036e+61   4.0245591597e-24   7.4376386729e-14   9.4277855462e+04   2.0000000000e-02 
  1.8116932672e+21   6.9720847691e+17   2.8745821190e+61   4.0371067074e-24   7.4527872510e-14   9.4541243847e+04   2.0000000000e-02 
  1.8123896151e+21   6.9634793520e+17   2.8732433682e+61   4.0497481109e-24   7.4680348317e-14   9.4804292182e+04   2.0000000000e-02 
  1.8130851058e+21   6.9549065757e+17   2.8719107626e+61   4.0624067685e-24   7.4832884323e-14   9.5068390002e+04   2.0000000000e-02 
  1.8137797347e+21   6.9462886291e+17   2.8705521797e+61   4.0751663848e-24   7.4986489974e-14   9.5332247162e+04   2.0000000000e-02 
  1.8144734992e+21   6.9376458279e+17   2.8691759712e+61   4.0879494914e-24   7.5140230088e-14   9.5597316809e+04   2.0000000000e-02 
  1.8151663911e+21   6.9289183717e+17   2.8677573498e+61   4.1008391503e-24   7.5295103507e-14   9.5862318733e+04   2.0000000000e-02 
  1.8158584110e+21   6.9201994283e+17   2.8663348171e+61   4.1137588228e-24   7.5450188499e-14   9.6128620454e+04   2.0000000000e-02 
  1.8165495507e+21   6.9113972329e+17   2.8648703359e+61   4.1267856336e-24   7.5606411673e-14   9.6394948715e+04   2.0000000000e-02 
  1.8172398100e+21   6.9025925820e+17   2.8633973346e+61   4.1398459685e-24   7.5762887071e-14   9.6662521428e+04   2.0000000000e-02 
  1.8179291846e+21   6.8937459264e+17   2.8618993897e+61   4.1530093173e-24   7.5920448004e-14   9.6930129766e+04   2.0000000000e-02 
  1.8186176705e+21   6.8848589431e+17   2.8603771495e+61   4.1662082656e-24   7.6078283374e-14   9.7198852962e+04   2.0000000000e-02 
  1.8193052591e+21   6.8758857643e+17   2.8588114900e+61   4.1795049597e-24   7.6237136819e-14   9.7467613746e+04   2.0000000000e-02 
  1.8199919476e+21   6.8668848594e+17   2.8572266450e+61   4.1928401427e-24   7.6396296046e-14   9.7737376195e+04   2.0000000000e-02 
  1.8206777113e+21   6.8576373684e+17   2.8555314161e+61   4.2062690545e-24   7.6556420803e-14   9.8007211861e+04   2.0000000000e-02 
  1.8213625478e+21   6.8483655635e+17   2.8538181583e+61   4.2197400305e-24   7.6716891167e-14   9.8277970879e+04   2.0000000000e-02 
  1.8220464526e+21   6.8390479141e+17   2.8520778637e+61   4.2333019018e-24   7.6878289262e-14   9.8548853709e+04   2.0000000000e-02 
  1.8227294309e+21   6.8297826178e+17   2.8503514778e+61   4.2469095645e-24   7.7040074897e-14   9.8820602759e+04   2.0000000000e-02 
  1.8234114754e+21   6.8204450090e+17   2.8485869847e+61   4.2606057147e-24   7.7202755892e-14   9.9092515876e+04   2.0000000000e-02 
  1.8240925879e+21   6.8111247867e+17   2.8468218045e+61   4.2743503327e-24   7.7365853782e-14   9.9365231805e+04   2.0000000000e-02 
  1.8247727962e+21   6.8020829366e+17   2.8451651699e+61   4.2881813088e-24   7.7529817975e-14   9.9638134062e+04   2.0000000000e-02 
  1.8254521441e+21   6.7934792054e+17   2.8436843265e+61   4.3020636703e-24   7.7694230965e-14   9.9911797453e+04   2.0000000000e-02 
  1.8261306326e+21   6.7848848202e+17   2.8422001443e+61   4.3160314119e-24   7.7859494894e-14   1.0018567585e+05   2.0000000000e-02 
  1.8268082318e+21   6.7759922659e+17   2.8405836771e+61   4.3300523531e-24   7.8025226132e-14   1.0046025939e+05   2.0000000000e-02 
  1.8274848996e+21   6.7666779208e+17   2.8387826770e+61   4.3441554283e-24   7.8191766302e-14   1.0073504232e+05   2.0000000000e-02 
  1.8281606024e+21   6.7570279710e+17   2.8368328223e+61   4.3583120122e-24   7.8358774422e-14   1.0101043971e+05   2.0000000000e-02 
  1.8288353221e+21   6.7471975223e+17   2.8347988930e+61   4.3725469444e-24   7.8526543338e-14   1.0128602057e+05   2.0000000000e-02 
  1.8295090544e+21   6.7373222262e+17   2.8327377283e+61   4.3868367695e-24   7.8694793534e-14   1.0156213955e+05   2.0000000000e-02 
  1.8301817928e+21   6.7273846741e+17   2.8306419514e+61   4.4012019533e-24   7.8863766003e-14   1.0183845341e+05   2.0000000000e-02 
  1.8308535395e+21   6.7174668539e+17   2.8285460277e+61   4.4156247115e-24   7.9033248172e-14   1.0211524161e+05   2.0000000000e-02 
  1.8315242920e+21   6.7075245385e+17   2.8264313451e+61   4.4301198855e-24   7.9203414801e-14   1.0239225887e+05   2.0000000000e-02 
  1.8321940465e+21   6.6975450634e+17   2.8242925378e+61   4.4446764892e-24   7.9374133159e-14   1.0266968958e+05   2.0000000000e-02 
  1.8328628014e+21   6.6875492716e+17   2.8221383658e+61   4.4593026335e-24   7.9545498808e-14   1.0294740505e+05   2.0000000000e-02 
  1.8335305526e+21   6.6775119816e+17   2.8199581779e+61   4.4739948282e-24   7.9717467191e-14   1.0322548850e+05   2.0000000000e-02 
  1.8341972946e+21   6.6674199335e+17   2.8177463243e+61   4.4887554308e-24   7.9890065515e-14   1.0350392821e+05   2.0000000000e-02 
  1.8348630266e+21   6.6573200027e+17   2.8155225768e+61   4.5035864901e-24   8.0063315027e-14   1.0378274405e+05   2.0000000000e-02 
  1.8355277428e+21   6.6471619555e+17   2.8132656649e+61   4.5184890491e-24   8.0237225732e-14   1.0406199678e+05   2.0000000000e-02 
  1.8361914386e+21   6.6369584227e+17   2.8109808765e+61   4.5334661498e-24   8.0411831562e-14   1.0434173263e+05   2.0000000000e-02 
  1.8368541120e+21   6.6267338364e+17   2.8086785224e+61   4.5485235481e-24   8.0587167642e-14   1.0462198925e+05   2.0000000000e-02 
  1.8375157585e+21   6.6164644591e+17   2.8063485127e+61   4.5636527558e-24   8.0763095855e-14   1.0490272128e+05   2.0000000000e-02 
  1.8381763762e+21   6.6061775806e+17   2.8040023878e+61   4.5788541480e-24   8.0939688992e-14   1.0518364442e+05   2.0000000000e-02 
  1.8388359666e+21   6.5959038879e+17   2.8016531735e+61   4.5941123490e-24   8.1116766912e-14   1.0546483866e+05   2.0000000000e-02 
  1.8394945252e+21   6.5855857879e+17   2.7992764044e+61   4.6094398953e-24   8.1294471578e-14   1.0574603993e+05   2.0000000000e-02 
  1.8401520539e+21   6.5752868668e+17   2.7968990913e+61   4.6248191913e-24   8.1472597935e-14   1.0602745748e+05   2.0000000000e-02 
  1.8408085514e+21   6.5649755512e+17   2.7945078210e+61   4.6402676633e-24   8.1651345735e-14   1.0630882646e+05   2.0000000000e-02 
  1.8414640164e+21   6.5546495345e+17   2.7921016036e+61   4.6557684397e-24   8.1830517800e-14   1.0659041225e+05   2.0000000000e-02 
  1.8421184488e+21   6.5443244192e+17   2.7896870826e+61   4.6713393172e-24   8.2010318899e-14   1.0687198936e+05   2.0000000000e-02 
  1.8427718481e+21   6.5339928680e+17   2.7872611362e+61   4.6869668326e-24   8.2190590970e-14   1.0715381441e+05   2.0000000000e-02 
  1.8434242110e+21   6.5236292937e+17   2.7848128383e+61   4.7026661085e-24   8.2371508056e-14   1.0743572728e+05   2.0000000000e-02 
  1.8440755387e+21   6.5132765829e+17   2.7823604851e+61   4.7184282865e-24   8.2552965225e-14   1.0771793739e+05   2.0000000000e-02 
  1.8447258275e+21   6.5028883101e+17   2.7798842451e+61   4.7342647127e-24   8.2735092664e-14   1.0800035562e+05   2.0000000000e-02 
  1.8453750757e+21   6.4924813476e+17   2.7773913039e+61   4.7501709306e-24   8.2917836313e-14   1.0828313499e+05   2.0000000000e-02 
  1.8460232821e+21   6.4820646423e+17   2.7748854788e+61   4.7661547761e-24   8.3101285357e-14   1.0856624654e+05   2.0000000000e-02 
  1.8466704424e+21   6.4716025760e+17   2.7723515027e+61   4.7822151183e-24   8.3285424252e-14   1.0884979780e+05   2.0000000000e-02 
  1.8473165536e+21   6.4611123685e+17   2.7697967145e+61   4.7983573694e-24   8.3470313710e-14   1.0913379689e+05   2.0000000000e-02 
  1.8479616142e+21   6.4506056619e+17   2.7672260849e+61   4.8145822428e-24   8.3655959571e-14   1.0941832136e+05   2.0000000000e-02 
  1.8486056185e+21   6.4400428579e+17   2.7646225981e+61   4.8308935045e-24   8.3842403336e-14   1.0970339383e+05   2.0000000000e-02 
  1.8492485646e+21   6.4294608664e+17   2.7620020573e+61   4.8472923739e-24   8.4029656827e-14   1.0998906223e+05   2.0000000000e-02 
  1.8498904489e+21   6.4188436978e+17   2.7593575725e+61   4.8637809092e-24   8.4217741976e-14   1.1027534170e+05   2.0000000000e-02 
  1.8505312668e+21   6.4081789275e+17   2.7566837640e+61   4.8803600777e-24   8.4406667371e-14   1.1056224102e+05   2.0000000000e-02 
  1.8511710175e+21   6.3975062971e+17   2.7539976983e+61   4.8970282128e-24   8.4596278817e-14   1.1084963284e+05   2.0000000000e-02 
  1.8518097021e+21   6.3868460090e+17   2.7513080810e+61   4.9137539349e-24   8.4786276852e-14   1.1113677260e+05   2.0000000000e-02 
  1.8524473231e+21   6.3762100877e+17   2.7486201213e+61   4.9304980497e-24   8.4976297026e-14   1.1142308448e+05   2.0000000000e-02 
  1.8530838864e+21   6.3656338144e+17   2.7459490819e+61   4.9472688856e-24   8.5166410206e-14   1.1170853430e+05   2.0000000000e-02 
  1.8537193921e+21   6.3550561835e+17   2.7432686997e+61   4.9640892875e-24   8.5356875633e-14   1.1199358107e+05   2.0000000000e-02 
  1.8543538377e+21   6.3444567860e+17   2.7405701632e+61   4.9809857394e-24   8.5547979521e-14   1.1227891529e+05   2.0000000000e-02 
  1.8549872217e+21   6.3338392608e+17   2.7378550294e+61   4.9980179074e-24   8.5740404215e-14   1.1256491680e+05   2.0000000000e-02 
  1.8556195556e+21   6.3233391935e+17   2.7351819542e+61   5.0150350132e-24   8.5932680303e-14   1.1284972818e+05   2.0000000000e-02 
  1.8562508889e+21   6.3133330119e+17   2.7327140769e+61   5.0316882566e-24   8.6120813231e-14   1.1312566911e+05   2.0000000000e-02 
  1.8568813052e+21   6.3041627204e+17   2.7306001744e+61   5.0477394193e-24   8.6302119440e-14   1.1338784984e+05   2.0000000000e-02 
  1.8575109118e+21   6.2960667702e+17   2.7289446255e+61   5.0629522321e-24   8.6473947658e-14   1.1363167975e+05   2.0000000000e-02 
  1.8581398401e+21   6.2892830847e+17   2.7278519278e+61   5.0771541136e-24   8.6633983899e-14   1.1385331007e+05   2.0000000000e-02 
  1.8587682272e+21   6.2838704686e+17   2.7273491568e+61   5.0902729240e-24   8.6781664208e-14   1.1405166919e+05   2.0000000000e-02 
  1.8593962010e+21   6.2797382771e+17   2.7273985419e+61   5.1023553056e-24   8.6917550536e-14   1.1422812435e+05   2.0000000000e-02 
  1.8600238721e+21   6.2767105714e+17   2.7279250952e+61   5.1135566192e-24   8.7043364540e-14   1.1438601547e+05   2.0000000000e-02 
  1.8606513136e+21   6.2744156350e+17   2.7287683972e+61   5.1241801781e-24   8.7162413425e-14   1.1453053792e+05   2.0000000000e-02 
  1.8612785555e+21   6.2724181589e+17   2.7297397977e+61   5.1345240506e-24   8.7280051076e-14   1.1467082862e+05   2.0000000000e-02 
  1.8619055872e+21   6.2703174577e+17   2.7306650918e+61   5.1449504553e-24   8.7401472600e-14   1.1481356731e+05   2.0000000000e-02 
  1.8625323653e+21   6.2677809820e+17   2.7313991891e+61   5.1557583206e-24   8.7527164304e-14   1.1496424783e+05   2.0000000000e-02 
  1.8631588347e+21   6.2646940403e+17   2.7318915465e+61   5.1670610653e-24   8.7658507504e-14   1.1512480879e+05   2.0000000000e-02 
  1.8637849351e+21   6.2610040394e+17   2.7321185598e+61   5.1789079593e-24   8.7796085510e-14   1.1529635794e+05   2.0000000000e-02 
  1.8644106016e+21   6.2566644875e+17   2.7320592133e+61   5.1913214598e-24   8.7940164721e-14   1.1547906417e+05   2.0000000000e-02 
  1.8650357728e+21   6.2517125608e+17   2.7317289950e+61   5.2042819748e-24   8.8090518573e-14   1.1567263831e+05   2.0000000000e-02 
  1.8656603919e+21   6.2461907643e+17   2.7311457794e+61   5.2177621027e-24   8.8246824758e-14   1.1587617766e+05   2.0000000000e-02 
  1.8662844054e+21   6.2401355126e+17   2.7303248381e+61   5.2317062833e-24   8.8408431431e-14   1.1608868369e+05   2.0000000000e-02 
  1.8669077701e+21   6.2336467403e+17   2.7293093173e+61   5.2460651045e-24   8.8574756884e-14   1.1630880542e+05   2.0000000000e-02 
  1.8675304482e+21   6.2267812597e+17   2.7281236115e+61   5.2607710764e-24   8.8745009334e-14   1.1653531390e+05   2.0000000000e-02 
  1.8681524097e+21   6.2196149081e+17   2.7268005422e+61   5.2757707603e-24   8.8918559984e-14   1.1676680406e+05   2.0000000000e-02 
  1.8687736331e+21   6.2122338451e+17   2.7253775728e+61   5.2909982614e-24   8.9094636783e-14   1.1700213834e+05   2.0000000000e-02 
  1.8693941016e+21   6.2046845288e+17   2.7238748580e+61   5.3064079787e-24   8.9272703803e-14   1.1724008836e+05   2.0000000000e-02 
  1.8700138042e+21   6.1970258623e+17   2.7223180896e+61   5.3219474913e-24   8.9452145951e-14   1.1747976784e+05   2.0000000000e-02 
  1.8706327368e+21   6.1893260086e+17   2.7207371173e+61   5.3375829167e-24   8.9632565147e-14   1.1772032580e+05   2.0000000000e-02 
  1.8712508938e+21   6.1815707481e+17   2.7191256403e+61   5.3532831419e-24   8.9813594252e-14   1.1796120258e+05   2.0000000000e-02 
  1.8718682779e+21   6.1738406194e+17   2.7175190601e+61   5.3690303030e-24   8.9995023088e-14   1.1820195556e+05   2.0000000000e-02 
  1.8724848882e+21   6.1661026328e+17   2.7159028746e+61   5.3848084340e-24   9.0176662881e-14   1.1844235084e+05   2.0000000000e-02 
  1.8731007270e+21   6.1583887209e+17   2.7142911575e+61   5.4006160851e-24   9.0358487548e-14   1.1868232870e+05   2.0000000000e-02 
  1.8737157947e+21   6.1506768887e+17   2.7126742370e+61   5.4164599760e-24   9.0540575311e-14   1.1892200347e+05   2.0000000000e-02 
  1.8743300927e+21   6.1429799754e+17   2.7110577875e+61   5.4323468631e-24   9.0723001042e-14   1.1916150342e+05   2.0000000000e-02 
  1.8749436187e+21   6.1352596362e+17   2.7094248911e+61   5.4482840749e-24   9.0905848127e-14   1.1940101031e+05   2.0000000000e-02 
  1.8755563741e+21   6.1275538918e+17   2.7077923319e+61   5.4642814445e-24   9.1089228616e-14   1.1964068346e+05   2.0000000000e-02 
  1.8761683530e+21   6.1197894093e+17   2.7061276927e+61   5.4803456766e-24   9.1273219207e-14   1.1988067956e+05   2.0000000000e-02 
  1.8767795552e+21   6.1120221839e+17   2.7044556948e+61   5.4964823553e-24   9.1457884311e-14   1.2012108415e+05   2.0000000000e-02 
  1.8773899761e+21   6.1042088779e+17   2.7027571444e+61   5.5126928060e-24   9.1643239477e-14   1.2036193215e+05   2.0000000000e-02 
  1.8779996142e+21   6.0963811600e+17   2.7010460282e+61   5.5289758279e-24   9.1829271325e-14   1.2060318292e+05   2.0000000000e-02 
  1.8786084664e+21   6.0885215382e+17   2.6993145764e+61   5.5453268900e-24   9.2015928010e-14   1.2084474838e+05   2.0000000000e-02 
  1.8792165329e+21   6.0806654792e+17   2.6975784958e+61   5.5617398664e-24   9.2203139210e-14   1.2108649778e+05   2.0000000000e-02 
  1.8798238104e+21   6.0727747362e+17   2.6958208111e+61   5.5782073418e-24   9.2390819492e-14   1.2132828452e+05   2.0000000000e-02 
  1.8804303017e+21   6.0649130705e+17   2.6940698189e+61   5.5947217437e-24   9.2578882186e-14   1.2156996722e+05   2.0000000000e-02 
  1.8810360050e+21   6.0570329815e+17   2.6923044368e+61   5.6112798228e-24   9.2767359883e-14   1.2181148893e+05   2.0000000000e-02 
  1.8816409216e+21   6.0491662914e+17   2.6905388062e+61   5.6278863986e-24   9.2956232388e-14   1.2205293550e+05   2.0000000000e-02 
  1.8822450509e+21   6.0412923244e+17   2.6887637421e+61   5.6445446900e-24   9.3145534304e-14   1.2229434667e+05   2.0000000000e-02 
  1.8828483920e+21   6.0334111546e+17   2.6869792736e+61   5.6612574734e-24   9.3335296195e-14   1.2253577344e+05   2.0000000000e-02 
  1.8834509440e+21   6.0255199952e+17   2.6851841546e+61   5.6780276603e-24   9.3525550089e-14   1.2277726293e+05   2.0000000000e-02 
  1.8840527067e+21   6.0176272690e+17   2.6833821353e+61   5.6948563640e-24   9.3716273790e-14   1.2301882803e+05   2.0000000000e-02 
  1.8846536787e+21   6.0097194178e+17   2.6815671668e+61   5.7117405143e-24   9.3907464743e-14   1.2326040702e+05   2.0000000000e-02 
  1.8852538602e+21   6.0018151100e+17   2.6797475744e+61   5.7286777319e-24   9.4099097862e-14   1.2350196286e+05   2.0000000000e-02 
  1.8858532497e+21   5.9938955696e+17   2.6779149753e+61   5.7456658907e-24   9.4291148422e-14   1.2374345181e+05   2.0000000000e-02 
  1.8864518479e+21   5.9859814902e+17   2.6760786111e+61   5.7627026622e-24   9.4483589388e-14   1.2398482821e+05   2.0000000000e-02 
  1.8870496560e+21   5.9780810464e+17   2.6742421505e+61   5.7797856409e-24   9.4676392986e-14   1.2422604505e+05   2.0000000000e-02 
  1.8876466734e+21   5.9701737955e+17   2.6723964602e+61   5.7969125692e-24   9.4869532614e-14   1.2446705076e+05   2.0000000000e-02 
  1.8882429009e+21   5.9622751348e+17   2.6705484356e+61   5.8140795769e-24   9.5062967497e-14   1.2470775581e+05   2.0000000000e-02 
  1.8888383393e+21   5.9543838972e+17   2.6686975681e+61   5.8312778152e-24   9.5256596948e-14   1.2494804216e+05   2.0000000000e-02 
  1.8894329915e+21   5.9465223484e+17   2.6668538593e+61   5.8485024755e-24   9.5450364510e-14   1.2518781453e+05   2.0000000000e-02 
  1.8900268617e+21   5.9387019016e+17   2.6650224707e+61   5.8657514836e-24   9.5644245872e-14   1.2542703079e+05   2.0000000000e-02 
  1.8906199495e+21   5.9308780409e+17   2.6631834578e+61   5.8830238434e-24   9.5838229494e-14   1.2566567235e+05   2.0000000000e-02 
  1.8912122609e+21   5.9231145518e+17   2.6613654901e+61   5.9003188839e-24   9.6032307808e-14   1.2590372859e+05   2.0000000000e-02 
  1.8918038000e+21   5.9153900157e+17   2.6595590074e+61   5.9176359512e-24   9.6226473549e-14   1.2614119001e+05   2.0000000000e-02 
  1.8923945609e+21   5.9076096095e+17   2.6577213856e+61   5.9349741045e-24   9.6420716257e-14   1.2637804313e+05   2.0000000000e-02 
  1.8929845541e+21   5.8999322835e+17   2.6559241419e+61   5.9523324283e-24   9.6615025751e-14   1.2661427469e+05   2.0000000000e-02 
  1.8935737869e+21   5.8923273829e+17   2.6541535841e+61   5.9697102043e-24   9.6809394040e-14   1.2684987420e+05   2.0000000000e-02 
  1.8941622498e+21   5.8846289843e+17   2.6523349889e+61   5.9871064998e-24   9.7003810739e-14   1.2708482860e+05   2.0000000000e-02 
  1.8947499491e+21   5.8769927369e+17   2.6505384761e+61   6.0045204795e-24   9.7198266568e-14   1.2731912678e+05   2.0000000000e-02 
  1.8953368940e+21   5.8694490982e+17   2.6487778687e+61   6.0219517174e-24   9.7392756837e-14   1.2755276375e+05   2.0000000000e-02 
  1.8959230826e+21   5.8618861831e+17   2.6470027359e+61   6.0393997991e-24   9.7587277004e-14   1.2778573533e+05   2.0000000000e-02 
  1.8965085247e+21   5.8544210797e+17   2.6452659819e+61   6.0568644428e-24   9.7781824025e-14   1.2801803966e+05   2.0000000000e-02 
  1.8970932166e+21   5.8469187874e+17   2.6435066648e+61   6.0743454478e-24   9.7976395779e-14   1.2824967645e+05   2.0000000000e-02 
  1.8976771636e+21   5.8394705914e+17   2.6417660573e+61   6.0918426393e-24   9.8170990442e-14   1.2848064622e+05   2.0000000000e-02 
  1.8982603853e+21   5.8322167323e+17   2.6401077268e+61   6.1093562668e-24   9.8365610921e-14   1.2871095537e+05   2.0000000000e-02 
  1.8988428786e+21   5.8249333410e+17   2.6384304600e+61   6.1268865229e-24   9.8560259487e-14   1.2894060970e+05   2.0000000000e-02 
  1.8994246479e+21   5.8176929679e+17   2.6367671200e+61   6.1444334271e-24   9.8754936488e-14   1.2916961288e+05   2.0000000000e-02 
  1.9000056846e+21   5.8103668416e+17   2.6350593415e+61   6.1619969539e-24   9.8949641774e-14   1.2939796822e+05   2.0000000000e-02 
  1.9005859900e+21   5.8030537689e+17   2.6333518842e+61   6.1795770678e-24   9.9144375088e-14   1.2962567904e+05   2.0000000000e-02 
  1.9011655788e+21   5.7958878172e+17   2.6317056603e+61   6.1971741149e-24   9.9339140405e-14   1.2985275372e+05   2.0000000000e-02 
  1.9017444695e+21   5.7889074281e+17   2.6301383075e+61   6.2147887346e-24   9.9533944923e-14   1.3007920426e+05   2.0000000000e-02 
  1.9023226860e+21   5.7821651219e+17   2.6286739186e+61   6.2324217334e-24   9.9728797659e-14   1.3030504488e+05   2.0000000000e-02 
  1.9029002441e+21   5.7755810673e+17   2.6272764343e+61   6.2500739070e-24   9.9923707480e-14   1.3053028979e+05   2.0000000000e-02 
  1.9034771507e+21   5.7690655928e+17   2.6259052041e+61   6.2677458384e-24   1.0011868087e-13   1.3075495063e+05   2.0000000000e-02 
  1.9040533987e+21   5.7624800302e+17   2.6244971317e+61   6.2854378356e-24   1.0031372126e-13   1.3097903548e+05   2.0000000000e-02 
  1.9046289752e+21   5.7557651087e+17   2.6230251235e+61   6.3031500000e-24   1.0050882977e-13   1.3120254988e+05   2.0000000000e-02 
  1.9052038689e+21   5.7489371497e+17   2.6214964848e+61   6.3208824855e-24   1.0070400806e-13   1.3142550053e+05   2.0000000000e-02 
  1.9057780725e+21   5.7420358869e+17   2.6199292293e+61   6.3386356678e-24   1.0089926025e-13   1.3164789771e+05   2.0000000000e-02 
  1.9063515821e+21   5.7350960851e+17   2.6183391561e+61   6.3564101983e-24   1.0109459346e-13   1.3186975545e+05   2.0000000000e-02 
  1.9069243982e+21   5.7281612085e+17   2.6167460878e+61   6.3742070044e-24   1.0129001785e-13   1.3209109083e+05   2.0000000000e-02 
  1.9074965215e+21   5.7212327677e+17   2.6151507239e+61   6.3920271675e-24   1.0148554525e-13   1.3231192257e+05   2.0000000000e-02 
  1.9080679550e+21   5.7143346125e+17   2.6135639864e+61   6.4098717574e-24   1.0168118740e-13   1.3253226943e+05   2.0000000000e-02 
  1.9086387012e+21   5.7074620255e+17   2.6119837524e+61   6.4277416696e-24   1.0187695419e-13   1.3275214785e+05   2.0000000000e-02 
  1.9092087626e+21   5.7006139128e+17   2.6104095522e+61   6.4456374449e-24   1.0207285170e-13   1.3297156816e+05   2.0000000000e-02 
  1.9097781426e+21   5.6938007408e+17   2.6088462132e+61   6.4635591506e-24   1.0226888087e-13   1.3319053202e+05   2.0000000000e-02 
  1.9103468437e+21   5.6870108632e+17   2.6072884358e+61   6.4815062390e-24   1.0246503592e-13   1.3340903181e+05   2.0000000000e-02 
  1.9109148686e+21   5.6802491104e+17   2.6057384654e+61   6.4994775302e-24   1.0266130408e-13   1.3362705265e+05   2.0000000000e-02 
  1.9114822203e+21   5.6735165119e+17   2.6041968086e+61   6.5174715049e-24   1.0285766879e-13   1.3384457618e+05   2.0000000000e-02 
  1.9120489003e+21   5.6668000247e+17   2.6026575083e+61   6.5354868221e-24   1.0305411524e-13   1.3406158601e+05   2.0000000000e-02 
  1.9126149117e+21   5.6601138810e+17   2.6011271277e+61   6.5535230476e-24   1.0325063816e-13   1.3427807707e+05   2.0000000000e-02 
  1.9131802562e+21   5.6534447133e+17   2.5995995545e+61   6.5715813451e-24   1.0344724924e-13   1.3449406709e+05   2.0000000000e-02 
  1.9137449360e+21   5.6467982421e+17   2.5980774431e+61   6.5896648383e-24   1.0364398125e-13   1.3470960624e+05   2.0000000000e-02 
  1.9143089530e+21   5.6401697206e+17   2.5965586356e+61   6.6077787009e-24   1.0384088940e-13   1.3492477368e+05   2.0000000000e-02 
  1.9148723081e+21   5.6335512664e+17   2.5950395223e+61   6.6259291667e-24   1.0403804312e-13   1.3513964704e+05   2.0000000000e-02 
  1.9154350024e+21   5.6269429804e+17   2.5935201640e+61   6.6441210748e-24   1.0423549280e-13   1.3535429654e+05   2.0000000000e-02 
  1.9159970356e+21   5.6203318453e+17   2.5919945698e+61   6.6623581765e-24   1.0443332943e-13   1.3556885904e+05   2.0000000000e-02 
  1.9165584051e+21   5.6136955870e+17   2.5904524582e+61   6.6806676234e-24   1.0463191825e-13   1.3578371064e+05   2.0000000000e-02 
  1.9171191068e+21   5.6070167680e+17   2.5888857517e+61   6.6990851513e-24   1.0483151033e-13   1.3599942270e+05   2.0000000000e-02 
  1.9176791322e+21   5.6002535768e+17   2.5872750852e+61   6.7176465127e-24   1.0503249132e-13   1.3621647133e+05   2.0000000000e-02 
  1.9182384711e+21   5.5933898346e+17   2.5856128901e+61   6.7363865388e-24   1.0523523286e-13   1.3643541837e+05   2.0000000000e-02 
  1.9187971091e+21   5.5863800889e+17   2.5838780320e+61   6.7553487283e-24   1.0544019817e-13   1.3665687124e+05   2.0000000000e-02 
  1.9193550282e+21   5.5791902654e+17   2.5820545833e+61   6.7745827353e-24   1.0564791365e-13   1.3688158178e+05   2.0000000000e-02 
  1.9199122051e+21   5.5717694965e+17   2.5801187918e+61   6.7941517999e-24   1.0585904908e-13   1.3711045289e+05   2.0000000000e-02 
  1.9204686104e+21   5.5640524206e+17   2.5780401204e+61   6.8141335616e-24   1.0607442516e-13   1.3734462468e+05   2.0000000000e-02 
  1.9210242068e+21   5.5559647667e+17   2.5757838132e+61   6.8346263443e-24   1.0629508065e-13   1.3758551138e+05   2.0000000000e-02 
  1.9215789482e+21   5.5474134535e+17   2.5733062875e+61   6.8557522885e-24   1.0652230465e-13   1.3783487860e+05   2.0000000000e-02 
  1.9221327758e+21   5.5382758223e+17   2.5705501053e+61   6.8776630867e-24   1.0675769697e-13   1.3809489891e+05   2.0000000000e-02 
  1.9226856180e+21   5.5284222845e+17   2.5674544470e+61   6.9005444553e-24   1.0700321468e-13   1.3836822542e+05   2.0000000000e-02 
  1.9232373846e+21   5.5176661963e+17   2.5639318029e+61   6.9246235147e-24   1.0726124741e-13   1.3865801985e+05   2.0000000000e-02 
  1.9237879725e+21   5.5058787988e+17   2.5599213386e+61   6.9501684435e-24   1.0753457822e-13   1.3896826234e+05   2.0000000000e-02 
  1.9243373184e+21   5.4934595199e+17   2.5556078403e+61   6.9772587168e-24   1.0781896764e-13   1.3929562259e+05   2.0000000000e-02 
  1.9248854770e+21   5.4815854183e+17   2.5515386997e+61   7.0033459096e-24   1.0809106167e-13   1.3960768138e+05   2.0000000000e-02 
  1.9254325658e+21   5.4708883362e+17   2.5480088682e+61   7.0278720433e-24   1.0834637383e-13   1.3989495847e+05   2.0000000000e-02 
  1.9259786791e+21   5.4611332137e+17   2.5449100349e+61   7.0512956167e-24   1.0858979615e-13   1.4016459378e+05   2.0000000000e-02 
  1.9265238866e+21   5.4520741814e+17   2.5421285323e+61   7.0739225392e-24   1.0882459344e-13   1.4042130312e+05   2.0000000000e-02 
  1.9270682394e+21   5.4435286074e+17   2.5395798761e+61   7.0959671629e-24   1.0905304570e-13   1.4066836484e+05   2.0000000000e-02 
  1.9276117764e+21   5.4353696803e+17   2.5372054033e+61   7.1175855035e-24   1.0927680732e-13   1.4090815138e+05   2.0000000000e-02 
  1.9281545270e+21   5.4275057356e+17   2.5349627024e+61   7.1388956239e-24   1.0949712660e-13   1.4114244671e+05   2.0000000000e-02 
  1.9286965123e+21   5.4198534066e+17   2.5328131195e+61   7.1599903634e-24   1.0971498226e-13   1.4137263141e+05   2.0000000000e-02 
  1.9292377484e+21   5.4123608358e+17   2.5307326277e+61   7.1809449018e-24   1.0993116270e-13   1.4159980879e+05   2.0000000000e-02 
  1.9297782459e+21   5.4049755104e+17   2.5286968248e+61   7.2018193602e-24   1.1014629705e-13   1.4182490680e+05   2.0000000000e-02 
  1.9303180117e+21   5.3976580275e+17   2.5266873780e+61   7.2226608920e-24   1.1036088672e-13   1.4204869131e+05   2.0000000000e-02 
  1.9308570497e+21   5.3903795848e+17   2.5246908690e+61   7.2435156724e-24   1.1057571202e-13   1.4227167071e+05   2.0000000000e-02 
  1.9313953589e+21   5.3830919805e+17   2.5226847482e+61   7.2644415273e-24   1.1079119961e-13   1.4249479794e+05   2.0000000000e-02 
  1.9319329367e+21   5.3757784328e+17   2.5206611393e+61   7.2854787202e-24   1.1100762679e-13   1.4271855148e+05   2.0000000000e-02 
  1.9324697769e+21   5.3684016750e+17   2.5186025312e+61   7.3066592074e-24   1.1122531947e-13   1.4294333645e+05   2.0000000000e-02 
  1.9330058722e+21   5.3609533702e+17   2.5165049483e+61   7.3280120816e-24   1.1144457503e-13   1.4316958507e+05   2.0000000000e-02 
  1.9335412140e+21   5.3534171717e+17   2.5143606409e+61   7.3495811778e-24   1.1166582475e-13   1.4339755958e+05   2.0000000000e-02 
  1.9340758048e+21   5.3459082671e+17   2.5122236682e+61   7.3712666637e-24   1.1188825657e-13   1.4362615004e+05   2.0000000000e-02 
  1.9346096709e+21   5.3386613569e+17   2.5102044487e+61   7.3925764941e-24   1.1210681612e-13   1.4384900071e+05   2.0000000000e-02 
  1.9351428588e+21   5.3318788080e+17   2.5083984894e+61   7.4133004379e-24   1.1231925267e-13   1.4406300396e+05   2.0000000000e-02 
  1.9356754240e+21   5.3256522476e+17   2.5068494178e+61   7.4333002343e-24   1.1252416457e-13   1.4426637232e+05   2.0000000000e-02 
  1.9362074311e+21   5.3200703818e+17   2.5055996027e+61   7.4524574903e-24   1.1272034729e-13   1.4445761791e+05   2.0000000000e-02 
  1.9367389476e+21   5.3151655994e+17   2.5046649811e+61   7.4706933778e-24   1.1290699906e-13   1.4463576380e+05   2.0000000000e-02 
  1.9372700454e+21   5.3109777844e+17   2.5040650651e+61   7.4879699269e-24   1.1308373097e-13   1.4480038011e+05   2.0000000000e-02 
  1.9378007922e+21   5.3074679305e+17   2.5037821910e+61   7.5043028887e-24   1.1325069486e-13   1.4495175917e+05   2.0000000000e-02 
  1.9383312529e+21   5.3046064802e+17   2.5038031050e+61   7.5197581398e-24   1.1340867053e-13   1.4509094655e+05   2.0000000000e-02 
  1.9388614841e+21   5.3023127840e+17   2.5040903793e+61   7.5344138265e-24   1.1355889515e-13   1.4521919493e+05   2.0000000000e-02 
  1.9393915398e+21   5.3005567329e+17   2.5046303691e+61   7.5483324116e-24   1.1370147226e-13   1.4533721208e+05   2.0000000000e-02 
  1.9399214666e+21   5.2992680515e+17   2.5053903961e+61   7.5615878415e-24   1.1383715612e-13   1.4544600550e+05   2.0000000000e-02 
  1.9404513054e+21   5.2983880720e+17   2.5063431829e+61   7.5742754843e-24   1.1396692313e-13   1.4554687369e+05   2.0000000000e-02 
  1.9409810883e+21   5.2978288280e+17   2.5074475061e+61   7.5865059163e-24   1.1409190589e-13   1.4564130746e+05   2.0000000000e-02 
  1.9415108404e+21   5.2975211338e+17   2.5086709249e+61   7.5983874946e-24   1.1421321514e-13   1.4573083110e+05   2.0000000000e-02 
  1.9420405780e+21   5.2973759170e+17   2.5099714838e+61   7.6100321699e-24   1.1433200114e-13   1.4581697734e+05   2.0000000000e-02 
  1.9425703102e+21   5.2973223283e+17   2.5113157539e+61   7.6215577701e-24   1.1444946429e-13   1.4590123549e+05   2.0000000000e-02 
  1.9431000326e+21   5.2972235206e+17   2.5126389014e+61   7.6330515220e-24   1.1456851576e-13   1.4598545352e+05   2.0000000000e-02 
  1.9436297187e+21   5.2968607614e+17   2.5138370430e+61   7.6448889767e-24   1.1469351819e-13   1.4607538987e+05   2.0000000000e-02 
  1.9441593161e+21   5.2959745312e+17   2.5147866392e+61   7.6575379722e-24   1.1482693022e-13   1.4617601189e+05   2.0000000000e-02 
  1.9446887628e+21   5.2944672756e+17   2.5154407868e+61   7.6711506233e-24   1.1497042799e-13   1.4628964605e+05   2.0000000000e-02 
  1.9452179920e+21   5.2922913362e+17   2.5157761812e+61   7.6857878609e-24   1.1512468741e-13   1.4641663771e+05   2.0000000000e-02 
  1.9457469416e+21   5.2894963984e+17   2.5158157683e+61   7.7013794672e-24   1.1528898431e-13   1.4655629456e+05   2.0000000000e-02 
  1.9462755564e+21   5.2861479778e+17   2.5155900941e+61   7.7178198579e-24   1.1546220837e-13   1.4670675862e+05   2.0000000000e-02 
  1.9468037923e+21   5.2823591244e+17   2.5151524285e+61   7.7349404095e-24   1.1564257197e-13   1.4686598106e+05   2.0000000000e-02 
  1.9473316152e+21   5.2782285654e+17   2.5145493632e+61   7.7525934160e-24   1.1582850193e-13   1.4703160625e+05   2.0000000000e-02 
  1.9478590015e+21   5.2738630082e+17   2.5138314227e+61   7.7706176203e-24   1.1601827922e-13   1.4720171151e+05   2.0000000000e-02 
  1.9483859353e+21   5.2693381189e+17   2.5130344613e+61   7.7889034324e-24   1.1621072947e-13   1.4737450982e+05   2.0000000000e-02 
  1.9489124081e+21   5.2647280396e+17   2.5121937039e+61   7.8073429360e-24   1.1640469927e-13   1.4754887285e+05   2.0000000000e-02 
  1.9494384145e+21   5.2600640659e+17   2.5113240094e+61   7.8258874631e-24   1.1659966281e-13   1.4772380751e+05   2.0000000000e-02 
  1.9499639532e+21   5.2553869119e+17   2.5104447774e+61   7.8444876654e-24   1.1679508764e-13   1.4789891013e+05   2.0000000000e-02 
  1.9504890234e+21   5.2507023044e+17   2.5095587335e+61   7.8631281824e-24   1.1699081031e-13   1.4807386653e+05   2.0000000000e-02 
  1.9510136258e+21   5.2460236815e+17   2.5086722992e+61   7.8817977869e-24   1.1718670376e-13   1.4824858336e+05   2.0000000000e-02 
  1.9515377604e+21   5.2413455760e+17   2.5077828653e+61   7.9005009377e-24   1.1738281284e-13   1.4842308697e+05   2.0000000000e-02 
  1.9520614277e+21   5.2366735121e+17   2.5068930789e+61   7.9192371891e-24   1.1757913438e-13   1.4859748301e+05   2.0000000000e-02 
  1.9525846273e+21   5.2319963025e+17   2.5059975876e+61   7.9380202839e-24   1.1777581135e-13   1.4877173652e+05   2.0000000000e-02 
  1.9531073595e+21   5.2273220628e+17   2.5051002777e+61   7.9568406081e-24   1.1797274340e-13   1.4894599355e+05   2.0000000000e-02 
  1.9536296235e+21   5.2226398683e+17   2.5041959139e+61   7.9757130552e-24   1.1817008650e-13   1.4912016814e+05   2.0000000000e-02 
  1.9541514193e+21   5.2179572183e+17   2.5032880881e+61   7.9946260016e-24   1.1836771873e-13   1.4929437338e+05   2.0000000000e-02 
  1.9546727462e+21   5.2132693676e+17   2.5023745227e+61   8.0135907723e-24   1.1856575846e-13   1.4946850998e+05   2.0000000000e-02 
  1.9551936041e+21   5.2085790803e+17   2.5014565416e+61   8.0325964749e-24   1.1876409107e-13   1.4964265961e+05   2.0000000000e-02 
  1.9557139926e+21   5.2038847129e+17   2.5005333536e+61   8.0516522574e-24   1.1896281171e-13   1.4981673637e+05   2.0000000000e-02 
  1.9562339114e+21   5.1991882284e+17   2.4996058999e+61   8.0707498536e-24   1.1916183301e-13   1.4999081139e+05   2.0000000000e-02 
  1.9567533601e+21   5.1944867606e+17   2.4986728007e+61   8.0898976077e-24   1.1936124143e-13   1.5016482854e+05   2.0000000000e-02 
  1.9572723382e+21   5.1897817386e+17   2.4977347402e+61   8.1090904702e-24   1.1956098310e-13   1.5033885981e+05   2.0000000000e-02 
  1.9577908452e+21   5.1850696326e+17   2.4967900158e+61   8.1283358711e-24   1.1976113485e-13   1.5051288383e+05   2.0000000000e-02 
  1.9583088804e+21   5.1803518936e+17   2.4958393211e+61   8.1476314907e-24   1.1996167153e-13   1.5068696967e+05   2.0000000000e-02 
  1.9588264428e+21   5.1756239858e+17   2.4948804645e+61   8.1669841831e-24   1.2016266385e-13   1.5086111288e+05   2.0000000000e-02 
  1.9593435316e+21   5.1708876487e+17   2.4939142763e+61   8.1863932292e-24   1.2036410314e-13   1.5103537669e+05   2.0000000000e-02 
  1.9598601454e+21   5.1661383776e+17   2.4929385750e+61   8.2058632315e-24   1.2056603796e-13   1.5120977350e+05   2.0000000000e-02 
  1.9603762826e+21   5.1613723899e+17   2.4919515221e+61   8.2254023622e-24   1.2076855095e-13   1.5138426686e+05   2.0000000000e-02 
  1.9608919411e+21   5.1565841898e+17   2.4909504465e+61   8.2450169595e-24   1.2097166066e-13   1.5155908767e+05   2.0000000000e-02 
  1.9614071142e+21   5.1517318683e+17   2.4899150664e+61   8.2646577475e-24   1.2117490548e-13   1.5173583840e+05   2.0000000000e-02 
  1.9619216756e+21   5.1456137580e+17   2.4882640756e+61   8.2851122319e-24   1.2138656881e-13   1.5191279775e+05   2.0000000000e-02 
  1.9624352701e+21   5.1359449875e+17   2.4848904285e+61   8.3114156959e-24   1.2165490829e-13   1.5214016189e+05   2.0000000000e-02 
  1.9629485022e+21   5.1323204458e+17   2.4844364093e+61   8.3330473143e-24   1.2188386029e-13   1.5237593488e+05   2.0000000000e-02 
  1.9634653498e+21   5.1684763992e+17   2.5032519266e+61   8.3228452251e-24   1.2178966888e-13   1.5232791857e+05   2.0000000000e-02 
  1.9640096094e+21   5.4425964143e+17   2.6374416255e+61   8.1713527664e-24   1.2031943859e-13   1.5066979733e+05   2.0000000000e-02 
  1.9647350478e+21   7.2543834696e+17   3.5176934759e+61   7.1217382877e-24   1.0987100367e-13   1.3744540326e+05   2.0000000000e-02 
  1.9659264596e+21   1.1914117717e+18   5.7828651385e+61   4.0838101111e-24   7.6422146644e-14   8.0540456427e+04   2.0000000000e-02 
  1.9675937352e+21   1.6672755942e+18   8.1043849246e+61   2.5681286837e-24   5.6835167966e-14   2.1474639767e+04   2.0000000000e-02 
  1.9694683904e+21   1.8746552114e+18   9.1288452431e+61   2.2846945603e-24   5.2762190897e-14   4.0293332312e+03   2.0000000000e-02 
  1.9713906829e+21   1.9222925849e+18   9.3788849194e+61   2.2347251255e-24   5.2022295544e-14   6.8525454606e+02   2.0000000000e-02 
  1.9733214994e+21   1.9308164561e+18   9.4389034038e+61   2.2262772183e-24   5.1896566488e-14   1.1440299460e+02   2.0000000000e-02 
  1.9752537525e+21   1.9322531058e+18   9.4644364576e+61   2.2248680179e-24   5.1875573956e-14   1.9015767901e+01   2.0000000000e-02 
  1.9771862448e+21   1.9324923251e+18   9.4841465517e+61   2.2246338145e-24   5.1872083994e-14   3.1542129293e+00   2.0000000000e-02 
  1.9791187769e+21   1.9325320221e+18   9.5028995968e+61   2.2245949673e-24   5.1871504989e-14   5.2235658680e-01   2.0000000000e-02 
  1.9810513155e+21   1.9325385975e+18   9.5215085771e+61   2.2245885342e-24   5.1871409088e-14   8.6389100026e-02   2.0000000000e-02 
  1.9829838551e+21   1.9325396848e+18   9.5401087682e+61   2.2245874705e-24   5.1871393228e-14   1.4283644271e-02   2.0000000000e-02 
  1.9849163950e+21   1.9325398644e+18   9.5587226364e+61   2.2245872947e-24   5.1871390607e-14   2.3831860679e-03   2.0000000000e-02 
  1.9868489349e+21   1.9325398950e+18   9.5773539095e+61   2.2245872649e-24   5.1871390163e-14   3.7688983734e-04   2.0000000000e-02 
  1.9887814748e+21   1.9325399000e+18   9.5960031962e+61   2.2245872598e-24   5.1871390087e-14   4.9334632321e-05   2.0000000000e-02 
  1.9907140147e+21   1.9325399000e+18   9.6146705975e+61   2.2245872600e-24   5.1871390080e-14   4.4567254233e-06   2.0000000000e-02 
  1.9926465546e+21   1.9325399000e+18   9.6333561383e+61   2.2245872600e-24   5.1871390079e-14  -5.7323886299e-07   2.0000000000e-02 
  1.9945790945e+21   1.9325399000e+18   9.6520598186e+61   2.2245872600e-24   5.1871390079e-14  -1.0503373238e-06   2.0000000000e-02 
  1.9965116344e+21   1.9325399000e+18   9.6707816384e+61   2.2245872600e-24   5.1871390079e-14  -1.0943333210e-06   2.0000000000e-02 
  1.9984441743e+21   1.9325399000e+18   9.6895215977e+61   2.2245872600e-24   5.1871390079e-14  -1.1085194215e-06   2.0000000000e-02 
  2.0003767142e+21   1.9325399000e+18   9.7082796965e+61   2.2245872600e-24   5.1871390079e-14  -1.1370860649e-06   2.0000000000e-02 
  2.0023092541e+21   1.9325399000e+18   9.7270559349e+61   2.2245872600e-24   5.1871390079e-14  -1.2417296110e-06   2.0000000000e-02 
  2.0042417940e+21   1.9325399000e+18   9.7458503127e+61   2.2245872600e-24   5.1871390080e-14  -1.6534842792e-06   2.0000000000e-02 
  2.0061743339e+21   1.9325399000e+18   9.7646628300e+61   2.2245872600e-24   5.1871390080e-14  -2.0455992156e-06   2.0000000000e-02 
  2.0081068738e+21   1.9325399000e+18   9.7834934868e+61   2.2245872600e-24   5.1871390080e-14  -2.2625784179e-06   2.0000000000e-02 
  2.0100394137e+21   1.9325399000e+18   9.8023422831e+61   2.2245872600e-24   5.1871390080e-14  -2.3096366677e-06   2.0000000000e-02 
  2.0119719536e+21   1.9325399000e+18   9.8212092189e+61   2.2245872600e-24   5.1871390080e-14  -2.3128605611e-06   2.0000000000e-02 
  2.0139044935e+21   1.9325399000e+18   9.8400942942e+61   2.2245872600e-24   5.1871390080e-14  -2.3226370146e-06   2.0000000000e-02 
  2.0158370334e+21   1.9325399000e+18   9.8589975090e+61   2.2245872600e-24   5.1871390080e-14  -2.4519210259e-06   2.0000000000e-02 
  2.0177695733e+21   1.9325399000e+18   9.8779188633e+61   2.2245872600e-24   5.1871390080e-14  -2.6135544541e-06   2.0000000000e-02 
  2.0197021132e+21   1.9325399000e+18   9.8968583570e+61   2.2245872600e-24   5.1871390080e-14  -2.6425706218e-06   2.0000000000e-02 
  2.0216346531e+21   1.9325399000e+18   9.9158159903e+61   2.2245872600e-24   5.1871390080e-14  -2.5659501217e-06   2.0000000000e-02 
  2.0235671930e+21   1.9325399000e+18   9.9347917631e+61   2.2245872600e-24   5.1871390080e-14  -2.4203722123e-06   2.0000000000e-02 
  2.0254997329e+21   1.9325399000e+18   9.9537856754e+61   2.2245872600e-24   5.1871390080e-14  -2.3993853769e-06   2.0000000000e-02 
  2.0274322728e+21   1.9325399000e+18   9.9727977272e+61   2.2245872600e-24   5.1871390080e-14  -2.4887080274e-06   2.0000000000e-02 
  2.0293648127e+21   1.9325399000e+18   9.9918279185e+61   2.2245872600e-24   5.1871390080e-14  -2.4002672190e-06   2.0000000000e-02 
  2.0312973526e+21   1.9325399000e+18   1.0010876249e+62   2.2245872600e-24   5.1871390080e-14  -2.3069221460e-06   2.0000000000e-02 
  2.0332298925e+21   1.9325399000e+18   1.0029942720e+62   2.2245872600e-24   5.1871390080e-14  -2.2802567390e-06   2.0000000000e-02 
  2.0351624324e+21   1.9325399000e+18   1.0049027329e+62   2.2245872600e-24   5.1871390080e-14  -2.2754116072e-06   2.0000000000e-02 
  2.0370949723e+21   1.9325399000e+18   1.0068130079e+62   2.2245872600e-24   5.1871390080e-14  -2.2778491947e-06   2.0000000000e-02 
  2.0390275122e+21   1.9325399000e+18   1.0087250967e+62   2.2245872600e-24   5.1871390080e-14  -2.3212691523e-06   2.0000000000e-02 
  2.0409600521e+21   1.9325399000e+18   1.0106389996e+62   2.2245872600e-24   5.1871390080e-14  -2.3817163116e-06   2.0000000000e-02 
  2.0428925920e+21   1.9325399000e+18   1.0125547163e+62   2.2245872600e-24   5.1871390080e-14  -2.6729940030e-06   2.0000000000e-02 
  2.0448251319e+21   1.9325399000e+18   1.0144722471e+62   2.2245872600e-24   5.1871390080e-14  -3.0187612563e-06   2.0000000000e-02 
  2.0467576718e+21   1.9325399000e+18   1.0163915917e+62   2.2245872600e-24   5.1871390080e-14  -3.1177690847e-06   2.0000000000e-02 
  2.0486902117e+21   1.9325399000e+18   1.0183127504e+62   2.2245872600e-24   5.1871390080e-14  -3.1890091683e-06   2.0000000000e-02 
  2.0506227516e+21   1.9325399000e+18   1.0202357229e+62   2.2245872600e-24   5.1871390080e-14  -3.2380538622e-06   2.0000000000e-02 
  2.0525552915e+21   1.9325399000e+18   1.0221605095e+62   2.2245872600e-24   5.1871390080e-14  -3.2378128277e-06   2.0000000000e-02 
  2.0544878314e+21   1.9325399000e+18   1.0240871099e+62   2.2245872600e-24   5.1871390080e-14  -3.2211841362e-06   2.0000000000e-02 
  2.0564203713e+21   1.9325399000e+18   1.0260155244e+62   2.2245872600e-24   5.1871390080e-14  -3.2102768749e-06   2.0000000000e-02 
  2.0583529112e+21   1.9325399000e+18   1.0279457527e+62   2.2245872600e-24   5.1871390080e-14  -3.2205990877e-06   2.0000000000e-02 
  2.0602854511e+21   1.9325399000e+18   1.0298777951e+62   2.2245872600e-24   5.1871390080e-14  -3.3057229794e-06   2.0000000000e-02 
  2.0622179910e+21   1.9325399000e+18   1.0318116513e+62   2.2245872600e-24   5.1871390080e-14  -3.5461335003e-06   2.0000000000e-02 
  2.0641505309e+21   1.9325399000e+18   1.0337473216e+62   2.2245872600e-24   5.1871390080e-14  -3.8334010623e-06   2.0000000000e-02 
  2.0660830708e+21   1.9325399000e+18   1.0356848057e+62   2.2245872600e-24   5.1871390080e-14  -3.6224930828e-06   2.0000000000e-02 
  2.0680156107e+21   1.9325399000e+18   1.0376241039e+62   2.2245872600e-24   5.1871390080e-14  -3.2400439588e-06   2.0000000000e-02 
  2.0699481506e+21   1.9325399000e+18   1.0395652159e+62   2.2245872600e-24   5.1871390080e-14  -2.9765235137e-06   2.0000000000e-02 
  2.0718806905e+21   1.9325399000e+18   1.0415081420e+62   2.2245872600e-24   5.1871390080e-14  -2.6783220271e-06   2.0000000000e-02 
  2.0738132304e+21   1.9325399000e+18   1.0434528819e+62   2.2245872600e-24   5.1871390080e-14  -2.5418283976e-06   2.0000000000e-02 
  2.0757457703e+21   1.9325399000e+18   1.0453994359e+62   2.2245872600e-24   5.1871390079e-14  -2.5683506187e-06   2.0000000000e-02 
  2.0776783102e+21   1.9325399000e+18   1.0473478037e+62   2.2245872600e-24   5.1871390079e-14  -2.3226364202e-06   2.0000000000e-02 
  2.0796108501e+21   1.9325399000e+18   1.0492979856e+62   2.2245872600e-24   5.1871390079e-14  -2.1536162209e-06   2.0000000000e-02 
  2.0815433900e+21   1.9325399000e+18   1.0512499813e+62   2.2245872600e-24   5.1871390079e-14  -2.0776748480e-06   2.0000000000e-02 
  2.0834759299e+21   1.9325399000e+18   1.0532037911e+62   2.2245872600e-24   5.1871390079e-14  -2.0286623089e-06   2.0000000000e-02 
  2.0854084698e+21   1.9325399000e+18   1.0551594147e+62   2.2245872600e-24   5.1871390079e-14  -2.0138574474e-06   2.0000000000e-02 
  2.0873410097e+21   1.9325399000e+18   1.0571168524e+62   2.2245872600e-24   5.1871390079e-14  -2.0148505700e-06   2.0000000000e-02 
  2.0892735496e+21   1.9325399000e+18   1.0590761039e+62   2.2245872600e-24   5.1871390079e-14  -1.9919486934e-06   2.0000000000e-02 
  2.0912060895e+21   1.9325399000e+18   1.0610371695e+62   2.2245872600e-24   5.1871390079e-14  -1.9650799224e-06   2.0000000000e-02 
  2.0931386294e+21   1.9325399000e+18   1.0630000489e+62   2.2245872600e-24   5.1871390079e-14  -1.9432570833e-06   2.0000000000e-02 
  2.0950711693e+21   1.9325399000e+18   1.0649647423e+62   2.2245872600e-24   5.1871390079e-14  -1.9047625349e-06   2.0000000000e-02 
  2.0970037092e+21   1.9325399000e+18   1.0669312497e+62   2.2245872600e-24   5.1871390079e-14  -1.8476717725e-06   2.0000000000e-02 
  2.0989362491e+21   1.9325399000e+18   1.0688995710e+62   2.2245872600e-24   5.1871390079e-14  -1.8701157763e-06   2.0000000000e-02 
  2.1008687890e+21   1.9325399000e+18   1.0708697063e+62   2.2245872600e-24   5.1871390079e-14  -1.7703813353e-06   2.0000000000e-02 
  2.1028013289e+21   1.9325399000e+18   1.0728416555e+62   2.2245872600e-24   5.1871390079e-14  -1.3750368245e-06   2.0000000000e-02 
  2.1047338688e+21   1.9325399000e+18   1.0748154187e+62   2.2245872600e-24   5.1871390079e-14  -1.0829663821e-06   2.0000000000e-02 
  2.1066664087e+21   1.9325399000e+18   1.0767909958e+62   2.2245872600e-24   5.1871390079e-14  -1.0125447883e-06   2.0000000000e-02 
  2.1085989486e+21   1.9325399000e+18   1.0787683869e+62   2.2245872600e-24   5.1871390079e-14  -9.3924606810e-07   2.0000000000e-02 
  2.1105314885e+21   1.9325399000e+18   1.0807475919e+62   2.2245872600e-24   5.1871390079e-14  -7.6497281984e-07   2.0000000000e-02 
  2.1124640284e+21   1.9325399000e+18   1.0827286109e+62   2.2245872600e-24   5.1871390079e-14  -5.6670719337e-08   2.0000000000e-02 
  2.1143965683e+21   1.9325399000e+18   1.0847114438e+62   2.2245872600e-24   5.1871390079e-14   7.8936011068e-07   2.0000000000e-02 
  2.1163291082e+21   1.9325399000e+18   1.0866960907e+62   2.2245872600e-24   5.1871390079e-14   9.5541713153e-07   2.0000000000e-02 
  2.1182616481e+21   1.9325399000e+18   1.0886825515e+62   2.2245872600e-24   5.1871390079e-14   1.0122603938e-06   2.0000000000e-02 
  2.1201941880e+21   1.9325399000e+18   1.0906708263e+62   2.2245872600e-24   5.1871390079e-14   1.0377702682e-06   2.0000000000e-02 
  2.1221267279e+21   1.9325399000e+18   1.0926609150e+62   2.2245872600e-24   5.1871390079e-14   1.0967695066e-06   2.0000000000e-02 
  2.1240592678e+21   1.9325399000e+18   1.0946528177e+62   2.2245872600e-24   5.1871390079e-14   1.3953414888e-06   2.0000000000e-02 
  2.1259918077e+21   1.9325399000e+18   1.0966465343e+62   2.2245872600e-24   5.1871390079e-14   1.7334944832e-06   2.0000000000e-02 
  2.1279243476e+21   1.9325399000e+18   1.0986420648e+62   2.2245872600e-24   5.1871390079e-14   1.8604557277e-06   2.0000000000e-02 
  2.1298568875e+21   1.9325399000e+18   1.1006394094e+62   2.2245872600e-24   5.1871390079e-14   1.8890152841e-06   2.0000000000e-02 
  2.1317894274e+21   1.9325399000e+18   1.1026385678e+62   2.2245872600e-24   5.1871390079e-14   1.9009653998e-06   2.0000000000e-02 
  2.1337219673e+21   1.9325399000e+18   1.1046395402e+62   2.2245872600e-24   5.1871390079e-14   1.9033189874e-06   2.0000000000e-02 
  2.1356545072e+21   1.9325399000e+18   1.1066423266e+62   2.2245872600e-24   5.1871390079e-14   1.9077135196e-06   2.0000000000e-02 
  2.1375870471e+21   1.9325399000e+18   1.1086469269e+62   2.2245872600e-24   5.1871390079e-14   1.9139427826e-06   2.0000000000e-02 
  2.1395195870e+21   1.9325399000e+18   1.1106533412e+62   2.2245872600e-24   5.1871390079e-14   1.9132046336e-06   2.0000000000e-02 
  2.1414521269e+21   1.9325399000e+18   1.1126615694e+62   2.2245872600e-24   5.1871390079e-14   1.9173955626e-06   2.0000000000e-02 
  2.1433846668e+21   1.9325399000e+18   1.1146716116e+62   2.2245872600e-24   5.1871390079e-14   1.9321965639e-06   2.0000000000e-02 
  2.1453172067e+21   1.9325399000e+18   1.1166834677e+62   2.2245872600e-24   5.1871390079e-14   1.9427580869e-06   2.0000000000e-02 
  2.1472497466e+21   1.9325399000e+18   1.1186971378e+62   2.2245872600e-24   5.1871390079e-14   1.9577097182e-06   2.0000000000e-02 
  2.1491822865e+21   1.9325399000e+18   1.1207126218e+62   2.2245872600e-24   5.1871390079e-14   1.9626707933e-06   2.0000000000e-02 
  2.1511148264e+21   1.9325399000e+18   1.1227299198e+62   2.2245872600e-24   5.1871390079e-14   1.9772337596e-06   2.0000000000e-02 
  2.1530473663e+21   1.9325399000e+18   1.1247490317e+62   2.2245872600e-24   5.1871390079e-14   2.0117648162e-06   2.0000000000e-02 
  2.1549799062e+21   1.9325399000e+18   1.1267699575e+62   2.2245872600e-24   5.1871390079e-14   2.0541972424e-06   2.0000000000e-02 
  2.1569124461e+21   1.9325399000e+18   1.1287926974e+62   2.2245872600e-24   5.1871390079e-14   2.3297595369e-06   2.0000000000e-02 
  2.1588449860e+21   1.9325399000e+18   1.1308172511e+62   2.2245872600e-24   5.1871390079e-14   2.6699951810e-06   2.0000000000e-02 
  2.1607775259e+21   1.9325399000e+18   1.1328436188e+62   2.2245872600e-24   5.1871390079e-14   2.7703302168e-06   2.0000000000e-02 
  2.1627100658e+21   1.9325399000e+18   1.1348718005e+62   2.2245872600e-24   5.1871390079e-14   2.7553128288e-06   2.0000000000e-02 
  2.1646426057e+21   1.9325399000e+18   1.1369017961e+62   2.2245872600e-24   5.1871390079e-14   2.7452902913e-06   2.0000000000e-02 
  2.1665751456e+21   1.9325399000e+18   1.1389336057e+62   2.2245872600e-24   5.1871390079e-14   2.7666724812e-06   2.0000000000e-02 
  2.1685076855e+21   1.9325399000e+18   1.1409672292e+62   2.2245872600e-24   5.1871390079e-14   2.8770398487e-06   2.0000000000e-02 
  2.1704402254e+21   1.9325399000e+18   1.1430026667e+62   2.2245872600e-24   5.1871390079e-14   3.1951937439e-06   2.0000000000e-02 
  2.1723727653e+21   1.9325399000e+18   1.1450399181e+62   2.2245872600e-24   5.1871390079e-14   3.9463875802e-06   2.0000000000e-02 
  2.1743053052e+21   1.9325399000e+18   1.1470789834e+62   2.2245872600e-24   5.1871390079e-14   4.7955669410e-06   2.0000000000e-02 
  2.1762378451e+21   1.9325399000e+18   1.1491198628e+62   2.2245872600e-24   5.1871390079e-14   4.9084221716e-06   2.0000000000e-02 
  2.1781703850e+21   1.9325399000e+18   1.1511625560e+62   2.2245872600e-24   5.1871390079e-14   4.6962431056e-06   2.0000000000e-02 
  2.1801029249e+21   1.9325399000e+18   1.1532070632e+62   2.2245872600e-24   5.1871390079e-14   4.5911409243e-06   2.0000000000e-02 
  2.1820354648e+21   1.9325399000e+18   1.1552533844e+62   2.2245872600e-24   5.1871390079e-14   4.5608609079e-06   2.0000000000e-02 
  2.1839680047e+21   1.9325399000e+18   1.1573015195e+62   2.2245872600e-24   5.1871390079e-14   4.5534234645e-06   2.0000000000e-02 
  2.1859005446e+21   1.9325399000e+18   1.1593514686e+62   2.2245872600e-24   5.1871390079e-14   4.5570228943e-06   2.0000000000e-02 
  2.1878330845e+21   1.9325399000e+18   1.1614032316e+62   2.2245872600e-24   5.1871390079e-14   4.6070223403e-06   2.0000000000e-02 
  2.1897656244e+21   1.9325399000e+18   1.1634568085e+62   2.2245872600e-24   5.1871390079e-14   4.6850859722e-06   2.0000000000e-02 
  2.1916981643e+21   1.9325399000e+18   1.1655121995e+62   2.2245872600e-24   5.1871390079e-14   4.7323554010e-06   2.0000000000e-02 
  2.1936307042e+21   1.9325399000e+18   1.1675694043e+62   2.2245872600e-24   5.1871390079e-14   4.7750105587e-06   2.0000000000e-02 
  2.1955632441e+21   1.9325399000e+18   1.1696284231e+62   2.2245872600e-24   5.1871390079e-14   4.8066550366e-06   2.0000000000e-02 
  2.1974957840e+21   1.9325399000e+18   1.1716892559e+62   2.2245872600e-24   5.1871390079e-14   4.8232132237e-06   2.0000000000e-02 
  2.1994283239e+21   1.9325399000e+18   1.1737519026e+62   2.2245872600e-24   5.1871390079e-14   4.8490572145e-06   2.0000000000e-02 
  2.2013608638e+21   1.9325399000e+18   1.1758163633e+62   2.2245872600e-24   5.1871390079e-14   4.9461902160e-06   2.0000000000e-02 
  2.2032934037e+21   1.9325399000e+18   1.1778826379e+62   2.2245872600e-24   5.1871390079e-14   5.0949031537e-06   2.0000000000e-02 
  2.2052259436e+21   1.9325399000e+18   1.1799507264e+62   2.2245872600e-24   5.1871390079e-14   5.2106715087e-06   2.0000000000e-02 
  2.2071584835e+21   1.9325399000e+18   1.1820206290e+62   2.2245872600e-24   5.1871390079e-14   5.2738799728e-06   2.0000000000e-02 
  2.2090910234e+21   1.9325399000e+18   1.1840923454e+62   2.2245872600e-24   5.1871390079e-14   5.2477427325e-06   2.0000000000e-02 
  2.2110235633e+21   1.9325399000e+18   1.1861658758e+62   2.2245872600e-24   5.1871390079e-14   5.0149116070e-06   2.0000000000e-02 
  2.2129561032e+21   1.9325399000e+18   1.1882412202e+62   2.2245872600e-24   5.1871390079e-14   4.6701199395e-06   2.0000000000e-02 
  2.2148886431e+21   1.9325399000e+18   1.1903183785e+62   2.2245872600e-24   5.1871390079e-14   4.3949421863e-06   2.0000000000e-02 
  2.2168211830e+21   1.9325399000e+18   1.1923973508e+62   2.2245872600e-24   5.1871390079e-14   3.6993194021e-06   2.0000000000e-02 
  2.2187537229e+21   1.9325399000e+18   1.1944781370e+62   2.2245872600e-24   5.1871390079e-14   2.8859225638e-06   2.0000000000e-02 
  2.2206862628e+21   1.9325399000e+18   1.1965607371e+62   2.2245872600e-24   5.1871390080e-14   2.6731344130e-06   2.0000000000e-02 
  2.2226188027e+21   1.9325399000e+18   1.1986451512e+62   2.2245872600e-24   5.1871390079e-14   2.3060095341e-06   2.0000000000e-02 
  2.2245513426e+21   1.9325399000e+18   1.2007313793e+62   2.2245872600e-24   5.1871390079e-14   1.9560196693e-06   2.0000000000e-02 
  2.2264838825e+21   1.9325399000e+18   1.2028194213e+62   2.2245872600e-24   5.1871390079e-14   1.8454019694e-06   2.0000000000e-02 
  2.2284164224e+21   1.9325399000e+18   1.2049092773e+62   2.2245872600e-24   5.1871390079e-14   1.7936223963e-06   2.0000000000e-02 
  2.2303489623e+21   1.9325399000e+18   1.2070009472e+62   2.2245872600e-24   5.1871390079e-14   1.7146615225e-06   2.0000000000e-02 
  2.2322815022e+21   1.9325399000e+18   1.2090944310e+62   2.2245872600e-24   5.1871390079e-14   1.4623577858e-06   2.0000000000e-02 
  2.2342140421e+21   1.9325399000e+18   1.2111897288e+62   2.2245872600e-24   5.1871390079e-14   1.1069164006e-06   2.0000000000e-02 
  2.2361465820e+21   1.9325399000e+18   1.2132868406e+62   2.2245872600e-24   5.1871390079e-14   9.4784153828e-07   2.0000000000e-02 
  2.2380791219e+21   1.9325399000e+18   1.2153857663e+62   2.2245872600e-24   5.1871390079e-14   9.0516298530e-07   2.0000000000e-02 
  2.2400116618e+21   1.9325399000e+18   1.2174865060e+62   2.2245872600e-24   5.1871390079e-14   8.8183431518e-07   2.0000000000e-02 
  2.2419442017e+21   1.9325399000e+18   1.2195890596e+62   2.2245872600e-24   5.1871390079e-14   7.9702029414e-07   2.0000000000e-02 
  2.2438767416e+21   1.9325399000e+18   1.2216934271e+62   2.2245872600e-24   5.1871390079e-14   4.0234725645e-07   2.0000000000e-02 
  2.2458092815e+21   1.9325399000e+18   1.2237996086e+62   2.2245872600e-24   5.1871390079e-14   0.0000000000e+00   2.0000000000e-02 
