# time = 3.701672e+15 [s] 
# r                  dr                 dV                 Density            Pressure           Velocity           Z
  2.1304517832e+18   2.1304517832e+18   4.0504543150e+55   3.6665476505e-31   2.9011690235e-14   0.0000000000e+00   9.9248591688e-02 
  2.6472181582e+18   5.1676637498e+17   3.7202039244e+55   3.6665476505e-31   2.9011690235e-14   1.8485064983e+03   9.9248591688e-02 
  3.5640202835e+18   9.1680212534e+17   1.1192431941e+56   3.6668591529e-31   2.9011515809e-14   4.7014693898e+03   9.9248591688e-02 
  4.5518929559e+18   9.8787267241e+17   2.0543061853e+56   3.6678988161e-31   2.9011098633e-14   9.8648648609e+03   9.9248591688e-02 
  5.0282069326e+18   4.7631397663e+17   1.3744880946e+56   3.6690366596e-31   2.9010806994e-14   1.3950912831e+04   9.9248591688e-02 
  5.4480595373e+18   4.1985260471e+17   1.4484124402e+56   3.6700581955e-31   2.9010599895e-14   1.6812314843e+04   9.9248591688e-02 
  6.1706775075e+18   7.2261797025e+17   3.0685703377e+56   3.6722732696e-31   2.9010364381e-14   2.0440362214e+04   9.9248591688e-02 
  6.8353739757e+18   6.6469646818e+17   3.5354290617e+56   3.6759672247e-31   2.9010143817e-14   2.4467474643e+04   9.9248591688e-02 
  7.7222964164e+18   8.8692244072e+17   5.9122976463e+56   3.6807691144e-31   2.9009796303e-14   2.9203645138e+04   9.9248591688e-02 
  8.5890696665e+18   8.6677325012e+17   7.2517802231e+56   3.6875651710e-31   2.9009198149e-14   3.4806424012e+04   9.9248591688e-02 
  9.6694989690e+18   1.0804293025e+18   1.1328862041e+57   3.6963298584e-31   2.9008740450e-14   4.0782047904e+04   9.9248591688e-02 
  1.0793054984e+19   1.1235560145e+18   1.4794507276e+57   3.7076486657e-31   2.9007888105e-14   4.9218132148e+04   9.9248591688e-02 
  1.2118323545e+19   1.3252685619e+18   2.1879646438e+57   3.7217201164e-31   2.9006930301e-14   5.9277973631e+04   9.9248591688e-02 
  1.3543202199e+19   1.4248786533e+18   2.9507933786e+57   3.7395011061e-31   2.9005820862e-14   7.2072877691e+04   9.9248591688e-02 
  1.5171755801e+19   1.6285536021e+18   4.2231226252e+57   3.7612780300e-31   2.9004634929e-14   8.7360628022e+04   9.9248591688e-02 
  1.7006733507e+19   1.8349777064e+18   5.9756130342e+57   3.7888087882e-31   2.9003409975e-14   1.0580919712e+05   9.9248591688e-02 
  1.9054154103e+19   2.0474205958e+18   8.3732908833e+57   3.8214246161e-31   2.9002279792e-14   1.2749830422e+05   9.9248591688e-02 
  2.1363640400e+19   2.3094862965e+18   1.1865413784e+58   3.8622414262e-31   2.9001377543e-14   1.5240411541e+05   9.9248591688e-02 
  2.3870867701e+19   2.5072273010e+18   1.6133472081e+58   3.9097213327e-31   2.9000852138e-14   1.8011810675e+05   9.9248591688e-02 
  2.6718701517e+19   2.8478338165e+18   2.2921602661e+58   3.9658675424e-31   2.9000680745e-14   2.0999876657e+05   9.9248591688e-02 
  2.9782552938e+19   3.0638514207e+18   3.0758080158e+58   4.0340245083e-31   2.9000753020e-14   2.4063163208e+05   9.9248591688e-02 
  3.3334548470e+19   3.5519955321e+18   4.4501495598e+58   4.1140806537e-31   2.9000819684e-14   2.7054648393e+05   9.9248591688e-02 
  3.7111005181e+19   3.7764567107e+18   5.8932842382e+58   4.2085047708e-31   2.9000308606e-14   2.9787860380e+05   9.9248591688e-02 
  4.1391339501e+19   4.2803343201e+18   8.2951260279e+58   4.3187934010e-31   2.8999505436e-14   3.2107703364e+05   9.9248591688e-02 
  4.5947404394e+19   4.5560648937e+18   1.0928169378e+59   4.4467714818e-31   2.8998987151e-14   3.4636638062e+05   9.9248591688e-02 
  5.1142036641e+19   5.1946322469e+18   1.5397949549e+59   4.5974525628e-31   2.8998362452e-14   3.7458983509e+05   9.9248591688e-02 
  5.6267213101e+19   5.1251764601e+18   1.8589664173e+59   4.7642155193e-31   2.8998020334e-14   4.0774101205e+05   9.9248591688e-02 
  6.4011104974e+19   7.7438918728e+18   3.5243863350e+59   4.9872224969e-31   2.8998193596e-14   4.5588770244e+05   9.9248591688e-02 
  7.5487130483e+19   1.1476025508e+19   7.0316531069e+59   5.3356841215e-31   2.8999241869e-14   5.3113212145e+05   9.9248591688e-02 
  7.9855606742e+19   4.3684762590e+18   3.3126551455e+59   5.6334535091e-31   2.9000520579e-14   5.9551058878e+05   9.9248591688e-02 
  8.3770747668e+19   3.9151409263e+18   3.2937198197e+59   5.8043588209e-31   2.8999276185e-14   6.3502480750e+05   9.9248591688e-02 
  8.7869599823e+19   4.0988521556e+18   3.7943155425e+59   5.9871545204e-31   2.8998745664e-14   6.6776564894e+05   9.9248591688e-02 
  9.2245471101e+19   4.3758712780e+18   4.4606685625e+59   6.2068147153e-31   2.8999145982e-14   6.9894725070e+05   9.9248591688e-02 
  9.6312981793e+19   4.0675106919e+18   4.5439960703e+59   6.4445218327e-31   2.8999873698e-14   7.2257519021e+05   9.9248591688e-02 
  1.0148850978e+20   5.1755279901e+18   6.3630122080e+59   6.7325983880e-31   2.9003799622e-14   7.4486879431e+05   9.9248591688e-02 
  1.0657476138e+20   5.0862515963e+18   6.9187088928e+59   7.0784233971e-31   2.9005806115e-14   7.8270560241e+05   9.9248591688e-02 
  1.1148067345e+20   4.9059120690e+18   7.3295402588e+59   7.4448298114e-31   2.9006607628e-14   8.2545882350e+05   9.9248591688e-02 
  1.1619098844e+20   4.7103149929e+18   7.6714902802e+59   7.8291328907e-31   2.9007935576e-14   8.6714106812e+05   9.9248591688e-02 
  1.2197162928e+20   5.7806408423e+18   1.0302872507e+60   8.2903508733e-31   2.9009845317e-14   9.0975518801e+05   9.9248591688e-02 
  1.2781420324e+20   5.8425739574e+18   1.1454308884e+60   8.8434274109e-31   2.9012452860e-14   9.5349872861e+05   9.9248591688e-02 
  1.3343957419e+20   5.6253709443e+18   1.2064055000e+60   9.4331797366e-31   2.9015925172e-14   9.9056829908e+05   9.9248591688e-02 
  1.3906257745e+20   5.6230032650e+18   1.3119573445e+60   1.0061799700e-30   2.9019266965e-14   1.0183347994e+06   9.9248591688e-02 
  1.4569876662e+20   6.6361891652e+18   1.6908664693e+60   1.0812627702e-30   2.9026632527e-14   1.0465513463e+06   9.9248591688e-02 
  1.5238403262e+20   6.6852660054e+18   1.8664450435e+60   1.1691686394e-30   2.9029856887e-14   1.0893770695e+06   9.9248591688e-02 
  1.5880209476e+20   6.4180621340e+18   1.9527912489e+60   1.2628712903e-30   2.9031824978e-14   1.1329736740e+06   9.9248591688e-02 
  1.6570206095e+20   6.8999661949e+18   2.2829836833e+60   1.3663991475e-30   2.9034011604e-14   1.1746681354e+06   9.9248591688e-02 
  1.7355368435e+20   7.8516233953e+18   2.8394961805e+60   1.4918867517e-30   2.9037048055e-14   1.2158231352e+06   9.9248591688e-02 
  1.8124012699e+20   7.6864426420e+18   3.0401518435e+60   1.6343433318e-30   2.9039858385e-14   1.2529166061e+06   9.9248591688e-02 
  1.8803604103e+20   6.7959140432e+18   2.9117181754e+60   1.7785296399e-30   2.9048694174e-14   1.2859726240e+06   9.9248591688e-02 
  1.9692996550e+20   8.8939244702e+18   4.1415731419e+60   1.9513976312e-30   2.9054536271e-14   1.3327359203e+06   9.9248591688e-02 
  2.0772591406e+20   1.0795948562e+19   5.5550173379e+60   2.1861373983e-30   2.9066089547e-14   1.3829151545e+06   9.9248591688e-02 
  2.1871891017e+20   1.0992996109e+19   6.2818538849e+60   2.4670146326e-30   2.9081378633e-14   1.4381503763e+06   9.9248591688e-02 
  2.2887386555e+20   1.0154955376e+19   6.3924676477e+60   2.7622328904e-30   2.9095023537e-14   1.4801626995e+06   9.9248591688e-02 
  2.4135890126e+20   1.2485035712e+19   8.6749599276e+60   3.1076196419e-30   2.9115992855e-14   1.5185902343e+06   9.9248591688e-02 
  2.5232225284e+20   1.0963351585e+19   8.3957152216e+60   3.4930374897e-30   2.9132717139e-14   1.5656235600e+06   9.9248591688e-02 
  2.6827353801e+20   1.5951285168e+19   1.3585722702e+61   3.9741515321e-30   2.9153939565e-14   1.6222748179e+06   9.9248591688e-02 
  2.7981908731e+20   1.1545549302e+19   1.0897744516e+61   4.5019803408e-30   2.9179519939e-14   1.6873930383e+06   9.9248591688e-02 
  2.9011846711e+20   1.0299379793e+19   1.0511453350e+61   4.9557870900e-30   2.9194591304e-14   1.7502920486e+06   9.9248591688e-02 
  3.0095284349e+20   1.0834376379e+19   1.1892747231e+61   5.4059433665e-30   2.9212981431e-14   1.8114684405e+06   9.9248591688e-02 
  3.1095454003e+20   1.0001696547e+19   1.1766129061e+61   5.8197608458e-30   2.9232073548e-14   1.8742562384e+06   9.9248591688e-02 
  3.2584925807e+20   1.4894718037e+19   1.8978970036e+61   6.2538589262e-30   2.9261866023e-14   1.9504725037e+06   9.9248591688e-02 
  3.4122252491e+20   1.5373266838e+19   2.1495030157e+61   6.7240394752e-30   2.9297180950e-14   2.0584302902e+06   9.9248591688e-02 
  3.5135090317e+20   1.0128378260e+19   1.5263438976e+61   7.0924113983e-30   2.9334796652e-14   2.1427461878e+06   9.9248591688e-02 
  3.6088204069e+20   9.5311375187e+18   1.5190240422e+61   7.3177748781e-30   2.9370411822e-14   2.2044951616e+06   9.9248591688e-02 
  3.7636673604e+20   1.5484695357e+19   2.6445057551e+61   7.5593419304e-30   2.9421764511e-14   2.2728702116e+06   9.9248591688e-02 
  3.9365497244e+20   1.7288236394e+19   3.2209165228e+61   7.8236643187e-30   2.9493745608e-14   2.3445293768e+06   9.9248591688e-02 
  4.1190754936e+20   1.8252576925e+19   3.7217472881e+61   8.0730140368e-30   2.9579251591e-14   2.3979193523e+06   9.9248591688e-02 
  4.2215958372e+20   1.0252034361e+19   2.2407005083e+61   8.2476105635e-30   2.9650901539e-14   2.4265462167e+06   9.9248591688e-02 
  4.3200918255e+20   9.8495988282e+18   2.2577457704e+61   8.3403292168e-30   2.9705321640e-14   2.4434535678e+06   9.9248591688e-02 
  4.4907389229e+20   1.7064709739e+19   4.1623327466e+61   8.4254818222e-30   2.9773072942e-14   2.4727932285e+06   9.9248591688e-02 
  4.6825830429e+20   1.9184411994e+19   5.0724169950e+61   8.5159675081e-30   2.9863166263e-14   2.5188926277e+06   9.9248591688e-02 
  4.8496971945e+20   1.6711415168e+19   4.7709096896e+61   8.5883882103e-30   2.9951144921e-14   2.5702077010e+06   9.9248591688e-02 
  4.9390085728e+20   8.9311378246e+18   2.6885570971e+61   8.6295767914e-30   3.0016333025e-14   2.6062573928e+06   9.9248591688e-02 
  5.0279795733e+20   8.8971000517e+18   2.7767562998e+61   8.6506269066e-30   3.0063396277e-14   2.6286223108e+06   9.9248591688e-02 
  5.2061992421e+20   1.7821966882e+19   5.8648296874e+61   8.6721243640e-30   3.0136150200e-14   2.6603960625e+06   9.9248591688e-02 
  5.3560690805e+20   1.4986983840e+19   5.2530029988e+61   8.6881941058e-30   3.0223070278e-14   2.6944150910e+06   9.9248591688e-02 
  5.4533852062e+20   9.7316125659e+18   3.5723496114e+61   8.6931780323e-30   3.0285263221e-14   2.7147796309e+06   9.9248591688e-02 
  5.5337670137e+20   8.0381807475e+18   3.0484962938e+61   8.6899048700e-30   3.0329272537e-14   2.7289598783e+06   9.9248591687e-02 
  5.6029241637e+20   6.9157150050e+18   2.6946657130e+61   8.6819239301e-30   3.0365678375e-14   2.7393658168e+06   9.9248591685e-02 
  5.7745829169e+20   1.7165875322e+19   6.9814078126e+61   8.6584156344e-30   3.0423875831e-14   2.7525834751e+06   9.9248591674e-02 
  5.8848917960e+20   1.1030887904e+19   4.7111970694e+61   8.6258968834e-30   3.0491183036e-14   2.7636762941e+06   9.9248591641e-02 
  5.9127789488e+20   2.7887152820e+18   1.2194033987e+61   8.6055464054e-30   3.0524682556e-14   2.7659545364e+06   9.9248591569e-02 
  5.9358632335e+20   2.3084284675e+18   1.0181318236e+61   8.5936861805e-30   3.0537350102e-14   2.7661065230e+06   9.9248590829e-02 
  6.0181118520e+20   8.2248618495e+18   3.6924109526e+61   8.5553015709e-30   3.0563929515e-14   2.7664123655e+06   9.9248588466e-02 
  6.0947177975e+20   7.6605945519e+18   3.5310946526e+61   8.4934005234e-30   3.0603807826e-14   2.7653327682e+06   9.9248578286e-02 
  6.1773059534e+20   8.2588155934e+18   3.9075682519e+61   8.4264045150e-30   3.0646148550e-14   2.7593084293e+06   9.9248538602e-02 
  6.3487450511e+20   1.7143909769e+19   8.4511383896e+61   8.3131023287e-30   3.0718252071e-14   2.7395743334e+06   9.9248426819e-02 
  6.4913338780e+20   1.4258882686e+19   7.3856480366e+61   8.1682758520e-30   3.0813283685e-14   2.7028071489e+06   9.9248193472e-02 
  6.6265033508e+20   1.3516947285e+19   7.3074918338e+61   8.0321217130e-30   3.0890681103e-14   2.6757235990e+06   9.9247885266e-02 
  6.8012618663e+20   1.7475851546e+19   9.8996585961e+61   7.8691301328e-30   3.0966667455e-14   2.6526147549e+06   9.9247035262e-02 
  6.9621164271e+20   1.6085456081e+19   9.5731115271e+61   7.6800466684e-30   3.1040451503e-14   2.6334464906e+06   9.9244777160e-02 
  7.1174227362e+20   1.5530630915e+19   9.6723825697e+61   7.4862932112e-30   3.1102674860e-14   2.6186769846e+06   9.9238731768e-02 
  7.2676392598e+20   1.5021652360e+19   9.7657778639e+61   7.2810852193e-30   3.1158306519e-14   2.6019787660e+06   9.9219853658e-02 
  7.4357782018e+20   1.6813894199e+19   1.1420199457e+62   7.0463347785e-30   3.1215068686e-14   2.5778714829e+06   9.9143582451e-02 
  7.5758317346e+20   1.4005353275e+19   9.9154192854e+61   6.7980670443e-30   3.1270075069e-14   2.5466943470e+06   9.8877043660e-02 
  7.6554988184e+20   7.9667083792e+18   5.8064199093e+61   6.6020357398e-30   3.1309558259e-14   2.5198172709e+06   9.8443215982e-02 
  7.7237368880e+20   6.8238069651e+18   5.0704786888e+61   6.4479953499e-30   3.1335527260e-14   2.4994326268e+06   9.7596831613e-02 
  7.8147310973e+20   9.0994209323e+18   6.9021594424e+61   6.2555770222e-30   3.1362549793e-14   2.4749505813e+06   9.6986829265e-02 
  7.8510290387e+20   3.6297941383e+18   2.7985662355e+61   6.0873714138e-30   3.1383691636e-14   2.4542593705e+06   9.6710000878e-02 
  7.8676959553e+20   1.6666916574e+18   1.2937189175e+61   6.0077526242e-30   3.1392317327e-14   2.4453218364e+06   9.6620363652e-02 
  7.8937742589e+20   2.6078303650e+18   2.0352748126e+61   5.9507193037e-30   3.1399098414e-14   2.4379016999e+06   9.6589781061e-02 
  7.9592694934e+20   6.5495234438e+18   5.1711526849e+61   5.8600735163e-30   3.1413375908e-14   2.4212546674e+06   9.6584247458e-02 
  8.0115009576e+20   5.2231464260e+18   4.1853844580e+61   5.7587626494e-30   3.1431606510e-14   2.3987571493e+06   9.6582002023e-02 
  8.0488593957e+20   3.7358438092e+18   3.0272614999e+61   5.6945069142e-30   3.1445456655e-14   2.3808025815e+06   9.6581716543e-02 
  8.0833943905e+20   3.4534994743e+18   2.8235795084e+61   5.6558621960e-30   3.1456469166e-14   2.3659369229e+06   9.6581674195e-02 
  8.1207342450e+20   3.7339854535e+18   3.0801695800e+61   5.6298152697e-30   3.1467225235e-14   2.3508809924e+06   9.6581671563e-02 
  8.1546555639e+20   3.3921318932e+18   2.8228384860e+61   5.6142596629e-30   3.1477673878e-14   2.3362491246e+06   9.6581671427e-02 
  8.2830180735e+20   1.2836250957e+19   1.0896263743e+62   5.6013010634e-30   3.1500113718e-14   2.3035315949e+06   9.6581671421e-02 
  8.4061964522e+20   1.2317837870e+19   1.0778641727e+62   5.5893123755e-30   3.1533395152e-14   2.2526087995e+06   9.6581671417e-02 
  8.4511318451e+20   4.4935392895e+18   4.0115936414e+61   5.5847622056e-30   3.1553901331e-14   2.2192602401e+06   9.6581671415e-02 
  8.4815311117e+20   3.0399266623e+18   2.7381924805e+61   5.5844043682e-30   3.1562687814e-14   2.2049670832e+06   9.6581671414e-02 
  8.5106714868e+20   2.9140375094e+18   2.6432898676e+61   5.5849745523e-30   3.1569448076e-14   2.1938242454e+06   9.6581671408e-02 
  8.5411150368e+20   3.0443549930e+18   2.7809001840e+61   5.5866064682e-30   3.1576198127e-14   2.1830275206e+06   9.6581671361e-02 
  8.6516462148e+20   1.1053117800e+19   1.0264361033e+62   5.5935628141e-30   3.1591646362e-14   2.1572410334e+06   9.6581671193e-02 
  8.7240142303e+20   7.2368015490e+18   6.8640697695e+61   5.6050375563e-30   3.1611382114e-14   2.1232853837e+06   9.6581670444e-02 
  8.7543642434e+20   3.0350013113e+18   2.9128053978e+61   5.6142494379e-30   3.1622209203e-14   2.1040401482e+06   9.6581668546e-02 
  8.7932974088e+20   3.8933165388e+18   3.7662470436e+61   5.6240646531e-30   3.1629453934e-14   2.0909135602e+06   9.6581649018e-02 
  8.8623789150e+20   6.9081506292e+18   6.7652305975e+61   5.6380045224e-30   3.1640721567e-14   2.0702551114e+06   9.6581586496e-02 
  8.9324772052e+20   7.0098290162e+18   6.9734630753e+61   5.6516888029e-30   3.1655304901e-14   2.0432725131e+06   9.6581085603e-02 
  9.0271081918e+20   9.4630986605e+18   9.5891447199e+61   5.6630293073e-30   3.1672780956e-14   2.0104788975e+06   9.6579726259e-02 
  9.1294308663e+20   1.0232267448e+19   1.0597233164e+62   5.6727301797e-30   3.1694252462e-14   1.9696086075e+06   9.6577265189e-02 
  9.2300360090e+20   1.0060514271e+19   1.0653554526e+62   5.6795623096e-30   3.1716200118e-14   1.9273656405e+06   9.6576061268e-02 
  9.3886735694e+20   1.5863756040e+19   1.7276889668e+62   5.6842523173e-30   3.1742993888e-14   1.8747601489e+06   9.6570948630e-02 
  9.5314441529e+20   1.4277058349e+19   1.6056264684e+62   5.6864086375e-30   3.1772889873e-14   1.8152999499e+06   9.6557231550e-02 
  9.6605533117e+20   1.2910915883e+19   1.4940111232e+62   5.6849778265e-30   3.1798252461e-14   1.7630670289e+06   9.6527732158e-02 
  9.7871671547e+20   1.2661384298e+19   1.5044390802e+62   5.6794211944e-30   3.1820712671e-14   1.7134468211e+06   9.6448393909e-02 
  9.9508604313e+20   1.6369327654e+19   2.0035407239e+62   5.6675118467e-30   3.1845480632e-14   1.6551808300e+06   9.6143141653e-02 
  1.0072884850e+21   1.2202441857e+19   1.5370663672e+62   5.6501238942e-30   3.1869577143e-14   1.5952157196e+06   9.5123699281e-02 
  1.0168090258e+21   9.5205407952e+18   1.2253990951e+62   5.6300842032e-30   3.1887808867e-14   1.5475486231e+06   9.1861555306e-02 
  1.0219147732e+21   5.1057473884e+18   6.6669452685e+61   5.6101572080e-30   3.1899801077e-14   1.5148990840e+06   8.8088088965e-02 
  1.0289160943e+21   7.0013211611e+18   9.2510547384e+61   5.5833956168e-30   3.1909235054e-14   1.4875135189e+06   8.1687650976e-02 
  1.0317310507e+21   2.8149563795e+18   3.7551654433e+61   5.5555002195e-30   3.1916640134e-14   1.4652145412e+06   7.6460278095e-02 
  1.0347055942e+21   2.9745434801e+18   3.9903839380e+61   5.5300017765e-30   3.1920845245e-14   1.4520568181e+06   7.3829841101e-02 
  1.0403174226e+21   5.6118283673e+18   7.5910377010e+61   5.4796557917e-30   3.1926906870e-14   1.4324611815e+06   7.3521448381e-02 
  1.0443382716e+21   4.0208490052e+18   5.4895513034e+61   5.4220216916e-30   3.1933547539e-14   1.4103852327e+06   7.3367995482e-02 
  1.0479366546e+21   3.5983830273e+18   4.9487463166e+61   5.3831581965e-30   3.1938634242e-14   1.3928925970e+06   7.3319792233e-02 
  1.0527677977e+21   4.8311431014e+18   6.6977734237e+61   5.3497540572e-30   3.1944127459e-14   1.3734835518e+06   7.3314218465e-02 
  1.0580337549e+21   5.2659571918e+18   7.3709405406e+61   5.3180257975e-30   3.1950586346e-14   1.3501473405e+06   7.3313109779e-02 
  1.0630005050e+21   4.9667500745e+18   7.0196965779e+61   5.2932022938e-30   3.1957014770e-14   1.3264270668e+06   7.3313017236e-02 
  1.0737091314e+21   1.0708626454e+19   1.5359543050e+62   5.2664685762e-30   3.1966664873e-14   1.2896822551e+06   7.3313012912e-02 
  1.0822521033e+21   8.5429719021e+18   1.2475070803e+62   5.2397612499e-30   3.1978386599e-14   1.2439041214e+06   7.3313011881e-02 
  1.0879188391e+21   5.6667357992e+18   8.3843946672e+61   5.2250557386e-30   3.1986926999e-14   1.2097287438e+06   7.3313011759e-02 
  1.1013284286e+21   1.3409589469e+19   2.0191120419e+62   5.2142781982e-30   3.1998055137e-14   1.1630588468e+06   7.3313011675e-02 
  1.1123292323e+21   1.1000803688e+19   1.6935529505e+62   5.2048818815e-30   3.2011997477e-14   1.1028455521e+06   7.3313011371e-02 
  1.1263133212e+21   1.3984088953e+19   2.2017054075e+62   5.1993531258e-30   3.2025566062e-14   1.0412212273e+06   7.3313009708e-02 
  1.1362029557e+21   9.8896345299e+18   1.5904363963e+62   5.1964718368e-30   3.2037805546e-14   9.8244391736e+05   7.3313002037e-02 
  1.1456310252e+21   9.4280694682e+18   1.5422088983e+62   5.1960160598e-30   3.2047188452e-14   9.3574340970e+05   7.3312945754e-02 
  1.1631798413e+21   1.7548816062e+19   2.9388862265e+62   5.1971922124e-30   3.2059448833e-14   8.7207100113e+05   7.3312816854e-02 
  1.1750520812e+21   1.1872239937e+19   2.0392075979e+62   5.1997192778e-30   3.2071529419e-14   8.0297949107e+05   7.3312569883e-02 
  1.1864919050e+21   1.1439823786e+19   2.0043090293e+62   5.2034067537e-30   3.2080065366e-14   7.4973276072e+05   7.3311635625e-02 
  1.1962551683e+21   9.7632632674e+18   1.7414186569e+62   5.2088147315e-30   3.2086652626e-14   7.0131183942e+05   7.3306553037e-02 
  1.2042881935e+21   8.0330252741e+18   1.4542857127e+62   5.2159483377e-30   3.2091651449e-14   6.6139726540e+05   7.3287144362e-02 
  1.2217972296e+21   1.7509036062e+19   3.2376643762e+62   5.2312415692e-30   3.2097563317e-14   6.0404198387e+05   7.3237521317e-02 
  1.2334875632e+21   1.1690333598e+19   2.2140315581e+62   5.2519676703e-30   3.2103520555e-14   5.3782033485e+05   7.3134432524e-02 
  1.2389386910e+21   5.4511278043e+18   1.0468480154e+62   5.2673985526e-30   3.2106386170e-14   4.9873059298e+05   7.2987755426e-02 
  1.2451845774e+21   6.2458863989e+18   1.2108522538e+62   5.2831273675e-30   3.2107995410e-14   4.7199998967e+05   7.2238238061e-02 
  1.2495021157e+21   4.3175382616e+18   8.4414785683e+61   5.3019750333e-30   3.2109263972e-14   4.4798231612e+05   7.1108151556e-02 
  1.2542708369e+21   4.7687212223e+18   9.3916569241e+61   5.3245908298e-30   3.2110132232e-14   4.2739470036e+05   6.9610043234e-02 
  1.2577858754e+21   3.5150384694e+18   6.9684970123e+61   5.3512764042e-30   3.2110857528e-14   4.0879398631e+05   6.8870826811e-02 
  1.2653117306e+21   7.5258551959e+18   1.5051338449e+62   5.3992208429e-30   3.2111654988e-14   3.8402170787e+05   6.8639638211e-02 
  1.2707754307e+21   5.4637001124e+18   1.1039915508e+62   5.4652539413e-30   3.2112533137e-14   3.5475462524e+05   6.8510060008e-02 
  1.2795827320e+21   8.8073013303e+18   1.7996862780e+62   5.5573705057e-30   3.2113431345e-14   3.2224220995e+05   6.8467071369e-02 
  1.2843295607e+21   4.7468286850e+18   9.8030282960e+61   5.6640545410e-30   3.2114348777e-14   2.9096342660e+05   6.8451816197e-02 
  1.2878459017e+21   3.5163410434e+18   7.3087366726e+61   5.7576223230e-30   3.2115000662e-14   2.7150610723e+05   6.8446650770e-02 
  1.2916592311e+21   3.8133294048e+18   7.9712660453e+61   5.8827131196e-30   3.2115540992e-14   2.5398152114e+05   6.8445255913e-02 
  1.2940909419e+21   2.4317107241e+18   5.1078135471e+61   6.0316909472e-30   3.2116030568e-14   2.3882232864e+05   6.8445124119e-02 
  1.2998513324e+21   5.7603905347e+18   1.2176518384e+62   6.3307764882e-30   3.2116605582e-14   2.1827698384e+05   6.8445123023e-02 
  1.3038277586e+21   3.9764261960e+18   8.4687253310e+61   6.7681954809e-30   3.2117394077e-14   1.9312598881e+05   6.8445246072e-02 
  1.3073620634e+21   3.5343047723e+18   7.5706126056e+61   7.2316094435e-30   3.2118047028e-14   1.7318423574e+05   6.8446084171e-02 
  1.3093032254e+21   1.9411620664e+18   4.1754962204e+61   7.7084289719e-30   3.2118542386e-14   1.5859003253e+05   6.8448071136e-02 
  1.3211882279e+21   1.1885002488e+19   2.5836036834e+62   9.6773921263e-30   3.2118985993e-14   1.1853173900e+05   6.8458449079e-02 
  1.3281610684e+21   6.9728405283e+18   1.5375847014e+62   1.2920759094e-29   3.2121319589e-14   6.1104537613e+04   6.8495297793e-02 
  1.3303855994e+21   2.2245309317e+18   4.9394318696e+61   1.5341265875e-29   3.2125272155e-14   3.3953264350e+04   6.8564602885e-02 
  1.3375637765e+21   7.1781771718e+18   1.6051671501e+62   2.1286858439e-29   3.2114925937e-14   1.5207734317e+04   6.9276787459e-02 
  1.3394494270e+21   1.8856504133e+18   4.2453368123e+61   2.9454724355e-29   3.2112496195e-14  -2.1921778986e+04   7.0865593975e-02 
  1.3407975407e+21   1.3481137622e+18   3.0424684141e+61   3.9277680717e-29   3.2178710525e-14  -1.8077822087e+04   7.1588806732e-02 
  1.3425460700e+21   1.7485293254e+18   3.9552636018e+61   6.3817027827e-29   3.2064211933e-14   7.9651783601e+03   7.0091951012e-02 
  1.3427723700e+21   2.2629999337e+17   5.1265595119e+60   9.8769762665e-29   3.2182576190e-14  -3.4306524445e+04   6.6512288300e-02 
  1.3446916335e+21   1.9192635041e+18   4.3548165368e+61   3.3464344042e-28   3.2160160978e-14  -4.3480856244e+04   4.3802151576e-02 
  1.3449604417e+21   2.6880820402e+17   6.1092036534e+60   1.1180958198e-27   3.1949211007e-14  -3.8958314633e+04   2.7172931767e-02 
  1.3460850824e+21   1.1246406607e+18   2.5586198720e+61   5.5204118714e-27   3.2112098671e-14  -4.2819999539e+04   2.3776795278e-02 
  1.3468681434e+21   7.8306100972e+17   1.7840339115e+61   2.6125632890e-26   3.2055168028e-14  -4.7870470046e+04   2.1266361701e-02 
  1.3479236818e+21   1.0555383509e+18   2.4080990951e+61   5.3267506791e-26   3.1945416658e-14  -5.1792880966e+04   2.0409256344e-02 
  1.3489875033e+21   1.0638215467e+18   2.4308153292e+61   6.2005201730e-26   3.1625275655e-14  -5.6764034054e+04   2.0079637969e-02 
  1.3616536663e+21   1.2666162959e+19   2.9237629953e+62   6.5608136315e-26   3.1619222834e-14  -5.5847028004e+04   2.0049785027e-02 
  1.3714363031e+21   9.7826368583e+18   2.2957020196e+62   7.9117427934e-25   3.1968533094e-14  -4.8021766760e+04   2.0035454615e-02 
  1.3821724495e+21   1.0736146406e+19   2.5574371259e+62   8.1667607100e-25   3.2336407191e-14  -4.3815922610e+04   2.0032120083e-02 
  1.3936223116e+21   1.1449862099e+19   2.7715792133e+62   8.6461586040e-25   3.2994356798e-14  -3.8963578196e+04   2.0028743241e-02 
  1.4049713913e+21   1.1349079659e+19   2.7924962778e+62   9.1405557718e-25   3.3649712439e-14  -3.3108461836e+04   2.0028559015e-02 
  1.4212641774e+21   1.6292786101e+19   4.0885259178e+62   9.7253565374e-25   3.4501853311e-14  -2.6355108081e+04   2.0022769191e-02 
  1.4377559802e+21   1.6491802840e+19   4.2350374827e+62   1.0408464689e-24   3.5487574967e-14  -1.9014414945e+04   2.0022455975e-02 
  1.4581892231e+21   2.0433242815e+19   5.3836281517e+62   1.1303089921e-24   3.6752832599e-14  -1.1357800641e+04   2.0014595346e-02 
  1.4725165387e+21   1.4327315651e+19   3.8660066602e+62   1.2160480942e-24   3.8023076486e-14  -3.6164071134e+03   2.0005278498e-02 
  1.4836697729e+21   1.1153234192e+19   3.0620787681e+62   1.2896964592e-24   3.9111862058e-14   2.4698094722e+03   2.0001225622e-02 
  1.4945112908e+21   1.0841517857e+19   3.0209537499e+62   1.3634577446e-24   4.0167478707e-14   8.1918320529e+03   2.0000449157e-02 
  1.5055877357e+21   1.1076444916e+19   3.1320120055e+62   1.4446689705e-24   4.1300254476e-14   1.3961215723e+04   2.0000173630e-02 
  1.5165150888e+21   1.0927353178e+19   3.1353441560e+62   1.5272212978e-24   4.2474305169e-14   1.9515908676e+04   2.0000059511e-02 
  1.5269257756e+21   1.0410686736e+19   3.0294283152e+62   1.6139011466e-24   4.3719597378e-14   2.4924821270e+04   2.0000019185e-02 
  1.5366239812e+21   9.6982055759e+18   2.8595163618e+62   1.7033740361e-24   4.4976777109e-14   3.0212246748e+04   2.0000006011e-02 
  1.5455776398e+21   8.9536586721e+18   2.6722292763e+62   1.7957426713e-24   4.6247132037e-14   3.5210696265e+04   2.0000001767e-02 
  1.5539736998e+21   8.3960599823e+18   2.5341022582e+62   1.8879824539e-24   4.7490492925e-14   3.9970095103e+04   2.0000000504e-02 
  1.5618042045e+21   7.8305046736e+18   2.3882155759e+62   1.9808712845e-24   4.8762243342e-14   4.4442287800e+04   2.0000000135e-02 
  1.5691428484e+21   7.3386439614e+18   2.2600494047e+62   2.0843382877e-24   5.0203538828e-14   4.9116433151e+04   2.0000000035e-02 
  1.5758594860e+21   6.7166375289e+18   2.0871054348e+62   2.1813676699e-24   5.1282685174e-14   5.3204397298e+04   2.0000000008e-02 
  1.5819769763e+21   6.1174902951e+18   1.9164741915e+62   2.2659485443e-24   5.2402208158e-14   5.6490401736e+04   2.0000000002e-02 
  1.5877526435e+21   5.7756672238e+18   1.8230431670e+62   2.3506122829e-24   5.3502730129e-14   5.9758692618e+04   2.0000000000e-02 
  1.5932576351e+21   5.5049915593e+18   1.7499962115e+62   2.4368208909e-24   5.4609314496e-14   6.2932905999e+04   2.0000000000e-02 
  1.5983668680e+21   5.1092329151e+18   1.6350443087e+62   2.5157317768e-24   5.5610471584e-14   6.5723277025e+04   2.0000000000e-02 
  1.6032168193e+21   4.8499513253e+18   1.5617708114e+62   2.5862543863e-24   5.6494762950e-14   6.8071740153e+04   2.0000000000e-02 
  1.6078819423e+21   4.6651229568e+18   1.5111953172e+62   2.6522403039e-24   5.7356597413e-14   7.0201362064e+04   2.0000000000e-02 
  1.6124038940e+21   4.5219517856e+18   1.4732109201e+62   2.7180201970e-24   5.8216979066e-14   7.2290779418e+04   2.0000000000e-02 
  1.6172398587e+21   4.8359647008e+18   1.5846835850e+62   2.7882084780e-24   5.9127041388e-14   7.4461629923e+04   2.0000000000e-02 
  1.6222460399e+21   5.0061812027e+18   1.6504750793e+62   2.8656394288e-24   6.0121828164e-14   7.6788260178e+04   2.0000000000e-02 
  1.6270254831e+21   4.7794431883e+18   1.5852563384e+62   2.9460622467e-24   6.1145380023e-14   7.9141484578e+04   2.0000000000e-02 
  1.6316604120e+21   4.6349288952e+18   1.5462447682e+62   3.0268732447e-24   6.2164094970e-14   8.1430621456e+04   2.0000000000e-02 
  1.6362465539e+21   4.5861418967e+18   1.5386399831e+62   3.1092652421e-24   6.3193042122e-14   8.3692925183e+04   2.0000000000e-02 
  1.6407790243e+21   4.5324703378e+18   1.5291313161e+62   3.1937465013e-24   6.4238306529e-14   8.5953430603e+04   2.0000000000e-02 
  1.6451627974e+21   4.3837730904e+18   1.4870238583e+62   3.2801300213e-24   6.5297477332e-14   8.8177805109e+04   2.0000000000e-02 
  1.6492072982e+21   4.0445007999e+18   1.3789857887e+62   3.3643535982e-24   6.6321613348e-14   9.0284544672e+04   2.0000000000e-02 
  1.6530667624e+21   3.8594642950e+18   1.3222187889e+62   3.4420756621e-24   6.7259463963e-14   9.2154787502e+04   2.0000000000e-02 
  1.6567463262e+21   3.6795638015e+18   1.2663487542e+62   3.5132038577e-24   6.8112242698e-14   9.3792998869e+04   2.0000000000e-02 
  1.6600829080e+21   3.3365817779e+18   1.1531824333e+62   3.5769952487e-24   6.8873088949e-14   9.5214429854e+04   2.0000000000e-02 
  1.6632717436e+21   3.1888356084e+18   1.1064594845e+62   3.6360242234e-24   6.9609262452e-14   9.6494725589e+04   2.0000000000e-02 
  1.6664121871e+21   3.1404434839e+18   1.0938228813e+62   3.6945669885e-24   7.0336664924e-14   9.7778430322e+04   2.0000000000e-02 
  1.6695054803e+21   3.0932931954e+18   1.0814382598e+62   3.7551949348e-24   7.1086251934e-14   9.9065704882e+04   2.0000000000e-02 
  1.6724653267e+21   2.9598464308e+18   1.0385429661e+62   3.8156509368e-24   7.1830058503e-14   1.0036652017e+05   2.0000000000e-02 
  1.6750848346e+21   2.6195078444e+18   9.2219731089e+61   3.8742214759e-24   7.2547271982e-14   1.0158450166e+05   2.0000000000e-02 
  1.6775706016e+21   2.4857670519e+18   8.7778513747e+61   3.9291009648e-24   7.3216280925e-14   1.0273898321e+05   2.0000000000e-02 
  1.6800205491e+21   2.4499474489e+18   8.6768550371e+61   3.9846380099e-24   7.3891558115e-14   1.0387161787e+05   2.0000000000e-02 
  1.6824553564e+21   2.4348073138e+18   8.6483430496e+61   4.0410278540e-24   7.4573056961e-14   1.0503001318e+05   2.0000000000e-02 
  1.6848771224e+21   2.4217660152e+18   8.6268873387e+61   4.0994156786e-24   7.5275792350e-14   1.0619981984e+05   2.0000000000e-02 
  1.6872860588e+21   2.4089363550e+18   8.6058235451e+61   4.1590153950e-24   7.5989997868e-14   1.0739450788e+05   2.0000000000e-02 
  1.6896812849e+21   2.3952261467e+18   8.5812428194e+61   4.2205228442e-24   7.6723859024e-14   1.0860042266e+05   2.0000000000e-02 
  1.6920610532e+21   2.3797683292e+18   8.5499909366e+61   4.2833773288e-24   7.7470469317e-14   1.0982424087e+05   2.0000000000e-02 
  1.6944095453e+21   2.3484920578e+18   8.4612330467e+61   4.3477538286e-24   7.8231760083e-14   1.1105293404e+05   2.0000000000e-02 
  1.6966428414e+21   2.2332961024e+18   8.0679879618e+61   4.4118300149e-24   7.8986133877e-14   1.1226446134e+05   2.0000000000e-02 
  1.6985323581e+21   1.8895166555e+18   6.8426609536e+61   4.4711040464e-24   7.9681053213e-14   1.1336781897e+05   2.0000000000e-02 
  1.7002992883e+21   1.7669302803e+18   6.4125185116e+61   4.5249321358e-24   8.0309728270e-14   1.1435999457e+05   2.0000000000e-02 
  1.7020384789e+21   1.7391905161e+18   6.3248746244e+61   4.5778292121e-24   8.0925112720e-14   1.1532225434e+05   2.0000000000e-02 
  1.7037539340e+21   1.7154551125e+18   6.2512319751e+61   4.6311228916e-24   8.1542816823e-14   1.1628139512e+05   2.0000000000e-02 
  1.7053766420e+21   1.6227079930e+18   5.9248526297e+61   4.6837778975e-24   8.2151018357e-14   1.1721776887e+05   2.0000000000e-02 
  1.7067421987e+21   1.3655567617e+18   4.9946832378e+61   4.7319028873e-24   8.2705084316e-14   1.1806398231e+05   2.0000000000e-02 
  1.7082413316e+21   1.4991328229e+18   5.4924642726e+61   4.7790186920e-24   8.3245876512e-14   1.1888532600e+05   2.0000000000e-02 
  1.7095747882e+21   1.3334566568e+18   4.8935742925e+61   4.8265538263e-24   8.3789860875e-14   1.1970642279e+05   2.0000000000e-02 
  1.7110625500e+21   1.4877617662e+18   5.4688669496e+61   4.8750803065e-24   8.4343480446e-14   1.2053376424e+05   2.0000000000e-02 
  1.7123817140e+21   1.3191639897e+18   4.8570794215e+61   4.9240416187e-24   8.4900217948e-14   1.2135976143e+05   2.0000000000e-02 
  1.7138520836e+21   1.4703696570e+18   5.4226355994e+61   4.9719019851e-24   8.5442999368e-14   1.2215122830e+05   2.0000000000e-02 
  1.7151568671e+21   1.3047834904e+18   4.8197618972e+61   5.0176393978e-24   8.5960441348e-14   1.2289080488e+05   2.0000000000e-02 
  1.7166089161e+21   1.4520490263e+18   5.3723767142e+61   5.0606887375e-24   8.6446279567e-14   1.2356451875e+05   2.0000000000e-02 
  1.7178103399e+21   1.2014238000e+18   4.4519752611e+61   5.0999038145e-24   8.6886497263e-14   1.2415937762e+05   2.0000000000e-02 
  1.7189138185e+21   1.1034785534e+18   4.0945213130e+61   5.1327067932e-24   8.7255256152e-14   1.2465020409e+05   2.0000000000e-02 
  1.7200170878e+21   1.1032693025e+18   4.0990038152e+61   5.1639123442e-24   8.7618843521e-14   1.2511326239e+05   2.0000000000e-02 
  1.7210976637e+21   1.0805759418e+18   4.0197911691e+61   5.1953736884e-24   8.7984691967e-14   1.2558278113e+05   2.0000000000e-02 
  1.7220955171e+21   9.9785335866e+17   3.7165449295e+61   5.2260516450e-24   8.8340811343e-14   1.2604042667e+05   2.0000000000e-02 
  1.7227492351e+21   6.5371798135e+17   2.4371351745e+61   5.2508687511e-24   8.8628464352e-14   1.2641143032e+05   2.0000000000e-02 
  1.7233026872e+21   5.5345212926e+17   2.0647789906e+61   5.2693461009e-24   8.8842391236e-14   1.2668730569e+05   2.0000000000e-02 
  1.7238393135e+21   5.3662630081e+17   2.0032731880e+61   5.2862783386e-24   8.9038249148e-14   1.2694010244e+05   2.0000000000e-02 
  1.7243796207e+21   5.4030719614e+17   2.0182747760e+61   5.3032264835e-24   8.9234121390e-14   1.2719277326e+05   2.0000000000e-02 
  1.7249221315e+21   5.4251082920e+17   2.0277792096e+61   5.3204572079e-24   8.9433086328e-14   1.2744949095e+05   2.0000000000e-02 
  1.7254646900e+21   5.4255849626e+17   2.0292334742e+61   5.3379073829e-24   8.9634408705e-14   1.2770898419e+05   2.0000000000e-02 
  1.7260063020e+21   5.4161197035e+17   2.0269665693e+61   5.3555054002e-24   8.9837256794e-14   1.2797032321e+05   2.0000000000e-02 
  1.7265470904e+21   5.4078840217e+17   2.0251539916e+61   5.3732339797e-24   9.0041426587e-14   1.2823293115e+05   2.0000000000e-02 
  1.7270871194e+21   5.4002901851e+17   2.0235765996e+61   5.3910767682e-24   9.0246725952e-14   1.2849674101e+05   2.0000000000e-02 
  1.7276264852e+21   5.3936581779e+17   2.0223550152e+61   5.4090380811e-24   9.0453199865e-14   1.2876147767e+05   2.0000000000e-02 
  1.7281652020e+21   5.3871679964e+17   2.0211823937e+61   5.4271017003e-24   9.0660658583e-14   1.2902715916e+05   2.0000000000e-02 
  1.7287032473e+21   5.3804523883e+17   2.0199209545e+61   5.4452744764e-24   9.0869176966e-14   1.2929351401e+05   2.0000000000e-02 
  1.7292406024e+21   5.3735508190e+17   2.0185853194e+61   5.4635394482e-24   9.1078557366e-14   1.2956059866e+05   2.0000000000e-02 
  1.7297772630e+21   5.3666065471e+17   2.0172291834e+61   5.4819057599e-24   9.1288901801e-14   1.2982818094e+05   2.0000000000e-02 
  1.7303132333e+21   5.3597029636e+17   2.0158838846e+61   5.5003581804e-24   9.1500033583e-14   1.3009636130e+05   2.0000000000e-02 
  1.7308485143e+21   5.3528103731e+17   2.0145382848e+61   5.5189073228e-24   9.1712072243e-14   1.3036492146e+05   2.0000000000e-02 
  1.7313831024e+21   5.3458803295e+17   2.0131741476e+61   5.5375383638e-24   9.1924845770e-14   1.3063396041e+05   2.0000000000e-02 
  1.7319169989e+21   5.3389654842e+17   2.0118112877e+61   5.5562580071e-24   9.2138430867e-14   1.3090327370e+05   2.0000000000e-02 
  1.7324502024e+21   5.3320349617e+17   2.0104380772e+61   5.5750555992e-24   9.2352702730e-14   1.3117286746e+05   2.0000000000e-02 
  1.7329827064e+21   5.3250395816e+17   2.0090359444e+61   5.5939280777e-24   9.2567628349e-14   1.3144259697e+05   2.0000000000e-02 
  1.7335145153e+21   5.3180891004e+17   2.0076462796e+61   5.6128728975e-24   9.2783256505e-14   1.3171241459e+05   2.0000000000e-02 
  1.7340456234e+21   5.3110807342e+17   2.0062302899e+61   5.6318927971e-24   9.2999534760e-14   1.3198242400e+05   2.0000000000e-02 
  1.7345760316e+21   5.3040824578e+17   2.0048136257e+61   5.6509912442e-24   9.3216499914e-14   1.3225259514e+05   2.0000000000e-02 
  1.7351057433e+21   5.2971165404e+17   2.0034047248e+61   5.6701667286e-24   9.3434132887e-14   1.3252294594e+05   2.0000000000e-02 
  1.7356347554e+21   5.2901209756e+17   2.0019801479e+61   5.6894191728e-24   9.3652408386e-14   1.3279343944e+05   2.0000000000e-02 
  1.7361630696e+21   5.2831428104e+17   2.0005576914e+61   5.7087432783e-24   9.3871270902e-14   1.3306396849e+05   2.0000000000e-02 
  1.7366906849e+21   5.2761520834e+17   1.9991260193e+61   5.7281327058e-24   9.4090666474e-14   1.3333443998e+05   2.0000000000e-02 
  1.7372176020e+21   5.2691712841e+17   1.9976936524e+61   5.7475839253e-24   9.4310553449e-14   1.3360477131e+05   2.0000000000e-02 
  1.7377438213e+21   5.2621928310e+17   1.9962577261e+61   5.7670933365e-24   9.4530889543e-14   1.3387490723e+05   2.0000000000e-02 
  1.7382693466e+21   5.2552534556e+17   1.9948321934e+61   5.7866587211e-24   9.4751648417e-14   1.3414480210e+05   2.0000000000e-02 
  1.7387941740e+21   5.2482743029e+17   1.9933871338e+61   5.8062785683e-24   9.4972812134e-14   1.3441440383e+05   2.0000000000e-02 
  1.7393183086e+21   5.2413457881e+17   1.9919568868e+61   5.8259472533e-24   9.5194320662e-14   1.3468362789e+05   2.0000000000e-02 
  1.7398417518e+21   5.2344322594e+17   1.9905279406e+61   5.8456566671e-24   9.5416080891e-14   1.3495234767e+05   2.0000000000e-02 
  1.7403645074e+21   5.2275558104e+17   1.9891087216e+61   5.8654008385e-24   9.5638024510e-14   1.3522045444e+05   2.0000000000e-02 
  1.7408865820e+21   5.2207454334e+17   1.9877103087e+61   5.8851750622e-24   9.5860098003e-14   1.3548786562e+05   2.0000000000e-02 
  1.7414079756e+21   5.2139363701e+17   1.9863080877e+61   5.9049753842e-24   9.6082256588e-14   1.3575451398e+05   2.0000000000e-02 
  1.7419286929e+21   5.2071731381e+17   1.9849190380e+61   5.9247985318e-24   9.6304463312e-14   1.3602034524e+05   2.0000000000e-02 
  1.7424487386e+21   5.2004563731e+17   1.9835434470e+61   5.9446419750e-24   9.6526689721e-14   1.3628531808e+05   2.0000000000e-02 
  1.7429681174e+21   5.1937885566e+17   1.9821823076e+61   5.9645037660e-24   9.6748914034e-14   1.3654940143e+05   2.0000000000e-02 
  1.7434868334e+21   5.1871602481e+17   1.9808320614e+61   5.9843824282e-24   9.6971119857e-14   1.3681257249e+05   2.0000000000e-02 
  1.7440048949e+21   5.1806143780e+17   1.9795091559e+61   6.0042769457e-24   9.7193296040e-14   1.3707481643e+05   2.0000000000e-02 
  1.7445223027e+21   5.1740782848e+17   1.9781858804e+61   6.0241865748e-24   9.7415434538e-14   1.3733612371e+05   2.0000000000e-02 
  1.7450390608e+21   5.1675806816e+17   1.9768732343e+61   6.0441107644e-24   9.7637529516e-14   1.3759648853e+05   2.0000000000e-02 
  1.7455551726e+21   5.1611186870e+17   1.9755701521e+61   6.0640492425e-24   9.7859578284e-14   1.3785590976e+05   2.0000000000e-02 
  1.7460706274e+21   5.1545472289e+17   1.9742210891e+61   6.0840016328e-24   9.8081577014e-14   1.3811438597e+05   2.0000000000e-02 
  1.7465854288e+21   5.1480140637e+17   1.9728825910e+61   6.1039676896e-24   9.8303523356e-14   1.3837191885e+05   2.0000000000e-02 
  1.7470995822e+21   5.1415348098e+17   1.9715606862e+61   6.1239475894e-24   9.8525419687e-14   1.3862851654e+05   2.0000000000e-02 
  1.7476130974e+21   5.1351514632e+17   1.9702715441e+61   6.1439417185e-24   9.8747270724e-14   1.3888419005e+05   2.0000000000e-02 
  1.7481259766e+21   5.1287917572e+17   1.9689875023e+61   6.1639504921e-24   9.8969081485e-14   1.3913895047e+05   2.0000000000e-02 
  1.7486382245e+21   5.1224793267e+17   1.9677176664e+61   6.1839742878e-24   9.9190856535e-14   1.3939280882e+05   2.0000000000e-02 
  1.7491498711e+21   5.1164661081e+17   1.9665589441e+61   6.2040140567e-24   9.9412606776e-14   1.3964578432e+05   2.0000000000e-02 
  1.7496609571e+21   5.1108602806e+17   1.9655532232e+61   6.2240715232e-24   9.9634351640e-14   1.3989790591e+05   2.0000000000e-02 
  1.7501714905e+21   5.1053338075e+17   1.9645746038e+61   6.2441480883e-24   9.9856106925e-14   1.4014919717e+05   2.0000000000e-02 
  1.7506814522e+21   5.0996166192e+17   1.9635191433e+61   6.2642440688e-24   1.0007787635e-13   1.4039966747e+05   2.0000000000e-02 
  1.7511908167e+21   5.0936454347e+17   1.9623622859e+61   6.2843591418e-24   1.0029965654e-13   1.4064932039e+05   2.0000000000e-02 
  1.7516995627e+21   5.0874601383e+17   1.9611191853e+61   6.3044929430e-24   1.0052144369e-13   1.4089816186e+05   2.0000000000e-02 
  1.7522076834e+21   5.0812062087e+17   1.9598457804e+61   6.3246455678e-24   1.0074323916e-13   1.4114620361e+05   2.0000000000e-02 
  1.7527151801e+21   5.0749677642e+17   1.9585744854e+61   6.3448177323e-24   1.0096505110e-13   1.4139346256e+05   2.0000000000e-02 
  1.7532220539e+21   5.0687377864e+17   1.9573026059e+61   6.3650104008e-24   1.0118689022e-13   1.4163995899e+05   2.0000000000e-02 
  1.7537283110e+21   5.0625706898e+17   1.9560511829e+61   6.3852246157e-24   1.0140876797e-13   1.4188571960e+05   2.0000000000e-02 
  1.7542339548e+21   5.0564383789e+17   1.9548094101e+61   6.4054615653e-24   1.0163069749e-13   1.4213077742e+05   2.0000000000e-02 
  1.7547389866e+21   5.0503174267e+17   1.9535682566e+61   6.4257227393e-24   1.0185269521e-13   1.4237516632e+05   2.0000000000e-02 
  1.7552434101e+21   5.0442348304e+17   1.9523381873e+61   6.4460101811e-24   1.0207478343e-13   1.4261892160e+05   2.0000000000e-02 
  1.7557472262e+21   5.0381619438e+17   1.9511081419e+61   6.4663262009e-24   1.0229698703e-13   1.4286208560e+05   2.0000000000e-02 
  1.7562504348e+21   5.0320859531e+17   1.9498731650e+61   6.4866729132e-24   1.0251932883e-13   1.4310471033e+05   2.0000000000e-02 
  1.7567530401e+21   5.0260521406e+17   1.9486508178e+61   6.5070522919e-24   1.0274183074e-13   1.4334684868e+05   2.0000000000e-02 
  1.7572550413e+21   5.0200121426e+17   1.9474223732e+61   6.5274659957e-24   1.0296451174e-13   1.4358853296e+05   2.0000000000e-02 
  1.7577564395e+21   5.0139820420e+17   1.9461940725e+61   6.5479144062e-24   1.0318737677e-13   1.4382976327e+05   2.0000000000e-02 
  1.7582572383e+21   5.0079879668e+17   1.9449760775e+61   6.5683951975e-24   1.0341040104e-13   1.4407051764e+05   2.0000000000e-02 
  1.7587574384e+21   5.0020010705e+17   1.9437572098e+61   6.5889028574e-24   1.0363352565e-13   1.4431075734e+05   2.0000000000e-02 
  1.7592570433e+21   4.9960490209e+17   1.9425482389e+61   6.6094305972e-24   1.0385667765e-13   1.4455042081e+05   2.0000000000e-02 
  1.7597560581e+21   4.9901478822e+17   1.9413554493e+61   6.6299736026e-24   1.0407980328e-13   1.4478945256e+05   2.0000000000e-02 
  1.7602544832e+21   4.9842512089e+17   1.9401608042e+61   6.6505311320e-24   1.0430289238e-13   1.4502786831e+05   2.0000000000e-02 
  1.7607523225e+21   4.9783930320e+17   1.9389775678e+61   6.6711196047e-24   1.0452625902e-13   1.4526580224e+05   2.0000000000e-02 
  1.7612495773e+21   4.9725483507e+17   1.9377960311e+61   6.6917487943e-24   1.0474992850e-13   1.4550384135e+05   2.0000000000e-02 
  1.7617462449e+21   4.9666756666e+17   1.9366000225e+61   6.7124600888e-24   1.0497428714e-13   1.4574200273e+05   2.0000000000e-02 
  1.7622423259e+21   4.9608096919e+17   1.9354030664e+61   6.7332370034e-24   1.0519915661e-13   1.4598080913e+05   2.0000000000e-02 
  1.7627378163e+21   4.9549047400e+17   1.9341873318e+61   6.7541282188e-24   1.0542506038e-13   1.4622017823e+05   2.0000000000e-02 
  1.7632327113e+21   4.9489496534e+17   1.9329484278e+61   6.7751221381e-24   1.0565186740e-13   1.4646073389e+05   2.0000000000e-02 
  1.7637270056e+21   4.9429429674e+17   1.9316857404e+61   6.7962780625e-24   1.0588021227e-13   1.4670257021e+05   2.0000000000e-02 
  1.7642206886e+21   4.9368296813e+17   1.9303777147e+61   6.8176125171e-24   1.0611025967e-13   1.4694652434e+05   2.0000000000e-02 
  1.7647137454e+21   4.9305680676e+17   1.9290079304e+61   6.8392092091e-24   1.0634289805e-13   1.4719319824e+05   2.0000000000e-02 
  1.7652061569e+21   4.9241151597e+17   1.9275594365e+61   6.8611413668e-24   1.0657888986e-13   1.4744397315e+05   2.0000000000e-02 
  1.7656978910e+21   4.9173411710e+17   1.9259812211e+61   6.8835502228e-24   1.0681972319e-13   1.4770047197e+05   2.0000000000e-02 
  1.7661889049e+21   4.9101388115e+17   1.9242309499e+61   6.9066093389e-24   1.0706721403e-13   1.4796530871e+05   2.0000000000e-02 
  1.7666791390e+21   4.9023411431e+17   1.9222427778e+61   6.9305766669e-24   1.0732407514e-13   1.4824201257e+05   2.0000000000e-02 
  1.7671685112e+21   4.8937221161e+17   1.9199274821e+61   6.9558187352e-24   1.0759412301e-13   1.4853506218e+05   2.0000000000e-02 
  1.7676569491e+21   4.8843787759e+17   1.9173224601e+61   6.9824861012e-24   1.0787188964e-13   1.4884541989e+05   2.0000000000e-02 
  1.7681444250e+21   4.8747592344e+17   1.9146031390e+61   7.0098112084e-24   1.0815593900e-13   1.4916092501e+05   2.0000000000e-02 
  1.7686309695e+21   4.8654446941e+17   1.9119977493e+61   7.0365127390e-24   1.0843360951e-13   1.4946681448e+05   2.0000000000e-02 
  1.7691166388e+21   4.8566927099e+17   1.9096078591e+61   7.0624605232e-24   1.0870301102e-13   1.4975961505e+05   2.0000000000e-02 
  1.7696014779e+21   4.8483915686e+17   1.9073900011e+61   7.0878615522e-24   1.0896635385e-13   1.5004250736e+05   2.0000000000e-02 
  1.7700855191e+21   4.8404120201e+17   1.9052936810e+61   7.1128687092e-24   1.0922526436e-13   1.5031776694e+05   2.0000000000e-02 
  1.7705687899e+21   4.8327083168e+17   1.9033011596e+61   7.1375955077e-24   1.0948094948e-13   1.5058708530e+05   2.0000000000e-02 
  1.7710513088e+21   4.8251881357e+17   1.9013762895e+61   7.1621178457e-24   1.0973422084e-13   1.5085162632e+05   2.0000000000e-02 
  1.7715330922e+21   4.8178341377e+17   1.8995123953e+61   7.1864855399e-24   1.0998560952e-13   1.5111215252e+05   2.0000000000e-02 
  1.7720141551e+21   4.8106291674e+17   1.8977028549e+61   7.2107390166e-24   1.1023552926e-13   1.5136930411e+05   2.0000000000e-02 
  1.7724945059e+21   4.8035077465e+17   1.8959219495e+61   7.2349228612e-24   1.1048459677e-13   1.5162401938e+05   2.0000000000e-02 
  1.7729741515e+21   4.7964565235e+17   1.8941644810e+61   7.2590945322e-24   1.1073364746e-13   1.5187693792e+05   2.0000000000e-02 
  1.7734530987e+21   4.7894719043e+17   1.8924290931e+61   7.2832744254e-24   1.1098253363e-13   1.5212844427e+05   2.0000000000e-02 
  1.7739313504e+21   4.7825168356e+17   1.8907011943e+61   7.3074508416e-24   1.1123113162e-13   1.5237844619e+05   2.0000000000e-02 
  1.7744089124e+21   4.7756197268e+17   1.8889920543e+61   7.3316325850e-24   1.1147951897e-13   1.5262706485e+05   2.0000000000e-02 
  1.7748857876e+21   4.7687522931e+17   1.8872905294e+61   7.3558518876e-24   1.1172801309e-13   1.5287472760e+05   2.0000000000e-02 
  1.7753619751e+21   4.7618752809e+17   1.8855811011e+61   7.3801517072e-24   1.1197706795e-13   1.5312196745e+05   2.0000000000e-02 
  1.7758374735e+21   4.7549834759e+17   1.8838616989e+61   7.4045623860e-24   1.1222697969e-13   1.5336936401e+05   2.0000000000e-02 
  1.7763122775e+21   4.7480402830e+17   1.8821178043e+61   7.4291543898e-24   1.1247843701e-13   1.5361756493e+05   2.0000000000e-02 
  1.7767863890e+21   4.7411150282e+17   1.8803768803e+61   7.4538762455e-24   1.1273116352e-13   1.5386612643e+05   2.0000000000e-02 
  1.7772598375e+21   4.7344847840e+17   1.8787489241e+61   7.4781766554e-24   1.1297959430e-13   1.5410822145e+05   2.0000000000e-02 
  1.7777326749e+21   4.7283746401e+17   1.8773235810e+61   7.5016934455e-24   1.1321992202e-13   1.5433877607e+05   2.0000000000e-02 
  1.7782049716e+21   4.7229664012e+17   1.8761735338e+61   7.5241636681e-24   1.1344982704e-13   1.5455475261e+05   2.0000000000e-02 
  1.7786768120e+21   4.7184039596e+17   1.8753565832e+61   7.5453607209e-24   1.1366724577e-13   1.5475314403e+05   2.0000000000e-02 
  1.7791482904e+21   4.7147843481e+17   1.8749120415e+61   7.5650708254e-24   1.1386937072e-13   1.5493118450e+05   2.0000000000e-02 
  1.7796195066e+21   4.7121623189e+17   1.8748624946e+61   7.5832021634e-24   1.1405522514e-13   1.5508793241e+05   2.0000000000e-02 
  1.7800905537e+21   4.7104708655e+17   1.8751821021e+61   7.5998646092e-24   1.1422586501e-13   1.5522466477e+05   2.0000000000e-02 
  1.7805615000e+21   4.7094622101e+17   1.8757729327e+61   7.6154128202e-24   1.1438473367e-13   1.5534580829e+05   2.0000000000e-02 
  1.7810323833e+21   4.7088339075e+17   1.8765150024e+61   7.6303527014e-24   1.1453821839e-13   1.5546029899e+05   2.0000000000e-02 
  1.7815032054e+21   4.7082202642e+17   1.8772627838e+61   7.6452544344e-24   1.1469585317e-13   1.5557425894e+05   2.0000000000e-02 
  1.7819739490e+21   4.7074365096e+17   1.8779425588e+61   7.6604575457e-24   1.1485647562e-13   1.5569300181e+05   2.0000000000e-02 
  1.7824445876e+21   4.7063860132e+17   1.8785156044e+61   7.6761518954e-24   1.1502215698e-13   1.5581747669e+05   2.0000000000e-02 
  1.7829150919e+21   4.7050423533e+17   1.8789711412e+61   7.6923457938e-24   1.1519300567e-13   1.5594890089e+05   2.0000000000e-02 
  1.7833854284e+21   4.7033657834e+17   1.8792930362e+61   7.7091185466e-24   1.1536986240e-13   1.5608694693e+05   2.0000000000e-02 
  1.7838555704e+21   4.7014198239e+17   1.8795064092e+61   7.7263891876e-24   1.1555187586e-13   1.5623196736e+05   2.0000000000e-02 
  1.7843254850e+21   4.6991461943e+17   1.8795877153e+61   7.7441924108e-24   1.1573940921e-13   1.5638284511e+05   2.0000000000e-02 
  1.7847951509e+21   4.6966583653e+17   1.8795821008e+61   7.7624133938e-24   1.1593124459e-13   1.5653951850e+05   2.0000000000e-02 
  1.7852645419e+21   4.6939101007e+17   1.8794708670e+61   7.7810738659e-24   1.1612760207e-13   1.5670069688e+05   2.0000000000e-02 
  1.7857336404e+21   4.6909851789e+17   1.8792873666e+61   7.8000633113e-24   1.1632730593e-13   1.5686630553e+05   2.0000000000e-02 
  1.7862024268e+21   4.6878638854e+17   1.8790235466e+61   7.8194052882e-24   1.1653059461e-13   1.5703523232e+05   2.0000000000e-02 
  1.7866708886e+21   4.6846179932e+17   1.8787080334e+61   7.8390006232e-24   1.1673641597e-13   1.5720752830e+05   2.0000000000e-02 
  1.7871390098e+21   4.6812125183e+17   1.8783266814e+61   7.8588766797e-24   1.1694505253e-13   1.5738222228e+05   2.0000000000e-02 
  1.7876067836e+21   4.6777373807e+17   1.8779154654e+61   7.8789476161e-24   1.1715559491e-13   1.5755937466e+05   2.0000000000e-02 
  1.7880741963e+21   4.6741271443e+17   1.8774480369e+61   7.8992318520e-24   1.1736823607e-13   1.5773814484e+05   2.0000000000e-02 
  1.7885412436e+21   4.6704734429e+17   1.8769611182e+61   7.9196654977e-24   1.1758229651e-13   1.5791846197e+05   2.0000000000e-02 
  1.7890079178e+21   4.6667415365e+17   1.8764407011e+61   7.9402448171e-24   1.1779773719e-13   1.5809975352e+05   2.0000000000e-02 
  1.7894742160e+21   4.6629822878e+17   1.8759071879e+61   7.9609286398e-24   1.1801412072e-13   1.5828183993e+05   2.0000000000e-02 
  1.7899401341e+21   4.6591807729e+17   1.8753545479e+61   7.9817079079e-24   1.1823135005e-13   1.5846434255e+05   2.0000000000e-02 
  1.7904056720e+21   4.6553787833e+17   1.8747995808e+61   8.0025559094e-24   1.1844914294e-13   1.5864711612e+05   2.0000000000e-02 
  1.7908708253e+21   4.6515332898e+17   1.8742249447e+61   8.0234763038e-24   1.1866753179e-13   1.5882989228e+05   2.0000000000e-02 
  1.7913355963e+21   4.6477098324e+17   1.8736570325e+61   8.0444416856e-24   1.1888622947e-13   1.5901274850e+05   2.0000000000e-02 
  1.7917999816e+21   4.6438529111e+17   1.8730734718e+61   8.0654761365e-24   1.1910548160e-13   1.5919546626e+05   2.0000000000e-02 
  1.7922639822e+21   4.6400065900e+17   1.8724920223e+61   8.0865484630e-24   1.1932496389e-13   1.5937833860e+05   2.0000000000e-02 
  1.7927275959e+21   4.6361366191e+17   1.8718988610e+61   8.1077050255e-24   1.1954515526e-13   1.5956110069e+05   2.0000000000e-02 
  1.7931908216e+21   4.6322573438e+17   1.8712997657e+61   8.1289101523e-24   1.1976568345e-13   1.5974419136e+05   2.0000000000e-02 
  1.7936536566e+21   4.6283491624e+17   1.8706868046e+61   8.1502146219e-24   1.1998707534e-13   1.5992735148e+05   2.0000000000e-02 
  1.7941160998e+21   4.6244321640e+17   1.8700680803e+61   8.1715819203e-24   1.2020894968e-13   1.6011103101e+05   2.0000000000e-02 
  1.7945781473e+21   4.6204756187e+17   1.8694311499e+61   8.1930551877e-24   1.2043175697e-13   1.6029497123e+05   2.0000000000e-02 
  1.7950397976e+21   4.6165025700e+17   1.8687853118e+61   8.2146084899e-24   1.2065522486e-13   1.6047945328e+05   2.0000000000e-02 
  1.7955010462e+21   4.6124864261e+17   1.8681197802e+61   8.2362687161e-24   1.2087962571e-13   1.6066427289e+05   2.0000000000e-02 
  1.7959618913e+21   4.6084504731e+17   1.8674439587e+61   8.2580104327e-24   1.2110467240e-13   1.6084956715e+05   2.0000000000e-02 
  1.7964223314e+21   4.6044010074e+17   1.8667603850e+61   8.2798438779e-24   1.2133050185e-13   1.6103510859e+05   2.0000000000e-02 
  1.7968823636e+21   4.6003217725e+17   1.8660624529e+61   8.3017468427e-24   1.2155688260e-13   1.6122095027e+05   2.0000000000e-02 
  1.7973419859e+21   4.5962239489e+17   1.8653546774e+61   8.3237317716e-24   1.2178394161e-13   1.6140688062e+05   2.0000000000e-02 
  1.7978011964e+21   4.5921045410e+17   1.8646358272e+61   8.3457778646e-24   1.2201146173e-13   1.6159298081e+05   2.0000000000e-02 
  1.7982599943e+21   4.5879786091e+17   1.8639120054e+61   8.3678969544e-24   1.2223956407e-13   1.6177909562e+05   2.0000000000e-02 
  1.7987183800e+21   4.5838577714e+17   1.8631879312e+61   8.3900740529e-24   1.2246809203e-13   1.6196531568e+05   2.0000000000e-02 
  1.7991763498e+21   4.5796973078e+17   1.8624454187e+61   8.4123211884e-24   1.2269716907e-13   1.6215153249e+05   2.0000000000e-02 
  1.7996339054e+21   4.5755559353e+17   1.8617083330e+61   8.4346297783e-24   1.2292670429e-13   1.6233782873e+05   2.0000000000e-02 
  1.8000910471e+21   4.5714177021e+17   1.8609701955e+61   8.4570071749e-24   1.2315677326e-13   1.6252416489e+05   2.0000000000e-02 
  1.8005477660e+21   4.5671882032e+17   1.8601925494e+61   8.4794495157e-24   1.2338733483e-13   1.6271058968e+05   2.0000000000e-02 
  1.8010040676e+21   4.5630164782e+17   1.8594360696e+61   8.5019608013e-24   1.2361842999e-13   1.6289708001e+05   2.0000000000e-02 
  1.8014599549e+21   4.5588726399e+17   1.8586886164e+61   8.5245394775e-24   1.2385004171e-13   1.6308365210e+05   2.0000000000e-02 
  1.8019154155e+21   4.5546065791e+17   1.8578889668e+61   8.5471861047e-24   1.2408217533e-13   1.6327028341e+05   2.0000000000e-02 
  1.8023704516e+21   4.5503602596e+17   1.8570949741e+61   8.5698985898e-24   1.2431480852e-13   1.6345696112e+05   2.0000000000e-02 
  1.8028250677e+21   4.5461619527e+17   1.8563182025e+61   8.5926761999e-24   1.2454793292e-13   1.6364366170e+05   2.0000000000e-02 
  1.8032792580e+21   4.5419023538e+17   1.8555140269e+61   8.6155162788e-24   1.2478152038e-13   1.6383037217e+05   2.0000000000e-02 
  1.8037330283e+21   4.5377032665e+17   1.8547321963e+61   8.6384174664e-24   1.2501555645e-13   1.6401706946e+05   2.0000000000e-02 
  1.8041863714e+21   4.5334308154e+17   1.8539180002e+61   8.6613794377e-24   1.2525003666e-13   1.6420372966e+05   2.0000000000e-02 
  1.8046392883e+21   4.5291691604e+17   1.8531058222e+61   8.6844007570e-24   1.2548494530e-13   1.6439034428e+05   2.0000000000e-02 
  1.8050917930e+21   4.5250467014e+17   1.8523482466e+61   8.7074824056e-24   1.2572029111e-13   1.6457690728e+05   2.0000000000e-02 
  1.8055438787e+21   4.5208576265e+17   1.8515610752e+61   8.7306229504e-24   1.2595605862e-13   1.6476343673e+05   2.0000000000e-02 
  1.8059955470e+21   4.5166828553e+17   1.8507774208e+61   8.7538241931e-24   1.2619226564e-13   1.6494992513e+05   2.0000000000e-02 
  1.8064467872e+21   4.5124016462e+17   1.8499477835e+61   8.7770866407e-24   1.2642891604e-13   1.6513638180e+05   2.0000000000e-02 
  1.8068975970e+21   4.5080982831e+17   1.8491066569e+61   8.8004103575e-24   1.2666601014e-13   1.6532281579e+05   2.0000000000e-02 
  1.8073479856e+21   4.5038856943e+17   1.8483003791e+61   8.8237989796e-24   1.2690358320e-13   1.6550922695e+05   2.0000000000e-02 
  1.8077979642e+21   4.4997863639e+17   1.8475382594e+61   8.8472493434e-24   1.2714160334e-13   1.6569566146e+05   2.0000000000e-02 
  1.8082475492e+21   4.4958494354e+17   1.8468405840e+61   8.8707710051e-24   1.2738016550e-13   1.6588208449e+05   2.0000000000e-02 
  1.8086967499e+21   4.4920071552e+17   1.8461796335e+61   8.8943552595e-24   1.2761918172e-13   1.6606858414e+05   2.0000000000e-02 
  1.8091455689e+21   4.4881903705e+17   1.8455270436e+61   8.9180173993e-24   1.2785880465e-13   1.6625507828e+05   2.0000000000e-02 
  1.8095939977e+21   4.4842874948e+17   1.8448369179e+61   8.9417413603e-24   1.2809887189e-13   1.6644169677e+05   2.0000000000e-02 
  1.8100420225e+21   4.4802486056e+17   1.8440886336e+61   8.9655479609e-24   1.2833959166e-13   1.6662830653e+05   2.0000000000e-02 
  1.8104896320e+21   4.4760944440e+17   1.8432906243e+61   8.9894137001e-24   1.2858072698e-13   1.6681508267e+05   2.0000000000e-02 
  1.8109368170e+21   4.4718505253e+17   1.8424533124e+61   9.0133677954e-24   1.2882257052e-13   1.6700183197e+05   2.0000000000e-02 
  1.8113835721e+21   4.4675509757e+17   1.8415906966e+61   9.0373796839e-24   1.2906481410e-13   1.6718878451e+05   2.0000000000e-02 
  1.8118298945e+21   4.4632237625e+17   1.8407142702e+61   9.0614861902e-24   1.2930782636e-13   1.6737570070e+05   2.0000000000e-02 
  1.8122757823e+21   4.4588776272e+17   1.8398276195e+61   9.0856484118e-24   1.2955121544e-13   1.6756287711e+05   2.0000000000e-02 
  1.8127212346e+21   4.4545228783e+17   1.8389349872e+61   9.1099102982e-24   1.2979542191e-13   1.6775002465e+05   2.0000000000e-02 
  1.8131662512e+21   4.4501664614e+17   1.8380392371e+61   9.1342278521e-24   1.3004000317e-13   1.6793747237e+05   2.0000000000e-02 
  1.8136108306e+21   4.4457936720e+17   1.8371342911e+61   9.1586520868e-24   1.3028546949e-13   1.6812488375e+05   2.0000000000e-02 
  1.8140549734e+21   4.4414286590e+17   1.8362301237e+61   9.1831309764e-24   1.3053129828e-13   1.6831264379e+05   2.0000000000e-02 
  1.8144986778e+21   4.4370438080e+17   1.8353153175e+61   9.2077230362e-24   1.3077807435e-13   1.6850036568e+05   2.0000000000e-02 
  1.8149419438e+21   4.4326600987e+17   1.8343985420e+61   9.2323683031e-24   1.3102519621e-13   1.6868848919e+05   2.0000000000e-02 
  1.8153847698e+21   4.4282593884e+17   1.8334722859e+61   9.2571327177e-24   1.3127332274e-13   1.6887657262e+05   2.0000000000e-02 
  1.8158271545e+21   4.4238470086e+17   1.8325387458e+61   9.2819512521e-24   1.3152180150e-13   1.6906509273e+05   2.0000000000e-02 
  1.8162690962e+21   4.4194177351e+17   1.8315957480e+61   9.3068919788e-24   1.3177131274e-13   1.6925359055e+05   2.0000000000e-02 
  1.8167105940e+21   4.4149778082e+17   1.8306458684e+61   9.3318901075e-24   1.3202120643e-13   1.6944254193e+05   2.0000000000e-02 
  1.8171516457e+21   4.4105170265e+17   1.8296848667e+61   9.3570112900e-24   1.3227213885e-13   1.6963149827e+05   2.0000000000e-02 
  1.8175922508e+21   4.4060503500e+17   1.8287189381e+61   9.3821976462e-24   1.3252352780e-13   1.6982089260e+05   2.0000000000e-02 
  1.8180324068e+21   4.4015607067e+17   1.8277409886e+61   9.4075019240e-24   1.3277590116e-13   1.7001036634e+05   2.0000000000e-02 
  1.8184721133e+21   4.3970645512e+17   1.8267578387e+61   9.4328802436e-24   1.3302881710e-13   1.7020025222e+05   2.0000000000e-02 
  1.8189113680e+21   4.3925473051e+17   1.8257634238e+61   9.4583715325e-24   1.3328266564e-13   1.7039028064e+05   2.0000000000e-02 
  1.8193501694e+21   4.3880135306e+17   1.8247596259e+61   9.4839495328e-24   1.3353717993e-13   1.7058065935e+05   2.0000000000e-02 
  1.8197885163e+21   4.3834691563e+17   1.8237489006e+61   9.5096341480e-24   1.3379255931e-13   1.7077125631e+05   2.0000000000e-02 
  1.8202264065e+21   4.3789021084e+17   1.8227262139e+61   9.5354131975e-24   1.3404867818e-13   1.7096218341e+05   2.0000000000e-02 
  1.8206638392e+21   4.3743268837e+17   1.8216975879e+61   9.5612918652e-24   1.3430559040e-13   1.7115340219e+05   2.0000000000e-02 
  1.8211008119e+21   4.3697272887e+17   1.8206562688e+61   9.5872772051e-24   1.3456336155e-13   1.7134488198e+05   2.0000000000e-02 
  1.8215373235e+21   4.3651159334e+17   1.8196074965e+61   9.6133603329e-24   1.3482190325e-13   1.7153668640e+05   2.0000000000e-02 
  1.8219733719e+21   4.3604844288e+17   1.8185477637e+61   9.6395558415e-24   1.3508135568e-13   1.7172874615e+05   2.0000000000e-02 
  1.8224089560e+21   4.3558402844e+17   1.8174801901e+61   9.6658409761e-24   1.3534149501e-13   1.7192122022e+05   2.0000000000e-02 
  1.8228440732e+21   4.3511726621e+17   1.8164002417e+61   9.6922464409e-24   1.3560262250e-13   1.7211391638e+05   2.0000000000e-02 
  1.8232787228e+21   4.3464954810e+17   1.8153137161e+61   9.7187450623e-24   1.3586446841e-13   1.7230702628e+05   2.0000000000e-02 
  1.8237129015e+21   4.3417873163e+17   1.8142116530e+61   9.7453723668e-24   1.3612738212e-13   1.7250032610e+05   2.0000000000e-02 
  1.8241466086e+21   4.3370710566e+17   1.8131036002e+61   9.7721055183e-24   1.3639112562e-13   1.7269402548e+05   2.0000000000e-02 
  1.8245798420e+21   4.3323334115e+17   1.8119839929e+61   9.7989431518e-24   1.3665565383e-13   1.7288856582e+05   2.0000000000e-02 
  1.8250125983e+21   4.3275631899e+17   1.8108481320e+61   9.8258920272e-24   1.3692124870e-13   1.7308357828e+05   2.0000000000e-02 
  1.8254448300e+21   4.3223175671e+17   1.8095105637e+61   9.8534150247e-24   1.3719211829e-13   1.7327597583e+05   2.0000000000e-02 
  1.8258763294e+21   4.3149937956e+17   1.8072994569e+61   9.8835792876e-24   1.3748605693e-13   1.7348829054e+05   2.0000000000e-02 
  1.8263070161e+21   4.3068665214e+17   1.8047474232e+61   9.9202314495e-24   1.3784768374e-13   1.7381156644e+05   2.0000000000e-02 
  1.8267388929e+21   4.3187681599e+17   1.8105896186e+61   9.9305258839e-24   1.3796271270e-13   1.7388934204e+05   2.0000000000e-02 
  1.8271854869e+21   4.4659400518e+17   1.8731901876e+61   9.8540091193e-24   1.3728048917e-13   1.7287976412e+05   2.0000000000e-02 
  1.8277718007e+21   5.8631382925e+17   2.4606204355e+61   8.8854445792e-24   1.2793344682e-13   1.6446100516e+05   2.0000000000e-02 
  1.8288128113e+21   1.0410106080e+18   4.3727665691e+61   5.1333606340e-24   8.9053961656e-14   1.0841561039e+05   2.0000000000e-02 
  1.8304004460e+21   1.5876346264e+18   6.6784534573e+61   2.7166384122e-24   5.8997809775e-14   3.0309750793e+04   2.0000000000e-02 
  1.8322595444e+21   1.8590984762e+18   7.8351174984e+61   2.3014444576e-24   5.3027575459e-14   5.2801817628e+03   2.0000000000e-02 
  1.8341803297e+21   1.9207852618e+18   8.1118117215e+61   2.2360887394e-24   5.2045371792e-14   7.9661956931e+02   2.0000000000e-02 
  1.8361111225e+21   1.9307927609e+18   8.1712157792e+61   2.2262783970e-24   5.1896996000e-14   1.1726686599e+02   2.0000000000e-02 
  1.8380434061e+21   1.9322836120e+18   8.1947483093e+61   2.2248348963e-24   5.1875140733e-14   1.7178693162e+01   2.0000000000e-02 
  1.8399759085e+21   1.9325024309e+18   8.2129271889e+61   2.2246234497e-24   5.1871938337e-14   2.5113240114e+00   2.0000000000e-02 
  1.8419084429e+21   1.9325344323e+18   8.2303336105e+61   2.2245925400e-24   5.1871470094e-14   3.6650233343e-01   2.0000000000e-02 
  1.8438409820e+21   1.9325391037e+18   8.2476422696e+61   2.2245880289e-24   5.1871401742e-14   5.3395011844e-02   2.0000000000e-02 
  1.8457735218e+21   1.9325397840e+18   8.2649521069e+61   2.2245873719e-24   5.1871391785e-14   7.7670699290e-03   2.0000000000e-02 
  1.8477060617e+21   1.9325398828e+18   8.2822776072e+61   2.2245872766e-24   5.1871390339e-14   1.1245099074e-03   2.0000000000e-02 
  1.8496386016e+21   1.9325398996e+18   8.2996208968e+61   2.2245872601e-24   5.1871390096e-14   1.2927242656e-04   2.0000000000e-02 
  1.8515711415e+21   1.9325399000e+18   8.3169822561e+61   2.2245872599e-24   5.1871390087e-14   6.1836448343e-06   2.0000000000e-02 
  1.8535036815e+21   1.9325400000e+18   8.3343621848e+61   2.2245872600e-24   5.1871390087e-14  -2.1681913797e-06   2.0000000000e-02 
  1.8554362214e+21   1.9325399000e+18   8.3517593904e+61   2.2245872600e-24   5.1871390088e-14  -2.5716464487e-06   2.0000000000e-02 
  1.8573687613e+21   1.9325399000e+18   8.3691751664e+61   2.2245872600e-24   5.1871390088e-14  -2.5138481573e-06   2.0000000000e-02 
  1.8593013012e+21   1.9325399000e+18   8.3866090818e+61   2.2245872600e-24   5.1871390088e-14  -2.3290254829e-06   2.0000000000e-02 
  1.8612338411e+21   1.9325399000e+18   8.4040611368e+61   2.2245872600e-24   5.1871390088e-14  -2.0254063520e-06   2.0000000000e-02 
  1.8631663810e+21   1.9325399000e+18   8.4215313312e+61   2.2245872600e-24   5.1871390087e-14  -2.0211973852e-06   2.0000000000e-02 
  1.8650989209e+21   1.9325399000e+18   8.4390196651e+61   2.2245872600e-24   5.1871390088e-14  -2.3211566617e-06   2.0000000000e-02 
  1.8670314608e+21   1.9325399000e+18   8.4565261386e+61   2.2245872600e-24   5.1871390088e-14  -2.4232696473e-06   2.0000000000e-02 
  1.8689640007e+21   1.9325399000e+18   8.4740507515e+61   2.2245872600e-24   5.1871390088e-14  -2.4401391293e-06   2.0000000000e-02 
  1.8708965406e+21   1.9325399000e+18   8.4915935039e+61   2.2245872600e-24   5.1871390088e-14  -2.4556138967e-06   2.0000000000e-02 
  1.8728290805e+21   1.9325399000e+18   8.5091543959e+61   2.2245872600e-24   5.1871390088e-14  -2.4592772084e-06   2.0000000000e-02 
  1.8747616204e+21   1.9325399000e+18   8.5267334273e+61   2.2245872600e-24   5.1871390088e-14  -2.4608725700e-06   2.0000000000e-02 
  1.8766941603e+21   1.9325399000e+18   8.5443305982e+61   2.2245872600e-24   5.1871390088e-14  -2.4770236976e-06   2.0000000000e-02 
  1.8786267002e+21   1.9325399000e+18   8.5619459086e+61   2.2245872600e-24   5.1871390088e-14  -2.5040091621e-06   2.0000000000e-02 
  1.8805592401e+21   1.9325399000e+18   8.5795793586e+61   2.2245872600e-24   5.1871390088e-14  -2.5075289175e-06   2.0000000000e-02 
  1.8824917800e+21   1.9325399000e+18   8.5972309480e+61   2.2245872600e-24   5.1871390088e-14  -2.5032529527e-06   2.0000000000e-02 
  1.8844243199e+21   1.9325399000e+18   8.6149006769e+61   2.2245872600e-24   5.1871390088e-14  -2.5645185675e-06   2.0000000000e-02 
  1.8863568598e+21   1.9325399000e+18   8.6325885453e+61   2.2245872600e-24   5.1871390088e-14  -2.6422814742e-06   2.0000000000e-02 
  1.8882893998e+21   1.9325400000e+18   8.6502950013e+61   2.2245872600e-24   5.1871390088e-14  -2.8137805432e-06   2.0000000000e-02 
  1.8902219397e+21   1.9325399000e+18   8.6680187016e+61   2.2245872600e-24   5.1871390088e-14  -3.2532744630e-06   2.0000000000e-02 
  1.8921544796e+21   1.9325399000e+18   8.6857609885e+61   2.2245872600e-24   5.1871390088e-14  -3.6758180862e-06   2.0000000000e-02 
  1.8940870195e+21   1.9325399000e+18   8.7035214149e+61   2.2245872600e-24   5.1871390088e-14  -3.3098508657e-06   2.0000000000e-02 
  1.8960195594e+21   1.9325399000e+18   8.7212999808e+61   2.2245872600e-24   5.1871390088e-14  -2.9127732259e-06   2.0000000000e-02 
  1.8979520993e+21   1.9325399000e+18   8.7390966862e+61   2.2245872600e-24   5.1871390088e-14  -2.7973677951e-06   2.0000000000e-02 
  1.8998846392e+21   1.9325399000e+18   8.7569115311e+61   2.2245872600e-24   5.1871390088e-14  -2.6170444405e-06   2.0000000000e-02 
  1.9018171791e+21   1.9325399000e+18   8.7747445155e+61   2.2245872600e-24   5.1871390088e-14  -2.0569356787e-06   2.0000000000e-02 
  1.9037497190e+21   1.9325399000e+18   8.7925956394e+61   2.2245872600e-24   5.1871390088e-14  -1.5261708882e-06   2.0000000000e-02 
  1.9056822589e+21   1.9325399000e+18   8.8104649028e+61   2.2245872600e-24   5.1871390088e-14  -1.2682476451e-06   2.0000000000e-02 
  1.9076147988e+21   1.9325399000e+18   8.8283523057e+61   2.2245872600e-24   5.1871390088e-14  -1.0935708828e-06   2.0000000000e-02 
  1.9095473387e+21   1.9325399000e+18   8.8462578481e+61   2.2245872600e-24   5.1871390088e-14  -2.6593447588e-08   2.0000000000e-02 
  1.9114798786e+21   1.9325399000e+18   8.8641815300e+61   2.2245872600e-24   5.1871390088e-14   9.4895116284e-07   2.0000000000e-02 
  1.9134124185e+21   1.9325399000e+18   8.8821233514e+61   2.2245872600e-24   5.1871390088e-14   1.2152052040e-06   2.0000000000e-02 
  1.9153449584e+21   1.9325399000e+18   8.9000833123e+61   2.2245872600e-24   5.1871390088e-14   1.3127570388e-06   2.0000000000e-02 
  1.9172774983e+21   1.9325399000e+18   8.9180614127e+61   2.2245872600e-24   5.1871390089e-14   1.5305756243e-06   2.0000000000e-02 
  1.9192100382e+21   1.9325399000e+18   8.9360576526e+61   2.2245872600e-24   5.1871390088e-14   1.5200078324e-06   2.0000000000e-02 
  1.9211425782e+21   1.9325400000e+18   8.9540724957e+61   2.2245872600e-24   5.1871390088e-14   1.3016237463e-06   2.0000000000e-02 
  1.9230751181e+21   1.9325399000e+18   8.9721045518e+61   2.2245872600e-24   5.1871390088e-14   1.2244715706e-06   2.0000000000e-02 
  1.9250076580e+21   1.9325399000e+18   8.9901552101e+61   2.2245872600e-24   5.1871390088e-14   1.1570132997e-06   2.0000000000e-02 
  1.9269401979e+21   1.9325399000e+18   9.0082240080e+61   2.2245872600e-24   5.1871390088e-14   7.6477089308e-07   2.0000000000e-02 
  1.9288727378e+21   1.9325399000e+18   9.0263109454e+61   2.2245872600e-24   5.1871390088e-14  -2.0777617388e-07   2.0000000000e-02 
  1.9308052777e+21   1.9325399000e+18   9.0444160223e+61   2.2245872600e-24   5.1871390088e-14  -1.0836730257e-06   2.0000000000e-02 
  1.9327378176e+21   1.9325399000e+18   9.0625392386e+61   2.2245872600e-24   5.1871390089e-14  -1.2007491997e-06   2.0000000000e-02 
  1.9346703575e+21   1.9325399000e+18   9.0806805945e+61   2.2245872600e-24   5.1871390089e-14  -1.2279471405e-06   2.0000000000e-02 
  1.9366028974e+21   1.9325399000e+18   9.0988400899e+61   2.2245872600e-24   5.1871390089e-14  -1.2360045347e-06   2.0000000000e-02 
  1.9385354373e+21   1.9325399000e+18   9.1170177248e+61   2.2245872600e-24   5.1871390089e-14  -1.2346962477e-06   2.0000000000e-02 
  1.9404679772e+21   1.9325399000e+18   9.1352134991e+61   2.2245872600e-24   5.1871390089e-14  -1.2272973027e-06   2.0000000000e-02 
  1.9424005171e+21   1.9325399000e+18   9.1534274130e+61   2.2245872600e-24   5.1871390089e-14  -1.2118767486e-06   2.0000000000e-02 
  1.9443330570e+21   1.9325399000e+18   9.1716594664e+61   2.2245872600e-24   5.1871390089e-14  -1.1903701193e-06   2.0000000000e-02 
  1.9462655969e+21   1.9325399000e+18   9.1899096592e+61   2.2245872600e-24   5.1871390089e-14  -1.1731689353e-06   2.0000000000e-02 
  1.9481981368e+21   1.9325399000e+18   9.2081779916e+61   2.2245872600e-24   5.1871390089e-14  -1.1495951118e-06   2.0000000000e-02 
  1.9501306767e+21   1.9325399000e+18   9.2264644634e+61   2.2245872600e-24   5.1871390089e-14  -1.1131246615e-06   2.0000000000e-02 
  1.9520632166e+21   1.9325399000e+18   9.2447690748e+61   2.2245872600e-24   5.1871390089e-14  -1.0832353760e-06   2.0000000000e-02 
  1.9539957565e+21   1.9325399000e+18   9.2630918256e+61   2.2245872600e-24   5.1871390089e-14  -1.0902939029e-06   2.0000000000e-02 
  1.9559282965e+21   1.9325400000e+18   9.2814331967e+61   2.2245872600e-24   5.1871390089e-14  -1.0424889773e-06   2.0000000000e-02 
  1.9578608364e+21   1.9325399000e+18   9.2997917468e+61   2.2245872600e-24   5.1871390088e-14  -1.0169706483e-06   2.0000000000e-02 
  1.9597933763e+21   1.9325399000e+18   9.3181689161e+61   2.2245872600e-24   5.1871390088e-14  -1.0403343681e-06   2.0000000000e-02 
  1.9617259162e+21   1.9325399000e+18   9.3365642250e+61   2.2245872600e-24   5.1871390088e-14  -1.0488469482e-06   2.0000000000e-02 
  1.9636584561e+21   1.9325399000e+18   9.3549776733e+61   2.2245872600e-24   5.1871390088e-14  -1.0734453561e-06   2.0000000000e-02 
  1.9655909960e+21   1.9325399000e+18   9.3734092612e+61   2.2245872600e-24   5.1871390088e-14  -1.0797895794e-06   2.0000000000e-02 
  1.9675235359e+21   1.9325399000e+18   9.3918589885e+61   2.2245872600e-24   5.1871390088e-14  -1.0931065518e-06   2.0000000000e-02 
  1.9694560758e+21   1.9325399000e+18   9.4103268554e+61   2.2245872600e-24   5.1871390088e-14  -1.0933351056e-06   2.0000000000e-02 
  1.9713886157e+21   1.9325399000e+18   9.4288128617e+61   2.2245872600e-24   5.1871390088e-14  -1.0601409772e-06   2.0000000000e-02 
  1.9733211556e+21   1.9325399000e+18   9.4473170075e+61   2.2245872600e-24   5.1871390088e-14  -1.0647892741e-06   2.0000000000e-02 
  1.9752536955e+21   1.9325399000e+18   9.4658392929e+61   2.2245872600e-24   5.1871390088e-14  -1.0108054666e-06   2.0000000000e-02 
  1.9771862354e+21   1.9325399000e+18   9.4843797177e+61   2.2245872600e-24   5.1871390088e-14  -5.8932044311e-07   2.0000000000e-02 
  1.9791187753e+21   1.9325399000e+18   9.5029382820e+61   2.2245872600e-24   5.1871390088e-14   4.1294391184e-07   2.0000000000e-02 
  1.9810513152e+21   1.9325399000e+18   9.5215149859e+61   2.2245872600e-24   5.1871390088e-14   1.0587761833e-06   2.0000000000e-02 
  1.9829838551e+21   1.9325399000e+18   9.5401098292e+61   2.2245872600e-24   5.1871390088e-14   1.3104288317e-06   2.0000000000e-02 
  1.9849163950e+21   1.9325399000e+18   9.5587228120e+61   2.2245872600e-24   5.1871390088e-14   1.6627234715e-06   2.0000000000e-02 
  1.9868489349e+21   1.9325399000e+18   9.5773539343e+61   2.2245872600e-24   5.1871390088e-14   1.6319708163e-06   2.0000000000e-02 
  1.9887814748e+21   1.9325399000e+18   9.5960031962e+61   2.2245872600e-24   5.1871390088e-14   1.3007135327e-06   2.0000000000e-02 
  1.9907140147e+21   1.9325399000e+18   9.6146705975e+61   2.2245872600e-24   5.1871390088e-14   1.1672401476e-06   2.0000000000e-02 
  1.9926465546e+21   1.9325399000e+18   9.6333561383e+61   2.2245872600e-24   5.1871390088e-14   9.8521529505e-07   2.0000000000e-02 
  1.9945790945e+21   1.9325399000e+18   9.6520598186e+61   2.2245872600e-24   5.1871390088e-14   2.5567539164e-07   2.0000000000e-02 
  1.9965116344e+21   1.9325399000e+18   9.6707816384e+61   2.2245872600e-24   5.1871390088e-14  -6.5307626149e-07   2.0000000000e-02 
  1.9984441743e+21   1.9325399000e+18   9.6895215977e+61   2.2245872600e-24   5.1871390088e-14  -1.0541602263e-06   2.0000000000e-02 
  2.0003767142e+21   1.9325399000e+18   9.7082796965e+61   2.2245872600e-24   5.1871390088e-14  -1.1458695563e-06   2.0000000000e-02 
  2.0023092541e+21   1.9325399000e+18   9.7270559349e+61   2.2245872600e-24   5.1871390088e-14  -1.1669404888e-06   2.0000000000e-02 
  2.0042417940e+21   1.9325399000e+18   9.7458503127e+61   2.2245872600e-24   5.1871390088e-14  -1.1699975248e-06   2.0000000000e-02 
  2.0061743339e+21   1.9325399000e+18   9.7646628300e+61   2.2245872600e-24   5.1871390088e-14  -1.1785465135e-06   2.0000000000e-02 
  2.0081068738e+21   1.9325399000e+18   9.7834934868e+61   2.2245872600e-24   5.1871390088e-14  -1.1877108960e-06   2.0000000000e-02 
  2.0100394137e+21   1.9325399000e+18   9.8023422831e+61   2.2245872600e-24   5.1871390088e-14  -1.2023931959e-06   2.0000000000e-02 
  2.0119719536e+21   1.9325399000e+18   9.8212092189e+61   2.2245872600e-24   5.1871390088e-14  -1.2211052041e-06   2.0000000000e-02 
  2.0139044935e+21   1.9325399000e+18   9.8400942942e+61   2.2245872600e-24   5.1871390088e-14  -1.2087706769e-06   2.0000000000e-02 
  2.0158370334e+21   1.9325399000e+18   9.8589975090e+61   2.2245872600e-24   5.1871390088e-14  -1.1769418178e-06   2.0000000000e-02 
  2.0177695733e+21   1.9325399000e+18   9.8779188633e+61   2.2245872600e-24   5.1871390088e-14  -1.1596139424e-06   2.0000000000e-02 
  2.0197021132e+21   1.9325399000e+18   9.8968583570e+61   2.2245872600e-24   5.1871390088e-14  -1.1167005136e-06   2.0000000000e-02 
  2.0216346531e+21   1.9325399000e+18   9.9158159903e+61   2.2245872600e-24   5.1871390088e-14  -9.6092660568e-07   2.0000000000e-02 
  2.0235671930e+21   1.9325399000e+18   9.9347917631e+61   2.2245872600e-24   5.1871390088e-14  -2.3051322473e-07   2.0000000000e-02 
  2.0254997329e+21   1.9325399000e+18   9.9537856754e+61   2.2245872600e-24   5.1871390088e-14   3.3950107555e-08   2.0000000000e-02 
  2.0274322728e+21   1.9325399000e+18   9.9727977272e+61   2.2245872600e-24   5.1871390088e-14  -6.9357087379e-07   2.0000000000e-02 
  2.0293648127e+21   1.9325399000e+18   9.9918279185e+61   2.2245872600e-24   5.1871390088e-14  -1.0342755191e-06   2.0000000000e-02 
  2.0312973526e+21   1.9325399000e+18   1.0010876249e+62   2.2245872600e-24   5.1871390088e-14  -1.2391971526e-06   2.0000000000e-02 
  2.0332298925e+21   1.9325399000e+18   1.0029942720e+62   2.2245872600e-24   5.1871390088e-14  -1.3760480482e-06   2.0000000000e-02 
  2.0351624324e+21   1.9325399000e+18   1.0049027329e+62   2.2245872600e-24   5.1871390088e-14  -1.3514787918e-06   2.0000000000e-02 
  2.0370949723e+21   1.9325399000e+18   1.0068130079e+62   2.2245872600e-24   5.1871390088e-14  -1.2409271393e-06   2.0000000000e-02 
  2.0390275122e+21   1.9325399000e+18   1.0087250967e+62   2.2245872600e-24   5.1871390088e-14  -1.1737133317e-06   2.0000000000e-02 
  2.0409600521e+21   1.9325399000e+18   1.0106389996e+62   2.2245872600e-24   5.1871390088e-14  -1.1729982814e-06   2.0000000000e-02 
  2.0428925920e+21   1.9325399000e+18   1.0125547163e+62   2.2245872600e-24   5.1871390088e-14  -1.1726509107e-06   2.0000000000e-02 
  2.0448251319e+21   1.9325399000e+18   1.0144722471e+62   2.2245872600e-24   5.1871390088e-14  -1.1956594865e-06   2.0000000000e-02 
  2.0467576718e+21   1.9325399000e+18   1.0163915917e+62   2.2245872600e-24   5.1871390088e-14  -1.4349870729e-06   2.0000000000e-02 
  2.0486902117e+21   1.9325399000e+18   1.0183127504e+62   2.2245872600e-24   5.1871390088e-14  -1.8266565539e-06   2.0000000000e-02 
  2.0506227516e+21   1.9325399000e+18   1.0202357229e+62   2.2245872600e-24   5.1871390088e-14  -2.0254089430e-06   2.0000000000e-02 
  2.0525552915e+21   1.9325399000e+18   1.0221605095e+62   2.2245872600e-24   5.1871390088e-14  -1.7509145308e-06   2.0000000000e-02 
  2.0544878314e+21   1.9325399000e+18   1.0240871099e+62   2.2245872600e-24   5.1871390088e-14  -1.3592761839e-06   2.0000000000e-02 
  2.0564203713e+21   1.9325399000e+18   1.0260155244e+62   2.2245872600e-24   5.1871390088e-14  -1.1655805109e-06   2.0000000000e-02 
  2.0583529112e+21   1.9325399000e+18   1.0279457527e+62   2.2245872600e-24   5.1871390088e-14  -1.1108054553e-06   2.0000000000e-02 
  2.0602854511e+21   1.9325399000e+18   1.0298777951e+62   2.2245872600e-24   5.1871390088e-14  -1.0852325579e-06   2.0000000000e-02 
  2.0622179910e+21   1.9325399000e+18   1.0318116513e+62   2.2245872600e-24   5.1871390088e-14  -1.0694586452e-06   2.0000000000e-02 
  2.0641505309e+21   1.9325399000e+18   1.0337473216e+62   2.2245872600e-24   5.1871390088e-14  -1.0496193133e-06   2.0000000000e-02 
  2.0660830708e+21   1.9325399000e+18   1.0356848057e+62   2.2245872600e-24   5.1871390088e-14  -9.5035216099e-07   2.0000000000e-02 
  2.0680156107e+21   1.9325399000e+18   1.0376241039e+62   2.2245872600e-24   5.1871390089e-14  -3.9750527845e-07   2.0000000000e-02 
  2.0699481506e+21   1.9325399000e+18   1.0395652159e+62   2.2245872600e-24   5.1871390088e-14  -2.7451296400e-07   2.0000000000e-02 
  2.0718806905e+21   1.9325399000e+18   1.0415081420e+62   2.2245872600e-24   5.1871390089e-14  -7.0256570459e-07   2.0000000000e-02 
  2.0738132304e+21   1.9325399000e+18   1.0434528819e+62   2.2245872600e-24   5.1871390089e-14  -7.6346833271e-07   2.0000000000e-02 
  2.0757457703e+21   1.9325399000e+18   1.0453994359e+62   2.2245872600e-24   5.1871390089e-14  -3.3807211366e-07   2.0000000000e-02 
  2.0776783102e+21   1.9325399000e+18   1.0473478037e+62   2.2245872600e-24   5.1871390089e-14   4.7249869871e-07   2.0000000000e-02 
  2.0796108501e+21   1.9325399000e+18   1.0492979856e+62   2.2245872600e-24   5.1871390088e-14   8.4255045521e-07   2.0000000000e-02 
  2.0815433900e+21   1.9325399000e+18   1.0512499813e+62   2.2245872600e-24   5.1871390088e-14   9.2554579388e-07   2.0000000000e-02 
  2.0834759299e+21   1.9325399000e+18   1.0532037911e+62   2.2245872600e-24   5.1871390088e-14   9.1297433444e-07   2.0000000000e-02 
  2.0854084698e+21   1.9325399000e+18   1.0551594147e+62   2.2245872600e-24   5.1871390088e-14   7.4615162840e-07   2.0000000000e-02 
  2.0873410097e+21   1.9325399000e+18   1.0571168524e+62   2.2245872600e-24   5.1871390088e-14  -1.6397494967e-09   2.0000000000e-02 
  2.0892735496e+21   1.9325399000e+18   1.0590761039e+62   2.2245872600e-24   5.1871390088e-14  -7.9084432182e-07   2.0000000000e-02 
  2.0912060895e+21   1.9325399000e+18   1.0610371695e+62   2.2245872600e-24   5.1871390089e-14  -9.3407824127e-07   2.0000000000e-02 
  2.0931386294e+21   1.9325399000e+18   1.0630000489e+62   2.2245872600e-24   5.1871390089e-14  -9.8635921629e-07   2.0000000000e-02 
  2.0950711693e+21   1.9325399000e+18   1.0649647423e+62   2.2245872600e-24   5.1871390089e-14  -1.0382613014e-06   2.0000000000e-02 
  2.0970037092e+21   1.9325399000e+18   1.0669312497e+62   2.2245872600e-24   5.1871390089e-14  -1.0725864999e-06   2.0000000000e-02 
  2.0989362491e+21   1.9325399000e+18   1.0688995710e+62   2.2245872600e-24   5.1871390089e-14  -1.1067480852e-06   2.0000000000e-02 
  2.1008687890e+21   1.9325399000e+18   1.0708697063e+62   2.2245872600e-24   5.1871390088e-14  -1.1691601762e-06   2.0000000000e-02 
  2.1028013289e+21   1.9325399000e+18   1.0728416555e+62   2.2245872600e-24   5.1871390089e-14  -1.1898624892e-06   2.0000000000e-02 
  2.1047338688e+21   1.9325399000e+18   1.0748154187e+62   2.2245872600e-24   5.1871390089e-14  -1.1306331385e-06   2.0000000000e-02 
  2.1066664087e+21   1.9325399000e+18   1.0767909958e+62   2.2245872600e-24   5.1871390089e-14  -1.1111412414e-06   2.0000000000e-02 
  2.1085989486e+21   1.9325399000e+18   1.0787683869e+62   2.2245872600e-24   5.1871390089e-14  -1.1817564625e-06   2.0000000000e-02 
  2.1105314885e+21   1.9325399000e+18   1.0807475919e+62   2.2245872600e-24   5.1871390089e-14  -1.4191718044e-06   2.0000000000e-02 
  2.1124640284e+21   1.9325399000e+18   1.0827286109e+62   2.2245872600e-24   5.1871390089e-14  -1.6056381929e-06   2.0000000000e-02 
  2.1143965683e+21   1.9325399000e+18   1.0847114438e+62   2.2245872600e-24   5.1871390089e-14  -1.5078162997e-06   2.0000000000e-02 
  2.1163291082e+21   1.9325399000e+18   1.0866960907e+62   2.2245872600e-24   5.1871390089e-14  -1.3183501026e-06   2.0000000000e-02 
  2.1182616481e+21   1.9325399000e+18   1.0886825515e+62   2.2245872600e-24   5.1871390089e-14  -1.2769824100e-06   2.0000000000e-02 
  2.1201941880e+21   1.9325399000e+18   1.0906708263e+62   2.2245872600e-24   5.1871390089e-14  -1.3678164440e-06   2.0000000000e-02 
  2.1221267279e+21   1.9325399000e+18   1.0926609150e+62   2.2245872600e-24   5.1871390089e-14  -1.3685207872e-06   2.0000000000e-02 
  2.1240592678e+21   1.9325399000e+18   1.0946528177e+62   2.2245872600e-24   5.1871390089e-14  -1.3189540421e-06   2.0000000000e-02 
  2.1259918077e+21   1.9325399000e+18   1.0966465343e+62   2.2245872600e-24   5.1871390089e-14  -1.4034550736e-06   2.0000000000e-02 
  2.1279243476e+21   1.9325399000e+18   1.0986420648e+62   2.2245872600e-24   5.1871390089e-14  -1.5657725009e-06   2.0000000000e-02 
  2.1298568875e+21   1.9325399000e+18   1.1006394094e+62   2.2245872600e-24   5.1871390089e-14  -1.6699300613e-06   2.0000000000e-02 
  2.1317894274e+21   1.9325399000e+18   1.1026385678e+62   2.2245872600e-24   5.1871390089e-14  -1.7676911495e-06   2.0000000000e-02 
  2.1337219673e+21   1.9325399000e+18   1.1046395402e+62   2.2245872600e-24   5.1871390089e-14  -1.7274813041e-06   2.0000000000e-02 
  2.1356545072e+21   1.9325399000e+18   1.1066423266e+62   2.2245872600e-24   5.1871390089e-14  -1.4787719378e-06   2.0000000000e-02 
  2.1375870471e+21   1.9325399000e+18   1.1086469269e+62   2.2245872600e-24   5.1871390089e-14  -1.2468423173e-06   2.0000000000e-02 
  2.1395195870e+21   1.9325399000e+18   1.1106533412e+62   2.2245872600e-24   5.1871390089e-14  -1.2949984061e-06   2.0000000000e-02 
  2.1414521269e+21   1.9325399000e+18   1.1126615694e+62   2.2245872600e-24   5.1871390089e-14  -1.4434498487e-06   2.0000000000e-02 
  2.1433846668e+21   1.9325399000e+18   1.1146716116e+62   2.2245872600e-24   5.1871390089e-14  -1.3014661308e-06   2.0000000000e-02 
  2.1453172067e+21   1.9325399000e+18   1.1166834677e+62   2.2245872600e-24   5.1871390089e-14  -1.2533750310e-06   2.0000000000e-02 
  2.1472497466e+21   1.9325399000e+18   1.1186971378e+62   2.2245872600e-24   5.1871390089e-14  -1.3252686764e-06   2.0000000000e-02 
  2.1491822865e+21   1.9325399000e+18   1.1207126218e+62   2.2245872600e-24   5.1871390089e-14  -1.2795619129e-06   2.0000000000e-02 
  2.1511148264e+21   1.9325399000e+18   1.1227299198e+62   2.2245872600e-24   5.1871390089e-14  -1.0884166624e-06   2.0000000000e-02 
  2.1530473663e+21   1.9325399000e+18   1.1247490317e+62   2.2245872600e-24   5.1871390089e-14  -9.1379880232e-07   2.0000000000e-02 
  2.1549799062e+21   1.9325399000e+18   1.1267699575e+62   2.2245872600e-24   5.1871390089e-14  -3.9815619017e-07   2.0000000000e-02 
  2.1569124461e+21   1.9325399000e+18   1.1287926974e+62   2.2245872600e-24   5.1871390089e-14   5.8728246371e-07   2.0000000000e-02 
  2.1588449860e+21   1.9325399000e+18   1.1308172511e+62   2.2245872600e-24   5.1871390089e-14   1.4488960435e-06   2.0000000000e-02 
  2.1607775259e+21   1.9325399000e+18   1.1328436188e+62   2.2245872600e-24   5.1871390089e-14   1.9157483724e-06   2.0000000000e-02 
  2.1627100658e+21   1.9325399000e+18   1.1348718005e+62   2.2245872600e-24   5.1871390089e-14   2.0029685898e-06   2.0000000000e-02 
  2.1646426057e+21   1.9325399000e+18   1.1369017961e+62   2.2245872600e-24   5.1871390089e-14   2.0859618900e-06   2.0000000000e-02 
  2.1665751456e+21   1.9325399000e+18   1.1389336057e+62   2.2245872600e-24   5.1871390089e-14   2.3991398175e-06   2.0000000000e-02 
  2.1685076855e+21   1.9325399000e+18   1.1409672292e+62   2.2245872600e-24   5.1871390088e-14   2.8917042677e-06   2.0000000000e-02 
  2.1704402254e+21   1.9325399000e+18   1.1430026667e+62   2.2245872600e-24   5.1871390088e-14   3.5879667877e-06   2.0000000000e-02 
  2.1723727653e+21   1.9325399000e+18   1.1450399181e+62   2.2245872600e-24   5.1871390088e-14   4.4470523647e-06   2.0000000000e-02 
  2.1743053052e+21   1.9325399000e+18   1.1470789834e+62   2.2245872600e-24   5.1871390088e-14   5.0122014808e-06   2.0000000000e-02 
  2.1762378451e+21   1.9325399000e+18   1.1491198628e+62   2.2245872600e-24   5.1871390088e-14   4.9905006755e-06   2.0000000000e-02 
  2.1781703850e+21   1.9325399000e+18   1.1511625560e+62   2.2245872600e-24   5.1871390088e-14   4.3645399590e-06   2.0000000000e-02 
  2.1801029249e+21   1.9325399000e+18   1.1532070632e+62   2.2245872600e-24   5.1871390088e-14   3.5156671551e-06   2.0000000000e-02 
  2.1820354648e+21   1.9325399000e+18   1.1552533844e+62   2.2245872600e-24   5.1871390088e-14   2.8533220116e-06   2.0000000000e-02 
  2.1839680047e+21   1.9325399000e+18   1.1573015195e+62   2.2245872600e-24   5.1871390088e-14   2.3540217819e-06   2.0000000000e-02 
  2.1859005446e+21   1.9325399000e+18   1.1593514686e+62   2.2245872600e-24   5.1871390088e-14   2.0564924489e-06   2.0000000000e-02 
  2.1878330845e+21   1.9325399000e+18   1.1614032316e+62   2.2245872600e-24   5.1871390088e-14   1.9757491880e-06   2.0000000000e-02 
  2.1897656244e+21   1.9325399000e+18   1.1634568085e+62   2.2245872600e-24   5.1871390088e-14   1.9069003277e-06   2.0000000000e-02 
  2.1916981643e+21   1.9325399000e+18   1.1655121995e+62   2.2245872600e-24   5.1871390088e-14   1.6630198832e-06   2.0000000000e-02 
  2.1936307042e+21   1.9325399000e+18   1.1675694043e+62   2.2245872600e-24   5.1871390088e-14   1.0910291183e-06   2.0000000000e-02 
  2.1955632441e+21   1.9325399000e+18   1.1696284231e+62   2.2245872600e-24   5.1871390087e-14   5.6773146310e-08   2.0000000000e-02 
  2.1974957840e+21   1.9325399000e+18   1.1716892559e+62   2.2245872600e-24   5.1871390087e-14  -5.9974252194e-07   2.0000000000e-02 
  2.1994283239e+21   1.9325399000e+18   1.1737519026e+62   2.2245872600e-24   5.1871390087e-14  -7.7967009353e-07   2.0000000000e-02 
  2.2013608638e+21   1.9325399000e+18   1.1758163633e+62   2.2245872600e-24   5.1871390087e-14  -8.9000730622e-07   2.0000000000e-02 
  2.2032934037e+21   1.9325399000e+18   1.1778826379e+62   2.2245872600e-24   5.1871390087e-14  -9.5953453109e-07   2.0000000000e-02 
  2.2052259436e+21   1.9325399000e+18   1.1799507264e+62   2.2245872600e-24   5.1871390087e-14  -1.0219893267e-06   2.0000000000e-02 
  2.2071584835e+21   1.9325399000e+18   1.1820206290e+62   2.2245872600e-24   5.1871390087e-14  -1.2804156781e-06   2.0000000000e-02 
  2.2090910234e+21   1.9325399000e+18   1.1840923454e+62   2.2245872600e-24   5.1871390087e-14  -1.4867928719e-06   2.0000000000e-02 
  2.2110235633e+21   1.9325399000e+18   1.1861658758e+62   2.2245872600e-24   5.1871390087e-14  -1.5901247338e-06   2.0000000000e-02 
  2.2129561032e+21   1.9325399000e+18   1.1882412202e+62   2.2245872600e-24   5.1871390087e-14  -1.7524953126e-06   2.0000000000e-02 
  2.2148886431e+21   1.9325399000e+18   1.1903183785e+62   2.2245872600e-24   5.1871390087e-14  -1.7271249098e-06   2.0000000000e-02 
  2.2168211830e+21   1.9325399000e+18   1.1923973508e+62   2.2245872600e-24   5.1871390087e-14  -1.6793749533e-06   2.0000000000e-02 
  2.2187537229e+21   1.9325399000e+18   1.1944781370e+62   2.2245872600e-24   5.1871390087e-14  -1.6650780025e-06   2.0000000000e-02 
  2.2206862628e+21   1.9325399000e+18   1.1965607371e+62   2.2245872600e-24   5.1871390087e-14  -1.5256107105e-06   2.0000000000e-02 
  2.2226188027e+21   1.9325399000e+18   1.1986451512e+62   2.2245872600e-24   5.1871390087e-14  -1.3506893638e-06   2.0000000000e-02 
  2.2245513426e+21   1.9325399000e+18   1.2007313793e+62   2.2245872600e-24   5.1871390088e-14  -1.3483774964e-06   2.0000000000e-02 
  2.2264838825e+21   1.9325399000e+18   1.2028194213e+62   2.2245872600e-24   5.1871390088e-14  -1.2406116471e-06   2.0000000000e-02 
  2.2284164224e+21   1.9325399000e+18   1.2049092773e+62   2.2245872600e-24   5.1871390088e-14  -1.0938277359e-06   2.0000000000e-02 
  2.2303489623e+21   1.9325399000e+18   1.2070009472e+62   2.2245872600e-24   5.1871390088e-14  -1.0612544285e-06   2.0000000000e-02 
  2.2322815022e+21   1.9325399000e+18   1.2090944310e+62   2.2245872600e-24   5.1871390088e-14  -1.0775653086e-06   2.0000000000e-02 
  2.2342140421e+21   1.9325399000e+18   1.2111897288e+62   2.2245872600e-24   5.1871390088e-14  -1.0306484904e-06   2.0000000000e-02 
  2.2361465820e+21   1.9325399000e+18   1.2132868406e+62   2.2245872600e-24   5.1871390088e-14  -9.7217178026e-07   2.0000000000e-02 
  2.2380791219e+21   1.9325399000e+18   1.2153857663e+62   2.2245872600e-24   5.1871390088e-14  -9.4094400336e-07   2.0000000000e-02 
  2.2400116618e+21   1.9325399000e+18   1.2174865060e+62   2.2245872600e-24   5.1871390088e-14  -9.0167580758e-07   2.0000000000e-02 
  2.2419442017e+21   1.9325399000e+18   1.2195890596e+62   2.2245872600e-24   5.1871390088e-14  -8.0106060246e-07   2.0000000000e-02 
  2.2438767416e+21   1.9325399000e+18   1.2216934271e+62   2.2245872600e-24   5.1871390088e-14  -4.0057182839e-07   2.0000000000e-02 
  2.2458092815e+21   1.9325399000e+18   1.2237996086e+62   2.2245872600e-24   5.1871390088e-14   0.0000000000e+00   2.0000000000e-02 
