# time = 3.116893e+15 [s] 
# r                  dr                 dV                 Density            Pressure           Velocity           Z
  2.1304517832e+18   2.1304517832e+18   4.0504543150e+55   3.4578856165e-31   3.4308306187e-14   0.0000000000e+00   9.9248591688e-02 
  2.7025410718e+18   5.7208928863e+17   4.2176418250e+55   3.4578856165e-31   3.4308306187e-14  -1.3804004866e+04   9.9248591688e-02 
  3.6334166023e+18   9.3087553048e+17   1.1824414094e+56   3.4580776017e-31   3.4308048712e-14  -2.6372375888e+04   9.9248591688e-02 
  4.6157457175e+18   9.8232911518e+17   2.1099618452e+56   3.4587626268e-31   3.4308136268e-14  -4.3130930560e+04   9.9248591688e-02 
  5.1138822309e+18   4.9813651340e+17   1.4827570992e+56   3.4597446325e-31   3.4308180922e-14  -5.4058391400e+04   9.9248591688e-02 
  5.5500428720e+18   4.3616064112e+17   1.5590951514e+56   3.4610027197e-31   3.4308187977e-14  -6.0565854797e+04   9.9248591688e-02 
  6.2856184532e+18   7.3557558118e+17   3.2413134473e+56   3.4635899449e-31   3.4308197674e-14  -6.8414973933e+04   9.9248591688e-02 
  6.9647841830e+18   6.7916572979e+17   3.7494187489e+56   3.4675477932e-31   3.4308211926e-14  -7.7664985311e+04   9.9248591688e-02 
  7.8679400970e+18   9.0315591406e+17   6.2501557208e+56   3.4731052468e-31   3.4308228172e-14  -8.7743048724e+04   9.9248591688e-02 
  8.7529747429e+18   8.8503464584e+17   7.6882989554e+56   3.4804816147e-31   3.4308247223e-14  -9.8946234721e+04   9.9248591688e-02 
  9.8541083721e+18   1.1011336292e+18   1.1990938444e+57   3.4900671270e-31   3.4308267935e-14  -1.1121289385e+05   9.9248591688e-02 
  1.0999882092e+19   1.1457737200e+18   1.5669814383e+57   3.5023518268e-31   3.4308291988e-14  -1.2495245996e+05   9.9248591688e-02 
  1.2349728714e+19   1.3498466216e+18   2.3146062796e+57   3.5177350282e-31   3.4308320556e-14  -1.4007984948e+05   9.9248591688e-02 
  1.3800822571e+19   1.4510938569e+18   3.1207041333e+57   3.5368878997e-31   3.4308351700e-14  -1.5696947859e+05   9.9248591688e-02 
  1.5457752293e+19   1.6569297221e+18   4.4609187592e+57   3.5603515292e-31   3.4308380249e-14  -1.7567531204e+05   9.9248591688e-02 
  1.7321225382e+19   1.8634730893e+18   6.2969670100e+57   3.5894275653e-31   3.4308404240e-14  -1.9688125302e+05   9.9248591688e-02 
  1.9398775263e+19   2.0775498812e+18   8.8098771150e+57   3.6248147299e-31   3.4308425771e-14  -2.2062089917e+05   9.9248591688e-02 
  2.1740496753e+19   2.3417214897e+18   1.2464277716e+58   3.6677464449e-31   3.4308451125e-14  -2.4720156906e+05   9.9248591688e-02 
  2.4281292894e+19   2.5407961413e+18   1.6923403791e+58   3.7187999423e-31   3.4308482876e-14  -2.7648717510e+05   9.9248591688e-02 
  2.7164325113e+19   2.8830322193e+18   2.3996646048e+58   3.7796997444e-31   3.4308531957e-14  -3.0892501919e+05   9.9248591688e-02 
  3.0265989461e+19   3.1016643478e+18   3.2169855229e+58   3.8515053154e-31   3.4308591475e-14  -3.4473064952e+05   9.9248591688e-02 
  3.3855818076e+19   3.5898286152e+18   4.6418232013e+58   3.9371901521e-31   3.4308692534e-14  -3.8485925501e+05   9.9248591688e-02 
  3.7668670733e+19   3.8128526564e+18   6.1336729527e+58   4.0378735104e-31   3.4308772376e-14  -4.2924890715e+05   9.9248591688e-02 
  4.1981494820e+19   4.3128240870e+18   8.6041745533e+58   4.1553142796e-31   3.4308936117e-14  -4.7804743695e+05   9.9248591688e-02 
  4.6564787251e+19   4.5832924315e+18   1.1299410607e+59   4.2915936456e-31   3.4309133422e-14  -5.3145991759e+05   9.9248591688e-02 
  5.1792527114e+19   5.2277398626e+18   1.5903251590e+59   4.4510613097e-31   3.4309417942e-14  -5.9061350568e+05   9.9248591688e-02 
  5.6949701212e+19   5.1571740979e+18   1.9172714456e+59   4.6297078341e-31   3.4309717789e-14  -6.5311089019e+05   9.9248591688e-02 
  6.4658729554e+19   7.7090283416e+18   3.5863960091e+59   4.8651794571e-31   3.4310132875e-14  -7.3060260275e+05   9.9248591688e-02 
  7.6078365009e+19   1.1419635456e+19   7.1214980029e+59   5.2322405063e-31   3.4310766630e-14  -8.4569426477e+05   9.9248591688e-02 
  8.0438829987e+19   4.3604649775e+18   3.3567510331e+59   5.5468425914e-31   3.4311369465e-14  -9.4094749046e+05   9.9248591688e-02 
  8.4362958383e+19   3.9241283962e+18   3.3488754214e+59   5.7296338239e-31   3.4311731717e-14  -9.9108322316e+05   9.9248591688e-02 
  8.8453510950e+19   4.0905525674e+18   3.8386914583e+59   5.9270222081e-31   3.4312117399e-14  -1.0396909000e+06   9.9248591688e-02 
  9.2802087769e+19   4.3485768187e+18   4.4891404817e+59   6.1576398489e-31   3.4312554800e-14  -1.0909700109e+06   9.9248591688e-02 
  9.6840782453e+19   4.0386946839e+18   4.5638313311e+59   6.4104517777e-31   3.4313023688e-14  -1.1420407212e+06   9.9248591688e-02 
  1.0197468905e+20   5.1339065934e+18   6.3766812558e+59   6.7175329804e-31   3.4313571817e-14  -1.1979540208e+06   9.9248591688e-02 
  1.0699919387e+20   5.0245048246e+18   6.8946281052e+59   7.0875826198e-31   3.4314233845e-14  -1.2599421890e+06   9.9248591688e-02 
  1.1184029004e+20   4.8410961647e+18   7.2847689813e+59   7.4799158010e-31   3.4314933186e-14  -1.3202133560e+06   9.9248591688e-02 
  1.1648684155e+20   4.6465515163e+18   7.6112435573e+59   7.8933734741e-31   3.4315696563e-14  -1.3784605356e+06   9.9248591688e-02 
  1.2218332263e+20   5.6964810738e+18   1.0196127425e+60   8.3892202218e-31   3.4316616090e-14  -1.4422888584e+06   9.9248591688e-02 
  1.2791844264e+20   5.7351200108e+18   1.1272026812e+60   8.9833072336e-31   3.4317774509e-14  -1.5134426733e+06   9.9248591688e-02 
  1.3342663253e+20   5.5081898975e+18   1.1820932014e+60   9.6185933624e-31   3.4319031979e-14  -1.5839547548e+06   9.9248591688e-02 
  1.3892474124e+20   5.4981087039e+18   1.2813899939e+60   1.0298712306e-30   3.4320341815e-14  -1.6534671071e+06   9.9248591688e-02 
  1.4541535580e+20   6.4906145608e+18   1.6488734798e+60   1.1110406078e-30   3.4321829037e-14  -1.7299141296e+06   9.9248591688e-02 
  1.5193312170e+20   6.5177658995e+18   1.8107129943e+60   1.2065376316e-30   3.4323533353e-14  -1.8139917201e+06   9.9248591688e-02 
  1.5816809021e+20   6.2349685106e+18   1.8838641560e+60   1.3084290469e-30   3.4325322931e-14  -1.8977964191e+06   9.9248591688e-02 
  1.6486518253e+20   6.6970923244e+18   2.1958005557e+60   1.4216937579e-30   3.4327249929e-14  -1.9844000089e+06   9.9248591688e-02 
  1.7247602335e+20   7.6108408156e+18   2.7214162763e+60   1.5587451216e-30   3.4329500944e-14  -2.0823454670e+06   9.9248591688e-02 
  1.7990175971e+20   7.4257363569e+18   2.8971482499e+60   1.7154793315e-30   3.4332046770e-14  -2.1878098725e+06   9.9248591688e-02 
  1.8642514433e+20   6.5233846240e+18   2.7504667126e+60   1.8748854240e-30   3.4334420426e-14  -2.2873563252e+06   9.9248591688e-02 
  1.9498328038e+20   8.5581360523e+18   3.9118527778e+60   2.0667827239e-30   3.4336815448e-14  -2.3973196667e+06   9.9248591688e-02 
  2.0533454519e+20   1.0351264811e+19   5.2125463671e+60   2.3292594279e-30   3.4339473324e-14  -2.5390082294e+06   9.9248591688e-02 
  2.1581034001e+20   1.0475794813e+19   5.8383413108e+60   2.6420178868e-30   3.4341821570e-14  -2.6997736883e+06   9.9248591688e-02 
  2.2543105628e+20   9.6207162692e+18   5.8854353866e+60   2.9707433733e-30   3.4343248156e-14  -2.8595535277e+06   9.9248591688e-02 
  2.3731767460e+20   1.1886618328e+19   7.9982352128e+60   3.3607405836e-30   3.4342299792e-14  -3.0323058745e+06   9.9248591688e-02 
  2.4766793821e+20   1.0350263604e+19   7.6493568723e+60   3.8011017652e-30   3.4341044776e-14  -3.2069044712e+06   9.9248591688e-02 
  2.6290509634e+20   1.5237158134e+19   1.2482411831e+61   4.3610068954e-30   3.4341535648e-14  -3.3954604562e+06   9.9248591688e-02 
  2.7373431762e+20   1.0829221281e+19   9.7987613660e+60   4.9743590165e-30   3.4345434943e-14  -3.5765412365e+06   9.9248591688e-02 
  2.8345833778e+20   9.7240201548e+18   9.4852892161e+60   5.5002188703e-30   3.4351167877e-14  -3.7054330643e+06   9.9248591688e-02 
  2.9367565142e+20   1.0217313646e+19   1.0692648025e+61   6.0013329422e-30   3.4359564805e-14  -3.8179555256e+06   9.9248591688e-02 
  3.0303788620e+20   9.3622347779e+18   1.0473620091e+61   6.4412187992e-30   3.4370026943e-14  -3.9164666189e+06   9.9248591688e-02 
  3.1721729265e+20   1.4179406447e+19   1.7140534913e+61   6.9064947088e-30   3.4388066197e-14  -4.0168877505e+06   9.9248591688e-02 
  3.3195319747e+20   1.4735904823e+19   1.9512764647e+61   7.4302271535e-30   3.4420771856e-14  -4.1211209118e+06   9.9248591688e-02 
  3.4167867835e+20   9.7254808831e+18   1.3865527282e+61   7.8325017668e-30   3.4454981012e-14  -4.1940457635e+06   9.9248591688e-02 
  3.5077094045e+20   9.0922620908e+18   1.3696926911e+61   8.0946049897e-30   3.4482917781e-14  -4.2436088860e+06   9.9248591688e-02 
  3.6555405222e+20   1.4783111770e+19   2.3834036093e+61   8.3619780680e-30   3.4513651839e-14  -4.3119794679e+06   9.9248591688e-02 
  3.8196829814e+20   1.6414245927e+19   2.8819667622e+61   8.6575951200e-30   3.4543756405e-14  -4.4221699940e+06   9.9248591688e-02 
  3.9955577718e+20   1.7587479036e+19   3.3752931310e+61   8.9276357250e-30   3.4557787010e-14  -4.5717791511e+06   9.9248591688e-02 
  4.0945803427e+20   9.9022570935e+18   2.0361868567e+61   9.1116949206e-30   3.4557915456e-14  -4.7031127822e+06   9.9248591688e-02 
  4.1897696008e+20   9.5189258033e+18   2.0524557295e+61   9.2048275999e-30   3.4553678962e-14  -4.7927767815e+06   9.9248591688e-02 
  4.3543163318e+20   1.6454673106e+19   3.7741923989e+61   9.2882520176e-30   3.4553119897e-14  -4.8952776166e+06   9.9248591688e-02 
  4.5389142600e+20   1.8459792818e+19   4.5873108507e+61   9.3735686812e-30   3.4572348225e-14  -5.0090743718e+06   9.9248591688e-02 
  4.7011272443e+20   1.6221298432e+19   4.3513893479e+61   9.4407056079e-30   3.4612476240e-14  -5.0890664885e+06   9.9248591688e-02 
  4.7878173939e+20   8.6690149599e+18   2.4522657546e+61   9.4779160086e-30   3.4648615351e-14  -5.1288754227e+06   9.9248591688e-02 
  4.8742064026e+20   8.6389008688e+18   2.5337055430e+61   9.4932814767e-30   3.4678163048e-14  -5.1456412055e+06   9.9248591688e-02 
  5.0478033820e+20   1.7359697937e+19   5.3695223101e+61   9.4998282086e-30   3.4716398273e-14  -5.1673965547e+06   9.9248591688e-02 
  5.1933488627e+20   1.4554548075e+19   4.7959592071e+61   9.4956817540e-30   3.4754262141e-14  -5.2027881797e+06   9.9248591688e-02 
  5.2883550085e+20   9.5006145783e+18   3.2792704650e+61   9.4817176655e-30   3.4771553134e-14  -5.2366121374e+06   9.9248591688e-02 
  5.3670983861e+20   7.8743377608e+18   2.8087668166e+61   9.4627938461e-30   3.4777496363e-14  -5.2659079791e+06   9.9248591687e-02 
  5.4343765331e+20   6.7278146989e+18   2.4660145426e+61   9.4393390202e-30   3.4778640730e-14  -5.2949848359e+06   9.9248591685e-02 
  5.6031834846e+20   1.6880695153e+19   6.4613046055e+61   9.3875394230e-30   3.4776481448e-14  -5.3405495173e+06   9.9248591675e-02 
  5.7114474873e+20   1.0826400267e+19   4.3543967184e+61   9.3221927093e-30   3.4776186948e-14  -5.3878237796e+06   9.9248591643e-02 
  5.7388375895e+20   2.7390102226e+18   1.1281762504e+61   9.2880907148e-30   3.4775887646e-14  -5.4037141571e+06   9.9248591575e-02 
  5.7613729627e+20   2.2535373211e+18   9.3632531831e+60   9.2709522858e-30   3.4774881848e-14  -5.4078837986e+06   9.9248590858e-02 
  5.8425206509e+20   8.1147688138e+18   3.4327373914e+61   9.2274613070e-30   3.4774307268e-14  -5.4131609392e+06   9.9248588612e-02 
  5.9179859727e+20   7.5465321792e+18   3.2791050001e+61   9.1614907013e-30   3.4778705969e-14  -5.4181585584e+06   9.9248578945e-02 
  5.9990143593e+20   8.1028386602e+18   3.6151611379e+61   9.0929421044e-30   3.4785521519e-14  -5.4126484652e+06   9.9248540204e-02 
  6.1674836460e+20   1.6846928671e+19   7.8348294022e+61   8.9789452065e-30   3.4804942558e-14  -5.3878468180e+06   9.9248429180e-02 
  6.3068301911e+20   1.3934654514e+19   6.8123581844e+61   8.8346642314e-30   3.4833239993e-14  -5.3368582020e+06   9.9248192919e-02 
  6.4387215757e+20   1.3189138457e+19   6.7313021293e+61   8.7007942872e-30   3.4864794494e-14  -5.2800099920e+06   9.9247906793e-02 
  6.6096445901e+20   1.7092301437e+19   9.1429748742e+61   8.5388387573e-30   3.4909060906e-14  -5.2095950221e+06   9.9247073487e-02 
  6.7663930230e+20   1.5674843289e+19   8.8110552077e+61   8.3487219680e-30   3.4959047664e-14  -5.1321837629e+06   9.9244886132e-02 
  6.9174935777e+20   1.5110055474e+19   8.8889920013e+61   8.1430377040e-30   3.5003075760e-14  -5.0633223191e+06   9.9239104798e-02 
  7.0635535521e+20   1.4605997436e+19   8.9696664094e+61   7.9189396460e-30   3.5032931560e-14  -5.0090732477e+06   9.9222015746e-02 
  7.2277536996e+20   1.6420014749e+19   1.0536259005e+62   7.6442900415e-30   3.5059301530e-14  -4.9471560935e+06   9.9150044892e-02 
  7.3651158779e+20   1.3736217834e+19   9.1899102639e+61   7.3525920600e-30   3.5075127695e-14  -4.8798155505e+06   9.8884149932e-02 
  7.4433519956e+20   7.8236117664e+18   5.3899093310e+61   7.1095236813e-30   3.5078107906e-14  -4.8264124923e+06   9.8439383324e-02 
  7.5105160782e+20   6.7164082638e+18   4.7184240637e+61   6.9235441947e-30   3.5076665060e-14  -4.7863201405e+06   9.7576525996e-02 
  7.6007467828e+20   9.0230704561e+18   6.4730789361e+61   6.6791324199e-30   3.5073858777e-14  -4.7393850352e+06   9.6975282061e-02 
  7.6367739166e+20   3.6027133826e+18   2.6279010711e+61   6.4688721613e-30   3.5070926233e-14  -4.6995418376e+06   9.6704551128e-02 
  7.6534020955e+20   1.6628178901e+18   1.2212925332e+61   6.3676388085e-30   3.5068706054e-14  -4.6830562850e+06   9.6617653652e-02 
  7.6793270609e+20   2.5924965403e+18   1.9147293765e+61   6.2948116335e-30   3.5068841928e-14  -4.6684082964e+06   9.6588705124e-02 
  7.7447975520e+20   6.5470491083e+18   4.8932694386e+61   6.1817112911e-30   3.5065529006e-14  -4.6379455924e+06   9.6583894243e-02 
  7.7972978035e+20   5.2500251499e+18   3.9841166608e+61   6.0557534577e-30   3.5062534550e-14  -4.5993497360e+06   9.6581944117e-02 
  7.8349084623e+20   3.7610658859e+18   2.8873684448e+61   5.9732202526e-30   3.5060818256e-14  -4.5681294677e+06   9.6581706739e-02 
  7.8696423598e+20   3.4733897443e+18   2.6912567811e+61   5.9248630823e-30   3.5058579667e-14  -4.5431577511e+06   9.6581673434e-02 
  7.9072380491e+20   3.7595689372e+18   2.9398895496e+61   5.8915984312e-30   3.5056745896e-14  -4.5186877670e+06   9.6581671514e-02 
  7.9413968628e+20   3.4158813642e+18   2.6954857884e+61   5.8754456324e-30   3.5056029023e-14  -4.4930963691e+06   9.6581671425e-02 
  8.0705162109e+20   1.2911934807e+19   1.0400089059e+62   5.8604693023e-30   3.5051772630e-14  -4.4360717414e+06   9.6581671421e-02 
  8.1946282401e+20   1.2411202921e+19   1.0315446408e+62   5.8485703630e-30   3.5046705407e-14  -4.3451036072e+06   9.6581671417e-02 
  8.2398903652e+20   4.5262125112e+18   3.8406071514e+61   5.8442374932e-30   3.5043446991e-14  -4.2829806049e+06   9.6581671415e-02 
  8.2704064120e+20   3.0516046857e+18   2.6132947749e+61   5.8449849183e-30   3.5042107076e-14  -4.2547254484e+06   9.6581671414e-02 
  8.2996533200e+20   2.9246907996e+18   2.5227744886e+61   5.8491788367e-30   3.5041241965e-14  -4.2323335215e+06   9.6581671409e-02 
  8.3301640676e+20   3.0510747553e+18   2.6508073679e+61   5.8561613265e-30   3.5040520094e-14  -4.2098932555e+06   9.6581671369e-02 
  8.4406027932e+20   1.1043872565e+19   9.7585070516e+61   5.8833270072e-30   3.5039052718e-14  -4.1561517502e+06   9.6581671223e-02 
  8.5126920762e+20   7.2089282952e+18   6.5092571317e+61   5.9231244971e-30   3.5037181554e-14  -4.0859471036e+06   9.6581670562e-02 
  8.5426773758e+20   2.9985299660e+18   2.7401918891e+61   5.9510344719e-30   3.5036566829e-14  -4.0471205053e+06   9.6581668829e-02 
  8.5810632431e+20   3.8385867251e+18   3.5360568506e+61   5.9728615285e-30   3.5036065482e-14  -4.0206705818e+06   9.6581651019e-02 
  8.6493555416e+20   6.8292298459e+18   6.3696496085e+61   5.9983607694e-30   3.5034648703e-14  -3.9789473719e+06   9.6581593069e-02 
  8.7184137207e+20   6.9058179173e+18   6.5441819582e+61   6.0232095063e-30   3.5033913798e-14  -3.9255916219e+06   9.6581114294e-02 
  8.8117208675e+20   9.3307146759e+18   9.0082282992e+61   6.0425941506e-30   3.5032425636e-14  -3.8622067670e+06   9.6579762044e-02 
  8.9124239495e+20   1.0070308198e+19   9.9386612360e+61   6.0586300296e-30   3.5031547223e-14  -3.7851520031e+06   9.6577198964e-02 
  9.0112641671e+20   9.8840217618e+18   9.9756849404e+61   6.0687258175e-30   3.5031482207e-14  -3.7042663140e+06   9.6576334419e-02 
  9.1675898077e+20   1.5632564065e+19   1.6230197215e+62   6.0747935497e-30   3.5032572894e-14  -3.5987156649e+06   9.6571015383e-02 
  9.3079075377e+20   1.4031772992e+19   1.5047454852e+62   6.0759774182e-30   3.5034587020e-14  -3.4740299188e+06   9.6557424966e-02 
  9.4346655116e+20   1.2675797393e+19   1.3989113938e+62   6.0722105274e-30   3.5036900529e-14  -3.3600573223e+06   9.6528271301e-02 
  9.5590280094e+20   1.2436249780e+19   1.4094976854e+62   6.0638111717e-30   3.5037677108e-14  -3.2549956400e+06   9.6456965594e-02 
  9.7203197554e+20   1.6129174606e+19   1.8834618277e+62   6.0460031741e-30   3.5036183560e-14  -3.1367181389e+06   9.6173367671e-02 
  9.8399283824e+20   1.1960862696e+19   1.4376941658e+62   6.0211172431e-30   3.5034061006e-14  -3.0183528608e+06   9.5184248756e-02 
  9.9333938056e+20   9.3465423206e+18   1.1480567851e+62   5.9941479142e-30   3.5030198718e-14  -2.9250093798e+06   9.1799039408e-02 
  9.9831110307e+20   4.9717225071e+18   6.1956076562e+61   5.9665671048e-30   3.5025921805e-14  -2.8602633646e+06   8.7926557974e-02 
  1.0052240108e+21   6.9129077727e+18   8.7177874362e+61   5.9304376778e-30   3.5022963257e-14  -2.8079075668e+06   8.1552660052e-02 
  1.0079822410e+21   2.7582301865e+18   3.5120217139e+61   5.8939969081e-30   3.5019655111e-14  -2.7683093849e+06   7.6371639172e-02 
  1.0109110624e+21   2.9288213691e+18   3.7503327026e+61   5.8605079031e-30   3.5019016139e-14  -2.7456009880e+06   7.3795709197e-02 
  1.0164803082e+21   5.5692458114e+18   7.1915505790e+61   5.7955799116e-30   3.5018308724e-14  -2.7130144324e+06   7.3507850331e-02 
  1.0204702665e+21   3.9899583273e+18   5.2009151722e+61   5.7233279352e-30   3.5018729396e-14  -2.6772337828e+06   7.3363330978e-02 
  1.0240415522e+21   3.5712856681e+18   4.6897982061e+61   5.6744953522e-30   3.5019958758e-14  -2.6510242244e+06   7.3318804902e-02 
  1.0288470950e+21   4.8055428304e+18   6.3624429961e+61   5.6347725283e-30   3.5021829367e-14  -2.6234802198e+06   7.3314014858e-02 
  1.0340959748e+21   5.2488797899e+18   7.0176535293e+61   5.5949642791e-30   3.5023988707e-14  -2.5913877350e+06   7.3313087361e-02 
  1.0390428051e+21   4.9468302292e+18   6.6793538893e+61   5.5674813558e-30   3.5025228256e-14  -2.5597826907e+06   7.3313015748e-02 
  1.0497323207e+21   1.0689515650e+19   1.4651937774e+62   5.5343336986e-30   3.5027936501e-14  -2.5081201832e+06   7.3313012570e-02 
  1.0582510824e+21   8.5187616880e+18   1.1892223984e+62   5.5046010651e-30   3.5029512711e-14  -2.4410849042e+06   7.3313011846e-02 
  1.0638846824e+21   5.6336000086e+18   7.9704571378e+61   5.4876597108e-30   3.5028350551e-14  -2.3891118830e+06   7.3313011755e-02 
  1.0772785735e+21   1.3393891080e+19   1.9291316404e+62   5.4741843118e-30   3.5024036207e-14  -2.3135076272e+06   7.3313011684e-02 
  1.0882593667e+21   1.0980793192e+19   1.6177779101e+62   5.4626685493e-30   3.5013585303e-14  -2.2073533325e+06   7.3313011418e-02 
  1.1021956126e+21   1.3936245949e+19   2.1007298074e+62   5.4547062235e-30   3.4993819957e-14  -2.0819532483e+06   7.3313010038e-02 
  1.1120288411e+21   9.8332285280e+18   1.5145797491e+62   5.4499396671e-30   3.4976382171e-14  -1.9640504012e+06   7.3313003487e-02 
  1.1214331752e+21   9.4043340665e+18   1.4737968681e+62   5.4481974329e-30   3.4967334785e-14  -1.8756625129e+06   7.3312947312e-02 
  1.1389554233e+21   1.7522248080e+19   2.8126430037e+62   5.4496234385e-30   3.4960451314e-14  -1.7600034961e+06   7.3312820930e-02 
  1.1507511339e+21   1.1795710616e+19   1.9428419840e+62   5.4536889627e-30   3.4957903211e-14  -1.6365534547e+06   7.3312588276e-02 
  1.1620898437e+21   1.1338709806e+19   1.9054981836e+62   5.4602389600e-30   3.4958567902e-14  -1.5421135258e+06   7.3311831697e-02 
  1.1717642168e+21   9.6743730700e+18   1.6554748298e+62   5.4692836785e-30   3.4958034185e-14  -1.4537299535e+06   7.3307269219e-02 
  1.1797626554e+21   7.9984385924e+18   1.3894939318e+62   5.4804180224e-30   3.4959507416e-14  -1.3802136944e+06   7.3287784829e-02 
  1.1971881933e+21   1.7425537906e+19   3.0930308289e+62   5.5042150013e-30   3.4968144899e-14  -1.2887331760e+06   7.3240380697e-02 
  1.2086781391e+21   1.1489945813e+19   2.0893641779e+62   5.5343124420e-30   3.4983765355e-14  -1.1980128216e+06   7.3139282347e-02 
  1.2139544156e+21   5.2762765031e+18   9.7286639857e+61   5.5538261197e-30   3.4993400364e-14  -1.1480834897e+06   7.3001798027e-02 
  1.2201001146e+21   6.1456990150e+18   1.1438858547e+62   5.5698473744e-30   3.4994255360e-14  -1.1075045335e+06   7.2230864611e-02 
  1.2243534443e+21   4.2533296971e+18   7.9844120386e+61   5.5862756986e-30   3.4993904791e-14  -1.0673005243e+06   7.1113517582e-02 
  1.2290811926e+21   4.7277483093e+18   8.9403339774e+61   5.6025055059e-30   3.4992207279e-14  -1.0290103508e+06   6.9573981669e-02 
  1.2325823099e+21   3.5011172821e+18   6.6652155391e+61   5.6186043919e-30   3.4988657775e-14  -9.9056884629e+05   6.8840534718e-02 
  1.2401081572e+21   7.5258472822e+18   1.4455932907e+62   5.6421552673e-30   3.4980273679e-14  -9.3377173651e+05   6.8633276220e-02 
  1.2456047482e+21   5.4965910563e+18   1.0669546037e+62   5.6701962092e-30   3.4965109897e-14  -8.5838972402e+05   6.8503068907e-02 
  1.2544957177e+21   8.8909694143e+18   1.7458854347e+62   5.7026963077e-30   3.4950245864e-14  -7.8143458288e+05   6.8465090343e-02 
  1.2593444637e+21   4.8487460358e+18   9.6262065536e+61   5.7355246926e-30   3.4940280021e-14  -7.1240684097e+05   6.8451067705e-02 
  1.2630041527e+21   3.6596890435e+18   7.3148358486e+61   5.7581804008e-30   3.4935318294e-14  -6.7657509130e+05   6.8446271589e-02 
  1.2670072804e+21   4.0031276766e+18   8.0499770912e+61   5.7831183536e-30   3.4933001888e-14  -6.4529113957e+05   6.8445189568e-02 
  1.2697753756e+21   2.7680951971e+18   5.5962561720e+61   5.8095115865e-30   3.4931635122e-14  -6.1945431712e+05   6.8445111296e-02 
  1.2761146191e+21   6.3392435033e+18   1.2908253124e+62   5.8572647630e-30   3.4931080451e-14  -5.8682731913e+05   6.8445110243e-02 
  1.2808449055e+21   4.7302863762e+18   9.7159553229e+61   5.9264442906e-30   3.4931139843e-14  -5.4823216760e+05   6.8445185300e-02 
  1.2851784033e+21   4.3334978389e+18   8.9641695846e+61   6.0002630965e-30   3.4932236012e-14  -5.1907655492e+05   6.8445907265e-02 
  1.2891634564e+21   3.9850530444e+18   8.2969173380e+61   6.0950934795e-30   3.4933293631e-14  -4.9615870901e+05   6.8448272746e-02 
  1.3057607258e+21   1.6597269386e+19   3.5110885649e+62   6.4192937548e-30   3.4940396141e-14  -4.3841590811e+05   6.8455732186e-02 
  1.3181374549e+21   1.2376729189e+19   2.6770281551e+62   6.9743731237e-30   3.4944335899e-14  -3.4463097391e+05   6.8476016755e-02 
  1.3257784393e+21   7.6409843772e+18   1.6780143283e+62   7.5117133286e-30   3.4930744375e-14  -2.5764185626e+05   6.8513345244e-02 
  1.3390791984e+21   1.3300759063e+19   2.9674125672e+62   8.5310038389e-30   3.4916318572e-14  -1.6462882885e+05   6.8643399926e-02 
  1.3457045930e+21   6.6253945893e+18   1.5003104610e+62   9.9839796897e-30   3.4902583745e-14  -1.0729612396e+05   6.8995182585e-02 
  1.3502055632e+21   4.5009702490e+18   1.0277021099e+62   1.1622479376e-29   3.4949119917e-14  -9.3246082953e+04   7.0134599783e-02 
  1.3547310212e+21   4.5254579782e+18   1.0402242885e+62   1.4537823205e-29   3.4874442831e-14  -8.7094868527e+03   7.4651925579e-02 
  1.3568834136e+21   2.1523924245e+18   4.9719561877e+61   1.9659004917e-29   3.4783641020e-14  -4.9876704841e+04   8.2134724508e-02 
  1.3600538385e+21   3.1704249072e+18   7.3523599041e+61   3.8928237653e-29   3.5043086054e-14  -7.2001536802e+04   8.8630836638e-02 
  1.3606972443e+21   6.4340575440e+17   1.4962785252e+61   6.7896445948e-29   3.4788866638e-14   2.5358973929e+04   8.3630950514e-02 
  1.3611097692e+21   4.1252495223e+17   9.6009621230e+60   1.0765735415e-28   3.4853352326e-14   1.5836418190e+03   7.2313044906e-02 
  1.3633369105e+21   2.2271413025e+18   5.1934310115e+61   4.5040791523e-28   3.4945334665e-14  -4.8370767589e+03   3.9100809640e-02 
  1.3658074366e+21   2.4705260553e+18   5.7808598815e+61   2.2615874329e-27   3.4925180317e-14  -5.1439621769e+03   2.3069991627e-02 
  1.3667507392e+21   9.4330256743e+17   2.2127876557e+61   1.2490585671e-26   3.5303808512e-14  -1.0023268173e+04   2.1068723661e-02 
  1.3680180403e+21   1.2673011048e+18   2.9776314565e+61   4.4354905393e-26   3.4991672193e-14   3.2009271634e+00   2.0489374680e-02 
  1.3683555635e+21   3.3752324334e+17   7.9397046123e+60   6.7116562699e-26   3.5474871831e-14  -2.5257376254e+03   2.0075882757e-02 
  1.3786426689e+21   1.0287105387e+19   2.4387195051e+62   7.7103125694e-26   3.5578154660e-14  -1.1816369215e+03   2.0050517873e-02 
  1.3855668453e+21   6.9241763516e+18   1.6621140334e+62   1.0547646801e-24   3.5738634645e-14  -1.9103602035e+03   2.0035533165e-02 
  1.3930977094e+21   7.5308641770e+18   1.8267032156e+62   1.1016439447e-24   3.6299205918e-14   2.8546626162e+03   2.0032315542e-02 
  1.4103718162e+21   1.7274106749e+19   4.2652318845e+62   1.1847238349e-24   3.7499060045e-14   1.1232445000e+04   2.0028777408e-02 
  1.4222920513e+21   1.1920235137e+19   3.0048814612e+62   1.3252133748e-24   3.9568145031e-14   2.0166671934e+04   2.0022745850e-02 
  1.4337883946e+21   1.1496343325e+19   2.9461361629e+62   1.4533173231e-24   4.1358238802e-14   2.8807655720e+04   2.0022593774e-02 
  1.4489243907e+21   1.5135996085e+19   3.9515512505e+62   1.6201588513e-24   4.3767666564e-14   3.8747537881e+04   2.0014612773e-02 
  1.4587491556e+21   9.8247648495e+18   2.6095461432e+62   1.7677475959e-24   4.5848041104e-14   4.8296718651e+04   2.0005094349e-02 
  1.4663222303e+21   7.5730747189e+18   2.0356167870e+62   1.9012273249e-24   4.7658376810e-14   5.4519327155e+04   2.0001203244e-02 
  1.4737405765e+21   7.4183461926e+18   2.0145177913e+62   2.0313376027e-24   4.9459773635e-14   6.0957257822e+04   2.0000452329e-02 
  1.4812949470e+21   7.5543705056e+18   2.0724044299e+62   2.1931568245e-24   5.1432105583e-14   6.8046382881e+04   2.0000174831e-02 
  1.4886820357e+21   7.3870886763e+18   2.0470584711e+62   2.3502074003e-24   5.3491560073e-14   7.4529495767e+04   2.0000059669e-02 
  1.4957108768e+21   7.0288411537e+18   1.9667375257e+62   2.4955271559e-24   5.5350292197e-14   8.0015939486e+04   2.0000019148e-02 
  1.5022857216e+21   6.5748447425e+18   1.8565144863e+62   2.6271810659e-24   5.7022404395e-14   8.4672966492e+04   2.0000005977e-02 
  1.5083978407e+21   6.1121191640e+18   1.7404938978e+62   2.7521879017e-24   5.8656888105e-14   8.8809867455e+04   2.0000001755e-02 
  1.5141939599e+21   5.7961191865e+18   1.6635915747e+62   2.8768353978e-24   6.0261044893e-14   9.2698654257e+04   2.0000000502e-02 
  1.5196482022e+21   5.4542422831e+18   1.5771417610e+62   3.0012704135e-24   6.1838679184e-14   9.6366150832e+04   2.0000000134e-02 
  1.5248368386e+21   5.1886363890e+18   1.5108843379e+62   3.1247523233e-24   6.3381840905e-14   9.9826338187e+04   2.0000000035e-02 
  1.5296222189e+21   4.7853803480e+18   1.4026047524e+62   3.2456709422e-24   6.4872822446e-14   1.0304464002e+05   2.0000000008e-02 
  1.5339911179e+21   4.3688989691e+18   1.2882201020e+62   3.3612731102e-24   6.6281111697e-14   1.0593966609e+05   2.0000000002e-02 
  1.5381540323e+21   4.1629143973e+18   1.2343294218e+62   3.4708803379e-24   6.7601797706e-14   1.0856118639e+05   2.0000000000e-02 
  1.5421639666e+21   4.0099342549e+18   1.1953042873e+62   3.5747561575e-24   6.8842402059e-14   1.1096281241e+05   2.0000000000e-02 
  1.5458913842e+21   3.7274175985e+18   1.1166788410e+62   3.6736442450e-24   7.0073671742e-14   1.1317982240e+05   2.0000000000e-02 
  1.5494424333e+21   3.5510491897e+18   1.0688622441e+62   3.7735103657e-24   7.1308455509e-14   1.1529916248e+05   2.0000000000e-02 
  1.5528631334e+21   3.4207000508e+18   1.0342706176e+62   3.8728621802e-24   7.2527012632e-14   1.1745314376e+05   2.0000000000e-02 
  1.5561490451e+21   3.2859117328e+18   9.9781671323e+61   3.9768399558e-24   7.3793304591e-14   1.1957450250e+05   2.0000000000e-02 
  1.5596987079e+21   3.5496627330e+18   1.0826538124e+62   4.0883754161e-24   7.5139192977e-14   1.2186841466e+05   2.0000000000e-02 
  1.5633824990e+21   3.6837911532e+18   1.1287860371e+62   4.2163521407e-24   7.6670097161e-14   1.2437231375e+05   2.0000000000e-02 
  1.5668628680e+21   3.4803690172e+18   1.0713518117e+62   4.3510216439e-24   7.8265990143e-14   1.2696477289e+05   2.0000000000e-02 
  1.5702283981e+21   3.3655300790e+18   1.0405377074e+62   4.4893044381e-24   7.9889404542e-14   1.2952053120e+05   2.0000000000e-02 
  1.5735527416e+21   3.3243434649e+18   1.0321921001e+62   4.6339289650e-24   8.1570573267e-14   1.3210344925e+05   2.0000000000e-02 
  1.5768313894e+21   3.2786478021e+18   1.0222845997e+62   4.7867253193e-24   8.3329659155e-14   1.3470274891e+05   2.0000000000e-02 
  1.5800018332e+21   3.1704437769e+18   9.9259789906e+61   4.9364931538e-24   8.5038229774e-14   1.3716525847e+05   2.0000000000e-02 
  1.5829029591e+21   2.9011259651e+18   9.1177739110e+61   5.0727219232e-24   8.6576996144e-14   1.3926720308e+05   2.0000000000e-02 
  1.5856793541e+21   2.7763950025e+18   8.7571184729e+61   5.1970718215e-24   8.8000345231e-14   1.4113456902e+05   2.0000000000e-02 
  1.5883342888e+21   2.6549346658e+18   8.4027489927e+61   5.3185245160e-24   8.9407256518e-14   1.4290426142e+05   2.0000000000e-02 
  1.5907127583e+21   2.3784694915e+18   7.5516429719e+61   5.4349537403e-24   9.0747409106e-14   1.4456052159e+05   2.0000000000e-02 
  1.5929855419e+21   2.2727835988e+18   7.2372211596e+61   5.5459251082e-24   9.2017219536e-14   1.4610735316e+05   2.0000000000e-02 
  1.5952231607e+21   2.2376188501e+18   7.1454492952e+61   5.6565779176e-24   9.3276640668e-14   1.4761434374e+05   2.0000000000e-02 
  1.5974276632e+21   2.2045024265e+18   7.0593281232e+61   5.7676749395e-24   9.4534333202e-14   1.4909280379e+05   2.0000000000e-02 
  1.5995428407e+21   2.1151775616e+18   6.7916301172e+61   5.8770223564e-24   9.5765587074e-14   1.5051231503e+05   2.0000000000e-02 
  1.6013866235e+21   1.8437828203e+18   5.9348793286e+61   5.9781781476e-24   9.6898891274e-14   1.5179288700e+05   2.0000000000e-02 
  1.6031423469e+21   1.7557233287e+18   5.6641454904e+61   6.0709099698e-24   9.7933093166e-14   1.5293883420e+05   2.0000000000e-02 
  1.6048771477e+21   1.7348008727e+18   5.6088463692e+61   6.1614911133e-24   9.8939032246e-14   1.5403437197e+05   2.0000000000e-02 
  1.6066025089e+21   1.7253611488e+18   5.5903664836e+61   6.2519443746e-24   9.9939408711e-14   1.5510620288e+05   2.0000000000e-02 
  1.6083198115e+21   1.7173026476e+18   5.5761920284e+61   6.3426958674e-24   1.0093899207e-13   1.5616051820e+05   2.0000000000e-02 
  1.6100295447e+21   1.7097331844e+18   5.5634555914e+61   6.4339770950e-24   1.0194033863e-13   1.5720118792e+05   2.0000000000e-02 
  1.6117315749e+21   1.7020301284e+18   5.5501386021e+61   6.5260635987e-24   1.0294644251e-13   1.5823274284e+05   2.0000000000e-02 
  1.6134255999e+21   1.6940250992e+18   5.5356869480e+61   6.6192029375e-24   1.0396001394e-13   1.5925923111e+05   2.0000000000e-02 
  1.6151038801e+21   1.6782801467e+18   5.4957109362e+61   6.7135028007e-24   1.0498270444e-13   1.6028146622e+05   2.0000000000e-02 
  1.6167130739e+21   1.6091937674e+18   5.2802168687e+61   6.8077200543e-24   1.0600079278e-13   1.6128987226e+05   2.0000000000e-02 
  1.6180484021e+21   1.3353282101e+18   4.3895747187e+61   6.8947926100e-24   1.0693803437e-13   1.6221361887e+05   2.0000000000e-02 
  1.6193064026e+21   1.2580005356e+18   4.1420116820e+61   6.9751325257e-24   1.0779445214e-13   1.6306077415e+05   2.0000000000e-02 
  1.6205505259e+21   1.2441232796e+18   4.1026547848e+61   7.0562482258e-24   1.0863629697e-13   1.6390831304e+05   2.0000000000e-02 
  1.6217824908e+21   1.2319649597e+18   4.0687732411e+61   7.1389395305e-24   1.0949154763e-13   1.6475933828e+05   2.0000000000e-02 
  1.6229564186e+21   1.1739277907e+18   3.8828515689e+61   7.2208759219e-24   1.1033630389e-13   1.6559336869e+05   2.0000000000e-02 
  1.6239084603e+21   9.5204170593e+17   3.1530749188e+61   7.2926481269e-24   1.1107576344e-13   1.6631293672e+05   2.0000000000e-02 
  1.6250054438e+21   1.0969834735e+18   3.6376958069e+61   7.3604798863e-24   1.1177283973e-13   1.6697405241e+05   2.0000000000e-02 
  1.6259410623e+21   9.3561849230e+17   3.1064783286e+61   7.4256076053e-24   1.1244048700e-13   1.6759200937e+05   2.0000000000e-02 
  1.6270348267e+21   1.0937644348e+18   3.6360962879e+61   7.4875038249e-24   1.1307358331e-13   1.6815726890e+05   2.0000000000e-02 
  1.6279649198e+21   9.3009309136e+17   3.0958379607e+61   7.5450451673e-24   1.1366208179e-13   1.6866296399e+05   2.0000000000e-02 
  1.6290513660e+21   1.0864461299e+18   3.6207450559e+61   7.5989939231e-24   1.1421337139e-13   1.6911226240e+05   2.0000000000e-02 
  1.6299769529e+21   9.2558692172e+17   3.0884698235e+61   7.6507305383e-24   1.1475034671e-13   1.6953897841e+05   2.0000000000e-02 
  1.6310596549e+21   1.0827020065e+18   3.6171804804e+61   7.7026353840e-24   1.1529880774e-13   1.6996329593e+05   2.0000000000e-02 
  1.6319248636e+21   8.6520870721e+17   2.8940150865e+61   7.7537231066e-24   1.1583753456e-13   1.7038261411e+05   2.0000000000e-02 
  1.6327240910e+21   7.9922739680e+17   2.6760438253e+61   7.7982281218e-24   1.1630601720e-13   1.7074701134e+05   2.0000000000e-02 
  1.6335309750e+21   8.0688403481e+17   2.7043394074e+61   7.8417987572e-24   1.1676394401e-13   1.7110525131e+05   2.0000000000e-02 
  1.6343233884e+21   7.9241337185e+17   2.6584412278e+61   7.8859378173e-24   1.1722711500e-13   1.7146593443e+05   2.0000000000e-02 
  1.6350697371e+21   7.4634873229e+17   2.5062591178e+61   7.9288358382e-24   1.1767656873e-13   1.7181779754e+05   2.0000000000e-02 
  1.6355326176e+21   4.6288042601e+17   1.5555149225e+61   7.9629528855e-24   1.1803353408e-13   1.7209535077e+05   2.0000000000e-02 
  1.6359333440e+21   4.0072646515e+17   1.3473570908e+61   7.9874549961e-24   1.1828963009e-13   1.7229534138e+05   2.0000000000e-02 
  1.6363253079e+21   3.9196389529e+17   1.3185335628e+61   8.0101423402e-24   1.1852656326e-13   1.7247935167e+05   2.0000000000e-02 
  1.6367213623e+21   3.9605432775e+17   1.3329351909e+61   8.0327822859e-24   1.1876280734e-13   1.7266336154e+05   2.0000000000e-02 
  1.6371192299e+21   3.9786769076e+17   1.3396878125e+61   8.0557516012e-24   1.1900229767e-13   1.7284909319e+05   2.0000000000e-02 
  1.6375172809e+21   3.9805092136e+17   1.3409565556e+61   8.0788733576e-24   1.1924317672e-13   1.7303617146e+05   2.0000000000e-02 
  1.6379147934e+21   3.9751254301e+17   1.3397936238e+61   8.1021308564e-24   1.1948527323e-13   1.7322360304e+05   2.0000000000e-02 
  1.6383119336e+21   3.9714024240e+17   1.3391883704e+61   8.1254671630e-24   1.1972798858e-13   1.7341160504e+05   2.0000000000e-02 
  1.6387087411e+21   3.9680743243e+17   1.3387147105e+61   8.1489243584e-24   1.1997176059e-13   1.7359993463e+05   2.0000000000e-02 
  1.6391052960e+21   3.9655487841e+17   1.3385105334e+61   8.1724723283e-24   1.2021627480e-13   1.7378888687e+05   2.0000000000e-02 
  1.6395016060e+21   3.9630999234e+17   1.3383311763e+61   8.1961515813e-24   1.2046194701e-13   1.7397819453e+05   2.0000000000e-02 
  1.6398976537e+21   3.9604770640e+17   1.3380919744e+61   8.2199165903e-24   1.2070830740e-13   1.7416820022e+05   2.0000000000e-02 
  1.6402934238e+21   3.9577010522e+17   1.3377998627e+61   8.2438243806e-24   1.2095591829e-13   1.7435845151e+05   2.0000000000e-02 
  1.6406889148e+21   3.9549105650e+17   1.3375016515e+61   8.2678015345e-24   1.2120402664e-13   1.7454942613e+05   2.0000000000e-02 
  1.6410841289e+21   3.9521407642e+17   1.3372092317e+61   8.2919220538e-24   1.2145341215e-13   1.7474044938e+05   2.0000000000e-02 
  1.6414790687e+21   3.9493977852e+17   1.3369246945e+61   8.3160991184e-24   1.2170317661e-13   1.7493214490e+05   2.0000000000e-02 
  1.6418737291e+21   3.9466043299e+17   1.3366218723e+61   8.3404144932e-24   1.2195416326e-13   1.7512379105e+05   2.0000000000e-02 
  1.6422681130e+21   3.9438390346e+17   1.3363273839e+61   8.3647831671e-24   1.2220549107e-13   1.7531600870e+05   2.0000000000e-02 
  1.6426622177e+21   3.9410473440e+17   1.3360227492e+61   8.3892802967e-24   1.2245793586e-13   1.7550813972e+05   2.0000000000e-02 
  1.6430560378e+21   3.9382001130e+17   1.3356980641e+61   8.4138308346e-24   1.2271072012e-13   1.7570072976e+05   2.0000000000e-02 
  1.6434495762e+21   3.9353848990e+17   1.3353830103e+61   8.4385003645e-24   1.2296451978e-13   1.7589321170e+05   2.0000000000e-02 
  1.6438428282e+21   3.9325191374e+17   1.3350495725e+61   8.4632236523e-24   1.2321866034e-13   1.7608606241e+05   2.0000000000e-02 
  1.6442357936e+21   3.9296541221e+17   1.3347151446e+61   8.4880596234e-24   1.2347374734e-13   1.7627878618e+05   2.0000000000e-02 
  1.6446284757e+21   3.9268212529e+17   1.3343903999e+61   8.5129495296e-24   1.2372917487e-13   1.7647182108e+05   2.0000000000e-02 
  1.6450208706e+21   3.9239492681e+17   1.3340511265e+61   8.5379494134e-24   1.2398551707e-13   1.7666471873e+05   2.0000000000e-02 
  1.6454129802e+21   3.9210954146e+17   1.3337167760e+61   8.5630033247e-24   1.2424219845e-13   1.7685790388e+05   2.0000000000e-02 
  1.6458048013e+21   3.9182112551e+17   1.3333708733e+61   8.5881672997e-24   1.2449979193e-13   1.7705094786e+05   2.0000000000e-02 
  1.6461963343e+21   3.9153303647e+17   1.3330248329e+61   8.6133850975e-24   1.2475771940e-13   1.7724428784e+05   2.0000000000e-02 
  1.6465875768e+21   3.9124245889e+17   1.3326690649e+61   8.6387158971e-24   1.2501658731e-13   1.7743748498e+05   2.0000000000e-02 
  1.6469785313e+21   3.9095451457e+17   1.3323210121e+61   8.6640998886e-24   1.2527577901e-13   1.7763100915e+05   2.0000000000e-02 
  1.6473691910e+21   3.9065965742e+17   1.3319481369e+61   8.6896020238e-24   1.2553596066e-13   1.7782438782e+05   2.0000000000e-02 
  1.6477595588e+21   3.9036781957e+17   1.3315842826e+61   8.7151564864e-24   1.2579645515e-13   1.7801813676e+05   2.0000000000e-02 
  1.6481496316e+21   3.9007286370e+17   1.3312085191e+61   8.7408357562e-24   1.2605800393e-13   1.7821173791e+05   2.0000000000e-02 
  1.6485394099e+21   3.8977824368e+17   1.3308326222e+61   8.7665664241e-24   1.2631985380e-13   1.7840576561e+05   2.0000000000e-02 
  1.6489288942e+21   3.8948429762e+17   1.3304577497e+61   8.7924299208e-24   1.2658283585e-13   1.7859964448e+05   2.0000000000e-02 
  1.6493180810e+21   3.8918685076e+17   1.3300696354e+61   8.8183435953e-24   1.2684610410e-13   1.7879401744e+05   2.0000000000e-02 
  1.6497069686e+21   3.8888756353e+17   1.3296739359e+61   8.8443988570e-24   1.2711058971e-13   1.7898824022e+05   2.0000000000e-02 
  1.6500955571e+21   3.8858850730e+17   1.3292777270e+61   8.8705027087e-24   1.2737534295e-13   1.7918302951e+05   2.0000000000e-02 
  1.6504838442e+21   3.8828710369e+17   1.3288721845e+61   8.8967578259e-24   1.2764140766e-13   1.7937766594e+05   2.0000000000e-02 
  1.6508718292e+21   3.8798494591e+17   1.3284627499e+61   8.9230603427e-24   1.2790772535e-13   1.7957294306e+05   2.0000000000e-02 
  1.6512595123e+21   3.8768315062e+17   1.3280532451e+61   8.9495242658e-24   1.2817545287e-13   1.7976806505e+05   2.0000000000e-02 
  1.6516468904e+21   3.8737805399e+17   1.3276311131e+61   8.9760343471e-24   1.2844341801e-13   1.7996390542e+05   2.0000000000e-02 
  1.6520339595e+21   3.8706917417e+17   1.3271946807e+61   9.0027163331e-24   1.2871289444e-13   1.8015958772e+05   2.0000000000e-02 
  1.6524207200e+21   3.8676047045e+17   1.3267575092e+61   9.0294426991e-24   1.2898258754e-13   1.8035607019e+05   2.0000000000e-02 
  1.6528071547e+21   3.8643468786e+17   1.3262603667e+61   9.0563517201e-24   1.2925389543e-13   1.8055239085e+05   2.0000000000e-02 
  1.6531932640e+21   3.8610930146e+17   1.3257631611e+61   9.0833017025e-24   1.2952538355e-13   1.8074959707e+05   2.0000000000e-02 
  1.6535790444e+21   3.8578036711e+17   1.3252523435e+61   9.1104462712e-24   1.2979859829e-13   1.8094663692e+05   2.0000000000e-02 
  1.6539645005e+21   3.8545610843e+17   1.3247561616e+61   9.1376299539e-24   1.3007197396e-13   1.8114465463e+05   2.0000000000e-02 
  1.6543496260e+21   3.8512548937e+17   1.3242366902e+61   9.1650209947e-24   1.3034720119e-13   1.8134250130e+05   2.0000000000e-02 
  1.6547344200e+21   3.8479400036e+17   1.3237127808e+61   9.1924496867e-24   1.3062256808e-13   1.8154141797e+05   2.0000000000e-02 
  1.6551188979e+21   3.8447793956e+17   1.3232405344e+61   9.2200984303e-24   1.3089990949e-13   1.8174016453e+05   2.0000000000e-02 
  1.6555030900e+21   3.8419205227e+17   1.3228708337e+61   9.2477860704e-24   1.3117739960e-13   1.8194007982e+05   2.0000000000e-02 
  1.6558869938e+21   3.8390379906e+17   1.3224917525e+61   9.2757080172e-24   1.3145700088e-13   1.8213984334e+05   2.0000000000e-02 
  1.6562705911e+21   3.8359733575e+17   1.3220486574e+61   9.3036676831e-24   1.3173673633e-13   1.8234085876e+05   2.0000000000e-02 
  1.6566538542e+21   3.8326311104e+17   1.3215084915e+61   9.3318699005e-24   1.3201865547e-13   1.8254171053e+05   2.0000000000e-02 
  1.6570367637e+21   3.8290954919e+17   1.3209001457e+61   9.3601060159e-24   1.3230066996e-13   1.8274384948e+05   2.0000000000e-02 
  1.6574193067e+21   3.8254299020e+17   1.3202453832e+61   9.3885914086e-24   1.3258493085e-13   1.8294579414e+05   2.0000000000e-02 
  1.6578014824e+21   3.8217562610e+17   1.3195862287e+61   9.4171090962e-24   1.3286926396e-13   1.8314907394e+05   2.0000000000e-02 
  1.6581832827e+21   3.8180037758e+17   1.3188982175e+61   9.4458816463e-24   1.3315589141e-13   1.8335216515e+05   2.0000000000e-02 
  1.6585647106e+21   3.8142787305e+17   1.3182180405e+61   9.4746928324e-24   1.3344265251e-13   1.8355658883e+05   2.0000000000e-02 
  1.6589457608e+21   3.8105016070e+17   1.3175182158e+61   9.5037551748e-24   1.3373166391e-13   1.8376089339e+05   2.0000000000e-02 
  1.6593264312e+21   3.8067038460e+17   1.3168095895e+61   9.5328695065e-24   1.3402093665e-13   1.8396647846e+05   2.0000000000e-02 
  1.6597067178e+21   3.8028663457e+17   1.3160855374e+61   9.5622247757e-24   1.3431235197e-13   1.8417204936e+05   2.0000000000e-02 
  1.6600866185e+21   3.7990072613e+17   1.3153523225e+61   9.5916503229e-24   1.3460420521e-13   1.8437880736e+05   2.0000000000e-02 
  1.6604661263e+21   3.7950779042e+17   1.3145930630e+61   9.6213022999e-24   1.3489805072e-13   1.8458567772e+05   2.0000000000e-02 
  1.6608452418e+21   3.7911546263e+17   1.3138341813e+61   9.6510465290e-24   1.3519254671e-13   1.8479361074e+05   2.0000000000e-02 
  1.6612239584e+21   3.7871661104e+17   1.3130509505e+61   9.6809997482e-24   1.3548885559e-13   1.8500180071e+05   2.0000000000e-02 
  1.6616022732e+21   3.7831478028e+17   1.3122556281e+61   9.7110693505e-24   1.3578604810e-13   1.8521091565e+05   2.0000000000e-02 
  1.6619801840e+21   3.7791083110e+17   1.3114511844e+61   9.7413284250e-24   1.3608485367e-13   1.8542044797e+05   2.0000000000e-02 
  1.6623576864e+21   3.7750238713e+17   1.3106293550e+61   9.7717293691e-24   1.3638478877e-13   1.8563076917e+05   2.0000000000e-02 
  1.6627347778e+21   3.7709144568e+17   1.3097970515e+61   9.8023012595e-24   1.3668614678e-13   1.8584167813e+05   2.0000000000e-02 
  1.6631114566e+21   3.7667878975e+17   1.3089569812e+61   9.8330410576e-24   1.3698888499e-13   1.8605326358e+05   2.0000000000e-02 
  1.6634877176e+21   3.7626102309e+17   1.3080973244e+61   9.8639397892e-24   1.3729291928e-13   1.8626561291e+05   2.0000000000e-02 
  1.6638635584e+21   3.7584071696e+17   1.3072269956e+61   9.8950333593e-24   1.3759859113e-13   1.8647859249e+05   2.0000000000e-02 
  1.6642389766e+21   3.7541828537e+17   1.3063474211e+61   9.9262809590e-24   1.3790539668e-13   1.8669247052e+05   2.0000000000e-02 
  1.6646139669e+21   3.7499028665e+17   1.3054466046e+61   9.9577262945e-24   1.3821386332e-13   1.8690679909e+05   2.0000000000e-02 
  1.6649885291e+21   3.7456216473e+17   1.3045434774e+61   9.9893020017e-24   1.3852333596e-13   1.8712192876e+05   2.0000000000e-02 
  1.6653626590e+21   3.7412995085e+17   1.3036242081e+61   1.0021072825e-23   1.3883444376e-13   1.8733739396e+05   2.0000000000e-02 
  1.6657363543e+21   3.7369523513e+17   1.3026943168e+61   1.0052965468e-23   1.3914646683e-13   1.8755362193e+05   2.0000000000e-02 
  1.6661096131e+21   3.7325885048e+17   1.3017566949e+61   1.0085052133e-23   1.3946010775e-13   1.8777012346e+05   2.0000000000e-02 
  1.6664824332e+21   3.7282002129e+17   1.3008086266e+61   1.0117257427e-23   1.3977462695e-13   1.8798735414e+05   2.0000000000e-02 
  1.6668548107e+21   3.7237758144e+17   1.2998460266e+61   1.0149656411e-23   1.4009075407e-13   1.8820481892e+05   2.0000000000e-02 
  1.6672267464e+21   3.7193563919e+17   1.2988832242e+61   1.0182171980e-23   1.4040773450e-13   1.8842298493e+05   2.0000000000e-02 
  1.6675982350e+21   3.7148865626e+17   1.2979008700e+61   1.0214882899e-23   1.4072633181e-13   1.8864134648e+05   2.0000000000e-02 
  1.6679692763e+21   3.7104122674e+17   1.2969149958e+61   1.0247705443e-23   1.4104572955e-13   1.8886040555e+05   2.0000000000e-02 
  1.6683398679e+21   3.7059161781e+17   1.2959195395e+61   1.0280727323e-23   1.4136677587e-13   1.8907960929e+05   2.0000000000e-02 
  1.6687100073e+21   3.7013943485e+17   1.2949131084e+61   1.0313853285e-23   1.4168854468e-13   1.8929952692e+05   2.0000000000e-02 
  1.6690796925e+21   3.6968516042e+17   1.2938973773e+61   1.0347183314e-23   1.4201200217e-13   1.8951952624e+05   2.0000000000e-02 
  1.6694489232e+21   3.6923074591e+17   1.2928791694e+61   1.0380612070e-23   1.4233612469e-13   1.8974024062e+05   2.0000000000e-02 
  1.6698176950e+21   3.6877174447e+17   1.2918429043e+61   1.0414245578e-23   1.4266193766e-13   1.8996099134e+05   2.0000000000e-02 
  1.6701860086e+21   3.6831367401e+17   1.2908078978e+61   1.0447978793e-23   1.4298841883e-13   1.9018241433e+05   2.0000000000e-02 
  1.6705538610e+21   3.6785241196e+17   1.2897596999e+61   1.0481908755e-23   1.4331650840e-13   1.9040387749e+05   2.0000000000e-02 
  1.6709212505e+21   3.6738943406e+17   1.2887034699e+61   1.0515946842e-23   1.4364534136e-13   1.9062591995e+05   2.0000000000e-02 
  1.6712881763e+21   3.6692581685e+17   1.2876429779e+61   1.0550165534e-23   1.4397562177e-13   1.9084805539e+05   2.0000000000e-02 
  1.6716546366e+21   3.6646035335e+17   1.2865739833e+61   1.0584505590e-23   1.4430676811e-13   1.9107064631e+05   2.0000000000e-02 
  1.6720206295e+21   3.6599288062e+17   1.2854959041e+61   1.0619007710e-23   1.4463917743e-13   1.9129340388e+05   2.0000000000e-02 
  1.6723861554e+21   3.6552591848e+17   1.2844175859e+61   1.0653645807e-23   1.4497258910e-13   1.9151649162e+05   2.0000000000e-02 
  1.6727512112e+21   3.6505572832e+17   1.2833258880e+61   1.0688431990e-23   1.4530712250e-13   1.9173981406e+05   2.0000000000e-02 
  1.6731157961e+21   3.6458488935e+17   1.2822298656e+61   1.0723367282e-23   1.4564277975e-13   1.9196338508e+05   2.0000000000e-02 
  1.6734799098e+21   3.6411375788e+17   1.2811307702e+61   1.0758445005e-23   1.4597949668e-13   1.9218726530e+05   2.0000000000e-02 
  1.6738435489e+21   3.6363905950e+17   1.2800170736e+61   1.0793684706e-23   1.4631745506e-13   1.9241140191e+05   2.0000000000e-02 
  1.6742067129e+21   3.6316405310e+17   1.2789002346e+61   1.0829075107e-23   1.4665654051e-13   1.9263595295e+05   2.0000000000e-02 
  1.6745694006e+21   3.6268767511e+17   1.2777765054e+61   1.0864637511e-23   1.4699680272e-13   1.9286078356e+05   2.0000000000e-02 
  1.6749316093e+21   3.6220869770e+17   1.2766415509e+61   1.0900336295e-23   1.4733806581e-13   1.9308588162e+05   2.0000000000e-02 
  1.6752933392e+21   3.6172991504e+17   1.2755052120e+61   1.0936185422e-23   1.4768045904e-13   1.9331109198e+05   2.0000000000e-02 
  1.6756545891e+21   3.6124989955e+17   1.2743624548e+61   1.0972167104e-23   1.4802380741e-13   1.9353650533e+05   2.0000000000e-02 
  1.6760153571e+21   3.6076793103e+17   1.2732107314e+61   1.1008298892e-23   1.4836827522e-13   1.9376205668e+05   2.0000000000e-02 
  1.6763756432e+21   3.6028619433e+17   1.2720577476e+61   1.1044576112e-23   1.4871381192e-13   1.9398788557e+05   2.0000000000e-02 
  1.6767354448e+21   3.5980152220e+17   1.2708923171e+61   1.1081021888e-23   1.4906063325e-13   1.9421405114e+05   2.0000000000e-02 
  1.6770947592e+21   3.5931440759e+17   1.2697161664e+61   1.1117653727e-23   1.4940889669e-13   1.9444077937e+05   2.0000000000e-02 
  1.6774535846e+21   3.5882541866e+17   1.2685312916e+61   1.1154512879e-23   1.4975898398e-13   1.9466834819e+05   2.0000000000e-02 
  1.6778119139e+21   3.5832933766e+17   1.2673192259e+61   1.1191655585e-23   1.5011141184e-13   1.9489724610e+05   2.0000000000e-02 
  1.6781697400e+21   3.5782605558e+17   1.2660795426e+61   1.1229169797e-23   1.5046699223e-13   1.9512821105e+05   2.0000000000e-02 
  1.6785270499e+21   3.5730989010e+17   1.2647920822e+61   1.1267195278e-23   1.5082701323e-13   1.9536233506e+05   2.0000000000e-02 
  1.6788838241e+21   3.5677423973e+17   1.2634333866e+61   1.1305929432e-23   1.5119327967e-13   1.9560143274e+05   2.0000000000e-02 
  1.6792400491e+21   3.5622496325e+17   1.2620241018e+61   1.1345662746e-23   1.5156860623e-13   1.9584619604e+05   2.0000000000e-02 
  1.6795957532e+21   3.5570406701e+17   1.2607130623e+61   1.1384573120e-23   1.5193698706e-13   1.9608452433e+05   2.0000000000e-02 
  1.6799510159e+21   3.5526269956e+17   1.2596818405e+61   1.1420751427e-23   1.5227959959e-13   1.9629935493e+05   2.0000000000e-02 
  1.6803059326e+21   3.5491672484e+17   1.2589872013e+61   1.1453951741e-23   1.5259382878e-13   1.9648827422e+05   2.0000000000e-02 
  1.6806605801e+21   3.5464754509e+17   1.2585637043e+61   1.1484703773e-23   1.5288426399e-13   1.9665547878e+05   2.0000000000e-02 
  1.6810150014e+21   3.5442125080e+17   1.2582913970e+61   1.1514088576e-23   1.5316357383e-13   1.9681257776e+05   2.0000000000e-02 
  1.6813692066e+21   3.5420524400e+17   1.2580547315e+61   1.1543271294e-23   1.5344686858e-13   1.9696759966e+05   2.0000000000e-02 
  1.6817231900e+21   3.5398342956e+17   1.2577965675e+61   1.1572695825e-23   1.5373227796e-13   1.9712471440e+05   2.0000000000e-02 
  1.6820769444e+21   3.5375438406e+17   1.2575118094e+61   1.1602460980e-23   1.5402080271e-13   1.9728398219e+05   2.0000000000e-02 
  1.6824304619e+21   3.5351742525e+17   1.2571979874e+61   1.1632557093e-23   1.5431235771e-13   1.9744560073e+05   2.0000000000e-02 
  1.6827837328e+21   3.5327093223e+17   1.2568492864e+61   1.1663000232e-23   1.5460709773e-13   1.9760932050e+05   2.0000000000e-02 
  1.6831367512e+21   3.5301837765e+17   1.2564780125e+61   1.1693738771e-23   1.5490452150e-13   1.9777510444e+05   2.0000000000e-02 
  1.6834895091e+21   3.5275793138e+17   1.2560776116e+61   1.1724782236e-23   1.5520471485e-13   1.9794253068e+05   2.0000000000e-02 
  1.6838420010e+21   3.5249189649e+17   1.2556562430e+61   1.1756067224e-23   1.5550706000e-13   1.9811159021e+05   2.0000000000e-02 
  1.6841942220e+21   3.5222100332e+17   1.2552164768e+61   1.1787617048e-23   1.5581177459e-13   1.9828186847e+05   2.0000000000e-02 
  1.6845461661e+21   3.5194408491e+17   1.2547541232e+61   1.1819374898e-23   1.5611830347e-13   1.9845348175e+05   2.0000000000e-02 
  1.6848978284e+21   3.5166233404e+17   1.2542734019e+61   1.1851380773e-23   1.5642702481e-13   1.9862612226e+05   2.0000000000e-02 
  1.6852492052e+21   3.5137678434e+17   1.2537779736e+61   1.1883584976e-23   1.5673745417e-13   1.9880006177e+05   2.0000000000e-02 
  1.6856002900e+21   3.5108478806e+17   1.2532583626e+61   1.1916044922e-23   1.5705014054e-13   1.9897505226e+05   2.0000000000e-02 
  1.6859510795e+21   3.5078947992e+17   1.2527257279e+61   1.1948723948e-23   1.5736472660e-13   1.9915139956e+05   2.0000000000e-02 
  1.6863015667e+21   3.5048727904e+17   1.2521672546e+61   1.1981687268e-23   1.5768182894e-13   1.9932887739e+05   2.0000000000e-02 
  1.6866517474e+21   3.5018062894e+17   1.2515916375e+61   1.2014873123e-23   1.5800081878e-13   1.9950823424e+05   2.0000000000e-02 
  1.6870016155e+21   3.4986812959e+17   1.2509938439e+61   1.2048284535e-23   1.5832188364e-13   1.9968935955e+05   2.0000000000e-02 
  1.6873511579e+21   3.4954243990e+17   1.2503475745e+61   1.2082349265e-23   1.5864896346e-13   1.9986931101e+05   2.0000000000e-02 
  1.6877003717e+21   3.4921377281e+17   1.2496893072e+61   1.2116569420e-23   1.5897686040e-13   2.0005425928e+05   2.0000000000e-02 
  1.6880492616e+21   3.4888987359e+17   1.2490467593e+61   1.2150146049e-23   1.5929890757e-13   2.0024605496e+05   2.0000000000e-02 
  1.6883977971e+21   3.4853548233e+17   1.2482936491e+61   1.2185469209e-23   1.5963814501e-13   2.0043031457e+05   2.0000000000e-02 
  1.6887459490e+21   3.4815187744e+17   1.2474343784e+61   1.2222221717e-23   1.5998957090e-13   2.0060455803e+05   2.0000000000e-02 
  1.6890937216e+21   3.4777266042e+17   1.2465892450e+61   1.2257245057e-23   1.6032114025e-13   2.0080888968e+05   2.0000000000e-02 
  1.6894408431e+21   3.4712147092e+17   1.2447670523e+61   1.2293498091e-23   1.6066866560e-13   2.0109558591e+05   2.0000000000e-02 
  1.6897883383e+21   3.4749518867e+17   1.2466196374e+61   1.2332159422e-23   1.6105395176e-13   2.0128902386e+05   2.0000000000e-02 
  1.6901460720e+21   3.5773377081e+17   1.2838856948e+61   1.2292317221e-23   1.6074224527e-13   2.0041793503e+05   2.0000000000e-02 
  1.6906401409e+21   4.9406887895e+17   1.7740783332e+61   1.1130738750e-23   1.5000928366e-13   1.9265562845e+05   2.0000000000e-02 
  1.6916154850e+21   9.7534405770e+17   3.5052627912e+61   5.9321781833e-24   9.8529202961e-14   1.2871769133e+05   2.0000000000e-02 
  1.6931847190e+21   1.5692340580e+18   5.6481172814e+61   2.7635960548e-24   5.9840166180e-14   3.3982223764e+04   2.0000000000e-02 
  1.6950466746e+21   1.8619555654e+18   6.7152989794e+61   2.2976102544e-24   5.2994739772e-14   5.1836187032e+03   2.0000000000e-02 
  1.6969693908e+21   1.9227162460e+18   6.9499377734e+61   2.2340514184e-24   5.2017616647e-14   6.7396037181e+02   2.0000000000e-02 
  1.6989006714e+21   1.9312805930e+18   6.9967672064e+61   2.2257888578e-24   5.1889968961e-14   8.5595016997e+01   2.0000000000e-02 
  1.7008330519e+21   1.9323804776e+18   7.0166912520e+61   2.2247391675e-24   5.1873739523e-14   1.0824087944e+01   2.0000000000e-02 
  1.7027655717e+21   1.9325197794e+18   7.0331607814e+61   2.2246064265e-24   5.1871686596e-14   1.3661053152e+00   2.0000000000e-02 
  1.7046981091e+21   1.9325373652e+18   7.0492074239e+61   2.2245896741e-24   5.1871427445e-14   1.7212161448e-01   2.0000000000e-02 
  1.7066306486e+21   1.9325395812e+18   7.0652163875e+61   2.2245875636e-24   5.1871394788e-14   2.1659486316e-02   2.0000000000e-02 
  1.7085631885e+21   1.9325398603e+18   7.0812364407e+61   2.2245872978e-24   5.1871390675e-14   2.7209487704e-03   2.0000000000e-02 
  1.7104957284e+21   1.9325398957e+18   7.0972737445e+61   2.2245872640e-24   5.1871390152e-14   3.1972123110e-04   2.0000000000e-02 
  1.7124282683e+21   1.9325399000e+18   7.1133290737e+61   2.2245872598e-24   5.1871390087e-14   3.0486424854e-05   2.0000000000e-02 
  1.7143608082e+21   1.9325399000e+18   7.1294025268e+61   2.2245872600e-24   5.1871390088e-14   5.4113652050e-06   2.0000000000e-02 
  1.7162933481e+21   1.9325399000e+18   7.1454941194e+61   2.2245872600e-24   5.1871390089e-14   4.9290601926e-06   2.0000000000e-02 
  1.7182258881e+21   1.9325400000e+18   7.1616042225e+61   2.2245872600e-24   5.1871390089e-14   5.0802437303e-06   2.0000000000e-02 
  1.7201584280e+21   1.9325399000e+18   7.1777317239e+61   2.2245872600e-24   5.1871390089e-14   5.1461258653e-06   2.0000000000e-02 
  1.7220909679e+21   1.9325399000e+18   7.1938777349e+61   2.2245872600e-24   5.1871390089e-14   5.1521989331e-06   2.0000000000e-02 
  1.7240235078e+21   1.9325399000e+18   7.2100418855e+61   2.2245872600e-24   5.1871390089e-14   5.1367516508e-06   2.0000000000e-02 
  1.7259560477e+21   1.9325399000e+18   7.2262241756e+61   2.2245872600e-24   5.1871390089e-14   5.1231368078e-06   2.0000000000e-02 
  1.7278885876e+21   1.9325399000e+18   7.2424246051e+61   2.2245872600e-24   5.1871390089e-14   5.1111394476e-06   2.0000000000e-02 
  1.7298211275e+21   1.9325399000e+18   7.2586431742e+61   2.2245872600e-24   5.1871390089e-14   5.1020244980e-06   2.0000000000e-02 
  1.7317536674e+21   1.9325399000e+18   7.2748798828e+61   2.2245872600e-24   5.1871390089e-14   5.0913052388e-06   2.0000000000e-02 
  1.7336862073e+21   1.9325399000e+18   7.2911347308e+61   2.2245872600e-24   5.1871390089e-14   5.0402535450e-06   2.0000000000e-02 
  1.7356187472e+21   1.9325399000e+18   7.3074077184e+61   2.2245872600e-24   5.1871390089e-14   4.9535707820e-06   2.0000000000e-02 
  1.7375512871e+21   1.9325399000e+18   7.3236988454e+61   2.2245872600e-24   5.1871390089e-14   4.8454512172e-06   2.0000000000e-02 
  1.7394838270e+21   1.9325399000e+18   7.3400081120e+61   2.2245872600e-24   5.1871390089e-14   4.5470757570e-06   2.0000000000e-02 
  1.7414163669e+21   1.9325399000e+18   7.3563355180e+61   2.2245872600e-24   5.1871390089e-14   4.1246202193e-06   2.0000000000e-02 
  1.7433489068e+21   1.9325399000e+18   7.3726810636e+61   2.2245872600e-24   5.1871390088e-14   3.7568157146e-06   2.0000000000e-02 
  1.7452814467e+21   1.9325399000e+18   7.3890447486e+61   2.2245872600e-24   5.1871390088e-14   3.5512015452e-06   2.0000000000e-02 
  1.7472139866e+21   1.9325399000e+18   7.4054265732e+61   2.2245872600e-24   5.1871390088e-14   3.5288241284e-06   2.0000000000e-02 
  1.7491465265e+21   1.9325399000e+18   7.4218265372e+61   2.2245872600e-24   5.1871390088e-14   3.5857612137e-06   2.0000000000e-02 
  1.7510790664e+21   1.9325399000e+18   7.4382446408e+61   2.2245872600e-24   5.1871390088e-14   3.8459873634e-06   2.0000000000e-02 
  1.7530116064e+21   1.9325400000e+18   7.4546812700e+61   2.2245872600e-24   5.1871390088e-14   4.0634950530e-06   2.0000000000e-02 
  1.7549441463e+21   1.9325399000e+18   7.4711352672e+61   2.2245872600e-24   5.1871390088e-14   4.0846193948e-06   2.0000000000e-02 
  1.7568766862e+21   1.9325399000e+18   7.4876077892e+61   2.2245872600e-24   5.1871390088e-14   4.0796557698e-06   2.0000000000e-02 
  1.7588092261e+21   1.9325399000e+18   7.5040984508e+61   2.2245872600e-24   5.1871390088e-14   4.0039767958e-06   2.0000000000e-02 
  1.7607417660e+21   1.9325399000e+18   7.5206072518e+61   2.2245872600e-24   5.1871390088e-14   3.6966007385e-06   2.0000000000e-02 
  1.7626743059e+21   1.9325399000e+18   7.5371341924e+61   2.2245872600e-24   5.1871390088e-14   3.3514874225e-06   2.0000000000e-02 
  1.7646068458e+21   1.9325399000e+18   7.5536792724e+61   2.2245872600e-24   5.1871390088e-14   3.2714494966e-06   2.0000000000e-02 
  1.7665393857e+21   1.9325399000e+18   7.5702424919e+61   2.2245872600e-24   5.1871390088e-14   3.2805357464e-06   2.0000000000e-02 
  1.7684719256e+21   1.9325399000e+18   7.5868238509e+61   2.2245872600e-24   5.1871390088e-14   3.3085911227e-06   2.0000000000e-02 
  1.7704044655e+21   1.9325399000e+18   7.6034233495e+61   2.2245872600e-24   5.1871390088e-14   3.3262374230e-06   2.0000000000e-02 
  1.7723370054e+21   1.9325399000e+18   7.6200409875e+61   2.2245872600e-24   5.1871390088e-14   3.2383527015e-06   2.0000000000e-02 
  1.7742695453e+21   1.9325399000e+18   7.6366767650e+61   2.2245872600e-24   5.1871390088e-14   3.1824469033e-06   2.0000000000e-02 
  1.7762020852e+21   1.9325399000e+18   7.6533306820e+61   2.2245872600e-24   5.1871390088e-14   3.2730758310e-06   2.0000000000e-02 
  1.7781346251e+21   1.9325399000e+18   7.6700027385e+61   2.2245872600e-24   5.1871390088e-14   3.4549371135e-06   2.0000000000e-02 
  1.7800671650e+21   1.9325399000e+18   7.6866929346e+61   2.2245872600e-24   5.1871390088e-14   3.0522028539e-06   2.0000000000e-02 
  1.7819997049e+21   1.9325399000e+18   7.7034012701e+61   2.2245872600e-24   5.1871390087e-14   2.5432388845e-06   2.0000000000e-02 
  1.7839322448e+21   1.9325399000e+18   7.7201277451e+61   2.2245872600e-24   5.1871390087e-14   1.8305516783e-06   2.0000000000e-02 
  1.7858647848e+21   1.9325400000e+18   7.7368727604e+61   2.2245872600e-24   5.1871390087e-14   1.4561843989e-06   2.0000000000e-02 
  1.7877973247e+21   1.9325399000e+18   7.7536351145e+61   2.2245872600e-24   5.1871390087e-14   1.3995398940e-06   2.0000000000e-02 
  1.7897298646e+21   1.9325399000e+18   7.7704160080e+61   2.2245872600e-24   5.1871390087e-14   1.3963179758e-06   2.0000000000e-02 
  1.7916624045e+21   1.9325399000e+18   7.7872150410e+61   2.2245872600e-24   5.1871390087e-14   1.4149671278e-06   2.0000000000e-02 
  1.7935949444e+21   1.9325399000e+18   7.8040322135e+61   2.2245872600e-24   5.1871390087e-14   1.4441962530e-06   2.0000000000e-02 
  1.7955274843e+21   1.9325399000e+18   7.8208675255e+61   2.2245872600e-24   5.1871390087e-14   1.4517403667e-06   2.0000000000e-02 
  1.7974600242e+21   1.9325399000e+18   7.8377209770e+61   2.2245872600e-24   5.1871390087e-14   1.4868368922e-06   2.0000000000e-02 
  1.7993925641e+21   1.9325399000e+18   7.8545925680e+61   2.2245872600e-24   5.1871390087e-14   1.5746059217e-06   2.0000000000e-02 
  1.8013251040e+21   1.9325399000e+18   7.8714822985e+61   2.2245872600e-24   5.1871390087e-14   1.6556924667e-06   2.0000000000e-02 
  1.8032576439e+21   1.9325399000e+18   7.8883901685e+61   2.2245872600e-24   5.1871390087e-14   2.0061122378e-06   2.0000000000e-02 
  1.8051901838e+21   1.9325399000e+18   7.9053161780e+61   2.2245872600e-24   5.1871390087e-14   2.3625863159e-06   2.0000000000e-02 
  1.8071227237e+21   1.9325399000e+18   7.9222603270e+61   2.2245872600e-24   5.1871390087e-14   2.3132042470e-06   2.0000000000e-02 
  1.8090552636e+21   1.9325399000e+18   7.9392226155e+61   2.2245872600e-24   5.1871390087e-14   1.9389761469e-06   2.0000000000e-02 
  1.8109878035e+21   1.9325399000e+18   7.9562030434e+61   2.2245872600e-24   5.1871390087e-14   1.6188801355e-06   2.0000000000e-02 
  1.8129203434e+21   1.9325399000e+18   7.9732016109e+61   2.2245872600e-24   5.1871390087e-14   1.5864360507e-06   2.0000000000e-02 
  1.8148528833e+21   1.9325399000e+18   7.9902183179e+61   2.2245872600e-24   5.1871390087e-14   1.5732914243e-06   2.0000000000e-02 
  1.8167854232e+21   1.9325399000e+18   8.0072531644e+61   2.2245872600e-24   5.1871390087e-14   1.5734401330e-06   2.0000000000e-02 
  1.8187179631e+21   1.9325399000e+18   8.0243061504e+61   2.2245872600e-24   5.1871390087e-14   1.5955757592e-06   2.0000000000e-02 
  1.8206505031e+21   1.9325400000e+18   8.0413776924e+61   2.2245872600e-24   5.1871390087e-14   1.7367911178e-06   2.0000000000e-02 
  1.8225830430e+21   1.9325399000e+18   8.0584665417e+61   2.2245872600e-24   5.1871390087e-14   1.8499422653e-06   2.0000000000e-02 
  1.8245155829e+21   1.9325399000e+18   8.0755739462e+61   2.2245872600e-24   5.1871390087e-14   1.9750574999e-06   2.0000000000e-02 
  1.8264481228e+21   1.9325399000e+18   8.0926994902e+61   2.2245872600e-24   5.1871390087e-14   2.1353464600e-06   2.0000000000e-02 
  1.8283806627e+21   1.9325399000e+18   8.1098431736e+61   2.2245872600e-24   5.1871390087e-14   2.3068768919e-06   2.0000000000e-02 
  1.8303132026e+21   1.9325399000e+18   8.1270049966e+61   2.2245872600e-24   5.1871390087e-14   2.4725293734e-06   2.0000000000e-02 
  1.8322457425e+21   1.9325399000e+18   8.1441849591e+61   2.2245872600e-24   5.1871390087e-14   2.4923421056e-06   2.0000000000e-02 
  1.8341782824e+21   1.9325399000e+18   8.1613830610e+61   2.2245872600e-24   5.1871390087e-14   2.5071945597e-06   2.0000000000e-02 
  1.8361108223e+21   1.9325399000e+18   8.1785993025e+61   2.2245872600e-24   5.1871390087e-14   2.6407624096e-06   2.0000000000e-02 
  1.8380433622e+21   1.9325399000e+18   8.1958336835e+61   2.2245872600e-24   5.1871390087e-14   2.7725837626e-06   2.0000000000e-02 
  1.8399759021e+21   1.9325399000e+18   8.2130862039e+61   2.2245872600e-24   5.1871390088e-14   3.2283383356e-06   2.0000000000e-02 
  1.8419084420e+21   1.9325399000e+18   8.2303568639e+61   2.2245872600e-24   5.1871390088e-14   4.1967889115e-06   2.0000000000e-02 
  1.8438409819e+21   1.9325399000e+18   8.2476456633e+61   2.2245872600e-24   5.1871390088e-14   4.6223528245e-06   2.0000000000e-02 
  1.8457735218e+21   1.9325399000e+18   8.2649526023e+61   2.2245872600e-24   5.1871390088e-14   4.6256649326e-06   2.0000000000e-02 
  1.8477060617e+21   1.9325399000e+18   8.2822776807e+61   2.2245872600e-24   5.1871390088e-14   4.5240771382e-06   2.0000000000e-02 
  1.8496386016e+21   1.9325399000e+18   8.2996208987e+61   2.2245872600e-24   5.1871390088e-14   4.4350757703e-06   2.0000000000e-02 
  1.8515711415e+21   1.9325399000e+18   8.3169822561e+61   2.2245872600e-24   5.1871390088e-14   4.3979559116e-06   2.0000000000e-02 
  1.8535036815e+21   1.9325400000e+18   8.3343621848e+61   2.2245872600e-24   5.1871390088e-14   4.4072303697e-06   2.0000000000e-02 
  1.8554362214e+21   1.9325399000e+18   8.3517593904e+61   2.2245872600e-24   5.1871390088e-14   4.3632635041e-06   2.0000000000e-02 
  1.8573687613e+21   1.9325399000e+18   8.3691751664e+61   2.2245872600e-24   5.1871390088e-14   4.3009504564e-06   2.0000000000e-02 
  1.8593013012e+21   1.9325399000e+18   8.3866090818e+61   2.2245872600e-24   5.1871390088e-14   4.2680497790e-06   2.0000000000e-02 
  1.8612338411e+21   1.9325399000e+18   8.4040611368e+61   2.2245872600e-24   5.1871390088e-14   4.2505158339e-06   2.0000000000e-02 
  1.8631663810e+21   1.9325399000e+18   8.4215313312e+61   2.2245872600e-24   5.1871390088e-14   4.2453308916e-06   2.0000000000e-02 
  1.8650989209e+21   1.9325399000e+18   8.4390196651e+61   2.2245872600e-24   5.1871390088e-14   4.2211804556e-06   2.0000000000e-02 
  1.8670314608e+21   1.9325399000e+18   8.4565261386e+61   2.2245872600e-24   5.1871390088e-14   4.1580403058e-06   2.0000000000e-02 
  1.8689640007e+21   1.9325399000e+18   8.4740507515e+61   2.2245872600e-24   5.1871390088e-14   4.0648566018e-06   2.0000000000e-02 
  1.8708965406e+21   1.9325399000e+18   8.4915935039e+61   2.2245872600e-24   5.1871390088e-14   3.9818921989e-06   2.0000000000e-02 
  1.8728290805e+21   1.9325399000e+18   8.5091543959e+61   2.2245872600e-24   5.1871390088e-14   3.9117221025e-06   2.0000000000e-02 
  1.8747616204e+21   1.9325399000e+18   8.5267334273e+61   2.2245872600e-24   5.1871390088e-14   3.8352547094e-06   2.0000000000e-02 
  1.8766941603e+21   1.9325399000e+18   8.5443305982e+61   2.2245872600e-24   5.1871390088e-14   3.7754986113e-06   2.0000000000e-02 
  1.8786267002e+21   1.9325399000e+18   8.5619459086e+61   2.2245872600e-24   5.1871390088e-14   3.7191266141e-06   2.0000000000e-02 
  1.8805592401e+21   1.9325399000e+18   8.5795793586e+61   2.2245872600e-24   5.1871390088e-14   3.6701429795e-06   2.0000000000e-02 
  1.8824917800e+21   1.9325399000e+18   8.5972309480e+61   2.2245872600e-24   5.1871390088e-14   3.6268816484e-06   2.0000000000e-02 
  1.8844243199e+21   1.9325399000e+18   8.6149006769e+61   2.2245872600e-24   5.1871390088e-14   3.6021412080e-06   2.0000000000e-02 
  1.8863568598e+21   1.9325399000e+18   8.6325885453e+61   2.2245872600e-24   5.1871390088e-14   3.5645081025e-06   2.0000000000e-02 
  1.8882893998e+21   1.9325400000e+18   8.6502950013e+61   2.2245872600e-24   5.1871390088e-14   3.4744987362e-06   2.0000000000e-02 
  1.8902219397e+21   1.9325399000e+18   8.6680187016e+61   2.2245872600e-24   5.1871390088e-14   3.3221423409e-06   2.0000000000e-02 
  1.8921544796e+21   1.9325399000e+18   8.6857609885e+61   2.2245872600e-24   5.1871390088e-14   3.0686098944e-06   2.0000000000e-02 
  1.8940870195e+21   1.9325399000e+18   8.7035214149e+61   2.2245872600e-24   5.1871390088e-14   2.9067815228e-06   2.0000000000e-02 
  1.8960195594e+21   1.9325399000e+18   8.7212999808e+61   2.2245872600e-24   5.1871390088e-14   2.8663873069e-06   2.0000000000e-02 
  1.8979520993e+21   1.9325399000e+18   8.7390966862e+61   2.2245872600e-24   5.1871390088e-14   2.7893477256e-06   2.0000000000e-02 
  1.8998846392e+21   1.9325399000e+18   8.7569115311e+61   2.2245872600e-24   5.1871390088e-14   2.7403139294e-06   2.0000000000e-02 
  1.9018171791e+21   1.9325399000e+18   8.7747445155e+61   2.2245872600e-24   5.1871390088e-14   2.7461332499e-06   2.0000000000e-02 
  1.9037497190e+21   1.9325399000e+18   8.7925956394e+61   2.2245872600e-24   5.1871390088e-14   2.7062175641e-06   2.0000000000e-02 
  1.9056822589e+21   1.9325399000e+18   8.8104649028e+61   2.2245872600e-24   5.1871390088e-14   2.6417431941e-06   2.0000000000e-02 
  1.9076147988e+21   1.9325399000e+18   8.8283523057e+61   2.2245872600e-24   5.1871390088e-14   2.6186236641e-06   2.0000000000e-02 
  1.9095473387e+21   1.9325399000e+18   8.8462578481e+61   2.2245872600e-24   5.1871390088e-14   2.5913805653e-06   2.0000000000e-02 
  1.9114798786e+21   1.9325399000e+18   8.8641815300e+61   2.2245872600e-24   5.1871390088e-14   2.5644060187e-06   2.0000000000e-02 
  1.9134124185e+21   1.9325399000e+18   8.8821233514e+61   2.2245872600e-24   5.1871390088e-14   2.5425285392e-06   2.0000000000e-02 
  1.9153449584e+21   1.9325399000e+18   8.9000833123e+61   2.2245872600e-24   5.1871390088e-14   2.5145146086e-06   2.0000000000e-02 
  1.9172774983e+21   1.9325399000e+18   8.9180614127e+61   2.2245872600e-24   5.1871390088e-14   2.4712962021e-06   2.0000000000e-02 
  1.9192100382e+21   1.9325399000e+18   8.9360576526e+61   2.2245872600e-24   5.1871390088e-14   2.4225299047e-06   2.0000000000e-02 
  1.9211425782e+21   1.9325400000e+18   8.9540724957e+61   2.2245872600e-24   5.1871390089e-14   2.3635569374e-06   2.0000000000e-02 
  1.9230751181e+21   1.9325399000e+18   8.9721045518e+61   2.2245872600e-24   5.1871390089e-14   2.3225544107e-06   2.0000000000e-02 
  1.9250076580e+21   1.9325399000e+18   8.9901552101e+61   2.2245872600e-24   5.1871390089e-14   2.3003992856e-06   2.0000000000e-02 
  1.9269401979e+21   1.9325399000e+18   9.0082240080e+61   2.2245872600e-24   5.1871390089e-14   2.2763826828e-06   2.0000000000e-02 
  1.9288727378e+21   1.9325399000e+18   9.0263109454e+61   2.2245872600e-24   5.1871390089e-14   2.2475869684e-06   2.0000000000e-02 
  1.9308052777e+21   1.9325399000e+18   9.0444160223e+61   2.2245872600e-24   5.1871390089e-14   2.2444371656e-06   2.0000000000e-02 
  1.9327378176e+21   1.9325399000e+18   9.0625392386e+61   2.2245872600e-24   5.1871390089e-14   2.2185990531e-06   2.0000000000e-02 
  1.9346703575e+21   1.9325399000e+18   9.0806805945e+61   2.2245872600e-24   5.1871390089e-14   2.0880100448e-06   2.0000000000e-02 
  1.9366028974e+21   1.9325399000e+18   9.0988400899e+61   2.2245872600e-24   5.1871390089e-14   1.6394254658e-06   2.0000000000e-02 
  1.9385354373e+21   1.9325399000e+18   9.1170177248e+61   2.2245872600e-24   5.1871390089e-14   1.2263335364e-06   2.0000000000e-02 
  1.9404679772e+21   1.9325399000e+18   9.1352134991e+61   2.2245872600e-24   5.1871390089e-14   1.0020331524e-06   2.0000000000e-02 
  1.9424005171e+21   1.9325399000e+18   9.1534274130e+61   2.2245872600e-24   5.1871390089e-14   1.9307248514e-07   2.0000000000e-02 
  1.9443330570e+21   1.9325399000e+18   9.1716594664e+61   2.2245872600e-24   5.1871390089e-14  -7.8467437883e-07   2.0000000000e-02 
  1.9462655969e+21   1.9325399000e+18   9.1899096592e+61   2.2245872600e-24   5.1871390089e-14  -1.0754584439e-06   2.0000000000e-02 
  1.9481981368e+21   1.9325399000e+18   9.2081779916e+61   2.2245872600e-24   5.1871390089e-14  -1.1616275220e-06   2.0000000000e-02 
  1.9501306767e+21   1.9325399000e+18   9.2264644634e+61   2.2245872600e-24   5.1871390089e-14  -1.2056194125e-06   2.0000000000e-02 
  1.9520632166e+21   1.9325399000e+18   9.2447690748e+61   2.2245872600e-24   5.1871390089e-14  -1.2457721741e-06   2.0000000000e-02 
  1.9539957565e+21   1.9325399000e+18   9.2630918256e+61   2.2245872600e-24   5.1871390089e-14  -1.1844017839e-06   2.0000000000e-02 
  1.9559282965e+21   1.9325400000e+18   9.2814331967e+61   2.2245872600e-24   5.1871390089e-14  -9.0527770366e-07   2.0000000000e-02 
  1.9578608364e+21   1.9325399000e+18   9.2997917468e+61   2.2245872600e-24   5.1871390089e-14  -9.8754049156e-08   2.0000000000e-02 
  1.9597933763e+21   1.9325399000e+18   9.3181689161e+61   2.2245872600e-24   5.1871390089e-14   5.5194503635e-07   2.0000000000e-02 
  1.9617259162e+21   1.9325399000e+18   9.3365642250e+61   2.2245872600e-24   5.1871390089e-14   7.5422481179e-07   2.0000000000e-02 
  1.9636584561e+21   1.9325399000e+18   9.3549776733e+61   2.2245872600e-24   5.1871390089e-14   8.5356467379e-07   2.0000000000e-02 
  1.9655909960e+21   1.9325399000e+18   9.3734092612e+61   2.2245872600e-24   5.1871390089e-14   9.1662233742e-07   2.0000000000e-02 
  1.9675235359e+21   1.9325399000e+18   9.3918589885e+61   2.2245872600e-24   5.1871390089e-14   9.6163150477e-07   2.0000000000e-02 
  1.9694560758e+21   1.9325399000e+18   9.4103268554e+61   2.2245872600e-24   5.1871390089e-14   9.8023577262e-07   2.0000000000e-02 
  1.9713886157e+21   1.9325399000e+18   9.4288128617e+61   2.2245872600e-24   5.1871390089e-14   9.4043094150e-07   2.0000000000e-02 
  1.9733211556e+21   1.9325399000e+18   9.4473170075e+61   2.2245872600e-24   5.1871390089e-14   8.2797322960e-07   2.0000000000e-02 
  1.9752536955e+21   1.9325399000e+18   9.4658392929e+61   2.2245872600e-24   5.1871390089e-14   5.9405246397e-07   2.0000000000e-02 
  1.9771862354e+21   1.9325399000e+18   9.4843797177e+61   2.2245872600e-24   5.1871390089e-14   2.4807135473e-07   2.0000000000e-02 
  1.9791187753e+21   1.9325399000e+18   9.5029382820e+61   2.2245872600e-24   5.1871390089e-14   0.0000000000e+00   2.0000000000e-02 
