# time = 2.469923e+15 [s] 
# r                  dr                 dV                 Density            Pressure           Velocity           Z
  2.1304517832e+18   2.1304517832e+18   4.0504543152e+55   3.4341889691e-31   4.9180517318e-14   0.0000000000e+00   9.9248591688e-02 
  2.7453393819e+18   6.1488759869e+17   4.6167040005e+55   3.4341889691e-31   4.9180517318e-14  -3.2706386508e+04   9.9248591688e-02 
  3.6613625407e+18   9.1602315878e+17   1.1892543479e+56   3.4343812048e-31   4.9179823175e-14  -6.1155994532e+04   9.9248591688e-02 
  4.5997446711e+18   9.3838213035e+17   2.0205517610e+56   3.4351558983e-31   4.9180034447e-14  -9.7345138559e+04   9.9248591688e-02 
  5.1147294595e+18   5.1498478845e+17   1.5282327622e+56   3.4363225188e-31   4.9180091701e-14  -1.2161505667e+05   9.9248591688e-02 
  5.5608281017e+18   4.4609864215e+17   1.5981392365e+56   3.4378595916e-31   4.9180082155e-14  -1.3667968649e+05   9.9248591688e-02 
  6.2972713421e+18   7.3644324040e+17   3.2574467639e+56   3.4409498804e-31   4.9180065116e-14  -1.5455830605e+05   9.9248591688e-02 
  6.9765701568e+18   6.7929881475e+17   3.7634222832e+56   3.4456483764e-31   4.9180052288e-14  -1.7545607467e+05   9.9248591688e-02 
  7.8805627458e+18   9.0399258902e+17   6.2765411019e+56   3.4522541358e-31   4.9180036885e-14  -1.9831812573e+05   9.9248591688e-02 
  8.7663671697e+18   8.8580442390e+17   7.7190831560e+56   3.4610294576e-31   4.9180021785e-14  -2.2382253211e+05   9.9248591688e-02 
  9.8692744806e+18   1.1029073109e+18   1.2047150775e+57   3.4724432460e-31   4.9180004555e-14  -2.5187005537e+05   9.9248591688e-02 
  1.1015893597e+19   1.1466191159e+18   1.5728275990e+57   3.4870715104e-31   4.9179983803e-14  -2.8339180374e+05   9.9248591688e-02 
  1.2367186719e+19   1.3512931221e+18   2.3237321718e+57   3.5053826687e-31   4.9179954997e-14  -3.1821670047e+05   9.9248591688e-02 
  1.3817971906e+19   1.4507851871e+18   3.1282939938e+57   3.5281598286e-31   4.9179912780e-14  -3.5714611582e+05   9.9248591688e-02 
  1.5472214554e+19   1.6542426480e+18   4.4632876205e+57   3.5560141168e-31   4.9179852539e-14  -4.0017210383e+05   9.9248591688e-02 
  1.7327214021e+19   1.8549994675e+18   6.2760877923e+57   3.5904418683e-31   4.9179770699e-14  -4.4872681040e+05   9.9248591688e-02 
  1.9391306798e+19   2.0640927765e+18   8.7519869025e+57   3.6322329606e-31   4.9179684575e-14  -5.0290947486e+05   9.9248591688e-02 
  2.1716299643e+19   2.3249928449e+18   1.2356023139e+58   3.6828563717e-31   4.9179525247e-14  -5.6358412688e+05   9.9248591688e-02 
  2.4237044245e+19   2.5207446019e+18   1.6739725697e+58   3.7430056349e-31   4.9179384487e-14  -6.3062710481e+05   9.9248591688e-02 
  2.7095120271e+19   2.8580760265e+18   2.3683798143e+58   3.8147164464e-31   4.9179180252e-14  -7.0501333842e+05   9.9248591688e-02 
  3.0166860864e+19   3.0717405929e+18   3.1672586435e+58   3.8992466671e-31   4.9178886337e-14  -7.8695112006e+05   9.9248591688e-02 
  3.3717911299e+19   3.5510504344e+18   4.5577286588e+58   4.0001266792e-31   4.9178526123e-14  -8.7885681049e+05   9.9248591688e-02 
  3.7479466479e+19   3.7615551802e+18   5.9958284949e+58   4.1186089659e-31   4.9178015813e-14  -9.8043748068e+05   9.9248591688e-02 
  4.1732549849e+19   4.2530833704e+18   8.3917597857e+58   4.2568981454e-31   4.9177270374e-14  -1.0918112207e+06   9.9248591688e-02 
  4.6237096891e+19   4.5045470420e+18   1.0960897244e+59   4.4174131102e-31   4.9176196533e-14  -1.2133233744e+06   9.9248591688e-02 
  5.1366758525e+19   5.1296616343e+18   1.5366402764e+59   4.6052534166e-31   4.9174713289e-14  -1.3471779327e+06   9.9248591688e-02 
  5.6406632420e+19   5.0398738947e+18   1.8403867562e+59   4.8155618363e-31   4.9172904579e-14  -1.4890885157e+06   9.9248591688e-02 
  6.3857130512e+19   7.4504980920e+18   3.3896901747e+59   5.0909916909e-31   4.9170229294e-14  -1.6640560158e+06   9.9248591688e-02 
  7.4961169337e+19   1.1104038826e+19   6.7367364484e+59   5.5207305175e-31   4.9165081660e-14  -1.9242937510e+06   9.9248591688e-02 
  7.9140892594e+19   4.1797232563e+18   3.1190388533e+59   5.8887728687e-31   4.9160145967e-14  -2.1381194482e+06   9.9248591688e-02 
  8.2964141582e+19   3.8232489880e+18   3.1568647625e+59   6.1030055205e-31   4.9157244047e-14  -2.2508498967e+06   9.9248591688e-02 
  8.6930329221e+19   3.9661876398e+18   3.5971662302e+59   6.3365463820e-31   4.9154188227e-14  -2.3612818011e+06   9.9248591688e-02 
  9.1122476280e+19   4.1921470586e+18   4.1760363017e+59   6.6089986882e-31   4.9150686971e-14  -2.4773867475e+06   9.9248591688e-02 
  9.4994642493e+19   3.8721662130e+18   4.2144330777e+59   6.9073090266e-31   4.9147021781e-14  -2.5929095901e+06   9.9248591688e-02 
  9.9927905915e+19   4.9332634217e+18   5.8898069150e+59   7.2708265897e-31   4.9142628945e-14  -2.7195790852e+06   9.9248591688e-02 
  1.0472133194e+20   4.7934260216e+18   6.3080565600e+59   7.7093051273e-31   4.9137422979e-14  -2.8602892737e+06   9.9248591688e-02 
  1.0933171266e+20   4.6103807284e+18   6.6373792758e+59   8.1742273343e-31   4.9132050453e-14  -2.9971119277e+06   9.9248591688e-02 
  1.1374577156e+20   4.4140588993e+18   6.9017011302e+59   8.6656696509e-31   4.9126666127e-14  -3.1294346181e+06   9.9248591688e-02 
  1.1917518079e+20   5.4294092291e+18   9.2554644323e+59   9.2587507324e-31   4.9120386677e-14  -3.2742678583e+06   9.9248591688e-02 
  1.2460381421e+20   5.4286334124e+18   1.0136890021e+60   9.9710595123e-31   4.9113242061e-14  -3.4348023578e+06   9.9248591688e-02 
  1.2979195647e+20   5.1881422657e+18   1.0549739322e+60   1.0731780182e-30   4.9105978811e-14  -3.5919932827e+06   9.9248591688e-02 
  1.3496044284e+20   5.1684863642e+18   1.1382776905e+60   1.1547230985e-30   4.9098797179e-14  -3.7461253963e+06   9.9248591688e-02 
  1.4108208168e+20   6.1216388409e+18   1.4656853479e+60   1.2525672302e-30   4.9090691692e-14  -3.9148705464e+06   9.9248591688e-02 
  1.4719153956e+20   6.1094578852e+18   1.5952449273e+60   1.3679286654e-30   4.9081891892e-14  -4.0993449578e+06   9.9248591688e-02 
  1.5299989896e+20   5.8083594022e+18   1.6445767693e+60   1.4908123925e-30   4.9073378906e-14  -4.2807241945e+06   9.9248591688e-02 
  1.5924062462e+20   6.2407256569e+18   1.9117069695e+60   1.6277439642e-30   4.9065059340e-14  -4.4662201506e+06   9.9248591688e-02 
  1.6633905577e+20   7.0984311489e+18   2.3642622065e+60   1.7943657310e-30   4.9056395018e-14  -4.6720506767e+06   9.9248591688e-02 
  1.7323466069e+20   6.8956049245e+18   2.4983315391e+60   1.9854056837e-30   4.9049290929e-14  -4.8856870054e+06   9.9248591688e-02 
  1.7922844179e+20   5.9937810980e+18   2.3394832039e+60   2.1791614717e-30   4.9043980947e-14  -5.0853600799e+06   9.9248591688e-02 
  1.8715603502e+20   7.9275932292e+18   3.3437448518e+60   2.4137439211e-30   4.9043104932e-14  -5.2936337746e+06   9.9248591688e-02 
  1.9675037683e+20   9.5943418109e+18   4.4433057292e+60   2.7379174952e-30   4.9050015921e-14  -5.5575137947e+06   9.9248591688e-02 
  2.0638559627e+20   9.6352194376e+18   4.9203645090e+60   3.1260340895e-30   4.9067144695e-14  -5.8465447004e+06   9.9248591688e-02 
  2.1513033382e+20   8.7447375456e+18   4.8818781820e+60   3.5346755452e-30   4.9093264346e-14  -6.1221675134e+06   9.9248591688e-02 
  2.2604293517e+20   1.0912601356e+19   6.6739831798e+60   4.0223031456e-30   4.9130730438e-14  -6.4036852951e+06   9.9248591688e-02 
  2.3533912839e+20   9.2961932139e+18   6.2177777442e+60   4.5713691743e-30   4.9171320229e-14  -6.6740996974e+06   9.9248591688e-02 
  2.4937223189e+20   1.4033103507e+19   1.0360753025e+61   5.2833966135e-30   4.9217277433e-14  -6.9510427224e+06   9.9248591688e-02 
  2.5907361487e+20   9.7013829816e+18   7.8799893597e+60   6.0751408182e-30   4.9262720714e-14  -7.2011319655e+06   9.9248591688e-02 
  2.6761167637e+20   8.5380614938e+18   7.4413130059e+60   6.7383279587e-30   4.9291546735e-14  -7.3612555508e+06   9.9248591688e-02 
  2.8565244982e+20   1.8040773448e+19   1.7354973129e+61   7.6579458441e-30   4.9287970839e-14  -7.6239146974e+06   9.9248591688e-02 
  2.9835745668e+20   1.2705006860e+19   1.3615503690e+61   8.6251671948e-30   4.9201043244e-14  -7.8881385337e+06   9.9248591688e-02 
  3.1132240196e+20   1.2964945285e+19   1.5142225715e+61   9.2943677707e-30   4.9048282283e-14  -8.1002513759e+06   9.9248591688e-02 
  3.2866847467e+20   1.7346072712e+19   2.2325692221e+61   9.9253257005e-30   4.8805024831e-14  -8.3573101962e+06   9.9248591688e-02 
  3.4195059564e+20   1.3282120971e+19   1.8768341000e+61   1.0448910864e-29   4.8602319757e-14  -8.5539566719e+06   9.9248591688e-02 
  3.5687054195e+20   1.4919946308e+19   2.2893657521e+61   1.0821740079e-29   4.8515944120e-14  -8.6512364287e+06   9.9248591688e-02 
  3.7295012552e+20   1.6079583572e+19   2.6910839838e+61   1.1131024880e-29   4.8524201571e-14  -8.6999607291e+06   9.9248591688e-02 
  3.9095952655e+20   1.8009401024e+19   3.3022776746e+61   1.1391390322e-29   4.8671342971e-14  -8.7900948365e+06   9.9248591688e-02 
  4.0592179665e+20   1.4962270108e+19   2.9852842665e+61   1.1596775206e-29   4.8916637294e-14  -8.8839554730e+06   9.9248591688e-02 
  4.2282793550e+20   1.6906138842e+19   3.6483907396e+61   1.1759305524e-29   4.9273115589e-14  -9.0482371899e+06   9.9248591688e-02 
  4.3787223847e+20   1.5044302973e+19   3.5016275579e+61   1.1879017563e-29   4.9574282104e-14  -9.2088189254e+06   9.9248591688e-02 
  4.4585545069e+20   7.9832122161e+18   1.9587377146e+61   1.1933489129e-29   4.9746403898e-14  -9.3303347802e+06   9.9248591688e-02 
  4.5369599382e+20   7.8405431303e+18   1.9932374074e+61   1.1940372645e-29   4.9832340097e-14  -9.4156556028e+06   9.9248591688e-02 
  4.6979826030e+20   1.6102266483e+19   4.3146869106e+61   1.1915639506e-29   4.9911799155e-14  -9.5688495809e+06   9.9248591688e-02 
  4.8324669691e+20   1.3448436609e+19   3.8377552381e+61   1.1860518745e-29   4.9960663189e-14  -9.7902211824e+06   9.9248591688e-02 
  4.9209556896e+20   8.8488720501e+18   2.6446231355e+61   1.1805138624e-29   4.9973178824e-14  -9.9489022123e+06   9.9248591688e-02 
  4.9948272200e+20   7.3871530466e+18   2.2818601502e+61   1.1756758682e-29   4.9982257310e-14  -1.0045000509e+07   9.9248591687e-02 
  5.0556996163e+20   6.0872396278e+18   1.9317602997e+61   1.1711397665e-29   4.9983992988e-14  -1.0116462933e+07   9.9248591685e-02 
  5.2148994307e+20   1.5919981442e+19   5.2761697660e+61   1.1642547406e-29   4.9987490799e-14  -1.0204310808e+07   9.9248591677e-02 
  5.3162707378e+20   1.0137130709e+19   3.5320886330e+61   1.1567006917e-29   4.9996099015e-14  -1.0287971794e+07   9.9248591648e-02 
  5.3414689483e+20   2.5198210494e+18   8.9918819855e+60   1.1530197953e-29   4.9999333666e-14  -1.0313643232e+07   9.9248591588e-02 
  5.3615255428e+20   2.0056594438e+18   7.2180216043e+60   1.1515197168e-29   4.9998765980e-14  -1.0320943276e+07   9.9248590931e-02 
  5.4377522138e+20   7.6226671053e+18   2.7928876245e+61   1.1476629249e-29   4.9997074034e-14  -1.0333027336e+07   9.9248588948e-02 
  5.5074020700e+20   6.9649856164e+18   2.6213181485e+61   1.1417457964e-29   4.9995808411e-14  -1.0347463132e+07   9.9248580513e-02 
  5.5804866151e+20   7.3084545110e+18   2.8227955549e+61   1.1356594637e-29   4.9992114928e-14  -1.0354627957e+07   9.9248544873e-02 
  5.7375646556e+20   1.5707804054e+19   6.3217387515e+61   1.1248985495e-29   4.9986957447e-14  -1.0356348846e+07   9.9248437623e-02 
  5.8655119828e+20   1.2794732717e+19   5.4118408247e+61   1.1105568978e-29   4.9975653685e-14  -1.0340236489e+07   9.9248188065e-02 
  5.9857935945e+20   1.2028161165e+19   5.3075783663e+61   1.0962599454e-29   4.9958441993e-14  -1.0307155499e+07   9.9247958618e-02 
  6.1431491355e+20   1.5735554104e+19   7.2728087829e+61   1.0774161579e-29   4.9936246307e-14  -1.0251546067e+07   9.9247160012e-02 
  6.2865990401e+20   1.4344990462e+19   6.9629628413e+61   1.0537562297e-29   4.9905914829e-14  -1.0167512426e+07   9.9245134563e-02 
  6.4255560990e+20   1.3895705894e+19   7.0548234895e+61   1.0273187793e-29   4.9877191748e-14  -1.0073297220e+07   9.9239800165e-02 
  6.5597609533e+20   1.3420485429e+19   7.1094937402e+61   9.9726000079e-30   4.9867101121e-14  -9.9783226084e+06   9.9226531105e-02 
  6.7118092670e+20   1.5204831370e+19   8.4138564851e+61   9.6016166936e-30   4.9881789296e-14  -9.8888728987e+06   9.9166240977e-02 
  6.8398038954e+20   1.2799462832e+19   7.3847623229e+61   9.1921051225e-30   4.9902093396e-14  -9.8047981125e+06   9.8899651514e-02 
  6.9127012834e+20   7.2897388065e+18   4.3314124664e+61   8.8520243475e-30   4.9911828124e-14  -9.7321353663e+06   9.8443492066e-02 
  6.9752886142e+20   6.2587330750e+18   3.7924339572e+61   8.5862529704e-30   4.9906344220e-14  -9.6704234741e+06   9.7535401044e-02 
  7.0614412877e+20   8.6152673576e+18   5.3328082959e+61   8.2167573717e-30   4.9891280881e-14  -9.5865914769e+06   9.6955038621e-02 
  7.0951893681e+20   3.3748080344e+18   2.1248074129e+61   7.9001662101e-30   4.9871620496e-14  -9.5083604441e+06   9.6693820842e-02 
  7.1108524271e+20   1.5663059044e+18   9.9305387379e+60   7.7477616807e-30   4.9862760962e-14  -9.4748986373e+06   9.6612660266e-02 
  7.1350947384e+20   2.4242311247e+18   1.5456351063e+61   7.6405098696e-30   4.9855522416e-14  -9.4470092279e+06   9.6587171899e-02 
  7.1981473804e+20   6.3052641969e+18   4.0695354589e+61   7.4746791545e-30   4.9840305223e-14  -9.3859195304e+06   9.6583353199e-02 
  7.2486707924e+20   5.0523412065e+18   3.3127505099e+61   7.2966957939e-30   4.9818099965e-14  -9.3074987197e+06   9.6581849144e-02 
  7.2848109458e+20   3.6140153352e+18   2.3981707265e+61   7.1746103002e-30   4.9801242015e-14  -9.2478665495e+06   9.6581692769e-02 
  7.3181591315e+20   3.3348185706e+18   2.2341134829e+61   7.1068610408e-30   4.9790338436e-14  -9.1976219768e+06   9.6581672439e-02 
  7.3544474444e+20   3.6288312940e+18   2.4543250599e+61   7.0617123827e-30   4.9776887972e-14  -9.1503818192e+06   9.6581671463e-02 
  7.3864668101e+20   3.2019365659e+18   2.1858085452e+61   7.0380683625e-30   4.9766901037e-14  -9.1044874307e+06   9.6581671423e-02 
  7.5116441005e+20   1.2517729041e+19   8.7286694112e+61   7.0169576533e-30   4.9744614330e-14  -8.9995140611e+06   9.6581671420e-02 
  7.6319603497e+20   1.2031624926e+19   8.6684572181e+61   7.0013048239e-30   4.9709228947e-14  -8.8384291477e+06   9.6581671417e-02 
  7.6752060796e+20   4.3245729824e+18   3.1833461633e+61   6.9991655083e-30   4.9687477998e-14  -8.7302158050e+06   9.6581671415e-02 
  7.7044871490e+20   2.9281069466e+18   2.1758686662e+61   7.0068868412e-30   4.9676546595e-14  -8.6801739079e+06   9.6581671414e-02 
  7.7325407896e+20   2.8053640599e+18   2.1002304945e+61   7.0219644073e-30   4.9667272497e-14  -8.6401832124e+06   9.6581671410e-02 
  7.7607506020e+20   2.8209812387e+18   2.1273450077e+61   7.0453027505e-30   4.9659266027e-14  -8.6008837771e+06   9.6581671381e-02 
  7.8668822623e+20   1.0613166026e+19   8.1430651112e+61   7.1310150260e-30   4.9639263162e-14  -8.5049227925e+06   9.6581671276e-02 
  7.9349435181e+20   6.8061255820e+18   5.3390877044e+61   7.2544453640e-30   4.9613129076e-14  -8.3777012866e+06   9.6581670753e-02 
  7.9623851449e+20   2.7441626766e+18   2.1787553332e+61   7.3312723214e-30   4.9595528568e-14  -8.3055322271e+06   9.6581669337e-02 
  7.9977847261e+20   3.5399581221e+18   2.8328509712e+61   7.3775418393e-30   4.9587941890e-14  -8.2592028091e+06   9.6581654133e-02 
  8.0618694980e+20   6.4084771893e+18   5.1925346273e+61   7.4234248158e-30   4.9569290866e-14  -8.1821628959e+06   9.6581607221e-02 
  8.1257832511e+20   6.3913753098e+18   5.2615561458e+61   7.4653376109e-30   4.9542748554e-14  -8.0804250696e+06   9.6581169327e-02 
  8.2118367429e+20   8.6053491786e+18   7.2160571979e+61   7.4949610386e-30   4.9509001520e-14  -7.9577371469e+06   9.6579912746e-02 
  8.3983777960e+20   1.8654105308e+19   1.6169367749e+62   7.5236483493e-30   4.9442522572e-14  -7.7250610994e+06   9.6577025672e-02 
  8.5436461027e+20   1.4526830679e+19   1.3099718717e+62   7.5437963071e-30   4.9344785300e-14  -7.4155337700e+06   9.6571092656e-02 
  8.6737858175e+20   1.3013971473e+19   1.2120059241e+62   7.5475129350e-30   4.9259323591e-14  -7.1481176398e+06   9.6558013843e-02 
  8.7915118850e+20   1.1772606751e+19   1.1281869525e+62   7.5393132352e-30   4.9186150192e-14  -6.9142733229e+06   9.6529125791e-02 
  8.9067688733e+20   1.1525698836e+19   1.1341890241e+62   7.5207994153e-30   4.9120148984e-14  -6.6924338583e+06   9.6473758111e-02 
  9.0581465701e+20   1.5137769678e+19   1.5348728331e+62   7.4877531397e-30   4.9041315346e-14  -6.4349342607e+06   9.6235029184e-02 
  9.1688435798e+20   1.1069700970e+19   1.1553698209e+62   7.4435055679e-30   4.8961016792e-14  -6.1797434026e+06   9.5326138127e-02 
  9.2560464050e+20   8.7202825135e+18   9.3002254654e+61   7.3934350889e-30   4.8903475817e-14  -5.9948049765e+06   9.1673693511e-02 
  9.3012318387e+20   4.5185433761e+18   4.8885239325e+61   7.3509480084e-30   4.8874123182e-14  -5.8746535191e+06   8.7694838665e-02 
  9.3668358916e+20   6.5604052912e+18   7.1825898345e+61   7.2894840662e-30   4.8853332053e-14  -5.7827106247e+06   8.1313404015e-02 
  9.3920355126e+20   2.5199620944e+18   2.7858488823e+61   7.2289234918e-30   4.8834693017e-14  -5.7138067136e+06   7.6225224633e-02 
  9.4191970387e+20   2.7161526082e+18   3.0195265079e+61   7.1756696845e-30   4.8828736797e-14  -5.6736114751e+06   7.3741841325e-02 
  9.4723458078e+20   5.3148769127e+18   5.9590782032e+61   7.0722578817e-30   4.8821886093e-14  -5.6106065090e+06   7.3485808776e-02 
  9.5099659854e+20   3.7620177583e+18   4.2586258679e+61   6.9672499172e-30   4.8813679812e-14  -5.5415693702e+06   7.3354977609e-02 
  9.5436062968e+20   3.3640311389e+18   3.8367469351e+61   6.8911798014e-30   4.8803070351e-14  -5.4926382768e+06   7.3317217785e-02 
  9.5893500836e+20   4.5743786865e+18   5.2607416856e+61   6.8340110420e-30   4.8797077818e-14  -5.4371489782e+06   7.3313720256e-02 
  9.6393937578e+20   5.0043674155e+18   5.8130206907e+61   6.7754520164e-30   4.8787273974e-14  -5.3705379809e+06   7.3313056276e-02 
  9.6858989538e+20   4.6505196037e+18   5.4563767771e+61   6.7381440887e-30   4.8778041583e-14  -5.3055475317e+06   7.3313013736e-02 
  9.7887896436e+20   1.0289068974e+19   1.2259451393e+62   6.6912348685e-30   4.8765608124e-14  -5.2017035543e+06   7.3313012223e-02 
  9.8699649866e+20   8.1175343049e+18   9.8557227475e+61   6.6517295993e-30   4.8750123602e-14  -5.0735821272e+06   7.3313011804e-02 
  9.9224523645e+20   5.2487377882e+18   6.4595676094e+61   6.6283626542e-30   4.8738004390e-14  -4.9807206123e+06   7.3313011750e-02 
  1.0051524600e+21   1.2907223546e+19   1.6177739536e+62   6.6127187211e-30   4.8718493738e-14  -4.8546909758e+06   7.3313011698e-02 
  1.0155488406e+21   1.0396380594e+19   1.3336446176e+62   6.5989412799e-30   4.8692240568e-14  -4.6920109369e+06   7.3313011487e-02 
  1.0288605472e+21   1.3311706588e+19   1.7479358095e+62   6.5911393423e-30   4.8665054009e-14  -4.5255086773e+06   7.3313010485e-02 
  1.0381227948e+21   9.2622475936e+18   1.2432060614e+62   6.5880795827e-30   4.8639501004e-14  -4.3690571941e+06   7.3313006163e-02 
  1.0469561309e+21   8.8333361040e+18   1.2064858254e+62   6.5905636433e-30   4.8618792504e-14  -4.2446306352e+06   7.3312952001e-02 
  1.0637552477e+21   1.6799116784e+19   2.3512737467e+62   6.6001398337e-30   4.8588464557e-14  -4.0682648258e+06   7.3312829326e-02 
  1.0748136328e+21   1.1058385108e+19   1.5888830766e+62   6.6135811909e-30   4.8551459122e-14  -3.8734846207e+06   7.3312597397e-02 
  1.0855132698e+21   1.0699637038e+19   1.5687777355e+62   6.6295465560e-30   4.8517753539e-14  -3.7177873530e+06   7.3312104019e-02 
  1.0946154570e+21   9.1021871895e+18   1.3591344910e+62   6.6488858188e-30   4.8486662931e-14  -3.5769099265e+06   7.3308500385e-02 
  1.1020230354e+21   7.4075784546e+18   1.1229100223e+62   6.6696926328e-30   4.8458112708e-14  -3.4571211423e+06   7.3289764090e-02 
  1.1186601024e+21   1.6637066997e+19   2.5775550726e+62   6.7095555940e-30   4.8417182957e-14  -3.2849526710e+06   7.3246222733e-02 
  1.1293917949e+21   1.0731692473e+19   1.7038605849e+62   6.7574317979e-30   4.8372227098e-14  -3.0898925992e+06   7.3145949349e-02 
  1.1341823052e+21   4.7905103002e+18   7.7111958147e+61   6.7860913530e-30   4.8347643933e-14  -2.9799855157e+06   7.3006970209e-02 
  1.1399753904e+21   5.7930851768e+18   9.4124325923e+61   6.8063172738e-30   4.8330141696e-14  -2.9044285975e+06   7.2235789451e-02 
  1.1439259418e+21   3.9505514045e+18   6.4738509866e+61   6.8239346809e-30   4.8313894375e-14  -2.8347309335e+06   7.1099398168e-02 
  1.1483888461e+21   4.4629042978e+18   7.3674383013e+61   6.8376973639e-30   4.8299467193e-14  -2.7738479696e+06   6.9551687521e-02 
  1.1516116210e+21   3.2227749080e+18   5.3559434015e+61   6.8496291212e-30   4.8285824447e-14  -2.7174151869e+06   6.8812895468e-02 
  1.1588001310e+21   7.1885099830e+18   1.2055047451e+62   6.8648826031e-30   4.8267057464e-14  -2.6402075637e+06   6.8622389494e-02 
  1.1639204419e+21   5.1203109301e+18   8.6784235822e+61   6.8825015546e-30   4.8243409518e-14  -2.5467283953e+06   6.8495144556e-02 
  1.1724299246e+21   8.5094827067e+18   1.4592540125e+62   6.9019989580e-30   4.8216819817e-14  -2.4421674936e+06   6.8462461392e-02 
  1.1769698785e+21   4.5399538994e+18   7.8725551589e+61   6.9210411774e-30   4.8192466269e-14  -2.3427330846e+06   6.8450013470e-02 
  1.1804215181e+21   3.4516396163e+18   6.0261372173e+61   6.9333519334e-30   4.8178485406e-14  -2.2830815595e+06   6.8445915556e-02 
  1.1842569718e+21   3.8354536418e+18   6.7376926047e+61   6.9457841742e-30   4.8166667059e-14  -2.2290358458e+06   6.8445153510e-02 
  1.1868677426e+21   2.6107707913e+18   4.6113447083e+61   6.9579641552e-30   4.8156612988e-14  -2.1817555739e+06   6.8445102875e-02 
  1.1930212429e+21   6.1535003434e+18   1.0949302838e+62   6.9775172836e-30   4.8143508989e-14  -2.1173179235e+06   6.8445102931e-02 
  1.1975817949e+21   4.5605519584e+18   8.1880925268e+61   7.0034147110e-30   4.8127810270e-14  -2.0383094702e+06   6.8445154733e-02 
  1.2018210850e+21   4.2392900904e+18   7.6674298640e+61   7.0271481434e-30   4.8115262323e-14  -1.9732245214e+06   6.8445841278e-02 
  1.2059544352e+21   4.1333502198e+18   7.5280846409e+61   7.0530747151e-30   4.8103643152e-14  -1.9114552084e+06   6.8448131816e-02 
  1.2231680250e+21   1.7213589806e+19   3.1910044587e+62   7.1315096037e-30   4.8076336387e-14  -1.7549362036e+06   6.8454743038e-02 
  1.2366380656e+21   1.3470040627e+19   2.5605004965e+62   7.2519812300e-30   4.8038905232e-14  -1.5311158589e+06   6.8472872561e-02 
  1.2462507685e+21   9.6127028766e+18   1.8617103455e+62   7.3544455186e-30   4.8014512150e-14  -1.3656498004e+06   6.8511825825e-02 
  1.2625211157e+21   1.6270347211e+19   3.2171782962e+62   7.4978820790e-30   4.7988101647e-14  -1.1775914638e+06   6.8606687183e-02 
  1.2723224285e+21   9.8013128174e+18   1.9785116199e+62   7.6699050212e-30   4.7960531772e-14  -9.8546416661e+05   6.8805173097e-02 
  1.2801111723e+21   7.7887437554e+18   1.5941439784e+62   7.8285513247e-30   4.7947392206e-14  -8.6945381596e+05   6.9600202650e-02 
  1.2880022433e+21   7.8910710216e+18   1.6349918448e+62   8.0390017733e-30   4.7943678875e-14  -7.6336092283e+05   7.3793858209e-02 
  1.2924372077e+21   4.4349643755e+18   9.2774320444e+61   8.2682435080e-30   4.7924286307e-14  -6.6075147739e+05   7.8802731818e-02 
  1.2957174034e+21   3.2801957137e+18   6.9028795487e+61   8.4989559305e-30   4.7914737216e-14  -6.0019219046e+05   8.5725739472e-02 
  1.3043802429e+21   8.6628394915e+18   1.8398866305e+62   9.1290166196e-30   4.7910145356e-14  -5.2489799024e+05   9.0209356480e-02 
  1.3107234897e+21   6.3432468208e+18   1.3628252645e+62   1.0143471624e-29   4.7923164529e-14  -4.3362961893e+05   9.4543512458e-02 
  1.3162380404e+21   5.5145507255e+18   1.1955509046e+62   1.1330468590e-29   4.7909491912e-14  -3.4397792034e+05   9.6754709240e-02 
  1.3229363244e+21   6.6982839935e+18   1.4657183676e+62   1.3386561527e-29   4.7879064921e-14  -2.4706929101e+05   9.7190172054e-02 
  1.3264750539e+21   3.5387295152e+18   7.8036232428e+61   1.6136488190e-29   4.7910614553e-14  -1.7352491588e+05   9.7295171514e-02 
  1.3319016031e+21   5.4265491481e+18   1.2047786042e+62   2.1880533004e-29   4.7890344066e-14  -1.0424268498e+05   9.7300783551e-02 
  1.3350601560e+21   3.1585528947e+18   7.0578399703e+61   3.2465841506e-29   4.7885873251e-14  -4.1474852854e+04   9.6683152115e-02 
  1.3360457824e+21   9.8562644294e+17   2.2092479700e+61   4.6305660801e-29   4.7888893594e-14  -1.1482847871e+04   9.1020876785e-02 
  1.3390470276e+21   3.0012451891e+18   6.7472878773e+61   1.2818675574e-28   4.7918079201e-14   1.2795236274e+04   5.7961755646e-02 
  1.3452686263e+21   6.2215987100e+18   1.4083798871e+62   1.0192569768e-27   4.8131822713e-14   5.4753830754e+04   2.4347398480e-02 
  1.3480200717e+21   2.7514453815e+18   6.2701327712e+61   9.9483206500e-27   4.9476230541e-14   4.3749765861e+04   2.0235155218e-02 
  1.3554103556e+21   7.3902839292e+18   1.6968461739e+62   1.1748609917e-25   5.0230951057e-14   9.9267404998e+04   2.0047749812e-02 
  1.3585926632e+21   3.1823075675e+18   7.3639846758e+61   2.1199660434e-24   5.0724476491e-14   9.9158650657e+04   2.0035725300e-02 
  1.3616845578e+21   3.0918946462e+18   7.1878842806e+61   2.2444700240e-24   5.2008121755e-14   1.0292026819e+05   2.0032741837e-02 
  1.3710185616e+21   9.3340037787e+18   2.1897999379e+62   2.4492037338e-24   5.4683306061e-14   1.1023328401e+05   2.0029265773e-02 
  1.3840788414e+21   1.3060279817e+19   3.1144368003e+62   2.8169000282e-24   5.9430449796e-14   1.1929262766e+05   2.0022658210e-02 
  1.3925675359e+21   8.4886944700e+18   2.0560481199e+62   3.1523923291e-24   6.3679594062e-14   1.2960054727e+05   2.0014296480e-02 
  1.3977892796e+21   5.2217436782e+18   1.2772779453e+62   3.4531270680e-24   6.7366174610e-14   1.3578157453e+05   2.0004633852e-02 
  1.4019297339e+21   4.1404543197e+18   1.0195935520e+62   3.6638922196e-24   6.9939129177e-14   1.4093812304e+05   2.0001163771e-02 
  1.4061549927e+21   4.2252587728e+18   1.0467041047e+62   3.9004047895e-24   7.2851183123e-14   1.4557667634e+05   2.0000455076e-02 
  1.4105448877e+21   4.3898950340e+18   1.0941717836e+62   4.1652524760e-24   7.6048112927e-14   1.5109004337e+05   2.0000175969e-02 
  1.4148403541e+21   4.2954663574e+18   1.0772484401e+62   4.4798000814e-24   7.9765271947e-14   1.5694012525e+05   2.0000059859e-02 
  1.4188960981e+21   4.0557439942e+18   1.0231507257e+62   4.8124253713e-24   8.3612876946e-14   1.6273494118e+05   2.0000019151e-02 
  1.4226675369e+21   3.7714388318e+18   9.5669161714e+61   5.1149654401e-24   8.7040250457e-14   1.6751303302e+05   2.0000005955e-02 
  1.4261489303e+21   3.4813934038e+18   8.8763032923e+61   5.3848598222e-24   9.0164684330e-14   1.7142048310e+05   2.0000001744e-02 
  1.4294725798e+21   3.3236494523e+18   8.5146454814e+61   5.6369808444e-24   9.3048354578e-14   1.7476752253e+05   2.0000000498e-02 
  1.4325971821e+21   3.1246023236e+18   8.0409104824e+61   5.8765153774e-24   9.5754726074e-14   1.7772903139e+05   2.0000000133e-02 
  1.4356050995e+21   3.0079174104e+18   7.7738381288e+61   6.1056673073e-24   9.8314597802e-14   1.8040522771e+05   2.0000000034e-02 
  1.4383820033e+21   2.7769038237e+18   7.2057713321e+61   6.3243022484e-24   1.0073184126e-13   1.8284295209e+05   2.0000000008e-02 
  1.4409108467e+21   2.5288433677e+18   6.5863316064e+61   6.5291069659e-24   1.0297488370e-13   1.8502269660e+05   2.0000000002e-02 
  1.4433429812e+21   2.4321345423e+18   6.3563020534e+61   6.7278850511e-24   1.0513372729e-13   1.8703353971e+05   2.0000000000e-02 
  1.4457072278e+21   2.3642465508e+18   6.1994464481e+61   6.9313851302e-24   1.0732631442e-13   1.8900157869e+05   2.0000000000e-02 
  1.4478842777e+21   2.1770499126e+18   5.7265463789e+61   7.1353941519e-24   1.0945154478e-13   1.9090616641e+05   2.0000000000e-02 
  1.4499703553e+21   2.0860776348e+18   5.5034320214e+61   7.3225648597e-24   1.1138085900e-13   1.9256021564e+05   2.0000000000e-02 
  1.4519956011e+21   2.0252458214e+18   5.3581185053e+61   7.4922991517e-24   1.1311904876e-13   1.9396492880e+05   2.0000000000e-02 
  1.4539162888e+21   1.9206876746e+18   5.0953212339e+61   7.6468994826e-24   1.1470576804e-13   1.9519321750e+05   2.0000000000e-02 
  1.4560596813e+21   2.1433924649e+18   5.7020425822e+61   7.8046790267e-24   1.1637016583e-13   1.9641884210e+05   2.0000000000e-02 
  1.4583237820e+21   2.2641006895e+18   6.0414207793e+61   7.9799185458e-24   1.1820738118e-13   1.9776128973e+05   2.0000000000e-02 
  1.4604497740e+21   2.1259920322e+18   5.6900015911e+61   8.1595164329e-24   1.2007840694e-13   1.9911214338e+05   2.0000000000e-02 
  1.4625311621e+21   2.0813881388e+18   5.5866953218e+61   8.3406763852e-24   1.2195334979e-13   2.0040820834e+05   2.0000000000e-02 
  1.4646165693e+21   2.0854071927e+18   5.6134530735e+61   8.5227586320e-24   1.2382592365e-13   2.0176301816e+05   2.0000000000e-02 
  1.4666999097e+21   2.0833404011e+18   5.6238742437e+61   8.7161584439e-24   1.2580235157e-13   2.0314598427e+05   2.0000000000e-02 
  1.4687430963e+21   2.0431865151e+18   5.5310204177e+61   8.9134575540e-24   1.2780560155e-13   2.0460768046e+05   2.0000000000e-02 
  1.4706010169e+21   1.8579206747e+18   5.0428722116e+61   9.1110451047e-24   1.2979921307e-13   2.0604452771e+05   2.0000000000e-02 
  1.4723980416e+21   1.7970246555e+18   4.8897224534e+61   9.3053246272e-24   1.3174742529e-13   2.0746179993e+05   2.0000000000e-02 
  1.4741352668e+21   1.7372251995e+18   4.7383676338e+61   9.5038744020e-24   1.3372659506e-13   2.0888754035e+05   2.0000000000e-02 
  1.4756703674e+21   1.5351005698e+18   4.1963678046e+61   9.6963756682e-24   1.3563438872e-13   2.1025428353e+05   2.0000000000e-02 
  1.4771483753e+21   1.4780079860e+18   4.0485570854e+61   9.8833329834e-24   1.3747694950e-13   2.1153905770e+05   2.0000000000e-02 
  1.4786103144e+21   1.4619390169e+18   4.0125191222e+61   1.0071689892e-23   1.3932260370e-13   2.1283538482e+05   2.0000000000e-02 
  1.4800563124e+21   1.4459980715e+18   3.9765796619e+61   1.0263898204e-23   1.4119621737e-13   2.1414562172e+05   2.0000000000e-02 
  1.4814562858e+21   1.3999733736e+18   3.8574193062e+61   1.0459697461e-23   1.4309477536e-13   2.1543488336e+05   2.0000000000e-02 
  1.4826500178e+21   1.1937319652e+18   3.2949154097e+61   1.0642731609e-23   1.4486047978e-13   2.1662573493e+05   2.0000000000e-02 
  1.4837961791e+21   1.1461612896e+18   3.1686084972e+61   1.0812610771e-23   1.4649160382e-13   2.1771184113e+05   2.0000000000e-02 
  1.4849320839e+21   1.1359048606e+18   3.1450875973e+61   1.0983173668e-23   1.4812178771e-13   2.1877722219e+05   2.0000000000e-02 
  1.4860623779e+21   1.1302940188e+18   3.1343320790e+61   1.1151200693e-23   1.4972181487e-13   2.1980211721e+05   2.0000000000e-02 
  1.4871881874e+21   1.1258094272e+18   3.1266393884e+61   1.1312246637e-23   1.5124936456e-13   2.2074825041e+05   2.0000000000e-02 
  1.4883104376e+21   1.1222502240e+18   3.1214695435e+61   1.1467357449e-23   1.5271384293e-13   2.2162185450e+05   2.0000000000e-02 
  1.4894293917e+21   1.1189541064e+18   3.1169918554e+61   1.1619615703e-23   1.5418080049e-13   2.2246365633e+05   2.0000000000e-02 
  1.4905451826e+21   1.1157909324e+18   3.1128474504e+61   1.1774174193e-23   1.5567599011e-13   2.2330828151e+05   2.0000000000e-02 
  1.4916551077e+21   1.1099250304e+18   3.1011098790e+61   1.1931765908e-23   1.5719563073e-13   2.2416163025e+05   2.0000000000e-02 
  1.4927343163e+21   1.0792086614e+18   3.0197173786e+61   1.2090903772e-23   1.5872527785e-13   2.2500976874e+05   2.0000000000e-02 
  1.4936022853e+21   8.6796899417e+17   2.4318210349e+61   1.2235318884e-23   1.6010920454e-13   2.2577198706e+05   2.0000000000e-02 
  1.4944316720e+21   8.2938665153e+17   2.3263656818e+61   1.2363654324e-23   1.6133564902e-13   2.2644155997e+05   2.0000000000e-02 
  1.4952570302e+21   8.2535828895e+17   2.3176312682e+61   1.2490849656e-23   1.6254821208e-13   2.2709824477e+05   2.0000000000e-02 
  1.4960786642e+21   8.2163391883e+17   2.3097158240e+61   1.2619397574e-23   1.6377064949e-13   2.2775483429e+05   2.0000000000e-02 
  1.4968741678e+21   7.9550358729e+17   2.2386787167e+61   1.2747573593e-23   1.6498655390e-13   2.2840132545e+05   2.0000000000e-02 
  1.4974796019e+21   6.0543416338e+17   1.7053872835e+61   1.2860088576e-23   1.6605144139e-13   2.2896259914e+05   2.0000000000e-02 
  1.4982375226e+21   7.5792069217e+17   2.1368559673e+61   1.2970949576e-23   1.6709847680e-13   2.2951166264e+05   2.0000000000e-02 
  1.4988358362e+21   5.9831362213e+17   1.6883928941e+61   1.3082676229e-23   1.6815150550e-13   2.3005824783e+05   2.0000000000e-02 
  1.4995929886e+21   7.5715235591e+17   2.1385561048e+61   1.3195787863e-23   1.6921535877e-13   2.3060680804e+05   2.0000000000e-02 
  1.5001871414e+21   5.9415277925e+17   1.6796811929e+61   1.3309887393e-23   1.7028627588e-13   2.3115484426e+05   2.0000000000e-02 
  1.5009378724e+21   7.5073105058e+17   2.1242343818e+61   1.3424979598e-23   1.7136426624e-13   2.3170227124e+05   2.0000000000e-02 
  1.5015272189e+21   5.8934648504e+17   1.6690775257e+61   1.3541058266e-23   1.7244923022e-13   2.3224881780e+05   2.0000000000e-02 
  1.5022771163e+21   7.4989736537e+17   2.1256658186e+61   1.3658569991e-23   1.7354531314e-13   2.3279740397e+05   2.0000000000e-02 
  1.5028389027e+21   5.6178638413e+17   1.5938357868e+61   1.3775151955e-23   1.7463047534e-13   2.3333510562e+05   2.0000000000e-02 
  1.5033638447e+21   5.2494207173e+17   1.4903826726e+61   1.3872791345e-23   1.7553761245e-13   2.3378204835e+05   2.0000000000e-02 
  1.5039000634e+21   5.3621868931e+17   1.5234735139e+61   1.3969181514e-23   1.7643164267e-13   2.3421942219e+05   2.0000000000e-02 
  1.5044256068e+21   5.2554333868e+17   1.4941978666e+61   1.4066633974e-23   1.7733401031e-13   2.3465792777e+05   2.0000000000e-02 
  1.5049379319e+21   5.1232516922e+17   1.4576218795e+61   1.4162832523e-23   1.7822329508e-13   2.3508750835e+05   2.0000000000e-02 
  1.5052262015e+21   2.8826954498e+17   8.2059523370e+60   1.4237660880e-23   1.7891403175e-13   2.3541884696e+05   2.0000000000e-02 
  1.5054876772e+21   2.6147576278e+17   7.4459528451e+60   1.4289375729e-23   1.7939089075e-13   2.3564682385e+05   2.0000000000e-02 
  1.5057454753e+21   2.5779810403e+17   7.3437580358e+60   1.4338501125e-23   1.7984349238e-13   2.3586241172e+05   2.0000000000e-02 
  1.5060068426e+21   2.6136731517e+17   7.4479998123e+60   1.4387862952e-23   1.8029789582e-13   2.3607820277e+05   2.0000000000e-02 
  1.5062691749e+21   2.6233221099e+17   7.4780957512e+60   1.4437909150e-23   1.8075821636e-13   2.3629605727e+05   2.0000000000e-02 
  1.5065314392e+21   2.6226431813e+17   7.4787645999e+60   1.4488283006e-23   1.8122116228e-13   2.3651450884e+05   2.0000000000e-02 
  1.5067931614e+21   2.6172218371e+17   7.4659012846e+60   1.4538844758e-23   1.8168544657e-13   2.3673290235e+05   2.0000000000e-02 
  1.5070545289e+21   2.6136757953e+17   7.4583745841e+60   1.4589562340e-23   1.8215077104e-13   2.3695113742e+05   2.0000000000e-02 
  1.5073155531e+21   2.6102414856e+17   7.4511568058e+60   1.4640452311e-23   1.8261728703e-13   2.3716930214e+05   2.0000000000e-02 
  1.5075762970e+21   2.6074392866e+17   7.4457346384e+60   1.4691524474e-23   1.8308508114e-13   2.3738741596e+05   2.0000000000e-02 
  1.5078367640e+21   2.6046694264e+17   7.4403970056e+60   1.4742778702e-23   1.8355415059e-13   2.3760553188e+05   2.0000000000e-02 
  1.5080969412e+21   2.6017724539e+17   7.4346883236e+60   1.4794220404e-23   1.8402454182e-13   2.3782361809e+05   2.0000000000e-02 
  1.5083568204e+21   2.5987923903e+17   7.4287339547e+60   1.4845838070e-23   1.8449614714e-13   2.3804170487e+05   2.0000000000e-02 
  1.5086164013e+21   2.5958088451e+17   7.4227612626e+60   1.4897636940e-23   1.8496901135e-13   2.3825976498e+05   2.0000000000e-02 
  1.5088756886e+21   2.5928731145e+17   7.4169169987e+60   1.4949604134e-23   1.8544301587e-13   2.3847785371e+05   2.0000000000e-02 
  1.5091346841e+21   2.5899542886e+17   7.4111128949e+60   1.5001751569e-23   1.8591826674e-13   2.3869592426e+05   2.0000000000e-02 
  1.5093933863e+21   2.5870224294e+17   7.4052633126e+60   1.5054064099e-23   1.8639462345e-13   2.3891404154e+05   2.0000000000e-02 
  1.5096517975e+21   2.5841114370e+17   7.3994652955e+60   1.5106552346e-23   1.8687218091e-13   2.3913216445e+05   2.0000000000e-02 
  1.5099099185e+21   2.5812103317e+17   7.3936874763e+60   1.5159204411e-23   1.8735082975e-13   2.3935034909e+05   2.0000000000e-02 
  1.5101677441e+21   2.5782564732e+17   7.3877503799e+60   1.5212037997e-23   1.8783072832e-13   2.3956853324e+05   2.0000000000e-02 
  1.5104252799e+21   2.5753575701e+17   7.3819625932e+60   1.5265045349e-23   1.8831180147e-13   2.3978678083e+05   2.0000000000e-02 
  1.5106825206e+21   2.5724068598e+17   7.3760181593e+60   1.5318247471e-23   1.8879415776e-13   2.4000500995e+05   2.0000000000e-02 
  1.5109394684e+21   2.5694781971e+17   7.3701287589e+60   1.5371622564e-23   1.8927767869e-13   2.4022322612e+05   2.0000000000e-02 
  1.5111961254e+21   2.5665699356e+17   7.3642897600e+60   1.5425189619e-23   1.8976253060e-13   2.4044132822e+05   2.0000000000e-02 
  1.5114524900e+21   2.5636463756e+17   7.3583987637e+60   1.5478922396e-23   1.9024847412e-13   2.4065940392e+05   2.0000000000e-02 
  1.5117085637e+21   2.5607368259e+17   7.3525398838e+60   1.5532844641e-23   1.9073572241e-13   2.4087734187e+05   2.0000000000e-02 
  1.5119643454e+21   2.5578169364e+17   7.3466432315e+60   1.5586935013e-23   1.9122408286e-13   2.4109520807e+05   2.0000000000e-02 
  1.5122198352e+21   2.5548981827e+17   7.3407417501e+60   1.5641230148e-23   1.9171388277e-13   2.4131283986e+05   2.0000000000e-02 
  1.5124750322e+21   2.5519702026e+17   7.3348056633e+60   1.5695709794e-23   1.9220493741e-13   2.4153031043e+05   2.0000000000e-02 
  1.5127299385e+21   2.5490629846e+17   7.3289211783e+60   1.5750399410e-23   1.9269747172e-13   2.4174749876e+05   2.0000000000e-02 
  1.5129845493e+21   2.5461075218e+17   7.3228898767e+60   1.5805298676e-23   1.9319148329e-13   2.4196443606e+05   2.0000000000e-02 
  1.5132388668e+21   2.5431746228e+17   7.3169153355e+60   1.5860418576e-23   1.9368706987e-13   2.4218101812e+05   2.0000000000e-02 
  1.5134928894e+21   2.5402259892e+17   7.3108874055e+60   1.5915770894e-23   1.9418432914e-13   2.4239718911e+05   2.0000000000e-02 
  1.5137466160e+21   2.5372668187e+17   7.3048209998e+60   1.5971355433e-23   1.9468324700e-13   2.4261296161e+05   2.0000000000e-02 
  1.5140000495e+21   2.5343344422e+17   7.2988236149e+60   1.6027161015e-23   1.9518372287e-13   2.4282843330e+05   2.0000000000e-02 
  1.5142531854e+21   2.5313588604e+17   7.2926936638e+60   1.6083190763e-23   1.9568579882e-13   2.4304360346e+05   2.0000000000e-02 
  1.5145060242e+21   2.5283883687e+17   7.2865701931e+60   1.6139471626e-23   1.9618971398e-13   2.4325828120e+05   2.0000000000e-02 
  1.5147585647e+21   2.5254047364e+17   7.2804006641e+60   1.6196014782e-23   1.9669553393e-13   2.4347237334e+05   2.0000000000e-02 
  1.5150108068e+21   2.5224208607e+17   7.2742222328e+60   1.6252793299e-23   1.9720301349e-13   2.4368611994e+05   2.0000000000e-02 
  1.5152627494e+21   2.5194259338e+17   7.2680037222e+60   1.6309737312e-23   1.9771150139e-13   2.4390001901e+05   2.0000000000e-02 
  1.5155143956e+21   2.5164626806e+17   7.2618684112e+60   1.6366906724e-23   1.9822171832e-13   2.4411369236e+05   2.0000000000e-02 
  1.5157657397e+21   2.5134403626e+17   7.2555544501e+60   1.6424469590e-23   1.9873493771e-13   2.4432594373e+05   2.0000000000e-02 
  1.5160167809e+21   2.5104125841e+17   7.2492164361e+60   1.6482296583e-23   1.9924995745e-13   2.4453800242e+05   2.0000000000e-02 
  1.5162675237e+21   2.5074280864e+17   7.2429951746e+60   1.6539919077e-23   1.9976253774e-13   2.4475252080e+05   2.0000000000e-02 
  1.5165179574e+21   2.5043369798e+17   7.2364576500e+60   1.6597768134e-23   2.0027744195e-13   2.4496697622e+05   2.0000000000e-02 
  1.5167680740e+21   2.5011658630e+17   7.2296803595e+60   1.6656610837e-23   2.0080043210e-13   2.4517595591e+05   2.0000000000e-02 
  1.5170178718e+21   2.4979779828e+17   7.2228459139e+60   1.6715933757e-23   2.0132671596e-13   2.4538488992e+05   2.0000000000e-02 
  1.5172673672e+21   2.4949533884e+17   7.2164751221e+60   1.6773908722e-23   2.0183974243e-13   2.4560381610e+05   2.0000000000e-02 
  1.5175165627e+21   2.4919553431e+17   7.2101729181e+60   1.6831390377e-23   2.0235061343e-13   2.4582589018e+05   2.0000000000e-02 
  1.5177654240e+21   2.4886130602e+17   7.2028660551e+60   1.6892476782e-23   2.0289288285e-13   2.4602881520e+05   2.0000000000e-02 
  1.5180139439e+21   2.4851990825e+17   7.1953424513e+60   1.6955682952e-23   2.0345113166e-13   2.4622212173e+05   2.0000000000e-02 
  1.5182621876e+21   2.4824369780e+17   7.1896978039e+60   1.7014583935e-23   2.0396620615e-13   2.4645443205e+05   2.0000000000e-02 
  1.5185101979e+21   2.4801025996e+17   7.1852850909e+60   1.7067027721e-23   2.0443161031e-13   2.4671161457e+05   2.0000000000e-02 
  1.5187578637e+21   2.4766588885e+17   7.1776506314e+60   1.7131718407e-23   2.0501015909e-13   2.4691276950e+05   2.0000000000e-02 
  1.5190050384e+21   2.4717466076e+17   7.1657486185e+60   1.7207370832e-23   2.0567660693e-13   2.4703938489e+05   2.0000000000e-02 
  1.5192518234e+21   2.4678494237e+17   7.1567773453e+60   1.7272738720e-23   2.0623518657e-13   2.4728762349e+05   2.0000000000e-02 
  1.5194983449e+21   2.4652153442e+17   7.1514602275e+60   1.7301298247e-23   2.0647866245e-13   2.4767869399e+05   2.0000000000e-02 
  1.5197453818e+21   2.4703693514e+17   7.1687398801e+60   1.7365107475e-23   2.0707512998e-13   2.4805569276e+05   2.0000000000e-02 
  1.5200039474e+21   2.5856556526e+17   7.5057847068e+60   1.7293121463e-23   2.0663143878e-13   2.4708125745e+05   2.0000000000e-02 
  1.5204430040e+21   4.3905665881e+17   1.2751031090e+61   1.5219367454e-23   1.8883360995e-13   2.3305417912e+05   2.0000000000e-02 
  1.5214565355e+21   1.0135314214e+18   2.9462991484e+61   6.0512468842e-24   1.0092283413e-13   1.4060177935e+05   2.0000000000e-02 
  1.5230907243e+21   1.6341888392e+18   4.7588015494e+61   2.6413869980e-24   5.8414507522e-14   2.8826321137e+04   2.0000000000e-02 
  1.5249774577e+21   1.8867334345e+18   5.5069334569e+61   2.2700349796e-24   5.2599126008e-14   3.3810794696e+03   2.0000000000e-02 
  1.5269050042e+21   1.9275464176e+18   5.6401464725e+61   2.2292886693e-24   5.1946747162e-14   3.4803281174e+02   2.0000000000e-02 
  1.5288370346e+21   1.9320304672e+18   5.6675750429e+61   2.2250644110e-24   5.1879040918e-14   3.5307351353e+01   2.0000000000e-02 
  1.5307695230e+21   1.9324883581e+18   5.6832659947e+61   2.2246355095e-24   5.1872163977e-14   3.5710268700e+00   2.0000000000e-02 
  1.5327020577e+21   1.9325347020e+18   5.6977703786e+61   2.2245921298e-24   5.1871468220e-14   3.6051171592e-01   2.0000000000e-02 
  1.5346345971e+21   1.9325393816e+18   5.7121706302e+61   2.2245877505e-24   5.1871397961e-14   3.6331955018e-02   2.0000000000e-02 
  1.5365671369e+21   1.9325398531e+18   5.7265766407e+61   2.2245873091e-24   5.1871390880e-14   3.6480885752e-03   2.0000000000e-02 
  1.5384996768e+21   1.9325399013e+18   5.7409995421e+61   2.2245872640e-24   5.1871390154e-14   3.4357097605e-04   2.0000000000e-02 
  1.5404322167e+21   1.9325399057e+18   5.7554404534e+61   2.2245872599e-24   5.1871390087e-14   2.3256419285e-05   2.0000000000e-02 
  1.5423647566e+21   1.9325399057e+18   5.7698994913e+61   2.2245872600e-24   5.1871390088e-14   7.5394998443e-07   2.0000000000e-02 
  1.5442972965e+21   1.9325399057e+18   5.7843766686e+61   2.2245872600e-24   5.1871390089e-14   1.0906883320e-06   2.0000000000e-02 
  1.5462298364e+21   1.9325399057e+18   5.7988719854e+61   2.2245872600e-24   5.1871390088e-14   1.4853856853e-06   2.0000000000e-02 
  1.5481623764e+21   1.9325399057e+18   5.8133854417e+61   2.2245872600e-24   5.1871390088e-14   1.3645401050e-06   2.0000000000e-02 
  1.5500949163e+21   1.9325399057e+18   5.8279170375e+61   2.2245872600e-24   5.1871390088e-14   1.2746416089e-06   2.0000000000e-02 
  1.5520274562e+21   1.9325399057e+18   5.8424667728e+61   2.2245872600e-24   5.1871390088e-14   1.2235937780e-06   2.0000000000e-02 
  1.5539599961e+21   1.9325399057e+18   5.8570346477e+61   2.2245872600e-24   5.1871390088e-14   1.2997954140e-06   2.0000000000e-02 
  1.5558925360e+21   1.9325399057e+18   5.8716206620e+61   2.2245872600e-24   5.1871390088e-14   1.4682146492e-06   2.0000000000e-02 
  1.5578250759e+21   1.9325399057e+18   5.8862248158e+61   2.2245872600e-24   5.1871390088e-14   1.7044947425e-06   2.0000000000e-02 
  1.5597576158e+21   1.9325399057e+18   5.9008471091e+61   2.2245872600e-24   5.1871390088e-14   1.8932643161e-06   2.0000000000e-02 
  1.5616901557e+21   1.9325399057e+18   5.9154875419e+61   2.2245872600e-24   5.1871390088e-14   2.0078912280e-06   2.0000000000e-02 
  1.5636226956e+21   1.9325399057e+18   5.9301461142e+61   2.2245872600e-24   5.1871390088e-14   2.1675928280e-06   2.0000000000e-02 
  1.5655552355e+21   1.9325399057e+18   5.9448228260e+61   2.2245872600e-24   5.1871390088e-14   2.4114165619e-06   2.0000000000e-02 
  1.5674877754e+21   1.9325399057e+18   5.9595176773e+61   2.2245872600e-24   5.1871390089e-14   2.7317927182e-06   2.0000000000e-02 
  1.5694203153e+21   1.9325399057e+18   5.9742306681e+61   2.2245872600e-24   5.1871390089e-14   3.0327935713e-06   2.0000000000e-02 
  1.5713528552e+21   1.9325399057e+18   5.9889617984e+61   2.2245872600e-24   5.1871390089e-14   3.4882638183e-06   2.0000000000e-02 
  1.5732853951e+21   1.9325399057e+18   6.0037110682e+61   2.2245872600e-24   5.1871390089e-14   3.9124321542e-06   2.0000000000e-02 
  1.5752179350e+21   1.9325399057e+18   6.0184784775e+61   2.2245872600e-24   5.1871390089e-14   4.3268018693e-06   2.0000000000e-02 
  1.5771504749e+21   1.9325399057e+18   6.0332640263e+61   2.2245872600e-24   5.1871390089e-14   4.9259570442e-06   2.0000000000e-02 
  1.5790830148e+21   1.9325399057e+18   6.0480677146e+61   2.2245872600e-24   5.1871390089e-14   5.4118549312e-06   2.0000000000e-02 
  1.5810155547e+21   1.9325399057e+18   6.0628895424e+61   2.2245872600e-24   5.1871390089e-14   5.8612634771e-06   2.0000000000e-02 
  1.5829480947e+21   1.9325399057e+18   6.0777295096e+61   2.2245872600e-24   5.1871390089e-14   6.3482546380e-06   2.0000000000e-02 
  1.5848806346e+21   1.9325399057e+18   6.0925876164e+61   2.2245872600e-24   5.1871390089e-14   6.8296015362e-06   2.0000000000e-02 
  1.5868131745e+21   1.9325399057e+18   6.1074638627e+61   2.2245872600e-24   5.1871390089e-14   7.2836664277e-06   2.0000000000e-02 
  1.5887457144e+21   1.9325399057e+18   6.1223582485e+61   2.2245872600e-24   5.1871390089e-14   7.5815926542e-06   2.0000000000e-02 
  1.5906782543e+21   1.9325399057e+18   6.1372707738e+61   2.2245872600e-24   5.1871390089e-14   7.5946702117e-06   2.0000000000e-02 
  1.5926107942e+21   1.9325399057e+18   6.1522014386e+61   2.2245872600e-24   5.1871390089e-14   7.2855455860e-06   2.0000000000e-02 
  1.5945433341e+21   1.9325399057e+18   6.1671502428e+61   2.2245872600e-24   5.1871390089e-14   6.7749841855e-06   2.0000000000e-02 
  1.5964758740e+21   1.9325399057e+18   6.1821171866e+61   2.2245872600e-24   5.1871390089e-14   6.1438471256e-06   2.0000000000e-02 
  1.5984084139e+21   1.9325399057e+18   6.1971022699e+61   2.2245872600e-24   5.1871390089e-14   5.4031083910e-06   2.0000000000e-02 
  1.6003409538e+21   1.9325399057e+18   6.2121054927e+61   2.2245872600e-24   5.1871390089e-14   4.1868718392e-06   2.0000000000e-02 
  1.6022734937e+21   1.9325399057e+18   6.2271268549e+61   2.2245872600e-24   5.1871390089e-14   3.0601384924e-06   2.0000000000e-02 
  1.6042060336e+21   1.9325399057e+18   6.2421663567e+61   2.2245872600e-24   5.1871390089e-14   2.6714713396e-06   2.0000000000e-02 
  1.6061385735e+21   1.9325399057e+18   6.2572239980e+61   2.2245872600e-24   5.1871390089e-14   2.5981662767e-06   2.0000000000e-02 
  1.6080711134e+21   1.9325399057e+18   6.2722997787e+61   2.2245872600e-24   5.1871390089e-14   2.6211069690e-06   2.0000000000e-02 
  1.6100036533e+21   1.9325399057e+18   6.2873936990e+61   2.2245872600e-24   5.1871390089e-14   2.6327544756e-06   2.0000000000e-02 
  1.6119361932e+21   1.9325399057e+18   6.3025057587e+61   2.2245872600e-24   5.1871390089e-14   2.6046709107e-06   2.0000000000e-02 
  1.6138687331e+21   1.9325399057e+18   6.3176359580e+61   2.2245872600e-24   5.1871390089e-14   2.5462345607e-06   2.0000000000e-02 
  1.6158012731e+21   1.9325399057e+18   6.3327842968e+61   2.2245872600e-24   5.1871390089e-14   2.4927564993e-06   2.0000000000e-02 
  1.6177338130e+21   1.9325399057e+18   6.3479507750e+61   2.2245872600e-24   5.1871390089e-14   2.4652975945e-06   2.0000000000e-02 
  1.6196663529e+21   1.9325399057e+18   6.3631353928e+61   2.2245872600e-24   5.1871390088e-14   2.4545004433e-06   2.0000000000e-02 
  1.6215988928e+21   1.9325399057e+18   6.3783381500e+61   2.2245872600e-24   5.1871390088e-14   2.4368179570e-06   2.0000000000e-02 
  1.6235314327e+21   1.9325399057e+18   6.3935590468e+61   2.2245872600e-24   5.1871390088e-14   2.4074457294e-06   2.0000000000e-02 
  1.6254639726e+21   1.9325399057e+18   6.4087980830e+61   2.2245872600e-24   5.1871390088e-14   2.3375919235e-06   2.0000000000e-02 
  1.6273965125e+21   1.9325399057e+18   6.4240552588e+61   2.2245872600e-24   5.1871390088e-14   2.2725764538e-06   2.0000000000e-02 
  1.6293290524e+21   1.9325399057e+18   6.4393305740e+61   2.2245872600e-24   5.1871390088e-14   2.1839430699e-06   2.0000000000e-02 
  1.6312615923e+21   1.9325399057e+18   6.4546240288e+61   2.2245872600e-24   5.1871390088e-14   2.0812344966e-06   2.0000000000e-02 
  1.6331941322e+21   1.9325399057e+18   6.4699356230e+61   2.2245872600e-24   5.1871390089e-14   2.0770053555e-06   2.0000000000e-02 
  1.6351266721e+21   1.9325399057e+18   6.4852653568e+61   2.2245872600e-24   5.1871390089e-14   2.0930018356e-06   2.0000000000e-02 
  1.6370592120e+21   1.9325399057e+18   6.5006132300e+61   2.2245872600e-24   5.1871390089e-14   2.0971373194e-06   2.0000000000e-02 
  1.6389917519e+21   1.9325399057e+18   6.5159792427e+61   2.2245872600e-24   5.1871390089e-14   2.1056210347e-06   2.0000000000e-02 
  1.6409242918e+21   1.9325399057e+18   6.5313633950e+61   2.2245872600e-24   5.1871390089e-14   2.2208649017e-06   2.0000000000e-02 
  1.6428568317e+21   1.9325399057e+18   6.5467656867e+61   2.2245872600e-24   5.1871390089e-14   2.3019490760e-06   2.0000000000e-02 
  1.6447893716e+21   1.9325399057e+18   6.5621861179e+61   2.2245872600e-24   5.1871390089e-14   2.3217933346e-06   2.0000000000e-02 
  1.6467219115e+21   1.9325399057e+18   6.5776246887e+61   2.2245872600e-24   5.1871390089e-14   2.3276208059e-06   2.0000000000e-02 
  1.6486544514e+21   1.9325399057e+18   6.5930813989e+61   2.2245872600e-24   5.1871390089e-14   2.2805401344e-06   2.0000000000e-02 
  1.6505869914e+21   1.9325399057e+18   6.6085562486e+61   2.2245872600e-24   5.1871390089e-14   2.1745721200e-06   2.0000000000e-02 
  1.6525195313e+21   1.9325399057e+18   6.6240492379e+61   2.2245872600e-24   5.1871390089e-14   2.0669914378e-06   2.0000000000e-02 
  1.6544520712e+21   1.9325399057e+18   6.6395603666e+61   2.2245872600e-24   5.1871390089e-14   2.0038006580e-06   2.0000000000e-02 
  1.6563846111e+21   1.9325399057e+18   6.6550896348e+61   2.2245872600e-24   5.1871390089e-14   1.8633255378e-06   2.0000000000e-02 
  1.6583171510e+21   1.9325399057e+18   6.6706370425e+61   2.2245872600e-24   5.1871390089e-14   1.6359780092e-06   2.0000000000e-02 
  1.6602496909e+21   1.9325399057e+18   6.6862025897e+61   2.2245872600e-24   5.1871390089e-14   1.3601284406e-06   2.0000000000e-02 
  1.6621822308e+21   1.9325399057e+18   6.7017862765e+61   2.2245872600e-24   5.1871390089e-14   1.0118160246e-06   2.0000000000e-02 
  1.6641147707e+21   1.9325399057e+18   6.7173881027e+61   2.2245872600e-24   5.1871390089e-14   7.0010797339e-07   2.0000000000e-02 
  1.6660473106e+21   1.9325399057e+18   6.7330080684e+61   2.2245872600e-24   5.1871390089e-14  -1.2449304375e-08   2.0000000000e-02 
  1.6679798505e+21   1.9325399057e+18   6.7486461736e+61   2.2245872600e-24   5.1871390089e-14  -6.9851390180e-07   2.0000000000e-02 
  1.6699123904e+21   1.9325399057e+18   6.7643024183e+61   2.2245872600e-24   5.1871390089e-14  -9.5061398538e-07   2.0000000000e-02 
  1.6718449303e+21   1.9325399057e+18   6.7799768025e+61   2.2245872600e-24   5.1871390089e-14  -1.0979956927e-06   2.0000000000e-02 
  1.6737774702e+21   1.9325399057e+18   6.7956693262e+61   2.2245872600e-24   5.1871390089e-14  -1.1369223647e-06   2.0000000000e-02 
  1.6757100101e+21   1.9325399057e+18   6.8113799894e+61   2.2245872600e-24   5.1871390089e-14  -1.1444291512e-06   2.0000000000e-02 
  1.6776425500e+21   1.9325399057e+18   6.8271087921e+61   2.2245872600e-24   5.1871390089e-14  -1.1968593635e-06   2.0000000000e-02 
  1.6795750899e+21   1.9325399057e+18   6.8428557343e+61   2.2245872600e-24   5.1871390089e-14  -1.3497747735e-06   2.0000000000e-02 
  1.6815076298e+21   1.9325399057e+18   6.8586208160e+61   2.2245872600e-24   5.1871390089e-14  -1.4601577894e-06   2.0000000000e-02 
  1.6834401697e+21   1.9325399057e+18   6.8744040372e+61   2.2245872600e-24   5.1871390089e-14  -1.4664706453e-06   2.0000000000e-02 
  1.6853727097e+21   1.9325399057e+18   6.8902053979e+61   2.2245872600e-24   5.1871390088e-14  -1.3557372170e-06   2.0000000000e-02 
  1.6873052496e+21   1.9325399057e+18   6.9060248981e+61   2.2245872600e-24   5.1871390088e-14  -1.2678627795e-06   2.0000000000e-02 
  1.6892377895e+21   1.9325399057e+18   6.9218625378e+61   2.2245872600e-24   5.1871390088e-14  -1.4370931009e-06   2.0000000000e-02 
  1.6911703294e+21   1.9325399057e+18   6.9377183170e+61   2.2245872600e-24   5.1871390088e-14  -1.6397616577e-06   2.0000000000e-02 
  1.6931028693e+21   1.9325399057e+18   6.9535922357e+61   2.2245872600e-24   5.1871390088e-14  -1.8291663164e-06   2.0000000000e-02 
  1.6950354092e+21   1.9325399057e+18   6.9694842939e+61   2.2245872600e-24   5.1871390088e-14  -2.2017592165e-06   2.0000000000e-02 
  1.6969679491e+21   1.9325399057e+18   6.9853944916e+61   2.2245872600e-24   5.1871390088e-14  -2.8058738206e-06   2.0000000000e-02 
  1.6989004890e+21   1.9325399057e+18   7.0013228288e+61   2.2245872600e-24   5.1871390088e-14  -3.8051369182e-06   2.0000000000e-02 
  1.7008330289e+21   1.9325399057e+18   7.0172693055e+61   2.2245872600e-24   5.1871390088e-14  -4.6574467073e-06   2.0000000000e-02 
  1.7027655688e+21   1.9325399057e+18   7.0332339216e+61   2.2245872600e-24   5.1871390088e-14  -5.0467052590e-06   2.0000000000e-02 
  1.7046981087e+21   1.9325399057e+18   7.0492166773e+61   2.2245872600e-24   5.1871390088e-14  -5.3042611224e-06   2.0000000000e-02 
  1.7066306486e+21   1.9325399057e+18   7.0652175725e+61   2.2245872600e-24   5.1871390088e-14  -5.4537566189e-06   2.0000000000e-02 
  1.7085631885e+21   1.9325399057e+18   7.0812366072e+61   2.2245872600e-24   5.1871390088e-14  -5.4921783789e-06   2.0000000000e-02 
  1.7104957284e+21   1.9325399057e+18   7.0972737814e+61   2.2245872600e-24   5.1871390088e-14  -5.3977934919e-06   2.0000000000e-02 
  1.7124282683e+21   1.9325399057e+18   7.1133290950e+61   2.2245872600e-24   5.1871390088e-14  -5.2772130602e-06   2.0000000000e-02 
  1.7143608082e+21   1.9325399057e+18   7.1294025482e+61   2.2245872600e-24   5.1871390088e-14  -5.0935777562e-06   2.0000000000e-02 
  1.7162933481e+21   1.9325399057e+18   7.1454941409e+61   2.2245872600e-24   5.1871390088e-14  -4.8882056375e-06   2.0000000000e-02 
  1.7182258881e+21   1.9325399057e+18   7.1616038730e+61   2.2245872600e-24   5.1871390088e-14  -4.6966583506e-06   2.0000000000e-02 
  1.7201584280e+21   1.9325399057e+18   7.1777317447e+61   2.2245872600e-24   5.1871390088e-14  -4.3873923580e-06   2.0000000000e-02 
  1.7220909679e+21   1.9325399057e+18   7.1938777559e+61   2.2245872600e-24   5.1871390088e-14  -4.0016061171e-06   2.0000000000e-02 
  1.7240235078e+21   1.9325399057e+18   7.2100419065e+61   2.2245872600e-24   5.1871390088e-14  -3.7217630167e-06   2.0000000000e-02 
  1.7259560477e+21   1.9325399057e+18   7.2262241967e+61   2.2245872600e-24   5.1871390088e-14  -3.2102874423e-06   2.0000000000e-02 
  1.7278885876e+21   1.9325399057e+18   7.2424246264e+61   2.2245872600e-24   5.1871390088e-14  -2.6673295025e-06   2.0000000000e-02 
  1.7298211275e+21   1.9325399057e+18   7.2586431955e+61   2.2245872600e-24   5.1871390088e-14  -2.3718630307e-06   2.0000000000e-02 
  1.7317536674e+21   1.9325399057e+18   7.2748799042e+61   2.2245872600e-24   5.1871390088e-14  -2.1495957062e-06   2.0000000000e-02 
  1.7336862073e+21   1.9325399057e+18   7.2911347523e+61   2.2245872600e-24   5.1871390088e-14  -1.8500187743e-06   2.0000000000e-02 
  1.7356187472e+21   1.9325399057e+18   7.3074077400e+61   2.2245872600e-24   5.1871390088e-14  -1.6172170779e-06   2.0000000000e-02 
  1.7375512871e+21   1.9325399057e+18   7.3236988671e+61   2.2245872600e-24   5.1871390088e-14  -1.2846553475e-06   2.0000000000e-02 
  1.7394838270e+21   1.9325399057e+18   7.3400081338e+61   2.2245872600e-24   5.1871390088e-14  -7.7715047449e-07   2.0000000000e-02 
  1.7414163669e+21   1.9325399057e+18   7.3563355399e+61   2.2245872600e-24   5.1871390088e-14   4.9163256727e-08   2.0000000000e-02 
  1.7433489068e+21   1.9325399057e+18   7.3726810856e+61   2.2245872600e-24   5.1871390088e-14   8.4827125761e-07   2.0000000000e-02 
  1.7452814467e+21   1.9325399057e+18   7.3890447707e+61   2.2245872600e-24   5.1871390088e-14   1.1901997545e-06   2.0000000000e-02 
  1.7472139866e+21   1.9325399057e+18   7.4054265954e+61   2.2245872600e-24   5.1871390088e-14   1.2008737761e-06   2.0000000000e-02 
  1.7491465265e+21   1.9325399057e+18   7.4218265595e+61   2.2245872600e-24   5.1871390088e-14   1.0195324074e-06   2.0000000000e-02 
  1.7510790664e+21   1.9325399057e+18   7.4382446632e+61   2.2245872600e-24   5.1871390088e-14   1.1345816609e-06   2.0000000000e-02 
  1.7530116064e+21   1.9325399057e+18   7.4546809063e+61   2.2245872600e-24   5.1871390089e-14   1.3497041558e-06   2.0000000000e-02 
  1.7549441463e+21   1.9325399057e+18   7.4711352889e+61   2.2245872600e-24   5.1871390089e-14   1.5239420511e-06   2.0000000000e-02 
  1.7568766862e+21   1.9325399057e+18   7.4876078111e+61   2.2245872600e-24   5.1871390089e-14   1.6527494985e-06   2.0000000000e-02 
  1.7588092261e+21   1.9325399057e+18   7.5040984727e+61   2.2245872600e-24   5.1871390089e-14   2.1988687718e-06   2.0000000000e-02 
  1.7607417660e+21   1.9325399057e+18   7.5206072738e+61   2.2245872600e-24   5.1871390089e-14   2.8748806690e-06   2.0000000000e-02 
  1.7626743059e+21   1.9325399057e+18   7.5371342145e+61   2.2245872600e-24   5.1871390089e-14   3.2416734770e-06   2.0000000000e-02 
  1.7646068458e+21   1.9325399057e+18   7.5536792946e+61   2.2245872600e-24   5.1871390089e-14   3.5327657145e-06   2.0000000000e-02 
  1.7665393857e+21   1.9325399057e+18   7.5702425142e+61   2.2245872600e-24   5.1871390089e-14   3.8516254222e-06   2.0000000000e-02 
  1.7684719256e+21   1.9325399057e+18   7.5868238733e+61   2.2245872600e-24   5.1871390089e-14   4.2833737145e-06   2.0000000000e-02 
  1.7704044655e+21   1.9325399057e+18   7.6034233720e+61   2.2245872600e-24   5.1871390089e-14   5.3110204429e-06   2.0000000000e-02 
  1.7723370054e+21   1.9325399057e+18   7.6200410101e+61   2.2245872600e-24   5.1871390089e-14   6.1309334231e-06   2.0000000000e-02 
  1.7742695453e+21   1.9325399057e+18   7.6366767877e+61   2.2245872600e-24   5.1871390089e-14   6.2947862224e-06   2.0000000000e-02 
  1.7762020852e+21   1.9325399057e+18   7.6533307048e+61   2.2245872600e-24   5.1871390089e-14   6.2459929854e-06   2.0000000000e-02 
  1.7781346251e+21   1.9325399057e+18   7.6700027614e+61   2.2245872600e-24   5.1871390089e-14   6.1049295486e-06   2.0000000000e-02 
  1.7800671650e+21   1.9325399057e+18   7.6866929575e+61   2.2245872600e-24   5.1871390089e-14   5.8295083148e-06   2.0000000000e-02 
  1.7819997049e+21   1.9325399057e+18   7.7034012932e+61   2.2245872600e-24   5.1871390089e-14   5.6296643821e-06   2.0000000000e-02 
  1.7839322448e+21   1.9325399057e+18   7.7201277683e+61   2.2245872600e-24   5.1871390089e-14   5.6041554110e-06   2.0000000000e-02 
  1.7858647848e+21   1.9325399057e+18   7.7368723829e+61   2.2245872600e-24   5.1871390089e-14   5.4232206476e-06   2.0000000000e-02 
  1.7877973247e+21   1.9325399057e+18   7.7536351370e+61   2.2245872600e-24   5.1871390089e-14   5.3161853055e-06   2.0000000000e-02 
  1.7897298646e+21   1.9325399057e+18   7.7704160306e+61   2.2245872600e-24   5.1871390089e-14   5.3270546771e-06   2.0000000000e-02 
  1.7916624045e+21   1.9325399057e+18   7.7872150637e+61   2.2245872600e-24   5.1871390089e-14   5.3126572587e-06   2.0000000000e-02 
  1.7935949444e+21   1.9325399057e+18   7.8040322363e+61   2.2245872600e-24   5.1871390089e-14   5.0951474064e-06   2.0000000000e-02 
  1.7955274843e+21   1.9325399057e+18   7.8208675484e+61   2.2245872600e-24   5.1871390089e-14   4.7146122630e-06   2.0000000000e-02 
  1.7974600242e+21   1.9325399057e+18   7.8377210000e+61   2.2245872600e-24   5.1871390089e-14   4.4415908955e-06   2.0000000000e-02 
  1.7993925641e+21   1.9325399057e+18   7.8545925911e+61   2.2245872600e-24   5.1871390089e-14   4.3998690133e-06   2.0000000000e-02 
  1.8013251040e+21   1.9325399057e+18   7.8714823217e+61   2.2245872600e-24   5.1871390089e-14   4.5229583201e-06   2.0000000000e-02 
  1.8032576439e+21   1.9325399057e+18   7.8883901918e+61   2.2245872600e-24   5.1871390089e-14   4.4913493897e-06   2.0000000000e-02 
  1.8051901838e+21   1.9325399057e+18   7.9053162014e+61   2.2245872600e-24   5.1871390089e-14   4.3211670050e-06   2.0000000000e-02 
  1.8071227237e+21   1.9325399057e+18   7.9222603505e+61   2.2245872600e-24   5.1871390088e-14   4.2744934529e-06   2.0000000000e-02 
  1.8090552636e+21   1.9325399057e+18   7.9392226391e+61   2.2245872600e-24   5.1871390088e-14   3.8757936121e-06   2.0000000000e-02 
  1.8109878035e+21   1.9325399057e+18   7.9562030672e+61   2.2245872600e-24   5.1871390088e-14   3.3948891727e-06   2.0000000000e-02 
  1.8129203434e+21   1.9325399057e+18   7.9732016347e+61   2.2245872600e-24   5.1871390088e-14   3.0938384336e-06   2.0000000000e-02 
  1.8148528833e+21   1.9325399057e+18   7.9902183418e+61   2.2245872600e-24   5.1871390088e-14   2.9195820518e-06   2.0000000000e-02 
  1.8167854232e+21   1.9325399057e+18   8.0072531884e+61   2.2245872600e-24   5.1871390088e-14   2.8140387309e-06   2.0000000000e-02 
  1.8187179631e+21   1.9325399057e+18   8.0243061745e+61   2.2245872600e-24   5.1871390088e-14   2.7140498864e-06   2.0000000000e-02 
  1.8206505031e+21   1.9325399057e+18   8.0413773001e+61   2.2245872600e-24   5.1871390088e-14   2.6216969549e-06   2.0000000000e-02 
  1.8225830430e+21   1.9325399057e+18   8.0584665651e+61   2.2245872600e-24   5.1871390088e-14   2.5520204553e-06   2.0000000000e-02 
  1.8245155829e+21   1.9325399057e+18   8.0755739697e+61   2.2245872600e-24   5.1871390088e-14   2.5555012203e-06   2.0000000000e-02 
  1.8264481228e+21   1.9325399057e+18   8.0926995138e+61   2.2245872600e-24   5.1871390088e-14   2.5521485685e-06   2.0000000000e-02 
  1.8283806627e+21   1.9325399057e+18   8.1098431974e+61   2.2245872600e-24   5.1871390088e-14   2.4844799718e-06   2.0000000000e-02 
  1.8303132026e+21   1.9325399057e+18   8.1270050204e+61   2.2245872600e-24   5.1871390088e-14   2.3827540072e-06   2.0000000000e-02 
  1.8322457425e+21   1.9325399057e+18   8.1441849830e+61   2.2245872600e-24   5.1871390088e-14   2.5443218697e-06   2.0000000000e-02 
  1.8341782824e+21   1.9325399057e+18   8.1613830851e+61   2.2245872600e-24   5.1871390088e-14   2.6914115438e-06   2.0000000000e-02 
  1.8361108223e+21   1.9325399057e+18   8.1785993266e+61   2.2245872600e-24   5.1871390088e-14   2.7297642169e-06   2.0000000000e-02 
  1.8380433622e+21   1.9325399057e+18   8.1958337077e+61   2.2245872600e-24   5.1871390088e-14   2.7684485665e-06   2.0000000000e-02 
  1.8399759021e+21   1.9325399057e+18   8.2130862283e+61   2.2245872600e-24   5.1871390089e-14   2.8313250944e-06   2.0000000000e-02 
  1.8419084420e+21   1.9325399057e+18   8.2303568883e+61   2.2245872600e-24   5.1871390089e-14   2.9008478751e-06   2.0000000000e-02 
  1.8438409819e+21   1.9325399057e+18   8.2476456879e+61   2.2245872600e-24   5.1871390089e-14   2.9711469174e-06   2.0000000000e-02 
  1.8457735218e+21   1.9325399057e+18   8.2649526269e+61   2.2245872600e-24   5.1871390089e-14   3.0509046436e-06   2.0000000000e-02 
  1.8477060617e+21   1.9325399057e+18   8.2822777055e+61   2.2245872600e-24   5.1871390089e-14   3.1288344672e-06   2.0000000000e-02 
  1.8496386016e+21   1.9325399057e+18   8.2996209236e+61   2.2245872600e-24   5.1871390089e-14   3.2066225093e-06   2.0000000000e-02 
  1.8515711415e+21   1.9325399057e+18   8.3169822811e+61   2.2245872600e-24   5.1871390089e-14   3.2742618965e-06   2.0000000000e-02 
  1.8535036815e+21   1.9325399057e+18   8.3343617782e+61   2.2245872600e-24   5.1871390089e-14   3.3233228656e-06   2.0000000000e-02 
  1.8554362214e+21   1.9325399057e+18   8.3517594147e+61   2.2245872600e-24   5.1871390089e-14   3.3163668622e-06   2.0000000000e-02 
  1.8573687613e+21   1.9325399057e+18   8.3691751907e+61   2.2245872600e-24   5.1871390088e-14   3.2945316744e-06   2.0000000000e-02 
  1.8593013012e+21   1.9325399057e+18   8.3866091063e+61   2.2245872600e-24   5.1871390088e-14   3.2804948979e-06   2.0000000000e-02 
  1.8612338411e+21   1.9325399057e+18   8.4040611613e+61   2.2245872600e-24   5.1871390088e-14   3.2910394174e-06   2.0000000000e-02 
  1.8631663810e+21   1.9325399057e+18   8.4215313559e+61   2.2245872600e-24   5.1871390088e-14   3.3243239559e-06   2.0000000000e-02 
  1.8650989209e+21   1.9325399057e+18   8.4390196899e+61   2.2245872600e-24   5.1871390088e-14   3.3335795033e-06   2.0000000000e-02 
  1.8670314608e+21   1.9325399057e+18   8.4565261635e+61   2.2245872600e-24   5.1871390088e-14   3.3929426786e-06   2.0000000000e-02 
  1.8689640007e+21   1.9325399057e+18   8.4740507765e+61   2.2245872600e-24   5.1871390088e-14   3.4359819358e-06   2.0000000000e-02 
  1.8708965406e+21   1.9325399057e+18   8.4915935290e+61   2.2245872600e-24   5.1871390088e-14   3.4091508398e-06   2.0000000000e-02 
  1.8728290805e+21   1.9325399057e+18   8.5091544211e+61   2.2245872600e-24   5.1871390088e-14   3.4362038284e-06   2.0000000000e-02 
  1.8747616204e+21   1.9325399057e+18   8.5267334526e+61   2.2245872600e-24   5.1871390088e-14   3.5107036393e-06   2.0000000000e-02 
  1.8766941603e+21   1.9325399057e+18   8.5443306236e+61   2.2245872600e-24   5.1871390088e-14   3.5403230569e-06   2.0000000000e-02 
  1.8786267002e+21   1.9325399057e+18   8.5619459342e+61   2.2245872600e-24   5.1871390088e-14   3.4587756365e-06   2.0000000000e-02 
  1.8805592401e+21   1.9325399057e+18   8.5795793842e+61   2.2245872600e-24   5.1871390088e-14   3.3063082747e-06   2.0000000000e-02 
  1.8824917800e+21   1.9325399057e+18   8.5972309737e+61   2.2245872600e-24   5.1871390088e-14   3.1825442475e-06   2.0000000000e-02 
  1.8844243199e+21   1.9325399057e+18   8.6149007027e+61   2.2245872600e-24   5.1871390088e-14   3.0848818366e-06   2.0000000000e-02 
  1.8863568598e+21   1.9325399057e+18   8.6325885712e+61   2.2245872600e-24   5.1871390088e-14   2.9922542176e-06   2.0000000000e-02 
  1.8882893998e+21   1.9325399057e+18   8.6502945793e+61   2.2245872600e-24   5.1871390088e-14   2.9225955155e-06   2.0000000000e-02 
  1.8902219397e+21   1.9325399057e+18   8.6680187268e+61   2.2245872600e-24   5.1871390088e-14   2.8917349859e-06   2.0000000000e-02 
  1.8921544796e+21   1.9325399057e+18   8.6857610138e+61   2.2245872600e-24   5.1871390088e-14   2.9358997736e-06   2.0000000000e-02 
  1.8940870195e+21   1.9325399057e+18   8.7035214403e+61   2.2245872600e-24   5.1871390088e-14   2.9906841345e-06   2.0000000000e-02 
  1.8960195594e+21   1.9325399057e+18   8.7213000063e+61   2.2245872600e-24   5.1871390088e-14   3.0486217773e-06   2.0000000000e-02 
  1.8979520993e+21   1.9325399057e+18   8.7390967118e+61   2.2245872600e-24   5.1871390088e-14   3.2281817286e-06   2.0000000000e-02 
  1.8998846392e+21   1.9325399057e+18   8.7569115569e+61   2.2245872600e-24   5.1871390089e-14   3.3848544307e-06   2.0000000000e-02 
  1.9018171791e+21   1.9325399057e+18   8.7747445414e+61   2.2245872600e-24   5.1871390089e-14   3.5386227891e-06   2.0000000000e-02 
  1.9037497190e+21   1.9325399057e+18   8.7925956654e+61   2.2245872600e-24   5.1871390089e-14   3.6256313649e-06   2.0000000000e-02 
  1.9056822589e+21   1.9325399057e+18   8.8104649289e+61   2.2245872600e-24   5.1871390089e-14   3.6322226001e-06   2.0000000000e-02 
  1.9076147988e+21   1.9325399057e+18   8.8283523319e+61   2.2245872600e-24   5.1871390089e-14   3.6579000582e-06   2.0000000000e-02 
  1.9095473387e+21   1.9325399057e+18   8.8462578744e+61   2.2245872600e-24   5.1871390089e-14   3.7500003907e-06   2.0000000000e-02 
  1.9114798786e+21   1.9325399057e+18   8.8641815564e+61   2.2245872600e-24   5.1871390089e-14   3.8162842568e-06   2.0000000000e-02 
  1.9134124185e+21   1.9325399057e+18   8.8821233779e+61   2.2245872600e-24   5.1871390089e-14   3.8313211617e-06   2.0000000000e-02 
  1.9153449584e+21   1.9325399057e+18   8.9000833389e+61   2.2245872600e-24   5.1871390089e-14   3.8660954917e-06   2.0000000000e-02 
  1.9172774983e+21   1.9325399057e+18   8.9180614394e+61   2.2245872600e-24   5.1871390089e-14   3.9314821455e-06   2.0000000000e-02 
  1.9192100382e+21   1.9325399057e+18   8.9360576794e+61   2.2245872600e-24   5.1871390089e-14   4.0397049100e-06   2.0000000000e-02 
  1.9211425782e+21   1.9325399057e+18   8.9540720589e+61   2.2245872600e-24   5.1871390089e-14   4.1676210946e-06   2.0000000000e-02 
  1.9230751181e+21   1.9325399057e+18   8.9721045778e+61   2.2245872600e-24   5.1871390088e-14   4.2008769525e-06   2.0000000000e-02 
  1.9250076580e+21   1.9325399057e+18   8.9901552363e+61   2.2245872600e-24   5.1871390088e-14   4.0836732796e-06   2.0000000000e-02 
  1.9269401979e+21   1.9325399057e+18   9.0082240343e+61   2.2245872600e-24   5.1871390088e-14   3.9072684114e-06   2.0000000000e-02 
  1.9288727378e+21   1.9325399057e+18   9.0263109718e+61   2.2245872600e-24   5.1871390088e-14   3.6827530150e-06   2.0000000000e-02 
  1.9308052777e+21   1.9325399057e+18   9.0444160488e+61   2.2245872600e-24   5.1871390088e-14   3.5157681719e-06   2.0000000000e-02 
  1.9327378176e+21   1.9325399057e+18   9.0625392653e+61   2.2245872600e-24   5.1871390088e-14   3.4128549934e-06   2.0000000000e-02 
  1.9346703575e+21   1.9325399057e+18   9.0806806212e+61   2.2245872600e-24   5.1871390088e-14   3.3221396833e-06   2.0000000000e-02 
  1.9366028974e+21   1.9325399057e+18   9.0988401167e+61   2.2245872600e-24   5.1871390088e-14   3.2453779938e-06   2.0000000000e-02 
  1.9385354373e+21   1.9325399057e+18   9.1170177517e+61   2.2245872600e-24   5.1871390088e-14   3.2296528477e-06   2.0000000000e-02 
  1.9404679772e+21   1.9325399057e+18   9.1352135262e+61   2.2245872600e-24   5.1871390088e-14   3.4357284367e-06   2.0000000000e-02 
  1.9424005171e+21   1.9325399057e+18   9.1534274401e+61   2.2245872600e-24   5.1871390088e-14   2.9542211896e-06   2.0000000000e-02 
  1.9443330570e+21   1.9325399057e+18   9.1716594936e+61   2.2245872600e-24   5.1871390088e-14   1.8017859372e-06   2.0000000000e-02 
  1.9462655969e+21   1.9325399057e+18   9.1899096866e+61   2.2245872600e-24   5.1871390087e-14   3.5972191326e-07   2.0000000000e-02 
  1.9481981368e+21   1.9325399057e+18   9.2081780190e+61   2.2245872600e-24   5.1871390087e-14  -5.9635267076e-07   2.0000000000e-02 
  1.9501306767e+21   1.9325399057e+18   9.2264644910e+61   2.2245872600e-24   5.1871390087e-14  -7.4442164564e-07   2.0000000000e-02 
  1.9520632166e+21   1.9325399057e+18   9.2447691025e+61   2.2245872600e-24   5.1871390087e-14  -7.7878106522e-07   2.0000000000e-02 
  1.9539957565e+21   1.9325399057e+18   9.2630918534e+61   2.2245872600e-24   5.1871390087e-14  -8.4744277875e-07   2.0000000000e-02 
  1.9559282965e+21   1.9325399057e+18   9.2814327439e+61   2.2245872600e-24   5.1871390087e-14  -9.1637135652e-07   2.0000000000e-02 
  1.9578608364e+21   1.9325399057e+18   9.2997917739e+61   2.2245872600e-24   5.1871390087e-14  -9.2892028476e-07   2.0000000000e-02 
  1.9597933763e+21   1.9325399057e+18   9.3181689433e+61   2.2245872600e-24   5.1871390087e-14  -9.2295240425e-07   2.0000000000e-02 
  1.9617259162e+21   1.9325399057e+18   9.3365642523e+61   2.2245872600e-24   5.1871390087e-14  -9.1441251778e-07   2.0000000000e-02 
  1.9636584561e+21   1.9325399057e+18   9.3549777007e+61   2.2245872600e-24   5.1871390087e-14  -8.5971547305e-07   2.0000000000e-02 
  1.9655909960e+21   1.9325399057e+18   9.3734092887e+61   2.2245872600e-24   5.1871390087e-14  -7.9412599294e-07   2.0000000000e-02 
  1.9675235359e+21   1.9325399057e+18   9.3918590161e+61   2.2245872600e-24   5.1871390087e-14  -7.6851691137e-07   2.0000000000e-02 
  1.9694560758e+21   1.9325399057e+18   9.4103268831e+61   2.2245872600e-24   5.1871390087e-14  -7.4478859871e-07   2.0000000000e-02 
  1.9713886157e+21   1.9325399057e+18   9.4288128895e+61   2.2245872600e-24   5.1871390087e-14  -6.7349051606e-07   2.0000000000e-02 
  1.9733211556e+21   1.9325399057e+18   9.4473170355e+61   2.2245872600e-24   5.1871390087e-14  -5.4485323747e-07   2.0000000000e-02 
  1.9752536955e+21   1.9325399057e+18   9.4658393209e+61   2.2245872600e-24   5.1871390087e-14  -3.4437748207e-07   2.0000000000e-02 
  1.9771862354e+21   1.9325399057e+18   9.4843797459e+61   2.2245872600e-24   5.1871390087e-14  -1.2408752435e-07   2.0000000000e-02 
  1.9791187753e+21   1.9325399057e+18   9.5029383103e+61   2.2245872600e-24   5.1871390087e-14   0.0000000000e+00   2.0000000000e-02 
