# time = 8.620733e+14 [s] 
# r                  dr                 dV                 Density            Pressure           Velocity           Z
  2.1304517832e+18   2.1304517832e+18   4.0504543152e+55   1.6283534724e-30   6.4455981986e-13   0.0000000000e+00   7.3313011751e-02 
  3.0384737997e+18   9.0802201649e+17   7.7000118647e+55   1.6283534724e-30   6.4455981986e-13   2.3995736404e+05   7.3313011751e-02 
  3.9160300895e+18   8.7755628974e+17   1.3404669820e+56   1.6290669397e-30   6.4461863648e-13   4.4374667712e+05   7.3313011751e-02 
  4.6250893315e+18   7.0905924199e+17   1.6287654018e+56   1.6370119789e-30   6.4454878549e-13   6.9421152584e+05   7.3313011751e-02 
  5.0619819007e+18   4.3689256925e+17   1.2888544589e+56   1.6437269914e-30   6.4449270758e-13   8.7786899776e+05   7.3313011751e-02 
  5.6832150652e+18   6.2123316452e+17   2.2558846229e+56   1.6527881278e-30   6.4447307551e-13   1.0456174061e+06   7.3313011751e-02 
  6.2773592562e+18   5.9414419093e+17   2.6724086879e+56   1.6682760692e-30   6.4445794312e-13   1.2487018712e+06   7.3313011751e-02 
  7.0837493468e+18   8.0639009063e+17   4.5280064437e+56   1.6924500882e-30   6.4443219249e-13   1.4947511957e+06   7.3313011751e-02 
  7.8233342041e+18   7.3958485727e+17   5.1674875555e+56   1.7266520455e-30   6.4440483511e-13   1.7574310495e+06   7.3313011751e-02 
  8.7940079701e+18   9.7067376609e+17   8.4302404854e+56   1.7713224155e-30   6.4438590052e-13   2.0293358960e+06   7.3313011751e-02 
  9.7159595119e+18   9.2195154177e+17   9.9318070616e+56   1.8292340189e-30   6.4438219983e-13   2.3278995455e+06   7.3313011751e-02 
  1.0937423210e+19   1.2214636979e+18   1.6387732536e+57   1.9067018632e-30   6.4441251730e-13   2.6468390267e+06   7.3313011751e-02 
  1.2087714525e+19   1.1502913157e+18   1.9174468847e+57   2.0030829039e-30   6.4441160147e-13   2.9619304975e+06   7.3313011751e-02 
  1.3528122878e+19   1.4404083528e+18   2.9724196032e+57   2.1216014431e-30   6.4441375348e-13   3.2917062772e+06   7.3313011751e-02 
  1.4832869367e+19   1.3047464886e+18   3.2993252606e+57   2.2634161586e-30   6.4440388954e-13   3.6227848313e+06   7.3313011751e-02 
  1.6501423405e+19   1.6685540378e+18   5.1515775288e+57   2.4383035838e-30   6.4445901711e-13   3.9282441978e+06   7.3313011751e-02 
  1.8087154468e+19   1.5857310635e+18   5.9641558097e+57   2.6504837535e-30   6.4457324248e-13   4.2828701882e+06   7.3313011751e-02 
  1.9951770958e+19   1.8646164899e+18   8.4828849876e+57   2.9048009404e-30   6.4455789481e-13   4.7353058092e+06   7.3313011751e-02 
  2.1689997305e+19   1.7382263471e+18   9.4747267946e+57   3.2001587655e-30   6.4450033076e-13   5.2130915250e+06   7.3313011751e-02 
  2.3901495060e+19   2.2114977549e+18   1.4452549896e+58   3.5727414248e-30   6.4455344947e-13   5.7299805521e+06   7.3313011751e-02 
  2.5781555956e+19   1.8800608956e+18   1.4586313752e+58   3.9993226207e-30   6.4452159533e-13   6.2743170807e+06   7.3313011751e-02 
  2.7840703166e+19   2.0591472108e+18   1.8609765706e+58   4.4739462897e-30   6.4450632480e-13   6.7960729114e+06   7.3313011751e-02 
  3.2885939506e+19   5.0452363396e+18   5.8585213607e+58   5.4609244559e-30   6.4463611835e-13   7.7090663016e+06   7.3313011751e-02 
  3.5285495202e+19   2.3995556957e+18   3.5048133642e+58   6.5902553586e-30   6.4487736409e-13   8.6412087588e+06   7.3313011751e-02 
  3.6655919332e+19   1.3704241301e+18   2.2285138782e+58   7.2505660082e-30   6.4488409759e-13   9.1389540188e+06   7.3313011751e-02 
  3.8409312888e+19   1.7533935559e+18   3.1044589490e+58   7.9748615336e-30   6.4485826049e-13   9.5674864877e+06   7.3313011751e-02 
  3.9684321799e+19   1.2750089114e+18   2.4430533602e+58   8.8311469221e-30   6.4481138711e-13   9.9254383204e+06   7.3313011751e-02 
  4.1616567819e+19   1.9322460195e+18   4.0131431601e+58   1.0037771277e-29   6.4515577643e-13   1.0285153851e+07   7.3313011751e-02 
  4.3077627608e+19   1.4610597890e+18   3.2928218420e+58   1.1531957166e-29   6.4519528303e-13   1.0711516679e+07   7.3313011751e-02 
  4.5349212504e+19   2.2715848960e+18   5.5813926919e+58   1.3672994641e-29   6.4518739004e-13   1.1185806153e+07   7.3313011751e-02 
  5.0252455157e+19   4.9032426535e+18   1.4091097830e+59   1.8485964840e-29   6.4528888430e-13   1.2069254508e+07   7.3313011751e-02 
  5.8258218803e+19   8.0057636459e+18   2.9667765672e+59   2.7643642936e-29   6.4567204120e-13   1.3656628824e+07   7.3313011751e-02 
  6.1693216935e+19   3.4349981318e+18   1.5531234523e+59   3.6899263089e-29   6.4611918375e-13   1.5052468465e+07   7.3313011751e-02 
  7.2373808844e+19   1.0680591909e+19   6.0437563772e+59   4.9133587120e-29   6.4680517085e-13   1.6734783615e+07   7.3313011751e-02 
  8.0123609490e+19   7.7498006461e+18   5.6668157787e+59   6.5758558172e-29   6.4742667880e-13   1.8861168958e+07   7.3313011751e-02 
  8.6043727549e+19   5.9201180597e+18   5.1375406785e+59   7.7902126324e-29   6.4779398932e-13   2.0390431485e+07   7.3313011751e-02 
  9.3741968873e+19   7.6982413237e+18   7.8219855188e+59   8.8981810924e-29   6.4797474078e-13   2.1873406010e+07   7.3313011751e-02 
  9.9856069576e+19   6.1141007028e+18   7.2015955629e+59   9.9299386309e-29   6.4807883320e-13   2.3352727659e+07   7.3313011751e-02 
  1.0669960801e+20   6.8435384350e+18   9.1762183212e+59   1.0720375994e-28   6.4803559688e-13   2.4704422898e+07   7.3313011751e-02 
  1.1160959876e+20   4.9099907479e+18   7.3527173624e+59   1.1289801027e-28   6.4835480785e-13   2.5911244786e+07   7.3313011751e-02 
  1.2466581120e+20   1.3056212446e+19   2.2921653632e+60   1.1795717145e-28   6.4867538539e-13   2.7613193914e+07   7.3313011751e-02 
  1.3315728152e+20   8.4914703110e+18   1.7739174183e+60   1.2251753106e-28   6.4805949934e-13   2.9530152638e+07   7.3313011751e-02 
  1.3830535646e+20   5.1480749434e+18   1.1919743878e+60   1.2406420423e-28   6.4756885553e-13   3.0549233295e+07   7.3313011751e-02 
  1.4646734049e+20   8.1619840301e+18   2.0799898440e+60   1.2349000513e-28   6.4666818687e-13   3.1320302445e+07   7.3313011751e-02 
  1.5625816667e+20   9.7908261848e+18   2.8198021998e+60   1.2104528360e-28   6.4309271638e-13   3.2118167907e+07   7.3313011751e-02 
  1.6434960434e+20   8.0914376614e+18   2.6134599700e+60   1.1759626424e-28   6.3636350573e-13   3.2573372581e+07   7.3313011751e-02 
  1.7164059823e+20   7.2909938944e+18   2.5861755262e+60   1.1375031070e-28   6.2727694144e-13   3.2594279310e+07   7.3313011751e-02 
  1.7888779871e+20   7.2472004760e+18   2.7978758384e+60   1.0951621185e-28   6.1745456524e-13   3.2337970049e+07   7.3313011751e-02 
  1.8485021391e+20   5.9624151996e+18   2.4784968067e+60   1.0514862731e-28   6.0726731197e-13   3.1892199287e+07   7.3313011751e-02 
  1.9419181826e+20   9.3416043519e+18   4.2172952397e+60   9.9366211633e-29   5.9341454719e-13   3.1043618599e+07   7.3313011751e-02 
  2.0346694803e+20   9.2751297738e+18   4.6086076633e+60   9.2191947973e-29   5.7658143185e-13   2.9965378638e+07   7.3313011751e-02 
  2.1634194805e+20   1.2875000020e+19   7.1307715977e+60   8.4318720734e-29   5.6407865977e-13   2.9343012476e+07   7.3313011751e-02 
  2.2505971709e+20   8.7177690373e+18   5.3367840627e+60   7.6949050783e-29   5.5632680198e-13   2.9118622645e+07   7.3313011751e-02 
  2.3647409604e+20   1.1414378956e+19   7.6400771301e+60   7.0714171509e-29   5.5198745305e-13   2.9092585034e+07   7.3313011751e-02 
  2.4736725353e+20   1.0893157483e+19   8.0127757463e+60   6.5085966750e-29   5.4873966384e-13   2.9283912190e+07   7.3313011751e-02 
  2.6295904727e+20   1.5591793740e+19   1.2760772540e+61   6.0495562720e-29   5.4662394719e-13   2.9746546859e+07   7.3313011751e-02 
  2.7292598954e+20   9.9669422781e+18   8.9930115646e+60   5.7415607563e-29   5.4461629546e-13   3.0218285753e+07   7.3313011751e-02 
  2.7959231125e+20   6.6663217051e+18   6.3936748890e+60   5.6181002925e-29   5.4306375746e-13   3.0466903421e+07   7.3313011751e-02 
  2.8741779586e+20   7.8254846139e+18   7.9044251031e+60   5.5756339397e-29   5.4116905858e-13   3.0580357058e+07   7.3313011751e-02 
  2.9924820354e+20   1.1830407674e+19   1.2793526875e+61   5.5935743504e-29   5.3683860098e-13   3.0591906895e+07   7.3313011750e-02 
  3.0206020681e+20   2.8120032727e+18   3.1942096464e+60   5.6647747602e-29   5.3294575008e-13   3.0622199392e+07   7.3313011750e-02 
  3.0413953158e+20   2.0793247733e+18   2.4005203556e+60   5.7505581924e-29   5.3143086760e-13   3.0621463823e+07   7.3313011742e-02 
  3.1107542180e+20   6.9358902204e+18   8.2475365428e+60   6.0714877570e-29   5.2810910974e-13   3.0508297487e+07   7.3313011715e-02 
  3.1330153027e+20   2.2261084676e+18   2.7264137366e+60   6.4191623432e-29   5.2414594026e-13   3.0387888081e+07   7.3313011640e-02 
  3.1751838686e+20   4.2168565897e+18   5.2717640846e+60   6.5446042315e-29   5.2067567218e-13   3.0238460653e+07   7.3313011177e-02 
  3.2972062243e+20   1.2202235572e+19   1.6060908090e+61   6.6256383426e-29   5.0829282618e-13   2.9460684599e+07   7.3313009209e-02 
  3.4593953861e+20   1.6218916180e+19   2.3265464885e+61   6.5720500401e-29   4.7916287749e-13   2.7052173663e+07   7.3312999549e-02 
  3.6163682028e+20   1.5697281665e+19   2.4694042597e+61   6.3683398851e-29   4.4829295454e-13   2.4610401751e+07   7.3312956678e-02 
  3.7770120890e+20   1.6064388624e+19   2.7591067581e+61   6.0939343536e-29   4.2600203254e-13   2.3255988383e+07   7.3312749002e-02 
  3.8980845335e+20   1.2107244446e+19   2.2407783963e+61   5.7790530388e-29   4.0972382579e-13   2.2424895503e+07   7.3311840367e-02 
  3.9553166636e+20   5.7232130113e+18   1.1089527433e+61   5.5150992929e-29   4.0041998423e-13   2.1933747318e+07   7.3309240273e-02 
  4.0184547888e+20   6.3138125178e+18   1.2611832613e+61   5.2085750753e-29   3.9467111788e-13   2.1593461936e+07   7.3286173521e-02 
  4.0608257615e+20   4.2370972737e+18   8.6889573799e+60   4.8558518725e-29   3.9000278652e-13   2.1294664418e+07   7.3201271005e-02 
  4.1158205435e+20   5.4994781966e+18   1.1551232623e+61   4.4088142450e-29   3.8609596652e-13   2.1015692522e+07   7.2818102928e-02 
  4.1288900266e+20   1.3069483118e+18   2.7909976918e+60   4.0539265169e-29   3.8357440629e-13   2.0818797592e+07   7.2291807276e-02 
  4.1409877951e+20   1.2097768508e+18   2.5992834359e+60   3.9218891955e-29   3.8272427457e-13   2.0742462235e+07   6.9384825484e-02 
  4.1775900191e+20   3.6602224031e+18   7.9571641487e+60   3.7775762494e-29   3.8113520464e-13   2.0592028259e+07   6.8833934466e-02 
  4.2262702396e+20   4.8680220517e+18   1.0801023513e+61   3.5856445398e-29   3.7842314471e-13   2.0326794546e+07   6.8505602252e-02 
  4.2493067655e+20   2.3036525834e+18   5.1988402592e+60   3.4575988740e-29   3.7623211085e-13   2.0099927961e+07   6.8457877668e-02 
  4.2757918527e+20   2.6485087207e+18   6.0471605677e+60   3.4036115601e-29   3.7475685327e-13   1.9937584742e+07   6.8445660966e-02 
  4.3283042943e+20   5.2512441616e+18   1.2213158302e+61   3.3585944674e-29   3.7240770600e-13   1.9669241610e+07   6.8445154254e-02 
  4.4239541397e+20   9.5649845430e+18   2.3019278142e+61   3.3047817339e-29   3.6791776441e-13   1.9142242732e+07   6.8445090444e-02 
  4.4995817623e+20   7.5627622619e+18   1.8919718463e+61   3.2593034344e-29   3.6268851861e-13   1.8486359152e+07   6.8445082941e-02 
  4.5978030236e+20   9.8221261240e+18   2.5539087855e+61   3.2317533491e-29   3.5731310099e-13   1.7760989327e+07   6.8445082460e-02 
  4.6517056680e+20   5.3902644432e+18   1.4487791614e+61   3.2206806044e-29   3.5270298612e-13   1.7132722661e+07   6.8445082438e-02 
  4.7013621399e+20   4.9656471907e+18   1.3647024732e+61   3.2237011578e-29   3.4967178559e-13   1.6713526417e+07   6.8445082444e-02 
  4.7487352255e+20   4.7373085597e+18   1.3291002810e+61   3.2364439979e-29   3.4691561964e-13   1.6334600490e+07   6.8445082453e-02 
  4.7770149168e+20   2.8279691253e+18   8.0616545466e+60   3.2568274571e-29   3.4482329003e-13   1.6050070738e+07   6.8445082461e-02 
  4.8042092109e+20   2.7194294134e+18   7.8427943703e+60   3.2850713670e-29   3.4329938312e-13   1.5843456945e+07   6.8445082471e-02 
  4.8678790734e+20   6.3669862462e+18   1.8712446065e+61   3.3540297043e-29   3.4082735303e-13   1.5512733923e+07   6.8445082507e-02 
  4.9030455996e+20   3.5166526242e+18   1.0547573223e+61   3.4429093268e-29   3.3816542684e-13   1.5161470574e+07   6.8445082697e-02 
  4.9224081502e+20   1.9362550636e+18   5.8724351940e+60   3.5101386810e-29   3.3669380439e-13   1.4970214400e+07   6.8445083933e-02 
  4.9488831491e+20   2.6474998864e+18   8.1046599963e+60   3.5795983919e-29   3.3544744625e-13   1.4812127877e+07   6.8445096145e-02 
  5.0072634263e+20   5.8380277169e+18   1.8180405523e+61   3.6825858170e-29   3.3313264498e-13   1.4524282669e+07   6.8445141265e-02 
  5.0585037552e+20   5.1240328908e+18   1.6310200318e+61   3.7868244393e-29   3.3013593378e-13   1.4156813060e+07   6.8445464973e-02 
  5.1127992336e+20   5.4295478375e+18   1.7646998335e+61   3.8501443049e-29   3.2728587736e-13   1.3811632076e+07   6.8447513663e-02 
  5.2718515658e+20   1.5905233219e+19   5.3889935873e+61   3.8953386940e-29   3.2161302215e-13   1.3119509496e+07   6.8452781903e-02 
  5.3815985843e+20   1.0974701859e+19   3.9132583644e+61   3.9245837247e-29   3.1512747697e-13   1.2371020245e+07   6.8462593740e-02 
  5.4858117809e+20   1.0421319659e+19   3.8666782541e+61   3.9161401457e-29   3.1022607541e-13   1.1784675459e+07   6.8470553675e-02 
  5.6283021941e+20   1.4249041313e+19   5.5297946619e+61   3.8727175741e-29   3.0507176000e-13   1.1161383014e+07   6.8502853069e-02 
  5.7103870943e+20   8.2084900195e+18   3.3154802343e+61   3.8070003818e-29   3.0073552951e-13   1.0628998192e+07   6.8568959156e-02 
  5.7896940504e+20   7.9306956128e+18   3.2951094785e+61   3.7399035708e-29   2.9787173679e-13   1.0264022696e+07   6.9057162809e-02 
  5.8605615021e+20   7.0867451719e+18   3.0218503245e+61   3.6512549173e-29   2.9536257062e-13   9.9419662748e+06   7.1417745039e-02 
  5.9024909971e+20   4.1929494975e+18   1.8226841382e+61   3.5604148715e-29   2.9357684933e-13   9.7073887282e+06   7.5844442704e-02 
  5.9354496704e+20   3.2958673300e+18   1.4510187828e+61   3.4728256246e-29   2.9245228732e-13   9.5547775526e+06   8.7800323946e-02 
  5.9923497271e+20   5.6900056729e+18   2.5432351623e+61   3.3560533501e-29   2.9116632805e-13   9.3709897303e+06   9.3828632389e-02 
  6.0940827561e+20   1.0173302899e+19   4.6689407739e+61   3.1799460309e-29   2.8905020713e-13   9.0609222637e+06   9.6109601140e-02 
  6.1569264081e+20   6.2843652031e+18   2.9631854101e+61   3.0197726903e-29   2.8709553332e-13   8.7757891000e+06   9.7058098426e-02 
  6.1751106845e+20   1.8184276360e+18   8.6879208401e+60   2.9561253977e-29   2.8620935432e-13   8.6392002632e+06   9.7272883593e-02 
  6.1987767400e+20   2.3666055522e+18   1.1383835264e+61   2.9376729080e-29   2.8576927532e-13   8.5693407974e+06   9.7333714516e-02 
  6.2603781749e+20   6.1601434907e+18   3.0041486031e+61   2.9196108654e-29   2.8489363231e-13   8.4290829277e+06   9.7337759681e-02 
  6.3001385364e+20   3.9760361512e+18   1.9706824959e+61   2.9075468272e-29   2.8389589217e-13   8.2697795094e+06   9.7338903168e-02 
  6.3325857096e+20   3.2447173209e+18   1.6267534158e+61   2.9059380755e-29   2.8321148741e-13   8.1578090215e+06   9.7339020350e-02 
  6.4480223199e+20   1.1543661026e+19   5.9239076443e+61   2.9124605884e-29   2.8184842538e-13   7.9303012572e+06   9.7338972034e-02 
  6.5515580317e+20   1.0353571184e+19   5.4967741720e+61   2.9376579733e-29   2.7997327205e-13   7.6266801110e+06   9.7338597650e-02 
  6.6769995795e+20   1.2544154776e+19   6.8965085630e+61   2.9858509037e-29   2.7815403174e-13   7.3339238622e+06   9.7337365721e-02 
  6.7619053378e+20   8.4905758346e+18   4.8174870827e+61   3.0464821399e-29   2.7658373507e-13   7.0820643041e+06   9.7334575526e-02 
  6.8162743015e+20   5.4368963699e+18   3.1490992545e+61   3.1017449636e-29   2.7559770328e-13   6.9220455265e+06   9.7326393811e-02 
  6.8760178818e+20   5.9743580234e+18   3.5188130166e+61   3.1626474208e-29   2.7482521020e-13   6.7962695924e+06   9.7255116338e-02 
  6.9510824483e+20   7.5064566514e+18   4.5087000954e+61   3.2348997667e-29   2.7392704376e-13   6.6459404427e+06   9.7148847472e-02 
  7.1179810570e+20   1.6689860868e+19   1.0378948109e+62   3.3473059291e-29   2.7243791870e-13   6.4000454878e+06   9.7145648854e-02 
  7.2838517870e+20   1.6587073007e+19   1.0808722406e+62   3.4955170108e-29   2.7053817948e-13   6.0897228301e+06   9.7376054959e-02 
  7.3280381808e+20   4.4186393758e+18   2.9638248923e+61   3.5891614429e-29   2.6939422532e-13   5.8968811042e+06   9.7690601481e-02 
  7.3487313422e+20   2.0693161424e+18   1.4003543821e+61   3.6197199044e-29   2.6906002771e-13   5.8355399548e+06   9.9340088552e-02 
  7.4008004211e+20   5.2069078831e+18   3.5586726311e+61   3.6583179195e-29   2.6870338590e-13   5.7624853477e+06   1.0063168320e-01 
  7.4947508589e+20   9.3950437860e+18   6.5488885872e+61   3.7408990328e-29   2.6801684817e-13   5.6103555546e+06   1.0125481548e-01 
  7.6278063380e+20   1.3305547912e+19   9.5597011098e+61   3.8754422930e-29   2.6702576479e-13   5.3595768106e+06   1.0131898602e-01 
  7.7121576060e+20   8.4351267989e+18   6.2358339615e+61   4.0104682385e-29   2.6614719411e-13   5.1118407653e+06   1.0071802336e-01 
  7.8521193641e+20   1.3996175810e+19   1.0651943869e+62   4.1625504072e-29   2.6526422399e-13   4.8490128049e+06   9.8766444831e-02 
  7.9676208460e+20   1.1550148190e+19   9.0812125441e+61   4.3477682206e-29   2.6428757489e-13   4.5302271104e+06   9.6552709085e-02 
  8.0672972569e+20   9.9676410832e+18   8.0515844099e+61   4.5172521126e-29   2.6371374189e-13   4.2013621426e+06   9.7163952112e-02 
  8.1325606355e+20   6.5263378605e+18   5.3807669800e+61   4.6517473380e-29   2.6353084521e-13   3.9090076854e+06   1.0216588508e-01 
  8.1604424994e+20   2.7881863981e+18   2.3252753247e+61   4.7204120541e-29   2.6346622597e-13   3.7369442032e+06   1.1177035558e-01 
  8.2035740849e+20   4.3131585475e+18   3.6284916084e+61   4.7607593058e-29   2.6337228571e-13   3.6117249851e+06   1.3928190042e-01 
  8.2738593932e+20   7.0285308255e+18   5.9950967272e+61   4.8173356838e-29   2.6318686919e-13   3.4167685728e+06   1.7171143908e-01 
  8.3046428921e+20   3.0783498910e+18   2.6580242560e+61   4.8659571412e-29   2.6300717182e-13   3.2502952303e+06   1.9207911180e-01 
  8.3489727696e+20   4.4329877486e+18   3.8624645347e+61   4.9026108902e-29   2.6285617258e-13   3.1296983255e+06   2.0119052159e-01 
  8.4011448159e+20   5.2172046371e+18   4.5985918892e+61   4.9553115806e-29   2.6266607691e-13   2.9717960359e+06   2.0512591826e-01 
  8.4320086716e+20   3.0863855676e+18   2.7474608058e+61   5.0140092350e-29   2.6250867873e-13   2.8363463577e+06   2.0550897530e-01 
  8.4969206132e+20   6.4911941547e+18   5.8443414616e+61   5.1233834776e-29   2.6233010470e-13   2.6777396066e+06   2.0543049259e-01 
  8.5479720468e+20   5.1051433672e+18   4.6595894726e+61   5.3290296805e-29   2.6209975695e-13   2.4837330226e+06   2.0455795374e-01 
  8.6154054984e+20   6.7433451535e+18   6.2406957237e+61   5.7172569356e-29   2.6181167208e-13   2.2755387937e+06   2.0295969953e-01 
  8.6709917220e+20   5.5586223607e+18   5.2182816560e+61   6.4599265056e-29   2.6161507409e-13   2.0158166787e+06   2.0224717277e-01 
  8.7600347446e+20   8.9043022620e+18   8.4996191996e+61   8.3402075966e-29   2.6157988808e-13   1.6395947978e+06   2.0455273372e-01 
  8.7842155501e+20   2.4180805492e+18   2.3382478327e+61   1.1347889532e-28   2.6141142589e-13   1.2340145770e+06   1.9494059284e-01 
  8.8344814965e+20   5.0265946433e+18   4.9019907902e+61   2.4246484269e-28   2.6294630100e-13   1.1120827125e+06   1.3201370089e-01 
  8.8872413284e+20   5.2759831915e+18   5.2055477974e+61   3.5252395226e-24   7.7095144037e-14   6.3257653127e+05   2.0041133764e-02 
  8.9085300334e+20   2.1288704954e+18   2.1180341471e+61   3.2608866875e-23   3.3000012664e-13   5.3137129334e+05   2.0026044866e-02 
  8.9198102626e+20   1.1280229239e+18   1.1263923344e+61   4.4168181611e-23   4.1340077078e-13   5.3568693929e+05   2.0019975110e-02 
  8.9332265401e+20   1.3416277499e+18   1.3434026093e+61   4.8335254859e-23   4.4237513039e-13   5.4193662518e+05   2.0016042485e-02 
  8.9413437027e+20   8.1171625453e+17   8.1475186465e+60   5.4005444452e-23   4.8087223710e-13   5.4582079451e+05   2.0006145093e-02 
  8.9475843963e+20   6.2406935742e+17   6.2740992719e+60   5.8673471882e-23   5.1170673049e-13   5.4827004735e+05   2.0002736129e-02 
  8.9531987282e+20   5.6143319900e+17   5.6518683712e+60   6.2868211905e-23   5.3881719790e-13   5.5010289249e+05   2.0001156343e-02 
  8.9595451711e+20   6.3464428753e+17   6.3974146382e+60   6.7204311850e-23   5.6629644450e-13   5.5184075847e+05   2.0000447137e-02 
  8.9661079406e+20   6.5627695100e+17   6.6250173456e+60   7.2057393077e-23   5.9607199797e-13   5.5370989458e+05   2.0000164525e-02 
  8.9724160182e+20   6.3080776129e+17   6.3770574384e+60   7.6949196895e-23   6.2534704889e-13   5.5562477856e+05   2.0000052767e-02 
  8.9783331128e+20   5.9170945981e+17   5.9899549482e+60   8.2059184342e-23   6.5536223926e-13   5.5725321186e+05   2.0000016609e-02 
  8.9837438842e+20   5.4107713276e+17   5.4843122477e+60   8.7596281638e-23   6.8723203591e-13   5.5853084086e+05   2.0000005253e-02 
  8.9887910347e+20   5.0471505826e+17   5.1217080437e+60   9.4302286220e-23   7.2502238752e-13   5.6121249815e+05   2.0000001565e-02 
  8.9944762206e+20   5.6851858137e+17   5.7760606911e+60   8.9028718667e-23   6.9633310246e-13   5.5533406086e+05   2.0000000449e-02 
  8.9984627365e+20   3.9865159483e+17   4.0545961045e+60   4.3750113826e-23   4.2032334576e-13   4.8432159961e+05   2.0000000183e-02 
  9.0096077846e+20   1.1145048083e+18   1.1354453605e+61   7.1802290497e-24   1.2592774609e-13   2.5319706816e+05   2.0000000055e-02 
  9.0270652207e+20   1.7457436066e+18   1.7841991666e+61   2.4574221058e-24   5.7151918034e-14   2.2088997241e+04   2.0000000000e-02 
  9.0462709078e+20   1.9205687091e+18   1.9708634539e+61   2.2357566672e-24   5.2096941161e-14   9.4848750861e+02   2.0000000000e-02 
  9.0655914733e+20   1.9320565579e+18   1.9911138452e+61   2.2250309127e-24   5.1880273850e-14   3.6881511545e+01   2.0000000000e-02 
  9.0849166833e+20   1.9325209989e+18   2.0001005778e+61   2.2246046209e-24   5.1871736988e-14   1.4418102113e+00   2.0000000000e-02 
  9.1042420750e+20   1.9325391643e+18   2.0086467538e+61   2.2245879407e-24   5.1871403683e-14   5.6513282421e-02   2.0000000000e-02 
  9.1235674737e+20   1.9325398765e+18   2.0171930535e+61   2.2245872869e-24   5.1871390624e-14   2.2146801317e-03   2.0000000000e-02 
  9.1428928728e+20   1.9325399052e+18   2.0257567843e+61   2.2245872604e-24   5.1871390101e-14   8.0611316960e-05   2.0000000000e-02 
  9.1622182718e+20   1.9325399057e+18   2.0343386252e+61   2.2245872600e-24   5.1871390088e-14  -6.6109325493e-07   2.0000000000e-02 
  9.1815436709e+20   1.9325399057e+18   2.0429386051e+61   2.2245872600e-24   5.1871390089e-14  -2.6586070331e-06   2.0000000000e-02 
  9.2008690699e+20   1.9325399057e+18   2.0515567245e+61   2.2245872600e-24   5.1871390089e-14  -2.3877244691e-06   2.0000000000e-02 
  9.2201944690e+20   1.9325399057e+18   2.0601929833e+61   2.2245872600e-24   5.1871390088e-14  -1.8687898065e-06   2.0000000000e-02 
  9.2395198681e+20   1.9325399057e+18   2.0688473817e+61   2.2245872600e-24   5.1871390089e-14  -1.1180025130e-06   2.0000000000e-02 
  9.2588452671e+20   1.9325399057e+18   2.0775199196e+61   2.2245872600e-24   5.1871390089e-14  -2.3296764262e-07   2.0000000000e-02 
  9.2781706662e+20   1.9325399057e+18   2.0862105969e+61   2.2245872600e-24   5.1871390089e-14   4.1169236596e-08   2.0000000000e-02 
  9.2974960652e+20   1.9325399057e+18   2.0949194138e+61   2.2245872600e-24   5.1871390089e-14   1.1126237878e-07   2.0000000000e-02 
  9.3168214643e+20   1.9325399057e+18   2.1036463701e+61   2.2245872600e-24   5.1871390089e-14   1.4154625421e-07   2.0000000000e-02 
  9.3361468633e+20   1.9325399057e+18   2.1123914660e+61   2.2245872600e-24   5.1871390089e-14   1.5541997614e-07   2.0000000000e-02 
  9.3554722624e+20   1.9325399057e+18   2.1211547013e+61   2.2245872600e-24   5.1871390089e-14   1.5032182414e-07   2.0000000000e-02 
  9.3747976615e+20   1.9325399057e+18   2.1299360762e+61   2.2245872600e-24   5.1871390089e-14   1.6937188662e-07   2.0000000000e-02 
  9.3941230605e+20   1.9325399057e+18   2.1387355906e+61   2.2245872600e-24   5.1871390089e-14   2.4815255202e-07   2.0000000000e-02 
  9.4134484596e+20   1.9325399057e+18   2.1475532444e+61   2.2245872600e-24   5.1871390089e-14   3.5187345274e-07   2.0000000000e-02 
  9.4327738586e+20   1.9325399057e+18   2.1563890377e+61   2.2245872600e-24   5.1871390089e-14   3.8755584491e-07   2.0000000000e-02 
  9.4520992577e+20   1.9325399057e+18   2.1652429706e+61   2.2245872600e-24   5.1871390089e-14   2.1126682746e-07   2.0000000000e-02 
  9.4714246567e+20   1.9325399057e+18   2.1741150429e+61   2.2245872600e-24   5.1871390089e-14   3.5692851625e-08   2.0000000000e-02 
  9.4907500558e+20   1.9325399057e+18   2.1830052548e+61   2.2245872600e-24   5.1871390089e-14  -2.2304925321e-09   2.0000000000e-02 
  9.5100754549e+20   1.9325399057e+18   2.1919136061e+61   2.2245872600e-24   5.1871390089e-14   5.8285374631e-08   2.0000000000e-02 
  9.5294008539e+20   1.9325399057e+18   2.2008400970e+61   2.2245872600e-24   5.1871390089e-14   3.1765761350e-07   2.0000000000e-02 
  9.5487262530e+20   1.9325399057e+18   2.2097847273e+61   2.2245872600e-24   5.1871390089e-14   6.7176502038e-07   2.0000000000e-02 
  9.5680516520e+20   1.9325399057e+18   2.2187474971e+61   2.2245872600e-24   5.1871390089e-14   7.8759340321e-07   2.0000000000e-02 
  9.5873770511e+20   1.9325399057e+18   2.2277284065e+61   2.2245872600e-24   5.1871390089e-14   6.9739464822e-07   2.0000000000e-02 
  9.6067024501e+20   1.9325399057e+18   2.2367274553e+61   2.2245872600e-24   5.1871390089e-14   6.5674321593e-07   2.0000000000e-02 
  9.6260278492e+20   1.9325399057e+18   2.2457446436e+61   2.2245872600e-24   5.1871390089e-14   6.7837325112e-07   2.0000000000e-02 
  9.6453532483e+20   1.9325399057e+18   2.2547799715e+61   2.2245872600e-24   5.1871390089e-14   3.8083639200e-07   2.0000000000e-02 
  9.6646786473e+20   1.9325399057e+18   2.2638334388e+61   2.2245872600e-24   5.1871390089e-14  -1.8689796587e-08   2.0000000000e-02 
  9.6840040464e+20   1.9325399057e+18   2.2729050456e+61   2.2245872600e-24   5.1871390089e-14  -1.6680861129e-07   2.0000000000e-02 
  9.7033294454e+20   1.9325399057e+18   2.2819947919e+61   2.2245872600e-24   5.1871390089e-14  -2.1716610786e-07   2.0000000000e-02 
  9.7226548445e+20   1.9325399057e+18   2.2911026777e+61   2.2245872600e-24   5.1871390089e-14  -2.3955686646e-07   2.0000000000e-02 
  9.7419802435e+20   1.9325399057e+18   2.3002287031e+61   2.2245872600e-24   5.1871390089e-14  -2.1377220178e-07   2.0000000000e-02 
  9.7613056426e+20   1.9325399057e+18   2.3093728679e+61   2.2245872600e-24   5.1871390089e-14  -1.4985923756e-07   2.0000000000e-02 
  9.7806310417e+20   1.9325399057e+18   2.3185351722e+61   2.2245872600e-24   5.1871390089e-14  -5.5369932940e-08   2.0000000000e-02 
  9.7999564407e+20   1.9325399057e+18   2.3277156160e+61   2.2245872600e-24   5.1871390089e-14   7.0030020605e-08   2.0000000000e-02 
  9.8192818398e+20   1.9325399057e+18   2.3369141993e+61   2.2245872600e-24   5.1871390089e-14   3.0945903928e-07   2.0000000000e-02 
  9.8386072388e+20   1.9325399057e+18   2.3461309221e+61   2.2245872600e-24   5.1871390089e-14   6.7905271833e-07   2.0000000000e-02 
  9.8579326379e+20   1.9325399057e+18   2.3553657845e+61   2.2245872600e-24   5.1871390089e-14   9.5576194643e-07   2.0000000000e-02 
  9.8772580369e+20   1.9325399057e+18   2.3646187863e+61   2.2245872600e-24   5.1871390089e-14   9.7471272327e-07   2.0000000000e-02 
  9.8965834360e+20   1.9325399057e+18   2.3738899276e+61   2.2245872600e-24   5.1871390089e-14   8.6281777763e-07   2.0000000000e-02 
  9.9159088351e+20   1.9325399057e+18   2.3831792084e+61   2.2245872600e-24   5.1871390089e-14   6.1946623571e-07   2.0000000000e-02 
  9.9352342341e+20   1.9325399057e+18   2.3924866287e+61   2.2245872600e-24   5.1871390089e-14   4.6877576040e-07   2.0000000000e-02 
  9.9545596332e+20   1.9325399057e+18   2.4018121885e+61   2.2245872600e-24   5.1871390089e-14   6.9232802452e-07   2.0000000000e-02 
  9.9738850322e+20   1.9325399057e+18   2.4111558878e+61   2.2245872600e-24   5.1871390089e-14   8.6108432459e-07   2.0000000000e-02 
  9.9932104313e+20   1.9325399057e+18   2.4205177266e+61   2.2245872600e-24   5.1871390089e-14   8.8273401659e-07   2.0000000000e-02 
  1.0012535830e+21   1.9325399057e+18   2.4298977049e+61   2.2245872600e-24   5.1871390089e-14   7.9750183946e-07   2.0000000000e-02 
  1.0031861229e+21   1.9325399057e+18   2.4392958227e+61   2.2245872600e-24   5.1871390089e-14   4.0673599503e-07   2.0000000000e-02 
  1.0051186628e+21   1.9325399057e+18   2.4487120800e+61   2.2245872600e-24   5.1871390089e-14   2.5867663659e-08   2.0000000000e-02 
  1.0070512028e+21   1.9325399057e+18   2.4581464767e+61   2.2245872600e-24   5.1871390089e-14  -7.2953924112e-08   2.0000000000e-02 
  1.0089837427e+21   1.9325399057e+18   2.4675990130e+61   2.2245872600e-24   5.1871390089e-14  -9.5920166116e-08   2.0000000000e-02 
  1.0109162826e+21   1.9325399057e+18   2.4770696888e+61   2.2245872600e-24   5.1871390089e-14  -1.0958624353e-07   2.0000000000e-02 
  1.0128488225e+21   1.9325399057e+18   2.4865585041e+61   2.2245872600e-24   5.1871390089e-14  -1.2098399905e-07   2.0000000000e-02 
  1.0147813624e+21   1.9325399057e+18   2.4960654589e+61   2.2245872600e-24   5.1871390089e-14  -1.4970856364e-07   2.0000000000e-02 
  1.0167139023e+21   1.9325399057e+18   2.5055905532e+61   2.2245872600e-24   5.1871390089e-14  -2.3100823950e-07   2.0000000000e-02 
  1.0186464422e+21   1.9325399057e+18   2.5151337870e+61   2.2245872600e-24   5.1871390089e-14  -3.3973060997e-07   2.0000000000e-02 
  1.0205789821e+21   1.9325399057e+18   2.5246951602e+61   2.2245872600e-24   5.1871390089e-14  -4.0611116031e-07   2.0000000000e-02 
  1.0225115220e+21   1.9325399057e+18   2.5342746730e+61   2.2245872600e-24   5.1871390089e-14  -3.9421282966e-07   2.0000000000e-02 
  1.0244440619e+21   1.9325399057e+18   2.5438723253e+61   2.2245872600e-24   5.1871390089e-14  -3.5782631826e-07   2.0000000000e-02 
  1.0263766018e+21   1.9325399057e+18   2.5534881171e+61   2.2245872600e-24   5.1871390089e-14  -3.0525705954e-07   2.0000000000e-02 
  1.0283091417e+21   1.9325399057e+18   2.5631220483e+61   2.2245872600e-24   5.1871390089e-14  -1.5541421516e-07   2.0000000000e-02 
  1.0302416816e+21   1.9325399057e+18   2.5727741191e+61   2.2245872600e-24   5.1871390089e-14   4.2110945717e-07   2.0000000000e-02 
  1.0321742215e+21   1.9325399057e+18   2.5824443294e+61   2.2245872600e-24   5.1871390088e-14   1.2293040400e-06   2.0000000000e-02 
  1.0341067614e+21   1.9325399057e+18   2.5921326791e+61   2.2245872600e-24   5.1871390088e-14   1.6573445091e-06   2.0000000000e-02 
  1.0360393013e+21   1.9325399057e+18   2.6018391684e+61   2.2245872600e-24   5.1871390088e-14   1.8629566739e-06   2.0000000000e-02 
  1.0379718412e+21   1.9325399057e+18   2.6115637972e+61   2.2245872600e-24   5.1871390088e-14   1.9380716800e-06   2.0000000000e-02 
  1.0399043811e+21   1.9325399057e+18   2.6213065654e+61   2.2245872600e-24   5.1871390088e-14   1.9167816177e-06   2.0000000000e-02 
  1.0418369211e+21   1.9325399057e+18   2.6310674732e+61   2.2245872600e-24   5.1871390088e-14   1.9053899194e-06   2.0000000000e-02 
  1.0437694610e+21   1.9325399057e+18   2.6408465205e+61   2.2245872600e-24   5.1871390088e-14   1.9452067266e-06   2.0000000000e-02 
  1.0457020009e+21   1.9325399057e+18   2.6506437072e+61   2.2245872600e-24   5.1871390088e-14   2.1041490711e-06   2.0000000000e-02 
  1.0476345408e+21   1.9325399057e+18   2.6604590335e+61   2.2245872600e-24   5.1871390088e-14   2.3129177248e-06   2.0000000000e-02 
  1.0495670807e+21   1.9325399057e+18   2.6702924992e+61   2.2245872600e-24   5.1871390088e-14   2.5096877578e-06   2.0000000000e-02 
  1.0514996206e+21   1.9325399057e+18   2.6801441045e+61   2.2245872600e-24   5.1871390088e-14   2.6183377878e-06   2.0000000000e-02 
  1.0534321605e+21   1.9325399057e+18   2.6900138492e+61   2.2245872600e-24   5.1871390088e-14   2.6027491776e-06   2.0000000000e-02 
  1.0553647004e+21   1.9325399057e+18   2.6999017335e+61   2.2245872600e-24   5.1871390088e-14   2.3841877040e-06   2.0000000000e-02 
  1.0572972403e+21   1.9325399057e+18   2.7098077572e+61   2.2245872600e-24   5.1871390089e-14   1.6639445215e-06   2.0000000000e-02 
  1.0592297802e+21   1.9325399057e+18   2.7197319205e+61   2.2245872600e-24   5.1871390089e-14   7.6344574114e-07   2.0000000000e-02 
  1.0611623201e+21   1.9325399057e+18   2.7296742232e+61   2.2245872600e-24   5.1871390089e-14  -8.9530848680e-07   2.0000000000e-02 
  1.0630948600e+21   1.9325399057e+18   2.7396346655e+61   2.2245872600e-24   5.1871390090e-14  -2.5814359536e-06   2.0000000000e-02 
  1.0650273999e+21   1.9325399057e+18   2.7496132472e+61   2.2245872600e-24   5.1871390090e-14  -3.7731887808e-06   2.0000000000e-02 
  1.0669599398e+21   1.9325399057e+18   2.7596099684e+61   2.2245872600e-24   5.1871390090e-14  -4.6375068577e-06   2.0000000000e-02 
  1.0688924797e+21   1.9325399057e+18   2.7696248292e+61   2.2245872600e-24   5.1871390090e-14  -4.8805475842e-06   2.0000000000e-02 
  1.0708250196e+21   1.9325399057e+18   2.7796578294e+61   2.2245872600e-24   5.1871390090e-14  -5.1910239526e-06   2.0000000000e-02 
  1.0727575595e+21   1.9325399057e+18   2.7897089691e+61   2.2245872600e-24   5.1871390090e-14  -5.6180587424e-06   2.0000000000e-02 
  1.0746900995e+21   1.9325399057e+18   2.7997782484e+61   2.2245872600e-24   5.1871390090e-14  -6.1103789457e-06   2.0000000000e-02 
  1.0766226394e+21   1.9325399057e+18   2.8098656671e+61   2.2245872600e-24   5.1871390090e-14  -6.3937693533e-06   2.0000000000e-02 
  1.0785551793e+21   1.9325399057e+18   2.8199712253e+61   2.2245872600e-24   5.1871390090e-14  -6.5123922090e-06   2.0000000000e-02 
  1.0804877192e+21   1.9325399057e+18   2.8300949231e+61   2.2245872600e-24   5.1871390090e-14  -6.6842063713e-06   2.0000000000e-02 
  1.0824202591e+21   1.9325399057e+18   2.8402367603e+61   2.2245872600e-24   5.1871390090e-14  -7.2178169451e-06   2.0000000000e-02 
  1.0843527990e+21   1.9325399057e+18   2.8503967370e+61   2.2245872600e-24   5.1871390090e-14  -7.7310564343e-06   2.0000000000e-02 
  1.0862853389e+21   1.9325399057e+18   2.8605748532e+61   2.2245872600e-24   5.1871390091e-14  -7.8057365924e-06   2.0000000000e-02 
  1.0882178788e+21   1.9325399057e+18   2.8707711089e+61   2.2245872600e-24   5.1871390091e-14  -7.6146424246e-06   2.0000000000e-02 
  1.0901504187e+21   1.9325399057e+18   2.8809855042e+61   2.2245872600e-24   5.1871390091e-14  -7.2383514615e-06   2.0000000000e-02 
  1.0920829586e+21   1.9325399057e+18   2.8912180389e+61   2.2245872600e-24   5.1871390091e-14  -6.7407840907e-06   2.0000000000e-02 
  1.0940154985e+21   1.9325399057e+18   2.9014687131e+61   2.2245872600e-24   5.1871390091e-14  -6.0798443753e-06   2.0000000000e-02 
  1.0959480384e+21   1.9325399057e+18   2.9117375268e+61   2.2245872600e-24   5.1871390091e-14  -5.7179785173e-06   2.0000000000e-02 
  1.0978805783e+21   1.9325399057e+18   2.9220244800e+61   2.2245872600e-24   5.1871390091e-14  -5.5012114584e-06   2.0000000000e-02 
  1.0998131182e+21   1.9325399057e+18   2.9323295727e+61   2.2245872600e-24   5.1871390091e-14  -5.2519464188e-06   2.0000000000e-02 
  1.1017456581e+21   1.9325399057e+18   2.9426528049e+61   2.2245872600e-24   5.1871390091e-14  -5.0028520622e-06   2.0000000000e-02 
  1.1036781980e+21   1.9325399057e+18   2.9529941766e+61   2.2245872600e-24   5.1871390091e-14  -4.8368547332e-06   2.0000000000e-02 
  1.1056107379e+21   1.9325399057e+18   2.9633536878e+61   2.2245872600e-24   5.1871390091e-14  -4.6404440320e-06   2.0000000000e-02 
  1.1075432778e+21   1.9325399057e+18   2.9737313386e+61   2.2245872600e-24   5.1871390091e-14  -4.4029829495e-06   2.0000000000e-02 
  1.1094758178e+21   1.9325399057e+18   2.9841271288e+61   2.2245872600e-24   5.1871390091e-14  -3.7160161899e-06   2.0000000000e-02 
  1.1114083577e+21   1.9325399057e+18   2.9945410585e+61   2.2245872600e-24   5.1871390091e-14  -2.7134289588e-06   2.0000000000e-02 
  1.1133408976e+21   1.9325399057e+18   3.0049731276e+61   2.2245872600e-24   5.1871390092e-14  -1.6598554607e-06   2.0000000000e-02 
  1.1152734375e+21   1.9325399057e+18   3.0154233363e+61   2.2245872600e-24   5.1871390092e-14  -5.6887386842e-08   2.0000000000e-02 
  1.1172059774e+21   1.9325399057e+18   3.0258916845e+61   2.2245872600e-24   5.1871390093e-14   1.1251331792e-06   2.0000000000e-02 
  1.1191385173e+21   1.9325399057e+18   3.0363781722e+61   2.2245872600e-24   5.1871390093e-14   1.7855618776e-06   2.0000000000e-02 
  1.1210710572e+21   1.9325399057e+18   3.0468827994e+61   2.2245872600e-24   5.1871390093e-14   2.2038444976e-06   2.0000000000e-02 
  1.1230035971e+21   1.9325399057e+18   3.0574055661e+61   2.2245872600e-24   5.1871390093e-14   2.3670388323e-06   2.0000000000e-02 
  1.1249361370e+21   1.9325399057e+18   3.0679464723e+61   2.2245872600e-24   5.1871390093e-14   2.3806504927e-06   2.0000000000e-02 
  1.1268686769e+21   1.9325399057e+18   3.0785055180e+61   2.2245872600e-24   5.1871390093e-14   2.3426820752e-06   2.0000000000e-02 
  1.1288012168e+21   1.9325399057e+18   3.0890827032e+61   2.2245872600e-24   5.1871390093e-14   2.2835645377e-06   2.0000000000e-02 
  1.1307337567e+21   1.9325399057e+18   3.0996780279e+61   2.2245872600e-24   5.1871390093e-14   2.1632861567e-06   2.0000000000e-02 
  1.1326662966e+21   1.9325399057e+18   3.1102914920e+61   2.2245872600e-24   5.1871390093e-14   2.0041155304e-06   2.0000000000e-02 
  1.1345988365e+21   1.9325399057e+18   3.1209230957e+61   2.2245872600e-24   5.1871390093e-14   1.8084201844e-06   2.0000000000e-02 
  1.1365313764e+21   1.9325399057e+18   3.1315728389e+61   2.2245872600e-24   5.1871390093e-14   1.6773334113e-06   2.0000000000e-02 
  1.1384639163e+21   1.9325399057e+18   3.1422407216e+61   2.2245872600e-24   5.1871390093e-14   1.5635046612e-06   2.0000000000e-02 
  1.1403964562e+21   1.9325399057e+18   3.1529267437e+61   2.2245872600e-24   5.1871390093e-14   1.4329619948e-06   2.0000000000e-02 
  1.1423289962e+21   1.9325399057e+18   3.1636309054e+61   2.2245872600e-24   5.1871390093e-14   1.1675032425e-06   2.0000000000e-02 
  1.1442615361e+21   1.9325399057e+18   3.1743532066e+61   2.2245872600e-24   5.1871390092e-14   6.9907669855e-07   2.0000000000e-02 
  1.1461940760e+21   1.9325399057e+18   3.1850936473e+61   2.2245872600e-24   5.1871390092e-14   2.0863918734e-07   2.0000000000e-02 
  1.1481266159e+21   1.9325399057e+18   3.1958522274e+61   2.2245872600e-24   5.1871390092e-14   3.5514236392e-08   2.0000000000e-02 
  1.1500591558e+21   1.9325399057e+18   3.2066289471e+61   2.2245872600e-24   5.1871390092e-14   1.9467612753e-08   2.0000000000e-02 
  1.1519916957e+21   1.9325399057e+18   3.2174238063e+61   2.2245872600e-24   5.1871390092e-14   4.3957481931e-08   2.0000000000e-02 
  1.1539242356e+21   1.9325399057e+18   3.2282368049e+61   2.2245872600e-24   5.1871390092e-14   1.2873627885e-07   2.0000000000e-02 
  1.1558567755e+21   1.9325399057e+18   3.2390679431e+61   2.2245872600e-24   5.1871390092e-14   2.2660534720e-07   2.0000000000e-02 
  1.1577893154e+21   1.9325399057e+18   3.2499172207e+61   2.2245872600e-24   5.1871390092e-14   2.6807284793e-07   2.0000000000e-02 
  1.1597218553e+21   1.9325399057e+18   3.2607846379e+61   2.2245872600e-24   5.1871390092e-14   3.0550842212e-07   2.0000000000e-02 
  1.1616543952e+21   1.9325399057e+18   3.2716701946e+61   2.2245872600e-24   5.1871390092e-14   3.8199422858e-07   2.0000000000e-02 
  1.1635869351e+21   1.9325399057e+18   3.2825738907e+61   2.2245872600e-24   5.1871390092e-14   5.5317904427e-07   2.0000000000e-02 
  1.1655194750e+21   1.9325399057e+18   3.2934957264e+61   2.2245872600e-24   5.1871390092e-14   6.3315704389e-07   2.0000000000e-02 
  1.1674520149e+21   1.9325399057e+18   3.3044357015e+61   2.2245872600e-24   5.1871390092e-14   6.8202526297e-07   2.0000000000e-02 
  1.1693845548e+21   1.9325399057e+18   3.3153938162e+61   2.2245872600e-24   5.1871390092e-14   6.7928287270e-07   2.0000000000e-02 
  1.1713170947e+21   1.9325399057e+18   3.3263700703e+61   2.2245872600e-24   5.1871390092e-14   6.4109980678e-07   2.0000000000e-02 
  1.1732496346e+21   1.9325399057e+18   3.3373644640e+61   2.2245872600e-24   5.1871390092e-14   5.8542068960e-07   2.0000000000e-02 
  1.1751821745e+21   1.9325399057e+18   3.3483769971e+61   2.2245872600e-24   5.1871390092e-14   5.9165778901e-07   2.0000000000e-02 
  1.1771147145e+21   1.9325399057e+18   3.3594076697e+61   2.2245872600e-24   5.1871390092e-14   6.4767464071e-07   2.0000000000e-02 
  1.1790472544e+21   1.9325399057e+18   3.3704564819e+61   2.2245872600e-24   5.1871390092e-14   6.4528063119e-07   2.0000000000e-02 
  1.1809797943e+21   1.9325399057e+18   3.3815234335e+61   2.2245872600e-24   5.1871390092e-14   5.4372493518e-07   2.0000000000e-02 
  1.1829123342e+21   1.9325399057e+18   3.3926085247e+61   2.2245872600e-24   5.1871390092e-14   2.0816397021e-08   2.0000000000e-02 
  1.1848448741e+21   1.9325399057e+18   3.4037117553e+61   2.2245872600e-24   5.1871390092e-14  -5.7408248725e-07   2.0000000000e-02 
  1.1867774140e+21   1.9325399057e+18   3.4148331254e+61   2.2245872600e-24   5.1871390092e-14  -8.2872935195e-07   2.0000000000e-02 
  1.1887099539e+21   1.9325399057e+18   3.4259726351e+61   2.2245872600e-24   5.1871390092e-14  -9.8496214520e-07   2.0000000000e-02 
  1.1906424938e+21   1.9325399057e+18   3.4371302842e+61   2.2245872600e-24   5.1871390092e-14  -1.0309357459e-06   2.0000000000e-02 
  1.1925750337e+21   1.9325399057e+18   3.4483060728e+61   2.2245872600e-24   5.1871390092e-14  -1.0309446176e-06   2.0000000000e-02 
  1.1945075736e+21   1.9325399057e+18   3.4595000009e+61   2.2245872600e-24   5.1871390092e-14  -1.0934179894e-06   2.0000000000e-02 
  1.1964401135e+21   1.9325399057e+18   3.4707120686e+61   2.2245872600e-24   5.1871390092e-14  -1.2181126749e-06   2.0000000000e-02 
  1.1983726534e+21   1.9325399057e+18   3.4819422757e+61   2.2245872600e-24   5.1871390092e-14  -1.3460583207e-06   2.0000000000e-02 
  1.2003051933e+21   1.9325399057e+18   3.4931906223e+61   2.2245872600e-24   5.1871390092e-14  -1.4699029699e-06   2.0000000000e-02 
  1.2022377332e+21   1.9325399057e+18   3.5044571084e+61   2.2245872600e-24   5.1871390092e-14  -1.5627917615e-06   2.0000000000e-02 
  1.2041702731e+21   1.9325399057e+18   3.5157417341e+61   2.2245872600e-24   5.1871390092e-14  -1.6580998593e-06   2.0000000000e-02 
  1.2061028130e+21   1.9325399057e+18   3.5270444992e+61   2.2245872600e-24   5.1871390092e-14  -1.7050434359e-06   2.0000000000e-02 
  1.2080353529e+21   1.9325399057e+18   3.5383654038e+61   2.2245872600e-24   5.1871390092e-14  -1.6993394578e-06   2.0000000000e-02 
  1.2099678929e+21   1.9325399057e+18   3.5497044479e+61   2.2245872600e-24   5.1871390092e-14  -1.5388370991e-06   2.0000000000e-02 
  1.2119004328e+21   1.9325399057e+18   3.5610616315e+61   2.2245872600e-24   5.1871390092e-14  -1.0891945726e-06   2.0000000000e-02 
  1.2138329727e+21   1.9325399057e+18   3.5724369546e+61   2.2245872600e-24   5.1871390092e-14  -2.9431942478e-07   2.0000000000e-02 
  1.2157655126e+21   1.9325399057e+18   3.5838304172e+61   2.2245872600e-24   5.1871390091e-14   1.1956882636e-06   2.0000000000e-02 
  1.2176980525e+21   1.9325399057e+18   3.5952420193e+61   2.2245872600e-24   5.1871390091e-14   2.8677329252e-06   2.0000000000e-02 
  1.2196305924e+21   1.9325399057e+18   3.6066717609e+61   2.2245872600e-24   5.1871390090e-14   3.9046007507e-06   2.0000000000e-02 
  1.2215631323e+21   1.9325399057e+18   3.6181196420e+61   2.2245872600e-24   5.1871390090e-14   4.6514926105e-06   2.0000000000e-02 
  1.2234956722e+21   1.9325399057e+18   3.6295856626e+61   2.2245872600e-24   5.1871390090e-14   5.1087173563e-06   2.0000000000e-02 
  1.2254282121e+21   1.9325399057e+18   3.6410698227e+61   2.2245872600e-24   5.1871390090e-14   5.3128966386e-06   2.0000000000e-02 
  1.2273607520e+21   1.9325399057e+18   3.6525721223e+61   2.2245872600e-24   5.1871390090e-14   5.4484197606e-06   2.0000000000e-02 
  1.2292932919e+21   1.9325399057e+18   3.6640925614e+61   2.2245872600e-24   5.1871390090e-14   5.4950144476e-06   2.0000000000e-02 
  1.2312258318e+21   1.9325399057e+18   3.6756311400e+61   2.2245872600e-24   5.1871390090e-14   5.4717335037e-06   2.0000000000e-02 
  1.2331583717e+21   1.9325399057e+18   3.6871878581e+61   2.2245872600e-24   5.1871390090e-14   5.4264576825e-06   2.0000000000e-02 
  1.2350909116e+21   1.9325399057e+18   3.6987627157e+61   2.2245872600e-24   5.1871390090e-14   5.4251342173e-06   2.0000000000e-02 
  1.2370234515e+21   1.9325399057e+18   3.7103557128e+61   2.2245872600e-24   5.1871390090e-14   5.5522341132e-06   2.0000000000e-02 
  1.2389559914e+21   1.9325399057e+18   3.7219668494e+61   2.2245872600e-24   5.1871390090e-14   5.7624798093e-06   2.0000000000e-02 
  1.2408885313e+21   1.9325399057e+18   3.7335961255e+61   2.2245872600e-24   5.1871390090e-14   5.9044575669e-06   2.0000000000e-02 
  1.2428210712e+21   1.9325399057e+18   3.7452435411e+61   2.2245872600e-24   5.1871390090e-14   5.9359522372e-06   2.0000000000e-02 
  1.2447536112e+21   1.9325399057e+18   3.7569090962e+61   2.2245872600e-24   5.1871390090e-14   5.7962052145e-06   2.0000000000e-02 
  1.2466861511e+21   1.9325399057e+18   3.7685927907e+61   2.2245872600e-24   5.1871390090e-14   5.2462141697e-06   2.0000000000e-02 
  1.2486186910e+21   1.9325399057e+18   3.7802946248e+61   2.2245872600e-24   5.1871390090e-14   4.5295092383e-06   2.0000000000e-02 
  1.2505512309e+21   1.9325399057e+18   3.7920145984e+61   2.2245872600e-24   5.1871390090e-14   4.1688542884e-06   2.0000000000e-02 
  1.2524837708e+21   1.9325399057e+18   3.8037527115e+61   2.2245872600e-24   5.1871390090e-14   3.9900416596e-06   2.0000000000e-02 
  1.2544163107e+21   1.9325399057e+18   3.8155089640e+61   2.2245872600e-24   5.1871390090e-14   3.7886185739e-06   2.0000000000e-02 
  1.2563488506e+21   1.9325399057e+18   3.8272833561e+61   2.2245872600e-24   5.1871390090e-14   3.5635252255e-06   2.0000000000e-02 
  1.2582813905e+21   1.9325399057e+18   3.8390758877e+61   2.2245872600e-24   5.1871390090e-14   3.3824196114e-06   2.0000000000e-02 
  1.2602139304e+21   1.9325399057e+18   3.8508865588e+61   2.2245872600e-24   5.1871390090e-14   3.2936472792e-06   2.0000000000e-02 
  1.2621464703e+21   1.9325399057e+18   3.8627153693e+61   2.2245872600e-24   5.1871390090e-14   3.1434814139e-06   2.0000000000e-02 
  1.2640790102e+21   1.9325399057e+18   3.8745623194e+61   2.2245872600e-24   5.1871390090e-14   2.2579640032e-06   2.0000000000e-02 
  1.2660115501e+21   1.9325399057e+18   3.8864274090e+61   2.2245872600e-24   5.1871390089e-14   4.5941133890e-07   2.0000000000e-02 
  1.2679440900e+21   1.9325399057e+18   3.8983106380e+61   2.2245872600e-24   5.1871390089e-14  -9.2772032815e-07   2.0000000000e-02 
  1.2698766299e+21   1.9325399057e+18   3.9102120066e+61   2.2245872600e-24   5.1871390089e-14  -1.7927083668e-06   2.0000000000e-02 
  1.2718091698e+21   1.9325399057e+18   3.9221315146e+61   2.2245872600e-24   5.1871390089e-14  -2.4592782892e-06   2.0000000000e-02 
  1.2737417097e+21   1.9325399057e+18   3.9340691622e+61   2.2245872600e-24   5.1871390088e-14  -2.7892696572e-06   2.0000000000e-02 
  1.2756742496e+21   1.9325399057e+18   3.9460249492e+61   2.2245872600e-24   5.1871390088e-14  -2.8758099608e-06   2.0000000000e-02 
  1.2776067896e+21   1.9325399057e+18   3.9579988758e+61   2.2245872600e-24   5.1871390088e-14  -2.8826288740e-06   2.0000000000e-02 
  1.2795393295e+21   1.9325399057e+18   3.9699909419e+61   2.2245872600e-24   5.1871390088e-14  -2.9347562303e-06   2.0000000000e-02 
  1.2814718694e+21   1.9325399057e+18   3.9820011474e+61   2.2245872600e-24   5.1871390089e-14  -2.8512787798e-06   2.0000000000e-02 
  1.2834044093e+21   1.9325399057e+18   3.9940294925e+61   2.2245872600e-24   5.1871390089e-14  -2.5243632504e-06   2.0000000000e-02 
  1.2853369492e+21   1.9325399057e+18   4.0060759770e+61   2.2245872600e-24   5.1871390088e-14  -1.9997719283e-06   2.0000000000e-02 
  1.2872694891e+21   1.9325399057e+18   4.0181406010e+61   2.2245872600e-24   5.1871390089e-14  -1.3308203134e-06   2.0000000000e-02 
  1.2892020290e+21   1.9325399057e+18   4.0302233646e+61   2.2245872600e-24   5.1871390089e-14  -4.2496521466e-07   2.0000000000e-02 
  1.2911345689e+21   1.9325399057e+18   4.0423242676e+61   2.2245872600e-24   5.1871390089e-14  -1.5990251553e-07   2.0000000000e-02 
  1.2930671088e+21   1.9325399057e+18   4.0544433102e+61   2.2245872600e-24   5.1871390089e-14  -1.2647685095e-07   2.0000000000e-02 
  1.2949996487e+21   1.9325399057e+18   4.0665804922e+61   2.2245872600e-24   5.1871390089e-14  -1.1220704833e-07   2.0000000000e-02 
  1.2969321886e+21   1.9325399057e+18   4.0787358138e+61   2.2245872600e-24   5.1871390089e-14  -3.1186973040e-08   2.0000000000e-02 
  1.2988647285e+21   1.9325399057e+18   4.0909092748e+61   2.2245872600e-24   5.1871390089e-14   4.8140779029e-08   2.0000000000e-02 
  1.3007972684e+21   1.9325399057e+18   4.1031008753e+61   2.2245872600e-24   5.1871390089e-14   3.2691906429e-08   2.0000000000e-02 
  1.3027298083e+21   1.9325399057e+18   4.1153106154e+61   2.2245872600e-24   5.1871390089e-14  -1.0166047540e-08   2.0000000000e-02 
  1.3046623482e+21   1.9325399057e+18   4.1275384949e+61   2.2245872600e-24   5.1871390089e-14  -6.6512770023e-08   2.0000000000e-02 
  1.3065948881e+21   1.9325399057e+18   4.1397845139e+61   2.2245872600e-24   5.1871390089e-14  -1.0269627903e-07   2.0000000000e-02 
  1.3085274280e+21   1.9325399057e+18   4.1520486724e+61   2.2245872600e-24   5.1871390089e-14  -1.0521124332e-07   2.0000000000e-02 
  1.3104599679e+21   1.9325399057e+18   4.1643309705e+61   2.2245872600e-24   5.1871390089e-14  -5.1806272827e-08   2.0000000000e-02 
  1.3123925079e+21   1.9325399057e+18   4.1766314080e+61   2.2245872600e-24   5.1871390089e-14   4.1599319598e-08   2.0000000000e-02 
  1.3143250478e+21   1.9325399057e+18   4.1889499850e+61   2.2245872600e-24   5.1871390089e-14   1.1692112553e-07   2.0000000000e-02 
  1.3162575877e+21   1.9325399057e+18   4.2012867015e+61   2.2245872600e-24   5.1871390089e-14   1.4292001509e-07   2.0000000000e-02 
  1.3181901276e+21   1.9325399057e+18   4.2136415576e+61   2.2245872600e-24   5.1871390089e-14   1.2567962208e-07   2.0000000000e-02 
  1.3201226675e+21   1.9325399057e+18   4.2260145531e+61   2.2245872600e-24   5.1871390089e-14   9.9492184604e-08   2.0000000000e-02 
  1.3220552074e+21   1.9325399057e+18   4.2384056881e+61   2.2245872600e-24   5.1871390089e-14   3.4520350286e-08   2.0000000000e-02 
  1.3239877473e+21   1.9325399057e+18   4.2508149626e+61   2.2245872600e-24   5.1871390089e-14  -5.1379332782e-09   2.0000000000e-02 
  1.3259202872e+21   1.9325399057e+18   4.2632423766e+61   2.2245872600e-24   5.1871390089e-14   1.8550112964e-08   2.0000000000e-02 
  1.3278528271e+21   1.9325399057e+18   4.2756879301e+61   2.2245872600e-24   5.1871390089e-14   8.2358059092e-08   2.0000000000e-02 
  1.3297853670e+21   1.9325399057e+18   4.2881516231e+61   2.2245872600e-24   5.1871390089e-14   2.5674971505e-07   2.0000000000e-02 
  1.3317179069e+21   1.9325399057e+18   4.3006334556e+61   2.2245872600e-24   5.1871390089e-14   4.2073882719e-07   2.0000000000e-02 
  1.3336504468e+21   1.9325399057e+18   4.3131334276e+61   2.2245872600e-24   5.1871390089e-14   4.1122726265e-07   2.0000000000e-02 
  1.3355829867e+21   1.9325399057e+18   4.3256515391e+61   2.2245872600e-24   5.1871390089e-14   2.5088822803e-07   2.0000000000e-02 
  1.3375155266e+21   1.9325399057e+18   4.3381877901e+61   2.2245872600e-24   5.1871390089e-14   4.6734057694e-08   2.0000000000e-02 
  1.3394480665e+21   1.9325399057e+18   4.3507421806e+61   2.2245872600e-24   5.1871390089e-14  -8.8021148790e-08   2.0000000000e-02 
  1.3413806064e+21   1.9325399057e+18   4.3633147106e+61   2.2245872600e-24   5.1871390089e-14  -1.6212315303e-07   2.0000000000e-02 
  1.3433131463e+21   1.9325399057e+18   4.3759053801e+61   2.2245872600e-24   5.1871390089e-14  -1.6130027884e-07   2.0000000000e-02 
  1.3452456863e+21   1.9325399057e+18   4.3885141891e+61   2.2245872600e-24   5.1871390089e-14  -1.0023465354e-07   2.0000000000e-02 
  1.3471782262e+21   1.9325399057e+18   4.4011411376e+61   2.2245872600e-24   5.1871390089e-14   7.9759883375e-08   2.0000000000e-02 
  1.3491107661e+21   1.9325399057e+18   4.4137862256e+61   2.2245872600e-24   5.1871390089e-14   4.8498532476e-07   2.0000000000e-02 
  1.3510433060e+21   1.9325399057e+18   4.4264494531e+61   2.2245872600e-24   5.1871390089e-14   8.1482885931e-07   2.0000000000e-02 
  1.3529758459e+21   1.9325399057e+18   4.4391308201e+61   2.2245872600e-24   5.1871390089e-14   7.8197186353e-07   2.0000000000e-02 
  1.3549083858e+21   1.9325399057e+18   4.4518303266e+61   2.2245872600e-24   5.1871390089e-14   6.8777647415e-07   2.0000000000e-02 
  1.3568409257e+21   1.9325399057e+18   4.4645479726e+61   2.2245872600e-24   5.1871390089e-14   7.0679073319e-07   2.0000000000e-02 
  1.3587734656e+21   1.9325399057e+18   4.4772837581e+61   2.2245872600e-24   5.1871390089e-14   7.8638572452e-07   2.0000000000e-02 
  1.3607060055e+21   1.9325399057e+18   4.4900376830e+61   2.2245872600e-24   5.1871390089e-14   6.6261328486e-07   2.0000000000e-02 
  1.3626385454e+21   1.9325399057e+18   4.5028097475e+61   2.2245872600e-24   5.1871390089e-14   2.8387697231e-07   2.0000000000e-02 
  1.3645710853e+21   1.9325399057e+18   4.5155999515e+61   2.2245872600e-24   5.1871390089e-14  -6.1553302004e-08   2.0000000000e-02 
  1.3665036252e+21   1.9325399057e+18   4.5284082950e+61   2.2245872600e-24   5.1871390089e-14  -2.0216999251e-07   2.0000000000e-02 
  1.3684361651e+21   1.9325399057e+18   4.5412347779e+61   2.2245872600e-24   5.1871390089e-14  -2.2872598989e-07   2.0000000000e-02 
  1.3703687050e+21   1.9325399057e+18   4.5540794004e+61   2.2245872600e-24   5.1871390089e-14  -2.2606698468e-07   2.0000000000e-02 
  1.3723012449e+21   1.9325399057e+18   4.5669421624e+61   2.2245872600e-24   5.1871390089e-14  -2.3170371242e-07   2.0000000000e-02 
  1.3742337848e+21   1.9325399057e+18   4.5798230639e+61   2.2245872600e-24   5.1871390089e-14  -2.4296968525e-07   2.0000000000e-02 
  1.3761663247e+21   1.9325399057e+18   4.5927221048e+61   2.2245872600e-24   5.1871390089e-14  -2.1572455663e-07   2.0000000000e-02 
  1.3780988646e+21   1.9325399057e+18   4.6056392853e+61   2.2245872600e-24   5.1871390089e-14  -1.4018537044e-07   2.0000000000e-02 
  1.3800314046e+21   1.9325399057e+18   4.6185746053e+61   2.2245872600e-24   5.1871390089e-14  -9.2216639461e-08   2.0000000000e-02 
  1.3819639445e+21   1.9325399057e+18   4.6315280647e+61   2.2245872600e-24   5.1871390089e-14  -6.3237937274e-08   2.0000000000e-02 
  1.3838964844e+21   1.9325399057e+18   4.6444996637e+61   2.2245872600e-24   5.1871390089e-14  -5.8429939383e-08   2.0000000000e-02 
  1.3858290243e+21   1.9325399057e+18   4.6574894021e+61   2.2245872600e-24   5.1871390089e-14  -9.5940106785e-08   2.0000000000e-02 
  1.3877615642e+21   1.9325399057e+18   4.6704972801e+61   2.2245872600e-24   5.1871390089e-14  -1.4076035867e-07   2.0000000000e-02 
  1.3896941041e+21   1.9325399057e+18   4.6835232976e+61   2.2245872600e-24   5.1871390089e-14  -1.4443137645e-07   2.0000000000e-02 
  1.3916266440e+21   1.9325399057e+18   4.6965674545e+61   2.2245872600e-24   5.1871390089e-14  -3.0561011485e-08   2.0000000000e-02 
  1.3935591839e+21   1.9325399057e+18   4.7096297510e+61   2.2245872600e-24   5.1871390089e-14   3.9331959088e-07   2.0000000000e-02 
  1.3954917238e+21   1.9325399057e+18   4.7227101869e+61   2.2245872600e-24   5.1871390089e-14   8.2613671875e-07   2.0000000000e-02 
  1.3974242637e+21   1.9325399057e+18   4.7358087624e+61   2.2245872600e-24   5.1871390089e-14   9.4852012779e-07   2.0000000000e-02 
  1.3993568036e+21   1.9325399057e+18   4.7489254773e+61   2.2245872600e-24   5.1871390089e-14   9.3410401758e-07   2.0000000000e-02 
  1.4012893435e+21   1.9325399057e+18   4.7620603318e+61   2.2245872600e-24   5.1871390089e-14   8.4738710572e-07   2.0000000000e-02 
  1.4032218834e+21   1.9325399057e+18   4.7752133257e+61   2.2245872600e-24   5.1871390089e-14   6.7079524261e-07   2.0000000000e-02 
  1.4051544233e+21   1.9325399057e+18   4.7883844591e+61   2.2245872600e-24   5.1871390089e-14   6.0552139237e-07   2.0000000000e-02 
  1.4070869632e+21   1.9325399057e+18   4.8015737321e+61   2.2245872600e-24   5.1871390089e-14   7.6930784685e-07   2.0000000000e-02 
  1.4090195031e+21   1.9325399057e+18   4.8147811445e+61   2.2245872600e-24   5.1871390089e-14   8.8062531744e-07   2.0000000000e-02 
  1.4109520430e+21   1.9325399057e+18   4.8280066965e+61   2.2245872600e-24   5.1871390089e-14   8.9105438315e-07   2.0000000000e-02 
  1.4128845830e+21   1.9325399057e+18   4.8412503879e+61   2.2245872600e-24   5.1871390089e-14   8.4369352492e-07   2.0000000000e-02 
  1.4148171229e+21   1.9325399057e+18   4.8545122188e+61   2.2245872600e-24   5.1871390089e-14   4.4993377740e-07   2.0000000000e-02 
  1.4167496628e+21   1.9325399057e+18   4.8677921893e+61   2.2245872600e-24   5.1871390089e-14   4.2146200011e-08   2.0000000000e-02 
  1.4186822027e+21   1.9325399057e+18   4.8810902992e+61   2.2245872600e-24   5.1871390089e-14  -9.3618758473e-08   2.0000000000e-02 
  1.4206147426e+21   1.9325399057e+18   4.8944065486e+61   2.2245872600e-24   5.1871390089e-14  -1.6228701550e-07   2.0000000000e-02 
  1.4225472825e+21   1.9325399057e+18   4.9077409376e+61   2.2245872600e-24   5.1871390089e-14  -1.9586510158e-07   2.0000000000e-02 
  1.4244798224e+21   1.9325399057e+18   4.9210934660e+61   2.2245872600e-24   5.1871390089e-14  -1.7342367456e-07   2.0000000000e-02 
  1.4264123623e+21   1.9325399057e+18   4.9344641339e+61   2.2245872600e-24   5.1871390089e-14  -1.1198387927e-07   2.0000000000e-02 
  1.4283449022e+21   1.9325399057e+18   4.9478529413e+61   2.2245872600e-24   5.1871390089e-14  -4.4153556527e-08   2.0000000000e-02 
  1.4302774421e+21   1.9325399057e+18   4.9612598883e+61   2.2245872600e-24   5.1871390089e-14  -1.2209011165e-08   2.0000000000e-02 
  1.4322099820e+21   1.9325399057e+18   4.9746849747e+61   2.2245872600e-24   5.1871390089e-14  -9.6852605597e-09   2.0000000000e-02 
  1.4341425219e+21   1.9325399057e+18   4.9881282006e+61   2.2245872600e-24   5.1871390089e-14  -3.7070862966e-08   2.0000000000e-02 
  1.4360750618e+21   1.9325399057e+18   5.0015895660e+61   2.2245872600e-24   5.1871390089e-14  -9.1873976105e-08   2.0000000000e-02 
  1.4380076017e+21   1.9325399057e+18   5.0150690709e+61   2.2245872600e-24   5.1871390089e-14  -1.3531539698e-07   2.0000000000e-02 
  1.4399401416e+21   1.9325399057e+18   5.0285667153e+61   2.2245872600e-24   5.1871390089e-14  -1.6235719106e-07   2.0000000000e-02 
  1.4418726815e+21   1.9325399057e+18   5.0420824992e+61   2.2245872600e-24   5.1871390089e-14  -1.8967183307e-07   2.0000000000e-02 
  1.4438052214e+21   1.9325399057e+18   5.0556164226e+61   2.2245872600e-24   5.1871390089e-14  -2.1486930756e-07   2.0000000000e-02 
  1.4457377613e+21   1.9325399057e+18   5.0691684856e+61   2.2245872600e-24   5.1871390089e-14  -2.2242611070e-07   2.0000000000e-02 
  1.4476703013e+21   1.9325399057e+18   5.0827386880e+61   2.2245872600e-24   5.1871390089e-14  -2.1694511522e-07   2.0000000000e-02 
  1.4496028412e+21   1.9325399057e+18   5.0963270299e+61   2.2245872600e-24   5.1871390089e-14  -2.1714651915e-07   2.0000000000e-02 
  1.4515353811e+21   1.9325399057e+18   5.1099335113e+61   2.2245872600e-24   5.1871390089e-14  -2.1300037919e-07   2.0000000000e-02 
  1.4534679210e+21   1.9325399057e+18   5.1235581322e+61   2.2245872600e-24   5.1871390089e-14  -1.8805520020e-07   2.0000000000e-02 
  1.4554004609e+21   1.9325399057e+18   5.1372008926e+61   2.2245872600e-24   5.1871390089e-14  -1.5300515463e-07   2.0000000000e-02 
  1.4573330008e+21   1.9325399057e+18   5.1508617925e+61   2.2245872600e-24   5.1871390089e-14  -1.0532600075e-07   2.0000000000e-02 
  1.4592655407e+21   1.9325399057e+18   5.1645408319e+61   2.2245872600e-24   5.1871390089e-14  -5.7008374382e-08   2.0000000000e-02 
  1.4611980806e+21   1.9325399057e+18   5.1782380108e+61   2.2245872600e-24   5.1871390089e-14   2.4002848249e-09   2.0000000000e-02 
  1.4631306205e+21   1.9325399057e+18   5.1919533291e+61   2.2245872600e-24   5.1871390089e-14   3.5639515228e-08   2.0000000000e-02 
  1.4650631604e+21   1.9325399057e+18   5.2056867870e+61   2.2245872600e-24   5.1871390089e-14   1.5566569292e-08   2.0000000000e-02 
  1.4669957003e+21   1.9325399057e+18   5.2194383844e+61   2.2245872600e-24   5.1871390089e-14   3.2393633567e-08   2.0000000000e-02 
  1.4689282402e+21   1.9325399057e+18   5.2332081213e+61   2.2245872600e-24   5.1871390089e-14   1.2600723956e-07   2.0000000000e-02 
  1.4708607801e+21   1.9325399057e+18   5.2469959977e+61   2.2245872600e-24   5.1871390089e-14   2.2188809561e-07   2.0000000000e-02 
  1.4727933200e+21   1.9325399057e+18   5.2608020136e+61   2.2245872600e-24   5.1871390089e-14   2.1311619785e-07   2.0000000000e-02 
  1.4747258599e+21   1.9325399057e+18   5.2746261690e+61   2.2245872600e-24   5.1871390089e-14   1.0114458575e-07   2.0000000000e-02 
  1.4766583998e+21   1.9325399057e+18   5.2884684638e+61   2.2245872600e-24   5.1871390089e-14   2.1238438739e-08   2.0000000000e-02 
  1.4785909397e+21   1.9325399057e+18   5.3023288982e+61   2.2245872600e-24   5.1871390089e-14   1.4679254906e-08   2.0000000000e-02 
  1.4805234797e+21   1.9325399057e+18   5.3162074721e+61   2.2245872600e-24   5.1871390089e-14   1.8130165351e-07   2.0000000000e-02 
  1.4824560196e+21   1.9325399057e+18   5.3301041855e+61   2.2245872600e-24   5.1871390089e-14   8.6969195770e-07   2.0000000000e-02 
  1.4843885595e+21   1.9325399057e+18   5.3440190383e+61   2.2245872600e-24   5.1871390088e-14   1.3849817678e-06   2.0000000000e-02 
  1.4863210994e+21   1.9325399057e+18   5.3579520307e+61   2.2245872600e-24   5.1871390088e-14   1.7289150061e-06   2.0000000000e-02 
  1.4882536393e+21   1.9325399057e+18   5.3719031626e+61   2.2245872600e-24   5.1871390088e-14   1.8521824267e-06   2.0000000000e-02 
  1.4901861792e+21   1.9325399057e+18   5.3858724340e+61   2.2245872600e-24   5.1871390088e-14   1.8298959253e-06   2.0000000000e-02 
  1.4921187191e+21   1.9325399057e+18   5.3998598448e+61   2.2245872600e-24   5.1871390088e-14   1.8037208070e-06   2.0000000000e-02 
  1.4940512590e+21   1.9325399057e+18   5.4138653952e+61   2.2245872600e-24   5.1871390088e-14   1.8530035155e-06   2.0000000000e-02 
  1.4959837989e+21   1.9325399057e+18   5.4278890850e+61   2.2245872600e-24   5.1871390088e-14   2.0340912321e-06   2.0000000000e-02 
  1.4979163388e+21   1.9325399057e+18   5.4419309144e+61   2.2245872600e-24   5.1871390088e-14   2.2561270930e-06   2.0000000000e-02 
  1.4998488787e+21   1.9325399057e+18   5.4559908833e+61   2.2245872600e-24   5.1871390088e-14   2.4485323943e-06   2.0000000000e-02 
  1.5017814186e+21   1.9325399057e+18   5.4700689916e+61   2.2245872600e-24   5.1871390088e-14   2.5360622093e-06   2.0000000000e-02 
  1.5037139585e+21   1.9325399057e+18   5.4841652395e+61   2.2245872600e-24   5.1871390088e-14   2.4993840539e-06   2.0000000000e-02 
  1.5056464984e+21   1.9325399057e+18   5.4982796268e+61   2.2245872600e-24   5.1871390088e-14   2.2503463574e-06   2.0000000000e-02 
  1.5075790383e+21   1.9325399057e+18   5.5124121537e+61   2.2245872600e-24   5.1871390089e-14   1.5432959781e-06   2.0000000000e-02 
  1.5095115782e+21   1.9325399057e+18   5.5265628200e+61   2.2245872600e-24   5.1871390089e-14   6.8629536433e-07   2.0000000000e-02 
  1.5114441181e+21   1.9325399057e+18   5.5407316259e+61   2.2245872600e-24   5.1871390089e-14  -8.3337684870e-07   2.0000000000e-02 
  1.5133766580e+21   1.9325399057e+18   5.5549185712e+61   2.2245872600e-24   5.1871390090e-14  -2.4776199453e-06   2.0000000000e-02 
  1.5153091980e+21   1.9325399057e+18   5.5691236561e+61   2.2245872600e-24   5.1871390090e-14  -3.6405548456e-06   2.0000000000e-02 
  1.5172417379e+21   1.9325399057e+18   5.5833468804e+61   2.2245872600e-24   5.1871390090e-14  -4.4997056622e-06   2.0000000000e-02 
  1.5191742778e+21   1.9325399057e+18   5.5975882443e+61   2.2245872600e-24   5.1871390090e-14  -4.7661746333e-06   2.0000000000e-02 
  1.5211068177e+21   1.9325399057e+18   5.6118477476e+61   2.2245872600e-24   5.1871390090e-14  -5.0952019463e-06   2.0000000000e-02 
  1.5230393576e+21   1.9325399057e+18   5.6261253905e+61   2.2245872600e-24   5.1871390090e-14  -5.5073462858e-06   2.0000000000e-02 
  1.5249718975e+21   1.9325399057e+18   5.6404211728e+61   2.2245872600e-24   5.1871390090e-14  -5.9270067612e-06   2.0000000000e-02 
  1.5269044374e+21   1.9325399057e+18   5.6547350946e+61   2.2245872600e-24   5.1871390090e-14  -6.2170942636e-06   2.0000000000e-02 
  1.5288369773e+21   1.9325399057e+18   5.6690671560e+61   2.2245872600e-24   5.1871390090e-14  -6.3766746063e-06   2.0000000000e-02 
  1.5307695172e+21   1.9325399057e+18   5.6834173568e+61   2.2245872600e-24   5.1871390090e-14  -6.5809843102e-06   2.0000000000e-02 
  1.5327020571e+21   1.9325399057e+18   5.6977856971e+61   2.2245872600e-24   5.1871390090e-14  -7.1393749101e-06   2.0000000000e-02 
  1.5346345970e+21   1.9325399057e+18   5.7121721770e+61   2.2245872600e-24   5.1871390090e-14  -7.6748591567e-06   2.0000000000e-02 
  1.5365671369e+21   1.9325399057e+18   5.7265767963e+61   2.2245872600e-24   5.1871390091e-14  -7.7764024552e-06   2.0000000000e-02 
  1.5384996768e+21   1.9325399057e+18   5.7409995551e+61   2.2245872600e-24   5.1871390091e-14  -7.5993024213e-06   2.0000000000e-02 
  1.5404322167e+21   1.9325399057e+18   5.7554404534e+61   2.2245872600e-24   5.1871390091e-14  -7.2268585454e-06   2.0000000000e-02 
  1.5423647566e+21   1.9325399057e+18   5.7698994913e+61   2.2245872600e-24   5.1871390091e-14  -6.7546390968e-06   2.0000000000e-02 
  1.5442972965e+21   1.9325399057e+18   5.7843766686e+61   2.2245872600e-24   5.1871390091e-14  -6.1137754276e-06   2.0000000000e-02 
  1.5462298364e+21   1.9325399057e+18   5.7988719854e+61   2.2245872600e-24   5.1871390091e-14  -5.7834492402e-06   2.0000000000e-02 
  1.5481623764e+21   1.9325399057e+18   5.8133854417e+61   2.2245872600e-24   5.1871390091e-14  -5.6010251170e-06   2.0000000000e-02 
  1.5500949163e+21   1.9325399057e+18   5.8279170375e+61   2.2245872600e-24   5.1871390091e-14  -5.3439708499e-06   2.0000000000e-02 
  1.5520274562e+21   1.9325399057e+18   5.8424667728e+61   2.2245872600e-24   5.1871390091e-14  -5.0753186294e-06   2.0000000000e-02 
  1.5539599961e+21   1.9325399057e+18   5.8570346477e+61   2.2245872600e-24   5.1871390091e-14  -4.9065191640e-06   2.0000000000e-02 
  1.5558925360e+21   1.9325399057e+18   5.8716206620e+61   2.2245872600e-24   5.1871390091e-14  -4.7199927903e-06   2.0000000000e-02 
  1.5578250759e+21   1.9325399057e+18   5.8862248158e+61   2.2245872600e-24   5.1871390091e-14  -4.4820206982e-06   2.0000000000e-02 
  1.5597576158e+21   1.9325399057e+18   5.9008471091e+61   2.2245872600e-24   5.1871390091e-14  -3.7908887275e-06   2.0000000000e-02 
  1.5616901557e+21   1.9325399057e+18   5.9154875419e+61   2.2245872600e-24   5.1871390091e-14  -2.7988417867e-06   2.0000000000e-02 
  1.5636226956e+21   1.9325399057e+18   5.9301461142e+61   2.2245872600e-24   5.1871390092e-14  -1.7398110404e-06   2.0000000000e-02 
  1.5655552355e+21   1.9325399057e+18   5.9448228260e+61   2.2245872600e-24   5.1871390092e-14  -1.0748318538e-07   2.0000000000e-02 
  1.5674877754e+21   1.9325399057e+18   5.9595176773e+61   2.2245872600e-24   5.1871390093e-14   1.0610639608e-06   2.0000000000e-02 
  1.5694203153e+21   1.9325399057e+18   5.9742306681e+61   2.2245872600e-24   5.1871390093e-14   1.7351864484e-06   2.0000000000e-02 
  1.5713528552e+21   1.9325399057e+18   5.9889617984e+61   2.2245872600e-24   5.1871390093e-14   2.0725098991e-06   2.0000000000e-02 
  1.5732853951e+21   1.9325399057e+18   6.0037110682e+61   2.2245872600e-24   5.1871390093e-14   2.2419802946e-06   2.0000000000e-02 
  1.5752179350e+21   1.9325399057e+18   6.0184784775e+61   2.2245872600e-24   5.1871390093e-14   2.2971578371e-06   2.0000000000e-02 
  1.5771504749e+21   1.9325399057e+18   6.0332640263e+61   2.2245872600e-24   5.1871390093e-14   2.2571633194e-06   2.0000000000e-02 
  1.5790830148e+21   1.9325399057e+18   6.0480677146e+61   2.2245872600e-24   5.1871390093e-14   2.1680022147e-06   2.0000000000e-02 
  1.5810155547e+21   1.9325399057e+18   6.0628895424e+61   2.2245872600e-24   5.1871390093e-14   2.0567043265e-06   2.0000000000e-02 
  1.5829480947e+21   1.9325399057e+18   6.0777295096e+61   2.2245872600e-24   5.1871390093e-14   1.8644242722e-06   2.0000000000e-02 
  1.5848806346e+21   1.9325399057e+18   6.0925876164e+61   2.2245872600e-24   5.1871390093e-14   1.7178334419e-06   2.0000000000e-02 
  1.5868131745e+21   1.9325399057e+18   6.1074638627e+61   2.2245872600e-24   5.1871390093e-14   1.6149231909e-06   2.0000000000e-02 
  1.5887457144e+21   1.9325399057e+18   6.1223582485e+61   2.2245872600e-24   5.1871390093e-14   1.4921821413e-06   2.0000000000e-02 
  1.5906782543e+21   1.9325399057e+18   6.1372707738e+61   2.2245872600e-24   5.1871390093e-14   1.2942037988e-06   2.0000000000e-02 
  1.5926107942e+21   1.9325399057e+18   6.1522014386e+61   2.2245872600e-24   5.1871390093e-14   9.8415963642e-07   2.0000000000e-02 
  1.5945433341e+21   1.9325399057e+18   6.1671502428e+61   2.2245872600e-24   5.1871390093e-14   5.6615006847e-07   2.0000000000e-02 
  1.5964758740e+21   1.9325399057e+18   6.1821171866e+61   2.2245872600e-24   5.1871390092e-14   3.3221694995e-07   2.0000000000e-02 
  1.5984084139e+21   1.9325399057e+18   6.1971022699e+61   2.2245872600e-24   5.1871390092e-14   3.4354954705e-07   2.0000000000e-02 
  1.6003409538e+21   1.9325399057e+18   6.2121054927e+61   2.2245872600e-24   5.1871390092e-14   3.8856980976e-07   2.0000000000e-02 
  1.6022734937e+21   1.9325399057e+18   6.2271268549e+61   2.2245872600e-24   5.1871390092e-14   3.3193875032e-07   2.0000000000e-02 
  1.6042060336e+21   1.9325399057e+18   6.2421663567e+61   2.2245872600e-24   5.1871390092e-14   2.5441634790e-07   2.0000000000e-02 
  1.6061385735e+21   1.9325399057e+18   6.2572239980e+61   2.2245872600e-24   5.1871390092e-14   2.3554520807e-07   2.0000000000e-02 
  1.6080711134e+21   1.9325399057e+18   6.2722997787e+61   2.2245872600e-24   5.1871390092e-14   2.5383559828e-07   2.0000000000e-02 
  1.6100036533e+21   1.9325399057e+18   6.2873936990e+61   2.2245872600e-24   5.1871390092e-14   2.4505191558e-07   2.0000000000e-02 
  1.6119361932e+21   1.9325399057e+18   6.3025057587e+61   2.2245872600e-24   5.1871390092e-14   1.6382355791e-07   2.0000000000e-02 
  1.6138687331e+21   1.9325399057e+18   6.3176359580e+61   2.2245872600e-24   5.1871390092e-14   8.3699530110e-08   2.0000000000e-02 
  1.6158012731e+21   1.9325399057e+18   6.3327842968e+61   2.2245872600e-24   5.1871390092e-14   4.5369564358e-08   2.0000000000e-02 
  1.6177338130e+21   1.9325399057e+18   6.3479507750e+61   2.2245872600e-24   5.1871390092e-14   1.5796331832e-08   2.0000000000e-02 
  1.6196663529e+21   1.9325399057e+18   6.3631353928e+61   2.2245872600e-24   5.1871390092e-14   3.0243025598e-08   2.0000000000e-02 
  1.6215988928e+21   1.9325399057e+18   6.3783381500e+61   2.2245872600e-24   5.1871390092e-14   5.7053598511e-08   2.0000000000e-02 
  1.6235314327e+21   1.9325399057e+18   6.3935590468e+61   2.2245872600e-24   5.1871390092e-14   3.2076649726e-08   2.0000000000e-02 
  1.6254639726e+21   1.9325399057e+18   6.4087980830e+61   2.2245872600e-24   5.1871390092e-14   1.2941068881e-08   2.0000000000e-02 
  1.6273965125e+21   1.9325399057e+18   6.4240552588e+61   2.2245872600e-24   5.1871390092e-14   3.3997635490e-08   2.0000000000e-02 
  1.6293290524e+21   1.9325399057e+18   6.4393305740e+61   2.2245872600e-24   5.1871390092e-14   5.8041976680e-08   2.0000000000e-02 
  1.6312615923e+21   1.9325399057e+18   6.4546240288e+61   2.2245872600e-24   5.1871390092e-14   8.9422810323e-08   2.0000000000e-02 
  1.6331941322e+21   1.9325399057e+18   6.4699356230e+61   2.2245872600e-24   5.1871390092e-14   1.4161054681e-07   2.0000000000e-02 
  1.6351266721e+21   1.9325399057e+18   6.4852653568e+61   2.2245872600e-24   5.1871390092e-14   1.9123444502e-07   2.0000000000e-02 
  1.6370592120e+21   1.9325399057e+18   6.5006132300e+61   2.2245872600e-24   5.1871390092e-14   2.1594243985e-07   2.0000000000e-02 
  1.6389917519e+21   1.9325399057e+18   6.5159792427e+61   2.2245872600e-24   5.1871390092e-14   2.1235962339e-07   2.0000000000e-02 
  1.6409242918e+21   1.9325399057e+18   6.5313633950e+61   2.2245872600e-24   5.1871390092e-14   2.0865042846e-07   2.0000000000e-02 
  1.6428568317e+21   1.9325399057e+18   6.5467656867e+61   2.2245872600e-24   5.1871390092e-14   1.9820659592e-07   2.0000000000e-02 
  1.6447893716e+21   1.9325399057e+18   6.5621861179e+61   2.2245872600e-24   5.1871390092e-14   1.8653464694e-07   2.0000000000e-02 
  1.6467219115e+21   1.9325399057e+18   6.5776246887e+61   2.2245872600e-24   5.1871390092e-14   1.9877275620e-07   2.0000000000e-02 
  1.6486544514e+21   1.9325399057e+18   6.5930813989e+61   2.2245872600e-24   5.1871390092e-14   2.5904359380e-07   2.0000000000e-02 
  1.6505869914e+21   1.9325399057e+18   6.6085562486e+61   2.2245872600e-24   5.1871390092e-14   4.4570021925e-07   2.0000000000e-02 
  1.6525195313e+21   1.9325399057e+18   6.6240492379e+61   2.2245872600e-24   5.1871390092e-14   6.0211107102e-07   2.0000000000e-02 
  1.6544520712e+21   1.9325399057e+18   6.6395603666e+61   2.2245872600e-24   5.1871390092e-14   6.5416958241e-07   2.0000000000e-02 
  1.6563846111e+21   1.9325399057e+18   6.6550896348e+61   2.2245872600e-24   5.1871390092e-14   6.5553973756e-07   2.0000000000e-02 
  1.6583171510e+21   1.9325399057e+18   6.6706370425e+61   2.2245872600e-24   5.1871390092e-14   6.1615369259e-07   2.0000000000e-02 
  1.6602496909e+21   1.9325399057e+18   6.6862025897e+61   2.2245872600e-24   5.1871390092e-14   5.1969319442e-07   2.0000000000e-02 
  1.6621822308e+21   1.9325399057e+18   6.7017862765e+61   2.2245872600e-24   5.1871390092e-14   5.0170574522e-07   2.0000000000e-02 
  1.6641147707e+21   1.9325399057e+18   6.7173881027e+61   2.2245872600e-24   5.1871390092e-14   5.8614736673e-07   2.0000000000e-02 
  1.6660473106e+21   1.9325399057e+18   6.7330080684e+61   2.2245872600e-24   5.1871390092e-14   6.3117707981e-07   2.0000000000e-02 
  1.6679798505e+21   1.9325399057e+18   6.7486461736e+61   2.2245872600e-24   5.1871390092e-14   5.9395361813e-07   2.0000000000e-02 
  1.6699123904e+21   1.9325399057e+18   6.7643024183e+61   2.2245872600e-24   5.1871390092e-14   4.0987820893e-07   2.0000000000e-02 
  1.6718449303e+21   1.9325399057e+18   6.7799768025e+61   2.2245872600e-24   5.1871390092e-14   1.8160539679e-07   2.0000000000e-02 
  1.6737774702e+21   1.9325399057e+18   6.7956693262e+61   2.2245872600e-24   5.1871390092e-14   1.0179813426e-07   2.0000000000e-02 
  1.6757100101e+21   1.9325399057e+18   6.8113799894e+61   2.2245872600e-24   5.1871390092e-14   1.2516059415e-07   2.0000000000e-02 
  1.6776425500e+21   1.9325399057e+18   6.8271087921e+61   2.2245872600e-24   5.1871390092e-14   1.5839649364e-07   2.0000000000e-02 
  1.6795750899e+21   1.9325399057e+18   6.8428557343e+61   2.2245872600e-24   5.1871390092e-14   1.5705763889e-07   2.0000000000e-02 
  1.6815076298e+21   1.9325399057e+18   6.8586208160e+61   2.2245872600e-24   5.1871390092e-14   9.6651074945e-08   2.0000000000e-02 
  1.6834401697e+21   1.9325399057e+18   6.8744040372e+61   2.2245872600e-24   5.1871390092e-14   6.6458487329e-08   2.0000000000e-02 
  1.6853727097e+21   1.9325399057e+18   6.8902053979e+61   2.2245872600e-24   5.1871390092e-14   1.0170306253e-07   2.0000000000e-02 
  1.6873052496e+21   1.9325399057e+18   6.9060248981e+61   2.2245872600e-24   5.1871390092e-14   1.6599037452e-07   2.0000000000e-02 
  1.6892377895e+21   1.9325399057e+18   6.9218625378e+61   2.2245872600e-24   5.1871390092e-14   3.0781717026e-07   2.0000000000e-02 
  1.6911703294e+21   1.9325399057e+18   6.9377183170e+61   2.2245872600e-24   5.1871390092e-14   4.9096279201e-07   2.0000000000e-02 
  1.6931028693e+21   1.9325399057e+18   6.9535922357e+61   2.2245872600e-24   5.1871390092e-14   6.0405241458e-07   2.0000000000e-02 
  1.6950354092e+21   1.9325399057e+18   6.9694842939e+61   2.2245872600e-24   5.1871390092e-14   6.1526978796e-07   2.0000000000e-02 
  1.6969679491e+21   1.9325399057e+18   6.9853944916e+61   2.2245872600e-24   5.1871390092e-14   5.3905813551e-07   2.0000000000e-02 
  1.6989004890e+21   1.9325399057e+18   7.0013228288e+61   2.2245872600e-24   5.1871390092e-14   1.4451505948e-07   2.0000000000e-02 
  1.7008330289e+21   1.9325399057e+18   7.0172693055e+61   2.2245872600e-24   5.1871390092e-14  -5.2152695953e-07   2.0000000000e-02 
  1.7027655688e+21   1.9325399057e+18   7.0332339216e+61   2.2245872600e-24   5.1871390092e-14  -8.6188404489e-07   2.0000000000e-02 
  1.7046981087e+21   1.9325399057e+18   7.0492166773e+61   2.2245872600e-24   5.1871390092e-14  -1.0061887611e-06   2.0000000000e-02 
  1.7066306486e+21   1.9325399057e+18   7.0652175725e+61   2.2245872600e-24   5.1871390092e-14  -1.0219860455e-06   2.0000000000e-02 
  1.7085631885e+21   1.9325399057e+18   7.0812366072e+61   2.2245872600e-24   5.1871390092e-14  -1.0418309520e-06   2.0000000000e-02 
  1.7104957284e+21   1.9325399057e+18   7.0972737814e+61   2.2245872600e-24   5.1871390092e-14  -1.1118049214e-06   2.0000000000e-02 
  1.7124282683e+21   1.9325399057e+18   7.1133290950e+61   2.2245872600e-24   5.1871390092e-14  -1.2244579922e-06   2.0000000000e-02 
  1.7143608082e+21   1.9325399057e+18   7.1294025482e+61   2.2245872600e-24   5.1871390092e-14  -1.3421523554e-06   2.0000000000e-02 
  1.7162933481e+21   1.9325399057e+18   7.1454941409e+61   2.2245872600e-24   5.1871390092e-14  -1.5086695116e-06   2.0000000000e-02 
  1.7182258881e+21   1.9325399057e+18   7.1616038730e+61   2.2245872600e-24   5.1871390092e-14  -1.6776649355e-06   2.0000000000e-02 
  1.7201584280e+21   1.9325399057e+18   7.1777317447e+61   2.2245872600e-24   5.1871390092e-14  -1.7809667937e-06   2.0000000000e-02 
  1.7220909679e+21   1.9325399057e+18   7.1938777559e+61   2.2245872600e-24   5.1871390092e-14  -1.8130766020e-06   2.0000000000e-02 
  1.7240235078e+21   1.9325399057e+18   7.2100419065e+61   2.2245872600e-24   5.1871390092e-14  -1.7914295315e-06   2.0000000000e-02 
  1.7259560477e+21   1.9325399057e+18   7.2262241967e+61   2.2245872600e-24   5.1871390092e-14  -1.6126213533e-06   2.0000000000e-02 
  1.7278885876e+21   1.9325399057e+18   7.2424246264e+61   2.2245872600e-24   5.1871390092e-14  -1.2424809710e-06   2.0000000000e-02 
  1.7298211275e+21   1.9325399057e+18   7.2586431955e+61   2.2245872600e-24   5.1871390092e-14  -5.9902839588e-07   2.0000000000e-02 
  1.7317536674e+21   1.9325399057e+18   7.2748799042e+61   2.2245872600e-24   5.1871390091e-14   6.4500126748e-07   2.0000000000e-02 
  1.7336862073e+21   1.9325399057e+18   7.2911347523e+61   2.2245872600e-24   5.1871390091e-14   2.3682359062e-06   2.0000000000e-02 
  1.7356187472e+21   1.9325399057e+18   7.3074077400e+61   2.2245872600e-24   5.1871390090e-14   3.5716439618e-06   2.0000000000e-02 
  1.7375512871e+21   1.9325399057e+18   7.3236988671e+61   2.2245872600e-24   5.1871390090e-14   4.2236162851e-06   2.0000000000e-02 
  1.7394838270e+21   1.9325399057e+18   7.3400081338e+61   2.2245872600e-24   5.1871390090e-14   4.6939847047e-06   2.0000000000e-02 
  1.7414163669e+21   1.9325399057e+18   7.3563355399e+61   2.2245872600e-24   5.1871390090e-14   5.0187088159e-06   2.0000000000e-02 
  1.7433489068e+21   1.9325399057e+18   7.3726810856e+61   2.2245872600e-24   5.1871390090e-14   5.2301012080e-06   2.0000000000e-02 
  1.7452814467e+21   1.9325399057e+18   7.3890447707e+61   2.2245872600e-24   5.1871390090e-14   5.3720379716e-06   2.0000000000e-02 
  1.7472139866e+21   1.9325399057e+18   7.4054265954e+61   2.2245872600e-24   5.1871390090e-14   5.3937773605e-06   2.0000000000e-02 
  1.7491465265e+21   1.9325399057e+18   7.4218265595e+61   2.2245872600e-24   5.1871390090e-14   5.3677751113e-06   2.0000000000e-02 
  1.7510790664e+21   1.9325399057e+18   7.4382446632e+61   2.2245872600e-24   5.1871390090e-14   5.3525134184e-06   2.0000000000e-02 
  1.7530116064e+21   1.9325399057e+18   7.4546809063e+61   2.2245872600e-24   5.1871390090e-14   5.4749478055e-06   2.0000000000e-02 
  1.7549441463e+21   1.9325399057e+18   7.4711352889e+61   2.2245872600e-24   5.1871390090e-14   5.7108335166e-06   2.0000000000e-02 
  1.7568766862e+21   1.9325399057e+18   7.4876078111e+61   2.2245872600e-24   5.1871390090e-14   5.8449861517e-06   2.0000000000e-02 
  1.7588092261e+21   1.9325399057e+18   7.5040984727e+61   2.2245872600e-24   5.1871390090e-14   5.8877064823e-06   2.0000000000e-02 
  1.7607417660e+21   1.9325399057e+18   7.5206072738e+61   2.2245872600e-24   5.1871390090e-14   5.7762855253e-06   2.0000000000e-02 
  1.7626743059e+21   1.9325399057e+18   7.5371342145e+61   2.2245872600e-24   5.1871390090e-14   5.2343425137e-06   2.0000000000e-02 
  1.7646068458e+21   1.9325399057e+18   7.5536792946e+61   2.2245872600e-24   5.1871390090e-14   4.4851081475e-06   2.0000000000e-02 
  1.7665393857e+21   1.9325399057e+18   7.5702425142e+61   2.2245872600e-24   5.1871390090e-14   4.1298799956e-06   2.0000000000e-02 
  1.7684719256e+21   1.9325399057e+18   7.5868238733e+61   2.2245872600e-24   5.1871390090e-14   3.9599549170e-06   2.0000000000e-02 
  1.7704044655e+21   1.9325399057e+18   7.6034233720e+61   2.2245872600e-24   5.1871390090e-14   3.8044424766e-06   2.0000000000e-02 
  1.7723370054e+21   1.9325399057e+18   7.6200410101e+61   2.2245872600e-24   5.1871390090e-14   3.6105513788e-06   2.0000000000e-02 
  1.7742695453e+21   1.9325399057e+18   7.6366767877e+61   2.2245872600e-24   5.1871390090e-14   3.4221158139e-06   2.0000000000e-02 
  1.7762020852e+21   1.9325399057e+18   7.6533307048e+61   2.2245872600e-24   5.1871390090e-14   3.3066302687e-06   2.0000000000e-02 
  1.7781346251e+21   1.9325399057e+18   7.6700027614e+61   2.2245872600e-24   5.1871390090e-14   3.2039208088e-06   2.0000000000e-02 
  1.7800671650e+21   1.9325399057e+18   7.6866929575e+61   2.2245872600e-24   5.1871390090e-14   2.3545467373e-06   2.0000000000e-02 
  1.7819997049e+21   1.9325399057e+18   7.7034012932e+61   2.2245872600e-24   5.1871390089e-14   6.4090353150e-07   2.0000000000e-02 
  1.7839322448e+21   1.9325399057e+18   7.7201277683e+61   2.2245872600e-24   5.1871390089e-14  -1.1049230587e-06   2.0000000000e-02 
  1.7858647848e+21   1.9325399057e+18   7.7368723829e+61   2.2245872600e-24   5.1871390089e-14  -1.8098891735e-06   2.0000000000e-02 
  1.7877973247e+21   1.9325399057e+18   7.7536351370e+61   2.2245872600e-24   5.1871390089e-14  -2.1636924423e-06   2.0000000000e-02 
  1.7897298646e+21   1.9325399057e+18   7.7704160306e+61   2.2245872600e-24   5.1871390088e-14  -2.5759628041e-06   2.0000000000e-02 
  1.7916624045e+21   1.9325399057e+18   7.7872150637e+61   2.2245872600e-24   5.1871390088e-14  -2.7623126141e-06   2.0000000000e-02 
  1.7935949444e+21   1.9325399057e+18   7.8040322363e+61   2.2245872600e-24   5.1871390088e-14  -2.8075236792e-06   2.0000000000e-02 
  1.7955274843e+21   1.9325399057e+18   7.8208675484e+61   2.2245872600e-24   5.1871390088e-14  -2.8772984987e-06   2.0000000000e-02 
  1.7974600242e+21   1.9325399057e+18   7.8377210000e+61   2.2245872600e-24   5.1871390089e-14  -2.8122103723e-06   2.0000000000e-02 
  1.7993925641e+21   1.9325399057e+18   7.8545925911e+61   2.2245872600e-24   5.1871390089e-14  -2.4919897135e-06   2.0000000000e-02 
  1.8013251040e+21   1.9325399057e+18   7.8714823217e+61   2.2245872600e-24   5.1871390089e-14  -1.9470059765e-06   2.0000000000e-02 
  1.8032576439e+21   1.9325399057e+18   7.8883901918e+61   2.2245872600e-24   5.1871390089e-14  -1.2017096554e-06   2.0000000000e-02 
  1.8051901838e+21   1.9325399057e+18   7.9053162014e+61   2.2245872600e-24   5.1871390089e-14  -4.1569340179e-07   2.0000000000e-02 
  1.8071227237e+21   1.9325399057e+18   7.9222603505e+61   2.2245872600e-24   5.1871390089e-14  -2.0406080152e-07   2.0000000000e-02 
  1.8090552636e+21   1.9325399057e+18   7.9392226391e+61   2.2245872600e-24   5.1871390089e-14  -1.3450290685e-07   2.0000000000e-02 
  1.8109878035e+21   1.9325399057e+18   7.9562030672e+61   2.2245872600e-24   5.1871390089e-14  -1.0281847007e-07   2.0000000000e-02 
  1.8129203434e+21   1.9325399057e+18   7.9732016347e+61   2.2245872600e-24   5.1871390089e-14  -1.0990784969e-07   2.0000000000e-02 
  1.8148528833e+21   1.9325399057e+18   7.9902183418e+61   2.2245872600e-24   5.1871390089e-14  -1.4134775105e-07   2.0000000000e-02 
  1.8167854232e+21   1.9325399057e+18   8.0072531884e+61   2.2245872600e-24   5.1871390089e-14  -1.5176733490e-07   2.0000000000e-02 
  1.8187179631e+21   1.9325399057e+18   8.0243061745e+61   2.2245872600e-24   5.1871390089e-14  -1.2743319160e-07   2.0000000000e-02 
  1.8206505031e+21   1.9325399057e+18   8.0413773001e+61   2.2245872600e-24   5.1871390089e-14  -1.1285309435e-07   2.0000000000e-02 
  1.8225830430e+21   1.9325399057e+18   8.0584665651e+61   2.2245872600e-24   5.1871390089e-14  -1.0337602024e-07   2.0000000000e-02 
  1.8245155829e+21   1.9325399057e+18   8.0755739697e+61   2.2245872600e-24   5.1871390089e-14  -1.0579056935e-07   2.0000000000e-02 
  1.8264481228e+21   1.9325399057e+18   8.0926995138e+61   2.2245872600e-24   5.1871390089e-14  -1.0742807367e-07   2.0000000000e-02 
  1.8283806627e+21   1.9325399057e+18   8.1098431974e+61   2.2245872600e-24   5.1871390089e-14  -9.1024142130e-08   2.0000000000e-02 
  1.8303132026e+21   1.9325399057e+18   8.1270050204e+61   2.2245872600e-24   5.1871390089e-14  -5.5784944398e-08   2.0000000000e-02 
  1.8322457425e+21   1.9325399057e+18   8.1441849830e+61   2.2245872600e-24   5.1871390089e-14  -1.7809648168e-08   2.0000000000e-02 
  1.8341782824e+21   1.9325399057e+18   8.1613830851e+61   2.2245872600e-24   5.1871390089e-14  -4.6853734584e-09   2.0000000000e-02 
  1.8361108223e+21   1.9325399057e+18   8.1785993266e+61   2.2245872600e-24   5.1871390089e-14   4.3583176935e-08   2.0000000000e-02 
  1.8380433622e+21   1.9325399057e+18   8.1958337077e+61   2.2245872600e-24   5.1871390089e-14   7.9529810531e-08   2.0000000000e-02 
  1.8399759021e+21   1.9325399057e+18   8.2130862283e+61   2.2245872600e-24   5.1871390089e-14   1.2560277623e-08   2.0000000000e-02 
  1.8419084420e+21   1.9325399057e+18   8.2303568883e+61   2.2245872600e-24   5.1871390089e-14  -6.2276396460e-08   2.0000000000e-02 
  1.8438409819e+21   1.9325399057e+18   8.2476456879e+61   2.2245872600e-24   5.1871390089e-14  -1.0450999977e-07   2.0000000000e-02 
  1.8457735218e+21   1.9325399057e+18   8.2649526269e+61   2.2245872600e-24   5.1871390089e-14  -1.2704922616e-07   2.0000000000e-02 
  1.8477060617e+21   1.9325399057e+18   8.2822777055e+61   2.2245872600e-24   5.1871390089e-14  -1.2015898016e-07   2.0000000000e-02 
  1.8496386016e+21   1.9325399057e+18   8.2996209236e+61   2.2245872600e-24   5.1871390089e-14  -1.0140105760e-07   2.0000000000e-02 
  1.8515711415e+21   1.9325399057e+18   8.3169822811e+61   2.2245872600e-24   5.1871390089e-14  -6.0856683798e-08   2.0000000000e-02 
  1.8535036815e+21   1.9325399057e+18   8.3343617782e+61   2.2245872600e-24   5.1871390089e-14  -2.7312166371e-08   2.0000000000e-02 
  1.8554362214e+21   1.9325399057e+18   8.3517594147e+61   2.2245872600e-24   5.1871390089e-14  -9.3390541437e-09   2.0000000000e-02 
  1.8573687613e+21   1.9325399057e+18   8.3691751907e+61   2.2245872600e-24   5.1871390089e-14   3.0389543581e-08   2.0000000000e-02 
  1.8593013012e+21   1.9325399057e+18   8.3866091063e+61   2.2245872600e-24   5.1871390089e-14   1.0229114566e-07   2.0000000000e-02 
  1.8612338411e+21   1.9325399057e+18   8.4040611613e+61   2.2245872600e-24   5.1871390089e-14   1.6146872117e-07   2.0000000000e-02 
  1.8631663810e+21   1.9325399057e+18   8.4215313559e+61   2.2245872600e-24   5.1871390089e-14   1.8223688803e-07   2.0000000000e-02 
  1.8650989209e+21   1.9325399057e+18   8.4390196899e+61   2.2245872600e-24   5.1871390089e-14   1.6912057516e-07   2.0000000000e-02 
  1.8670314608e+21   1.9325399057e+18   8.4565261635e+61   2.2245872600e-24   5.1871390089e-14   7.0243991670e-08   2.0000000000e-02 
  1.8689640007e+21   1.9325399057e+18   8.4740507765e+61   2.2245872600e-24   5.1871390089e-14  -2.5903764486e-08   2.0000000000e-02 
  1.8708965406e+21   1.9325399057e+18   8.4915935290e+61   2.2245872600e-24   5.1871390089e-14  -6.2153625330e-08   2.0000000000e-02 
  1.8728290805e+21   1.9325399057e+18   8.5091544211e+61   2.2245872600e-24   5.1871390089e-14  -5.3374213555e-08   2.0000000000e-02 
  1.8747616204e+21   1.9325399057e+18   8.5267334526e+61   2.2245872600e-24   5.1871390089e-14  -6.6439445942e-09   2.0000000000e-02 
  1.8766941603e+21   1.9325399057e+18   8.5443306236e+61   2.2245872600e-24   5.1871390089e-14   5.1008911154e-08   2.0000000000e-02 
  1.8786267002e+21   1.9325399057e+18   8.5619459342e+61   2.2245872600e-24   5.1871390089e-14   1.5735828588e-07   2.0000000000e-02 
  1.8805592401e+21   1.9325399057e+18   8.5795793842e+61   2.2245872600e-24   5.1871390089e-14   3.3246773946e-07   2.0000000000e-02 
  1.8824917800e+21   1.9325399057e+18   8.5972309737e+61   2.2245872600e-24   5.1871390089e-14   4.6719082647e-07   2.0000000000e-02 
  1.8844243199e+21   1.9325399057e+18   8.6149007027e+61   2.2245872600e-24   5.1871390089e-14   4.6189246439e-07   2.0000000000e-02 
  1.8863568598e+21   1.9325399057e+18   8.6325885712e+61   2.2245872600e-24   5.1871390089e-14   3.3677643567e-07   2.0000000000e-02 
  1.8882893998e+21   1.9325399057e+18   8.6502945793e+61   2.2245872600e-24   5.1871390089e-14   1.5541656795e-07   2.0000000000e-02 
  1.8902219397e+21   1.9325399057e+18   8.6680187268e+61   2.2245872600e-24   5.1871390089e-14   8.5768867614e-09   2.0000000000e-02 
  1.8921544796e+21   1.9325399057e+18   8.6857610138e+61   2.2245872600e-24   5.1871390089e-14  -9.0417900142e-08   2.0000000000e-02 
  1.8940870195e+21   1.9325399057e+18   8.7035214403e+61   2.2245872600e-24   5.1871390089e-14  -1.4948019977e-07   2.0000000000e-02 
  1.8960195594e+21   1.9325399057e+18   8.7213000063e+61   2.2245872600e-24   5.1871390089e-14  -1.7240328641e-07   2.0000000000e-02 
  1.8979520993e+21   1.9325399057e+18   8.7390967118e+61   2.2245872600e-24   5.1871390089e-14  -1.8160881008e-07   2.0000000000e-02 
  1.8998846392e+21   1.9325399057e+18   8.7569115569e+61   2.2245872600e-24   5.1871390089e-14  -1.8599800747e-07   2.0000000000e-02 
  1.9018171791e+21   1.9325399057e+18   8.7747445414e+61   2.2245872600e-24   5.1871390089e-14  -2.0019263641e-07   2.0000000000e-02 
  1.9037497190e+21   1.9325399057e+18   8.7925956654e+61   2.2245872600e-24   5.1871390089e-14  -2.0863815787e-07   2.0000000000e-02 
  1.9056822589e+21   1.9325399057e+18   8.8104649289e+61   2.2245872600e-24   5.1871390089e-14  -1.7757809004e-07   2.0000000000e-02 
  1.9076147988e+21   1.9325399057e+18   8.8283523319e+61   2.2245872600e-24   5.1871390089e-14  -6.0091950485e-08   2.0000000000e-02 
  1.9095473387e+21   1.9325399057e+18   8.8462578744e+61   2.2245872600e-24   5.1871390089e-14   2.6972845835e-07   2.0000000000e-02 
  1.9114798786e+21   1.9325399057e+18   8.8641815564e+61   2.2245872600e-24   5.1871390089e-14   7.0024650665e-07   2.0000000000e-02 
  1.9134124185e+21   1.9325399057e+18   8.8821233779e+61   2.2245872600e-24   5.1871390089e-14   8.5820254431e-07   2.0000000000e-02 
  1.9153449584e+21   1.9325399057e+18   8.9000833389e+61   2.2245872600e-24   5.1871390089e-14   7.6421243783e-07   2.0000000000e-02 
  1.9172774983e+21   1.9325399057e+18   8.9180614394e+61   2.2245872600e-24   5.1871390089e-14   6.1137093157e-07   2.0000000000e-02 
  1.9192100382e+21   1.9325399057e+18   8.9360576794e+61   2.2245872600e-24   5.1871390089e-14   6.6440670426e-07   2.0000000000e-02 
  1.9211425782e+21   1.9325399057e+18   8.9540720589e+61   2.2245872600e-24   5.1871390089e-14   7.7474572184e-07   2.0000000000e-02 
  1.9230751181e+21   1.9325399057e+18   8.9721045778e+61   2.2245872600e-24   5.1871390089e-14   7.5203883234e-07   2.0000000000e-02 
  1.9250076580e+21   1.9325399057e+18   8.9901552363e+61   2.2245872600e-24   5.1871390089e-14   4.0922598996e-07   2.0000000000e-02 
  1.9269401979e+21   1.9325399057e+18   9.0082240343e+61   2.2245872600e-24   5.1871390089e-14   6.8039300194e-08   2.0000000000e-02 
  1.9288727378e+21   1.9325399057e+18   9.0263109718e+61   2.2245872600e-24   5.1871390089e-14  -7.0652567557e-08   2.0000000000e-02 
  1.9308052777e+21   1.9325399057e+18   9.0444160488e+61   2.2245872600e-24   5.1871390089e-14  -1.3547874262e-07   2.0000000000e-02 
  1.9327378176e+21   1.9325399057e+18   9.0625392653e+61   2.2245872600e-24   5.1871390089e-14  -1.7752134910e-07   2.0000000000e-02 
  1.9346703575e+21   1.9325399057e+18   9.0806806212e+61   2.2245872600e-24   5.1871390089e-14  -1.9464548722e-07   2.0000000000e-02 
  1.9366028974e+21   1.9325399057e+18   9.0988401167e+61   2.2245872600e-24   5.1871390089e-14  -1.7508955148e-07   2.0000000000e-02 
  1.9385354373e+21   1.9325399057e+18   9.1170177517e+61   2.2245872600e-24   5.1871390089e-14  -1.5253887083e-07   2.0000000000e-02 
  1.9404679772e+21   1.9325399057e+18   9.1352135262e+61   2.2245872600e-24   5.1871390089e-14  -1.5252475466e-07   2.0000000000e-02 
  1.9424005171e+21   1.9325399057e+18   9.1534274401e+61   2.2245872600e-24   5.1871390089e-14  -1.5723002016e-07   2.0000000000e-02 
  1.9443330570e+21   1.9325399057e+18   9.1716594936e+61   2.2245872600e-24   5.1871390089e-14  -1.4822059384e-07   2.0000000000e-02 
  1.9462655969e+21   1.9325399057e+18   9.1899096866e+61   2.2245872600e-24   5.1871390089e-14  -1.3581089437e-07   2.0000000000e-02 
  1.9481981368e+21   1.9325399057e+18   9.2081780190e+61   2.2245872600e-24   5.1871390089e-14  -1.3209262996e-07   2.0000000000e-02 
  1.9501306767e+21   1.9325399057e+18   9.2264644910e+61   2.2245872600e-24   5.1871390089e-14  -9.0742986662e-08   2.0000000000e-02 
  1.9520632166e+21   1.9325399057e+18   9.2447691025e+61   2.2245872600e-24   5.1871390089e-14  -3.3298838449e-08   2.0000000000e-02 
  1.9539957565e+21   1.9325399057e+18   9.2630918534e+61   2.2245872600e-24   5.1871390089e-14  -1.2391969744e-08   2.0000000000e-02 
  1.9559282965e+21   1.9325399057e+18   9.2814327439e+61   2.2245872600e-24   5.1871390089e-14   1.2580505092e-09   2.0000000000e-02 
  1.9578608364e+21   1.9325399057e+18   9.2997917739e+61   2.2245872600e-24   5.1871390089e-14  -1.2602135953e-08   2.0000000000e-02 
  1.9597933763e+21   1.9325399057e+18   9.3181689433e+61   2.2245872600e-24   5.1871390089e-14  -7.4643259573e-08   2.0000000000e-02 
  1.9617259162e+21   1.9325399057e+18   9.3365642523e+61   2.2245872600e-24   5.1871390089e-14  -1.2733882707e-07   2.0000000000e-02 
  1.9636584561e+21   1.9325399057e+18   9.3549777007e+61   2.2245872600e-24   5.1871390089e-14  -1.3127609272e-07   2.0000000000e-02 
  1.9655909960e+21   1.9325399057e+18   9.3734092887e+61   2.2245872600e-24   5.1871390089e-14  -1.1840771831e-07   2.0000000000e-02 
  1.9675235359e+21   1.9325399057e+18   9.3918590161e+61   2.2245872600e-24   5.1871390089e-14  -1.5010629236e-07   2.0000000000e-02 
  1.9694560758e+21   1.9325399057e+18   9.4103268831e+61   2.2245872600e-24   5.1871390089e-14  -1.7836594728e-07   2.0000000000e-02 
  1.9713886157e+21   1.9325399057e+18   9.4288128895e+61   2.2245872600e-24   5.1871390089e-14  -1.6769329288e-07   2.0000000000e-02 
  1.9733211556e+21   1.9325399057e+18   9.4473170355e+61   2.2245872600e-24   5.1871390089e-14  -1.4735794990e-07   2.0000000000e-02 
  1.9752536955e+21   1.9325399057e+18   9.4658393209e+61   2.2245872600e-24   5.1871390089e-14  -1.1537015416e-07   2.0000000000e-02 
  1.9771862354e+21   1.9325399057e+18   9.4843797459e+61   2.2245872600e-24   5.1871390089e-14  -5.2909674040e-08   2.0000000000e-02 
  1.9791187753e+21   1.9325399057e+18   9.5029383103e+61   2.2245872600e-24   5.1871390089e-14   0.0000000000e+00   2.0000000000e-02 
