# time = 1.264086e+15 [s] 
# r                  dr                 dV                 Density            Pressure           Velocity           Z
  2.1304517832e+18   2.1304517832e+18   4.0504543152e+55   1.6714426647e-31   1.1470387650e-13   0.0000000000e+00   9.9248591688e-02 
  3.4166569689e+18   1.2862051856e+18   1.2656325282e+56   1.6714426647e-31   1.1470387650e-13  -1.2735452915e+05   9.9248591688e-02 
  4.4821618155e+18   1.0655048467e+18   2.1011441645e+56   1.6719817306e-31   1.1470294567e-13  -2.2414375344e+05   9.9248591688e-02 
  5.1561182486e+18   6.7395643306e+17   1.9700989100e+56   1.6731648655e-31   1.1470332490e-13  -2.9771683479e+05   9.9248591688e-02 
  5.5858403545e+18   4.2972210585e+17   1.5586052181e+56   1.6748439759e-31   1.1470331207e-13  -3.4073683509e+05   9.9248591688e-02 
  6.3254380944e+18   7.3959773996e+17   3.3008058238e+56   1.6783165461e-31   1.1470326379e-13  -3.8434619421e+05   9.9248591688e-02 
  6.9881286436e+18   6.6269054924e+17   3.6932440909e+56   1.6838347566e-31   1.1470321956e-13  -4.3546612882e+05   9.9248591688e-02 
  7.9068668187e+18   9.1873817500e+17   6.4116942012e+56   1.6919456310e-31   1.1470315848e-13  -4.9172639950e+05   9.9248591688e-02 
  8.7785696537e+18   8.7170283505e+17   7.6311222558e+56   1.7028672356e-31   1.1470309907e-13  -5.5443583866e+05   9.9248591688e-02 
  9.8924396778e+18   1.1138700241e+18   1.2213352741e+57   1.7172186941e-31   1.1470303052e-13  -6.2308085581e+05   9.9248591688e-02 
  1.1008606419e+19   1.1161667409e+18   1.5333017925e+57   1.7355336053e-31   1.1470297608e-13  -6.9946069997e+05   9.9248591688e-02 
  1.2366438718e+19   1.3578322998e+18   2.3333996799e+57   1.7585411659e-31   1.1470294183e-13  -7.8360278374e+05   9.9248591688e-02 
  1.3784433478e+19   1.4179947600e+18   3.0494553884e+57   1.7871455370e-31   1.1470293818e-13  -8.7754816825e+05   9.9248591688e-02 
  1.5430176333e+19   1.6457428545e+18   4.4174453379e+57   1.8220411505e-31   1.1470293987e-13  -9.8097647902e+05   9.9248591688e-02 
  1.7190344934e+19   1.7601686006e+18   5.8898905361e+57   1.8644866464e-31   1.1470290657e-13  -1.0957798558e+06   9.9248591688e-02 
  1.9163684051e+19   1.9733391171e+18   8.2013062255e+57   1.9153284309e-31   1.1470280823e-13  -1.2213353507e+06   9.9248591688e-02 
  2.1333491224e+19   2.1698071730e+18   1.1190148739e+58   1.9767004440e-31   1.1470264506e-13  -1.3603247760e+06   9.9248591688e-02 
  2.3709107548e+19   2.3756163240e+18   1.5155684441e+58   2.0497348654e-31   1.1470243384e-13  -1.5125792259e+06   9.9248591688e-02 
  2.6343211650e+19   2.6341041021e+18   2.0750662864e+58   2.1368098731e-31   1.1470227002e-13  -1.6800595062e+06   9.9248591688e-02 
  2.9177781807e+19   2.8345701576e+18   2.7474431064e+58   2.2392523902e-31   1.1470221214e-13  -1.8623945349e+06   9.9248591688e-02 
  3.2344288056e+19   3.1665062482e+18   3.7685599362e+58   2.3602409712e-31   1.1470225496e-13  -2.0621076101e+06   9.9248591688e-02 
  3.5696344566e+19   3.3520565103e+18   4.8792054485e+58   2.5012257184e-31   1.1470199835e-13  -2.2789620923e+06   9.9248591688e-02 
  3.9481508318e+19   3.7851637521e+18   6.7263771487e+58   2.6670709914e-31   1.1470185609e-13  -2.5164689427e+06   9.9248591688e-02 
  4.3420742889e+19   3.9392345711e+18   8.5117938072e+58   2.8594545695e-31   1.1470160131e-13  -2.7728403959e+06   9.9248591688e-02 
  4.7780704127e+19   4.3599612381e+18   1.1401623036e+59   3.0815933773e-31   1.1470126592e-13  -3.0476527363e+06   9.9248591688e-02 
  5.2287678624e+19   4.5069744964e+18   1.4188036349e+59   3.3362679767e-31   1.1470084832e-13  -3.3408845414e+06   9.9248591688e-02 
  5.7335965535e+19   5.0482869110e+18   1.9072572154e+59   3.6314691916e-31   1.1470019990e-13  -3.6571629369e+06   9.9248591688e-02 
  6.2193547889e+19   4.8575823539e+18   2.1815208481e+59   3.9599257429e-31   1.1469939303e-13  -3.9845306414e+06   9.9248591688e-02 
  6.8909661857e+19   6.7161139689e+18   3.6297299560e+59   4.3750234065e-31   1.1469811526e-13  -4.3668284678e+06   9.9248591688e-02 
  7.9180957549e+19   1.0271295692e+19   7.0880381366e+59   5.0246952114e-31   1.1469599678e-13  -4.9275024772e+06   9.9248591688e-02 
  8.3052384139e+19   3.8714265898e+18   3.2017215470e+59   5.5929154422e-31   1.1469345648e-13  -5.3929601964e+06   9.9248591688e-02 
  8.6683115162e+19   3.6307310232e+18   3.2866658027e+59   5.9358683795e-31   1.1469235350e-13  -5.6406337129e+06   9.9248591688e-02 
  9.0294502700e+19   3.6113875382e+18   3.5540287290e+59   6.3136641835e-31   1.1469062724e-13  -5.8796147268e+06   9.9248591688e-02 
  9.4033439344e+19   3.7389366433e+18   3.9915344917e+59   6.7495191542e-31   1.1468884225e-13  -6.1223358469e+06   9.9248591688e-02 
  9.7406510326e+19   3.3730709826e+18   3.8840555752e+59   7.2256256209e-31   1.1468679178e-13  -6.3569261850e+06   9.9248591688e-02 
  1.0171394772e+20   4.3074373892e+18   5.3662184718e+59   7.8106523881e-31   1.1468427577e-13  -6.6094193326e+06   9.9248591688e-02 
  1.0579851718e+20   4.0845694677e+18   5.5263784404e+59   8.5162217041e-31   1.1468109550e-13  -6.8846836337e+06   9.9248591688e-02 
  1.0971575132e+20   3.9172341397e+18   5.7164878523e+59   9.2612334817e-31   1.1467763502e-13  -7.1476583827e+06   9.9248591688e-02 
  1.1340650361e+20   3.6907522825e+18   5.7728484816e+59   1.0047220542e-30   1.1467418830e-13  -7.3989609173e+06   9.9248591688e-02 
  1.1797939033e+20   4.5728867248e+18   7.6925550561e+59   1.0999284462e-30   1.1466947310e-13  -7.6717423796e+06   9.9248591688e-02 
  1.2245056866e+20   4.4711783268e+18   8.1208051551e+59   1.2138911001e-30   1.1466421515e-13  -7.9710711907e+06   9.9248591688e-02 
  1.2667410086e+20   4.2235322072e+18   8.2357045954e+59   1.3340051407e-30   1.1465834234e-13  -8.2584093362e+06   9.9248591688e-02 
  1.3084436564e+20   4.1702647760e+18   8.6889684444e+59   1.4615408853e-30   1.1465247218e-13  -8.5370102966e+06   9.9248591688e-02 
  1.3585547555e+20   5.0111099054e+18   1.1199030292e+60   1.6148074230e-30   1.1464551079e-13  -8.8429147912e+06   9.9248591688e-02 
  1.4079610393e+20   4.9406283813e+18   1.1880768601e+60   1.7947084773e-30   1.1463768063e-13  -9.1756350155e+06   9.9248591688e-02 
  1.4541905562e+20   4.6229516954e+18   1.1898501217e+60   1.9823402316e-30   1.1463001484e-13  -9.4965073410e+06   9.9248591688e-02 
  1.5042098260e+20   5.0019269741e+18   1.3754426936e+60   2.1883370572e-30   1.1462276831e-13  -9.8214063533e+06   9.9248591688e-02 
  1.5617157480e+20   5.7505922014e+18   1.6983867219e+60   2.4380854841e-30   1.1461566834e-13  -1.0187514897e+07   9.9248591688e-02 
  1.6174380370e+20   5.5722289024e+18   1.7694828801e+60   2.7218225637e-30   1.1460963127e-13  -1.0573885403e+07   9.9248591688e-02 
  1.6646329192e+20   4.7194882209e+18   1.5972417131e+60   3.0014891459e-30   1.1460935047e-13  -1.0920927432e+07   9.9248591688e-02 
  1.7289260536e+20   6.4293134387e+18   2.3263616572e+60   3.3368809840e-30   1.1461827294e-13  -1.1301999949e+07   9.9248591688e-02 
  1.8074535023e+20   7.8527448708e+18   3.0857481621e+60   3.8054024259e-30   1.1464241217e-13  -1.1789444374e+07   9.9248591688e-02 
  1.8863048250e+20   7.8851322647e+18   3.3803508189e+60   4.3672055038e-30   1.1469352073e-13  -1.2328906847e+07   9.9248591688e-02 
  1.9563664198e+20   7.0061594881e+18   3.2504573642e+60   4.9530678238e-30   1.1477438554e-13  -1.2844885080e+07   9.9248591688e-02 
  2.0457725998e+20   8.9406179935e+18   4.4996008748e+60   5.6626075574e-30   1.1490281024e-13  -1.3399408267e+07   9.9248591688e-02 
  2.1167625889e+20   7.0989989149e+18   3.8646033146e+60   6.4741856028e-30   1.1508688565e-13  -1.3967474898e+07   9.9248591688e-02 
  2.2196609929e+20   1.0289840401e+19   6.0799976288e+60   7.5014868476e-30   1.1534507389e-13  -1.4581536582e+07   9.9248591688e-02 
  2.3581176259e+20   1.3845663294e+19   9.1181266378e+60   9.1490918988e-30   1.1587916526e-13  -1.5470600119e+07   9.9248591688e-02 
  2.5012174649e+20   1.4309983902e+19   1.0618623876e+61   1.1351881531e-29   1.1674829478e-13  -1.6527453015e+07   9.9248591688e-02 
  2.6035650908e+20   1.0234762589e+19   8.3799288056e+60   1.3584278569e-29   1.1782101722e-13  -1.7505532436e+07   9.9248591688e-02 
  2.6971341419e+20   9.3569051075e+18   8.2602564254e+60   1.5657070821e-29   1.1893462028e-13  -1.8285566819e+07   9.9248591688e-02 
  2.8230284133e+20   1.2589427141e+19   1.2054102066e+61   1.7890805683e-29   1.2056437212e-13  -1.9154683083e+07   9.9248591688e-02 
  2.9167353316e+20   9.3706918332e+18   9.6994731508e+60   1.9893471278e-29   1.2264476349e-13  -2.0064686917e+07   9.9248591688e-02 
  3.0226658660e+20   1.0593053443e+19   1.1740927519e+61   2.1262847026e-29   1.2493343052e-13  -2.0870677723e+07   9.9248591688e-02 
  3.1302449271e+20   1.0757906110e+19   1.2796261652e+61   2.2387787610e-29   1.2773341266e-13  -2.1659494825e+07   9.9248591688e-02 
  3.2594195060e+20   1.2917457892e+19   1.6570750921e+61   2.3313488984e-29   1.3120566650e-13  -2.2383327213e+07   9.9248591688e-02 
  3.3655698175e+20   1.0615031146e+19   1.4637896580e+61   2.4000310522e-29   1.3487673936e-13  -2.2937340650e+07   9.9248591688e-02 
  3.4900168365e+20   1.2444701894e+19   1.8376860553e+61   2.4374959993e-29   1.3863541355e-13  -2.3304933483e+07   9.9248591688e-02 
  3.6038759215e+20   1.1385908501e+19   1.8002138190e+61   2.4517052916e-29   1.4264786879e-13  -2.3567404359e+07   9.9248591688e-02 
  3.6660721393e+20   6.2196217869e+18   1.0327306362e+61   2.4463615450e-29   1.4566249811e-13  -2.3708315536e+07   9.9248591688e-02 
  3.7262060060e+20   6.0133866666e+18   1.0323695380e+61   2.4265501379e-29   1.4778322992e-13  -2.3786932915e+07   9.9248591688e-02 
  3.8515109980e+20   1.2530499197e+19   2.2606565776e+61   2.3637800749e-29   1.5096784817e-13  -2.3890891050e+07   9.9248591688e-02 
  3.9513241368e+20   9.9813138821e+18   1.9092646650e+61   2.2849588512e-29   1.5476658079e-13  -2.4010954769e+07   9.9248591688e-02 
  4.0186318169e+20   6.7307680077e+18   1.3431875623e+61   2.2394462460e-29   1.5749972716e-13  -2.4090702227e+07   9.9248591688e-02 
  4.0777305961e+20   5.9098779225e+18   1.2170711726e+61   2.2215255481e-29   1.5953328553e-13  -2.4140735553e+07   9.9248591688e-02 
  4.1239328673e+20   4.6202271234e+18   9.7638631117e+60   2.2178211344e-29   1.6119972327e-13  -2.4183060058e+07   9.9248591687e-02 
  4.2514261320e+20   1.2749326464e+19   2.8098136747e+61   2.2340363983e-29   1.6393668748e-13  -2.4235899874e+07   9.9248591683e-02 
  4.3261674635e+20   7.4741331516e+18   1.7276375138e+61   2.2733851204e-29   1.6713491577e-13  -2.4281411992e+07   9.9248591669e-02 
  4.3447844451e+20   1.8616981651e+18   4.3973736103e+60   2.3051648579e-29   1.6861213508e-13  -2.4290511577e+07   9.9248591635e-02 
  4.3574237677e+20   1.2639322527e+18   3.0069964452e+60   2.3324181392e-29   1.6910812037e-13  -2.4292141539e+07   9.9248591262e-02 
  4.4155157342e+20   5.8091966512e+18   1.4046320300e+61   2.3937344071e-29   1.7025322756e-13  -2.4295234105e+07   9.9248589932e-02 
  4.4659709047e+20   5.0455170498e+18   1.2503498788e+61   2.4694054262e-29   1.7204333652e-13  -2.4300207589e+07   9.9248583926e-02 
  4.5205983627e+20   5.4627458005e+18   1.3859707539e+61   2.5198368760e-29   1.7380664655e-13  -2.4306025911e+07   9.9248561885e-02 
  4.6382034914e+20   1.1760512869e+19   3.0993978648e+61   2.5634521633e-29   1.7677008716e-13  -2.4311107860e+07   9.9248490388e-02 
  4.8030680302e+20   1.6486453880e+19   4.6172377773e+61   2.5964939044e-29   1.8165998077e-13  -2.4310401651e+07   9.9248145880e-02 
  4.9008319984e+20   9.7763968185e+18   2.8922512301e+61   2.6028426056e-29   1.8633885969e-13  -2.4341240154e+07   9.9246909879e-02 
  4.9901654977e+20   8.9333499383e+18   2.7457197771e+61   2.5892707811e-29   1.8982744867e-13  -2.4412653267e+07   9.9246326091e-02 
  5.1676113584e+20   1.7744586068e+19   5.7525083365e+61   2.5348179432e-29   1.9498684119e-13  -2.4585395488e+07   9.9238757251e-02 
  5.2598453875e+20   9.2234029104e+18   3.1507153839e+61   2.4498095820e-29   2.0059568581e-13  -2.4913046688e+07   9.9207508236e-02 
  5.3375163800e+20   7.7670992433e+18   2.7403877919e+61   2.3551390323e-29   2.0403418079e-13  -2.5140857151e+07   9.8994390281e-02 
  5.3805945151e+20   4.3078135125e+18   1.5546964172e+61   2.2604021232e-29   2.0645593616e-13  -2.5247353608e+07   9.8412204027e-02 
  5.4210517800e+20   4.0457264955e+18   1.4829562108e+61   2.1333043893e-29   2.0796654450e-13  -2.5329088036e+07   9.7370770135e-02 
  5.4856782240e+20   6.4626444006e+18   2.4152068960e+61   1.9267273000e-29   2.0973708627e-13  -2.5439791218e+07   9.6821069241e-02 
  5.5080289880e+20   2.2350763962e+18   8.4865500380e+60   1.7419994636e-29   2.1108437870e-13  -2.5527456978e+07   9.6631818548e-02 
  5.5194439218e+20   1.1414933796e+18   4.3608929308e+60   1.6643372637e-29   2.1155824947e-13  -2.5555695924e+07   9.6590342485e-02 
  5.5360589470e+20   1.6615025153e+18   6.3798167716e+60   1.6202319505e-29   2.1193328888e-13  -2.5580140394e+07   9.6582464931e-02 
  5.5886056391e+20   5.2546692191e+18   2.0430186740e+61   1.5613339236e-29   2.1282898882e-13  -2.5642755817e+07   9.6581825409e-02 
  5.6301736610e+20   4.1568021814e+18   1.6436238194e+61   1.4985239559e-29   2.1401826769e-13  -2.5726331355e+07   9.6581679525e-02 
  5.6592967223e+20   2.9123061318e+18   1.1660978586e+61   1.4599895818e-29   2.1486924888e-13  -2.5787579781e+07   9.6581671962e-02 
  5.6861533658e+20   2.6856643514e+18   1.0860401412e+61   1.4392596286e-29   2.1552386833e-13  -2.5836917962e+07   9.6581671435e-02 
  5.7161427830e+20   2.9989417198e+18   1.2249081755e+61   1.4281874471e-29   2.1617756702e-13  -2.5888060868e+07   9.6581671422e-02 
  5.7403972362e+20   2.4254453244e+18   1.0001127490e+61   1.4240754404e-29   2.1679315569e-13  -2.5937995740e+07   9.6581671421e-02 
  5.8459748906e+20   1.0557765437e+19   4.4527554876e+61   1.4233752875e-29   2.1825806940e-13  -2.6047384989e+07   9.6581671420e-02 
  5.9428851689e+20   9.6910278317e+18   4.2312932086e+61   1.4323247693e-29   2.2058618594e-13  -2.6210082854e+07   9.6581671417e-02 
  5.9744735471e+20   3.1588378228e+18   1.4094129031e+61   1.4439992660e-29   2.2207645319e-13  -2.6302181269e+07   9.6581671415e-02 
  5.9977884995e+20   2.3314952380e+18   1.0498744881e+61   1.4561419297e-29   2.2271935936e-13  -2.6339947714e+07   9.6581671413e-02 
  6.0199994830e+20   2.2210983426e+18   1.0077834710e+61   1.4748599832e-29   2.2325939405e-13  -2.6371357983e+07   9.6581671412e-02 
  6.0358232544e+20   1.5823771403e+18   7.2252658237e+60   1.4986363740e-29   2.2371484069e-13  -2.6397125560e+07   9.6581671410e-02 
  6.1177266427e+20   8.1903388387e+18   3.8007089446e+61   1.5909735591e-29   2.2494776155e-13  -2.6457652885e+07   9.6581671401e-02 
  6.1668660913e+20   4.9139448605e+18   2.3297214276e+61   1.7296065894e-29   2.2671529779e-13  -2.6544635634e+07   9.6581671336e-02 
  6.1845635198e+20   1.7697428496e+18   8.4819321033e+60   1.8121685673e-29   2.2767789823e-13  -2.6599110307e+07   9.6581671049e-02 
  6.2052353089e+20   2.0671789018e+18   9.9691205855e+60   1.8636343987e-29   2.2825741521e-13  -2.6628424624e+07   9.6581666503e-02 
  6.2475327775e+20   4.2297468651e+18   2.0606190966e+61   1.9262772941e-29   2.2925690868e-13  -2.6673398283e+07   9.6581647579e-02 
  6.2862457331e+20   3.8712955587e+18   1.9106081007e+61   1.9868521884e-29   2.3059591133e-13  -2.6729525421e+07   9.6581472418e-02 
  6.3359420123e+20   4.9696279175e+18   2.4873978918e+61   2.0277319714e-29   2.3210163561e-13  -2.6792095031e+07   9.6580689118e-02 
  6.4622738917e+20   1.2633187945e+19   6.5009346446e+61   2.0819505773e-29   2.3526501182e-13  -2.6937202875e+07   9.6578063931e-02 
  6.5455138407e+20   8.3239948957e+18   4.4248085902e+61   2.1326013642e-29   2.3910815991e-13  -2.7119126274e+07   9.6570400012e-02 
  6.6220571036e+20   7.6543262901e+18   4.1693952737e+61   2.1583690529e-29   2.4199047986e-13  -2.7233664573e+07   9.6567598225e-02 
  6.7728295717e+20   1.5077246815e+19   8.4990100984e+61   2.1684186596e-29   2.4597527445e-13  -2.7305870548e+07   9.6535322779e-02 
  6.8616145140e+20   8.8784942228e+18   5.1852559454e+61   2.1653404228e-29   2.5003353429e-13  -2.7335840125e+07   9.6432282477e-02 
  6.9240833717e+20   6.2468857701e+18   3.7297001941e+61   2.1522847369e-29   2.5243553074e-13  -2.7295011532e+07   9.5901856968e-02 
  6.9781970225e+20   5.4113650869e+18   3.2857233069e+61   2.1220086754e-29   2.5416264667e-13  -2.7211515668e+07   9.2010133357e-02 
  7.0006608264e+20   2.2463803904e+18   1.3790401893e+61   2.0900916455e-29   2.5521012649e-13  -2.7164855454e+07   8.6670733086e-02 
  7.0471555894e+20   4.6494762989e+18   2.8825253992e+61   2.0264735139e-29   2.5617376949e-13  -2.7092071015e+07   7.9409317418e-02 
  7.0598612495e+20   1.2705660099e+18   7.9436041227e+60   1.9645808172e-29   2.5689062420e-13  -2.7052523124e+07   7.5014577218e-02 
  7.0759764791e+20   1.6115229596e+18   1.0116485429e+61   1.9209890551e-29   2.5724777871e-13  -2.7028931074e+07   7.3512129832e-02 
  7.1149503724e+20   3.8973893286e+18   2.4657343150e+61   1.8545110106e-29   2.5788891233e-13  -2.6963543742e+07   7.3362910001e-02 
  7.1401605278e+20   2.5210155387e+18   1.6094113088e+61   1.7951978914e-29   2.5857349866e-13  -2.6903533632e+07   7.3319045773e-02 
  7.1625104369e+20   2.2349909067e+18   1.4363500113e+61   1.7593850040e-29   2.5907540535e-13  -2.6854641065e+07   7.3313315848e-02 
  7.1950028060e+20   3.2492369145e+18   2.1042166067e+61   1.7357007846e-29   2.5963165428e-13  -2.6794313702e+07   7.3313047239e-02 
  7.2304606902e+20   3.5457884208e+18   2.3180516952e+61   1.7160935603e-29   2.6030350890e-13  -2.6720352450e+07   7.3313013620e-02 
  7.2603666688e+20   2.9905978544e+18   1.9728536580e+61   1.7058169153e-29   2.6096147239e-13  -2.6649092237e+07   7.3313011869e-02 
  7.3384796230e+20   7.8112954212e+18   5.2301500919e+61   1.7005450112e-29   2.6207804145e-13  -2.6540621734e+07   7.3313011790e-02 
  7.3943802611e+20   5.5900638136e+18   3.8119117660e+61   1.6989059498e-29   2.6350593426e-13  -2.6419306490e+07   7.3313011757e-02 
  7.4242468511e+20   2.9866589964e+18   2.0604023664e+61   1.7005771630e-29   2.6446018674e-13  -2.6366372608e+07   7.3313011750e-02 
  7.5212789848e+20   9.7032133687e+18   6.8091665236e+61   1.7115945056e-29   2.6596440596e-13  -2.6316133454e+07   7.3313011739e-02 
  7.5879653873e+20   6.6686402553e+18   4.7827256932e+61   1.7297359246e-29   2.6793912587e-13  -2.6264674263e+07   7.3313011672e-02 
  7.6829170288e+20   9.4951641449e+18   6.9564266890e+61   1.7544355241e-29   2.6989457639e-13  -2.6198575646e+07   7.3313011300e-02 
  7.7397938474e+20   5.6876818673e+18   4.2501922249e+61   1.7828503496e-29   2.7156346275e-13  -2.6082439675e+07   7.3313010085e-02 
  7.7923792148e+20   5.2585367341e+18   3.9854823104e+61   1.8098319994e-29   2.7259117547e-13  -2.5932068378e+07   7.3312994244e-02 
  7.9075474269e+20   1.1516821217e+19   8.9183709811e+61   1.8536798565e-29   2.7391442028e-13  -2.5581331170e+07   7.3312953074e-02 
  8.0532237554e+20   1.4567632851e+19   1.1658929132e+62   1.9121408422e-29   2.7558552648e-13  -2.4873314588e+07   7.3312731048e-02 
  8.1008450327e+20   4.7621277292e+18   3.9040558900e+61   1.9483743060e-29   2.7638449265e-13  -2.4287189337e+07   7.3312269324e-02 
  8.1402720355e+20   3.9427002794e+18   3.2672042333e+61   1.9589623741e-29   2.7661693783e-13  -2.3984306265e+07   7.3304351260e-02 
  8.2589762735e+20   1.1870423798e+19   1.0029321782e+62   1.9698849819e-29   2.7703083248e-13  -2.3378195896e+07   7.3279883689e-02 
  8.3231293488e+20   6.4153075319e+18   5.5417748044e+61   1.9795820778e-29   2.7746283380e-13  -2.2646548604e+07   7.3200211440e-02 
  8.3462104918e+20   2.3081142944e+18   2.0148571569e+61   1.9824199483e-29   2.7761880843e-13  -2.2288017887e+07   7.3047277359e-02 
  8.3854238932e+20   3.9213401377e+18   3.4487515956e+61   1.9815659043e-29   2.7773371118e-13  -2.2025417790e+07   7.2272571746e-02 
  8.4082514896e+20   2.2827596411e+18   2.0225619566e+61   1.9791770907e-29   2.7784890617e-13  -2.1762298108e+07   7.1015653130e-02 
  8.4384466777e+20   3.0195188103e+18   2.6922641426e+61   1.9757366755e-29   2.7794100999e-13  -2.1534063021e+07   6.9450382185e-02 
  8.4550581298e+20   1.6611452164e+18   1.4893512424e+61   1.9718513630e-29   2.7801455762e-13  -2.1333035432e+07   6.8681943206e-02 
  8.5070543971e+20   5.1996267270e+18   4.6998422431e+61   1.9655412687e-29   2.7810360534e-13  -2.1036861550e+07   6.8535613597e-02 
  8.5360897499e+20   2.9035352817e+18   2.6495787673e+61   1.9590803150e-29   2.7819211105e-13  -2.0685576800e+07   6.8461591209e-02 
  8.5980640097e+20   6.1974259797e+18   5.7159501788e+61   1.9534677533e-29   2.7824390237e-13  -2.0283193187e+07   6.8448940069e-02 
  8.6248011298e+20   2.6737120098e+18   2.4915846709e+61   1.9492261435e-29   2.7826691114e-13  -1.9885728665e+07   6.8445784989e-02 
  8.6464415365e+20   2.1640406682e+18   2.0279754368e+61   1.9483530783e-29   2.7825697328e-13  -1.9663034598e+07   6.8445133225e-02 
  8.6732140495e+20   2.6772513021e+18   2.5230035411e+61   1.9489684291e-29   2.7824156826e-13  -1.9436398876e+07   6.8445086468e-02 
  8.6868517717e+20   1.3637722216e+18   1.2912030319e+61   1.9501272353e-29   2.7822432964e-13  -1.9244981559e+07   6.8445085009e-02 
  8.7322724037e+20   4.5420631941e+18   4.3296885737e+61   1.9537434393e-29   2.7819784423e-13  -1.8962858305e+07   6.8445087577e-02 
  8.7614838547e+20   2.9211451031e+18   2.8084684478e+61   1.9592436016e-29   2.7816026805e-13  -1.8604185164e+07   6.8445103979e-02 
  8.7897737034e+20   2.8289848737e+18   2.7377724751e+61   1.9652160803e-29   2.7813579480e-13  -1.8328296532e+07   6.8445492420e-02 
  8.8088356352e+20   1.9061931715e+18   1.8546999211e+61   1.9721262333e-29   2.7812158084e-13  -1.8100981974e+07   6.8446718998e-02 
  8.9380978049e+20   1.2926216977e+19   1.2790149923e+62   2.0045608334e-29   2.7809139744e-13  -1.7399416555e+07   6.8451227044e-02 
  9.0260356747e+20   8.7937869820e+18   8.9154204565e+61   2.0550584042e-29   2.7803591819e-13  -1.6378304678e+07   6.8462869180e-02 
  9.0821288190e+20   5.6093144261e+18   5.7784306900e+61   2.0918153707e-29   2.7800509333e-13  -1.5714429900e+07   6.8490508701e-02 
  9.2012344885e+20   1.1910566948e+19   1.2508367403e+62   2.1346848451e-29   2.7795809881e-13  -1.4904086536e+07   6.8558979705e-02 
  9.2618001303e+20   6.0565641776e+18   6.4861042096e+61   2.1741275340e-29   2.7781715563e-13  -1.4045309476e+07   6.8687242282e-02 
  9.3129748930e+20   5.1174762738e+18   5.5469459482e+61   2.1938742962e-29   2.7764883227e-13  -1.3487964930e+07   6.9464143011e-02 
  9.3691967859e+20   5.6221892929e+18   6.1646917386e+61   2.2092710017e-29   2.7747853042e-13  -1.2949421097e+07   7.2877479833e-02 
  9.3976518885e+20   2.8455102610e+18   3.1484229230e+61   2.2192657140e-29   2.7732196796e-13  -1.2517007089e+07   7.7547519973e-02 
  9.4183402022e+20   2.0688313642e+18   2.3010676297e+61   2.2235581317e-29   2.7723760253e-13  -1.2267205211e+07   8.7341614725e-02 
  9.4913435021e+20   7.3003299900e+18   8.2009289838e+61   2.2291335149e-29   2.7709658717e-13  -1.1794904596e+07   9.1349772494e-02 
  9.5450166211e+20   5.3673118973e+18   6.1104849769e+61   2.2359286485e-29   2.7691816957e-13  -1.1159493790e+07   9.5276926299e-02 
  9.5987851483e+20   5.3768527192e+18   6.1906397568e+61   2.2416378129e-29   2.7678781069e-13  -1.0626752652e+07   9.7038518415e-02 
  9.6719634225e+20   7.3178274207e+18   8.5375113405e+61   2.2486796109e-29   2.7663545446e-13  -1.0003954744e+07   9.7256610825e-02 
  9.7279036170e+20   5.5940194533e+18   6.6141273936e+61   2.2567672156e-29   2.7647669997e-13  -9.3738394179e+06   9.7325620416e-02 
  9.8181122318e+20   9.0208614805e+18   1.0827232516e+62   2.2688239733e-29   2.7628533463e-13  -8.6577585317e+06   9.7333236155e-02 
  9.8854075555e+20   6.7295323745e+18   8.2077491890e+61   2.2857437011e-29   2.7603964380e-13  -7.8731938486e+06   9.7329548942e-02 
  9.9173266316e+20   3.1919076034e+18   3.9323383251e+61   2.3014744421e-29   2.7587955569e-13  -7.3771491667e+06   9.7323071591e-02 
  9.9494817001e+20   3.2155068535e+18   3.9870886799e+61   2.3218247605e-29   2.7578990879e-13  -7.0606197370e+06   9.7315444858e-02 
  1.0072836990e+21   1.2335528967e+19   1.5536095571e+62   2.3927156608e-29   2.7557300693e-13  -6.3045655359e+06   9.7369227864e-02 
  1.0238131614e+21   1.6529462400e+19   2.1422959116e+62   2.5483182176e-29   2.7519306928e-13  -4.9129129412e+06   9.7784455218e-02 
  1.0288512728e+21   5.0381114250e+18   6.6689034224e+61   2.6884020162e-29   2.7491027271e-13  -3.9147795067e+06   9.8236257159e-02 
  1.0343435340e+21   5.4922612443e+18   7.3448436806e+61   2.8122829765e-29   2.7492536748e-13  -3.4405444941e+06   1.0011847999e-01 
  1.0441901497e+21   9.8466156669e+18   1.3364546983e+62   3.0918422855e-29   2.7472901692e-13  -2.7299179060e+06   1.0041983531e-01 
  1.0474804512e+21   3.2903014619e+18   4.5224367950e+61   3.4285997925e-29   2.7444127138e-13  -2.1527993699e+06   1.0030526259e-01 
  1.0555991160e+21   8.1186648216e+18   1.1281011706e+62   4.0842110023e-29   2.7465037551e-13  -1.6625869630e+06   9.9586593450e-02 
  1.0614285440e+21   5.8294279740e+18   8.2078606716e+61   5.3406261167e-29   2.7436271732e-13  -1.0252955058e+06   9.8675158143e-02 
  1.0658710400e+21   4.4424959947e+18   6.3158943876e+61   7.4563029934e-29   2.7437913820e-13  -5.5949746127e+05   9.7776641347e-02 
  1.0692554069e+21   3.3843669350e+18   4.8470207595e+61   1.1964588163e-28   2.7437447492e-13  -1.9692280490e+05   7.2682704219e-02 
  1.0753047427e+21   6.0493358454e+18   8.7404780008e+61   3.0337676763e-28   2.7592644278e-13   2.2404409209e+05   2.8675394611e-02 
  1.0788057070e+21   3.5009642959e+18   5.1035676023e+61   1.5707878821e-23   1.9376093998e-13   4.2508084642e+05   2.0032811473e-02 
  1.0822019869e+21   3.3962798119e+18   4.9827181307e+61   3.2238144423e-23   3.2734248574e-13   4.0032469995e+05   2.0017820765e-02 
  1.0828956030e+21   6.9361619322e+17   1.0214663501e+61   3.9709288776e-23   3.8198868791e-13   4.1380677432e+05   2.0004191607e-02 
  1.0834566625e+21   5.6105941047e+17   8.2721211968e+60   4.2498331026e-23   4.0195807114e-13   4.1761891845e+05   2.0001227608e-02 
  1.0840875992e+21   6.3093677077e+17   9.3126155156e+60   4.5093430908e-23   4.2004864562e-13   4.2058056535e+05   2.0000493162e-02 
  1.0847551125e+21   6.6751326464e+17   9.8642915863e+60   4.8226156440e-23   4.4178979670e-13   4.2368808088e+05   2.0000184907e-02 
  1.0854059639e+21   6.5085139428e+17   9.6297644654e+60   5.1051205828e-23   4.6113972011e-13   4.2605977359e+05   2.0000060844e-02 
  1.0860334752e+21   6.2751129845e+17   9.2953741974e+60   5.3015547658e-23   4.7443546756e-13   4.2698273473e+05   2.0000019177e-02 
  1.0866468600e+21   6.1338486119e+17   9.0965058786e+60   5.4352709072e-23   4.8339797761e-13   4.2706669856e+05   2.0000005949e-02 
  1.0872153940e+21   5.6853396781e+17   8.4405421570e+60   5.5196761030e-23   4.8904081510e-13   4.2650627566e+05   2.0000001763e-02 
  1.0878203567e+21   6.0496264785e+17   8.9910672141e+60   5.5262323318e-23   4.8953494486e-13   4.2484190707e+05   2.0000000502e-02 
  1.0883888482e+21   5.6849155317e+17   8.4581461402e+60   5.5069746337e-23   4.8824564899e-13   4.2305148679e+05   2.0000000132e-02 
  1.0889848940e+21   5.9604581429e+17   8.8775982751e+60   5.5407313634e-23   4.9043753844e-13   4.2184253040e+05   2.0000000034e-02 
  1.0895292436e+21   5.4434960163e+17   8.1161218106e+60   5.6395537702e-23   4.9691650994e-13   4.2138479893e+05   2.0000000008e-02 
  1.0900119762e+21   4.8273257513e+17   7.2042149102e+60   5.7279818871e-23   5.0265283387e-13   4.2225405267e+05   2.0000000002e-02 
  1.0905061541e+21   4.9417788009e+17   7.3816353303e+60   5.7596554264e-23   5.0463772562e-13   4.2443995252e+05   2.0000000000e-02 
  1.0910265164e+21   5.2036229987e+17   7.7799919584e+60   5.7574359327e-23   5.0441692827e-13   4.2807456528e+05   2.0000000000e-02 
  1.0914850935e+21   4.5857710922e+17   6.8623896927e+60   5.7318558970e-23   5.0269628829e-13   4.3255289100e+05   2.0000000000e-02 
  1.0919489746e+21   4.6388113297e+17   6.9476311403e+60   5.7175083645e-23   5.0175630636e-13   4.3713363590e+05   2.0000000000e-02 
  1.0924293932e+21   4.8041854168e+17   7.2015399507e+60   5.7518635099e-23   5.0400812458e-13   4.4174419072e+05   2.0000000000e-02 
  1.0928274504e+21   3.9805724119e+17   5.9717330317e+60   5.8063717698e-23   5.0757012585e-13   4.4603647115e+05   2.0000000000e-02 
  1.0933276562e+21   5.0020581171e+17   7.5103565776e+60   5.9719506659e-23   5.1834648465e-13   4.5069400699e+05   2.0000000000e-02 
  1.0939438653e+21   6.1620904790e+17   9.2615430951e+60   5.8611079880e-23   5.1137043447e-13   4.5379754669e+05   2.0000000000e-02 
  1.0943108948e+21   3.6702951188e+17   5.5213671445e+60   4.5924702668e-23   4.2737151757e-13   4.4544359298e+05   2.0000000000e-02 
  1.0948229367e+21   5.1204195300e+17   7.7090356041e+60   2.3619332204e-23   2.6800874942e-13   3.5954385190e+05   2.0000000000e-02 
  1.0960795343e+21   1.2565975260e+18   1.8949258093e+61   4.4681314927e-24   8.7674553369e-14   1.3484362078e+05   2.0000000000e-02 
  1.0978896142e+21   1.8100799466e+18   2.7372140509e+61   2.3604219088e-24   5.4500081349e-14   1.2142880991e+04   2.0000000000e-02 
  1.0998135791e+21   1.9239649035e+18   2.9193435604e+61   2.2324616596e-24   5.2018275036e-14   6.4502960516e+02   2.0000000000e-02 
  1.1017456811e+21   1.9321019574e+18   2.9419872396e+61   2.2249875191e-24   5.1878870715e-14   3.2536511899e+01   2.0000000000e-02 
  1.1036781992e+21   1.9325181074e+18   2.9529609325e+61   2.2246071948e-24   5.1871763547e-14   1.6200714744e+00   2.0000000000e-02 
  1.1056107380e+21   1.9325388207e+18   2.9633520273e+61   2.2245882526e-24   5.1871408673e-14   8.0519791700e-02   2.0000000000e-02 
  1.1075432779e+21   1.9325398523e+18   2.9737312565e+61   2.2245873089e-24   5.1871391007e-14   4.0084944001e-03   2.0000000000e-02 
  1.1094758178e+21   1.9325399035e+18   2.9841271254e+61   2.2245872619e-24   5.1871390127e-14   1.8043369770e-04   2.0000000000e-02 
  1.1114083577e+21   1.9325399057e+18   2.9945410585e+61   2.2245872600e-24   5.1871390088e-14  -4.4565603918e-06   2.0000000000e-02 
  1.1133408976e+21   1.9325399057e+18   3.0049731276e+61   2.2245872600e-24   5.1871390089e-14  -1.0534085291e-05   2.0000000000e-02 
  1.1152734375e+21   1.9325399057e+18   3.0154233363e+61   2.2245872600e-24   5.1871390089e-14  -9.4227430221e-06   2.0000000000e-02 
  1.1172059774e+21   1.9325399057e+18   3.0258916845e+61   2.2245872600e-24   5.1871390089e-14  -8.1377215942e-06   2.0000000000e-02 
  1.1191385173e+21   1.9325399057e+18   3.0363781722e+61   2.2245872600e-24   5.1871390089e-14  -7.2335958853e-06   2.0000000000e-02 
  1.1210710572e+21   1.9325399057e+18   3.0468827994e+61   2.2245872600e-24   5.1871390089e-14  -6.6308722245e-06   2.0000000000e-02 
  1.1230035971e+21   1.9325399057e+18   3.0574055661e+61   2.2245872600e-24   5.1871390089e-14  -6.2785705076e-06   2.0000000000e-02 
  1.1249361370e+21   1.9325399057e+18   3.0679464723e+61   2.2245872600e-24   5.1871390089e-14  -6.0745305562e-06   2.0000000000e-02 
  1.1268686769e+21   1.9325399057e+18   3.0785055180e+61   2.2245872600e-24   5.1871390089e-14  -5.9605182560e-06   2.0000000000e-02 
  1.1288012168e+21   1.9325399057e+18   3.0890827032e+61   2.2245872600e-24   5.1871390089e-14  -5.8834674106e-06   2.0000000000e-02 
  1.1307337567e+21   1.9325399057e+18   3.0996780279e+61   2.2245872600e-24   5.1871390089e-14  -5.8452819676e-06   2.0000000000e-02 
  1.1326662966e+21   1.9325399057e+18   3.1102914920e+61   2.2245872600e-24   5.1871390089e-14  -5.8807694903e-06   2.0000000000e-02 
  1.1345988365e+21   1.9325399057e+18   3.1209230957e+61   2.2245872600e-24   5.1871390089e-14  -5.9341465076e-06   2.0000000000e-02 
  1.1365313764e+21   1.9325399057e+18   3.1315728389e+61   2.2245872600e-24   5.1871390089e-14  -6.1014721082e-06   2.0000000000e-02 
  1.1384639163e+21   1.9325399057e+18   3.1422407216e+61   2.2245872600e-24   5.1871390089e-14  -6.2158586586e-06   2.0000000000e-02 
  1.1403964562e+21   1.9325399057e+18   3.1529267437e+61   2.2245872600e-24   5.1871390089e-14  -6.1753880672e-06   2.0000000000e-02 
  1.1423289962e+21   1.9325399057e+18   3.1636309054e+61   2.2245872600e-24   5.1871390089e-14  -5.9555420678e-06   2.0000000000e-02 
  1.1442615361e+21   1.9325399057e+18   3.1743532066e+61   2.2245872600e-24   5.1871390089e-14  -5.6264494669e-06   2.0000000000e-02 
  1.1461940760e+21   1.9325399057e+18   3.1850936473e+61   2.2245872600e-24   5.1871390089e-14  -5.3458329480e-06   2.0000000000e-02 
  1.1481266159e+21   1.9325399057e+18   3.1958522274e+61   2.2245872600e-24   5.1871390089e-14  -4.9340339624e-06   2.0000000000e-02 
  1.1500591558e+21   1.9325399057e+18   3.2066289471e+61   2.2245872600e-24   5.1871390089e-14  -3.7563923986e-06   2.0000000000e-02 
  1.1519916957e+21   1.9325399057e+18   3.2174238063e+61   2.2245872600e-24   5.1871390090e-14  -1.8138782987e-06   2.0000000000e-02 
  1.1539242356e+21   1.9325399057e+18   3.2282368049e+61   2.2245872600e-24   5.1871390091e-14  -4.1959461591e-07   2.0000000000e-02 
  1.1558567755e+21   1.9325399057e+18   3.2390679431e+61   2.2245872600e-24   5.1871390091e-14   1.3388590102e-07   2.0000000000e-02 
  1.1577893154e+21   1.9325399057e+18   3.2499172207e+61   2.2245872600e-24   5.1871390091e-14   6.7610612770e-07   2.0000000000e-02 
  1.1597218553e+21   1.9325399057e+18   3.2607846379e+61   2.2245872600e-24   5.1871390091e-14   1.2726109509e-06   2.0000000000e-02 
  1.1616543952e+21   1.9325399057e+18   3.2716701946e+61   2.2245872600e-24   5.1871390091e-14   1.8865233133e-06   2.0000000000e-02 
  1.1635869351e+21   1.9325399057e+18   3.2825738907e+61   2.2245872600e-24   5.1871390091e-14   2.2795053423e-06   2.0000000000e-02 
  1.1655194750e+21   1.9325399057e+18   3.2934957264e+61   2.2245872600e-24   5.1871390091e-14   2.5192672838e-06   2.0000000000e-02 
  1.1674520149e+21   1.9325399057e+18   3.3044357015e+61   2.2245872600e-24   5.1871390091e-14   2.8532439418e-06   2.0000000000e-02 
  1.1693845548e+21   1.9325399057e+18   3.3153938162e+61   2.2245872600e-24   5.1871390091e-14   3.5544556341e-06   2.0000000000e-02 
  1.1713170947e+21   1.9325399057e+18   3.3263700703e+61   2.2245872600e-24   5.1871390091e-14   5.1400655424e-06   2.0000000000e-02 
  1.1732496346e+21   1.9325399057e+18   3.3373644640e+61   2.2245872600e-24   5.1871390090e-14   6.5961082506e-06   2.0000000000e-02 
  1.1751821745e+21   1.9325399057e+18   3.3483769971e+61   2.2245872600e-24   5.1871390090e-14   7.6139272330e-06   2.0000000000e-02 
  1.1771147145e+21   1.9325399057e+18   3.3594076697e+61   2.2245872600e-24   5.1871390090e-14   8.3059859787e-06   2.0000000000e-02 
  1.1790472544e+21   1.9325399057e+18   3.3704564819e+61   2.2245872600e-24   5.1871390089e-14   8.4672002280e-06   2.0000000000e-02 
  1.1809797943e+21   1.9325399057e+18   3.3815234335e+61   2.2245872600e-24   5.1871390089e-14   8.1608964187e-06   2.0000000000e-02 
  1.1829123342e+21   1.9325399057e+18   3.3926085247e+61   2.2245872600e-24   5.1871390089e-14   7.5742363457e-06   2.0000000000e-02 
  1.1848448741e+21   1.9325399057e+18   3.4037117553e+61   2.2245872600e-24   5.1871390089e-14   7.0420963931e-06   2.0000000000e-02 
  1.1867774140e+21   1.9325399057e+18   3.4148331254e+61   2.2245872600e-24   5.1871390089e-14   6.7482767287e-06   2.0000000000e-02 
  1.1887099539e+21   1.9325399057e+18   3.4259726351e+61   2.2245872600e-24   5.1871390089e-14   6.5824685502e-06   2.0000000000e-02 
  1.1906424938e+21   1.9325399057e+18   3.4371302842e+61   2.2245872600e-24   5.1871390089e-14   6.4732734969e-06   2.0000000000e-02 
  1.1925750337e+21   1.9325399057e+18   3.4483060728e+61   2.2245872600e-24   5.1871390089e-14   6.4068793311e-06   2.0000000000e-02 
  1.1945075736e+21   1.9325399057e+18   3.4595000009e+61   2.2245872600e-24   5.1871390089e-14   6.2925169748e-06   2.0000000000e-02 
  1.1964401135e+21   1.9325399057e+18   3.4707120686e+61   2.2245872600e-24   5.1871390089e-14   6.0547239367e-06   2.0000000000e-02 
  1.1983726534e+21   1.9325399057e+18   3.4819422757e+61   2.2245872600e-24   5.1871390089e-14   5.7579500335e-06   2.0000000000e-02 
  1.2003051933e+21   1.9325399057e+18   3.4931906223e+61   2.2245872600e-24   5.1871390089e-14   5.4995828887e-06   2.0000000000e-02 
  1.2022377332e+21   1.9325399057e+18   3.5044571084e+61   2.2245872600e-24   5.1871390089e-14   5.3808773706e-06   2.0000000000e-02 
  1.2041702731e+21   1.9325399057e+18   3.5157417341e+61   2.2245872600e-24   5.1871390089e-14   5.2902534362e-06   2.0000000000e-02 
  1.2061028130e+21   1.9325399057e+18   3.5270444992e+61   2.2245872600e-24   5.1871390089e-14   5.2481810795e-06   2.0000000000e-02 
  1.2080353529e+21   1.9325399057e+18   3.5383654038e+61   2.2245872600e-24   5.1871390089e-14   5.3989441222e-06   2.0000000000e-02 
  1.2099678929e+21   1.9325399057e+18   3.5497044479e+61   2.2245872600e-24   5.1871390089e-14   5.7157570163e-06   2.0000000000e-02 
  1.2119004328e+21   1.9325399057e+18   3.5610616315e+61   2.2245872600e-24   5.1871390089e-14   6.1908278386e-06   2.0000000000e-02 
  1.2138329727e+21   1.9325399057e+18   3.5724369546e+61   2.2245872600e-24   5.1871390089e-14   6.9923016314e-06   2.0000000000e-02 
  1.2157655126e+21   1.9325399057e+18   3.5838304172e+61   2.2245872600e-24   5.1871390089e-14   8.5027047921e-06   2.0000000000e-02 
  1.2176980525e+21   1.9325399057e+18   3.5952420193e+61   2.2245872600e-24   5.1871390088e-14   1.0148461516e-05   2.0000000000e-02 
  1.2196305924e+21   1.9325399057e+18   3.6066717609e+61   2.2245872600e-24   5.1871390088e-14   1.0909799165e-05   2.0000000000e-02 
  1.2215631323e+21   1.9325399057e+18   3.6181196420e+61   2.2245872600e-24   5.1871390088e-14   1.1431072260e-05   2.0000000000e-02 
  1.2234956722e+21   1.9325399057e+18   3.6295856626e+61   2.2245872600e-24   5.1871390088e-14   1.1592499793e-05   2.0000000000e-02 
  1.2254282121e+21   1.9325399057e+18   3.6410698227e+61   2.2245872600e-24   5.1871390088e-14   1.1437700611e-05   2.0000000000e-02 
  1.2273607520e+21   1.9325399057e+18   3.6525721223e+61   2.2245872600e-24   5.1871390088e-14   1.0923893146e-05   2.0000000000e-02 
  1.2292932919e+21   1.9325399057e+18   3.6640925614e+61   2.2245872600e-24   5.1871390088e-14   1.0387417703e-05   2.0000000000e-02 
  1.2312258318e+21   1.9325399057e+18   3.6756311400e+61   2.2245872600e-24   5.1871390088e-14   9.6605054687e-06   2.0000000000e-02 
  1.2331583717e+21   1.9325399057e+18   3.6871878581e+61   2.2245872600e-24   5.1871390089e-14   8.7401722551e-06   2.0000000000e-02 
  1.2350909116e+21   1.9325399057e+18   3.6987627157e+61   2.2245872600e-24   5.1871390089e-14   7.8709738341e-06   2.0000000000e-02 
  1.2370234515e+21   1.9325399057e+18   3.7103557128e+61   2.2245872600e-24   5.1871390089e-14   7.2198470685e-06   2.0000000000e-02 
  1.2389559914e+21   1.9325399057e+18   3.7219668494e+61   2.2245872600e-24   5.1871390089e-14   6.6523771192e-06   2.0000000000e-02 
  1.2408885313e+21   1.9325399057e+18   3.7335961255e+61   2.2245872600e-24   5.1871390089e-14   6.1299571115e-06   2.0000000000e-02 
  1.2428210712e+21   1.9325399057e+18   3.7452435411e+61   2.2245872600e-24   5.1871390089e-14   5.7104176553e-06   2.0000000000e-02 
  1.2447536112e+21   1.9325399057e+18   3.7569090962e+61   2.2245872600e-24   5.1871390089e-14   5.4002477619e-06   2.0000000000e-02 
  1.2466861511e+21   1.9325399057e+18   3.7685927907e+61   2.2245872600e-24   5.1871390089e-14   4.9832922899e-06   2.0000000000e-02 
  1.2486186910e+21   1.9325399057e+18   3.7802946248e+61   2.2245872600e-24   5.1871390089e-14   4.5990949449e-06   2.0000000000e-02 
  1.2505512309e+21   1.9325399057e+18   3.7920145984e+61   2.2245872600e-24   5.1871390089e-14   5.0547513527e-06   2.0000000000e-02 
  1.2524837708e+21   1.9325399057e+18   3.8037527115e+61   2.2245872600e-24   5.1871390089e-14   6.0901095954e-06   2.0000000000e-02 
  1.2544163107e+21   1.9325399057e+18   3.8155089640e+61   2.2245872600e-24   5.1871390089e-14   6.9016334099e-06   2.0000000000e-02 
  1.2563488506e+21   1.9325399057e+18   3.8272833561e+61   2.2245872600e-24   5.1871390089e-14   7.4663848524e-06   2.0000000000e-02 
  1.2582813905e+21   1.9325399057e+18   3.8390758877e+61   2.2245872600e-24   5.1871390089e-14   8.1697092618e-06   2.0000000000e-02 
  1.2602139304e+21   1.9325399057e+18   3.8508865588e+61   2.2245872600e-24   5.1871390089e-14   9.1148996269e-06   2.0000000000e-02 
  1.2621464703e+21   1.9325399057e+18   3.8627153693e+61   2.2245872600e-24   5.1871390090e-14   1.0170333624e-05   2.0000000000e-02 
  1.2640790102e+21   1.9325399057e+18   3.8745623194e+61   2.2245872600e-24   5.1871390090e-14   1.0643838308e-05   2.0000000000e-02 
  1.2660115501e+21   1.9325399057e+18   3.8864274090e+61   2.2245872600e-24   5.1871390089e-14   1.0772995208e-05   2.0000000000e-02 
  1.2679440900e+21   1.9325399057e+18   3.8983106380e+61   2.2245872600e-24   5.1871390089e-14   1.0406956878e-05   2.0000000000e-02 
  1.2698766299e+21   1.9325399057e+18   3.9102120066e+61   2.2245872600e-24   5.1871390089e-14   9.5819736505e-06   2.0000000000e-02 
  1.2718091698e+21   1.9325399057e+18   3.9221315146e+61   2.2245872600e-24   5.1871390089e-14   8.6235790880e-06   2.0000000000e-02 
  1.2737417097e+21   1.9325399057e+18   3.9340691622e+61   2.2245872600e-24   5.1871390089e-14   7.8225433283e-06   2.0000000000e-02 
  1.2756742496e+21   1.9325399057e+18   3.9460249492e+61   2.2245872600e-24   5.1871390089e-14   7.2195958009e-06   2.0000000000e-02 
  1.2776067896e+21   1.9325399057e+18   3.9579988758e+61   2.2245872600e-24   5.1871390089e-14   6.9324252401e-06   2.0000000000e-02 
  1.2795393295e+21   1.9325399057e+18   3.9699909419e+61   2.2245872600e-24   5.1871390089e-14   6.7995539837e-06   2.0000000000e-02 
  1.2814718694e+21   1.9325399057e+18   3.9820011474e+61   2.2245872600e-24   5.1871390089e-14   6.7726649181e-06   2.0000000000e-02 
  1.2834044093e+21   1.9325399057e+18   3.9940294925e+61   2.2245872600e-24   5.1871390089e-14   6.7826346497e-06   2.0000000000e-02 
  1.2853369492e+21   1.9325399057e+18   4.0060759770e+61   2.2245872600e-24   5.1871390089e-14   6.7946589870e-06   2.0000000000e-02 
  1.2872694891e+21   1.9325399057e+18   4.0181406010e+61   2.2245872600e-24   5.1871390089e-14   6.6330944850e-06   2.0000000000e-02 
  1.2892020290e+21   1.9325399057e+18   4.0302233646e+61   2.2245872600e-24   5.1871390089e-14   6.1379452915e-06   2.0000000000e-02 
  1.2911345689e+21   1.9325399057e+18   4.0423242676e+61   2.2245872600e-24   5.1871390089e-14   4.9989406118e-06   2.0000000000e-02 
  1.2930671088e+21   1.9325399057e+18   4.0544433102e+61   2.2245872600e-24   5.1871390088e-14   1.3603492856e-06   2.0000000000e-02 
  1.2949996487e+21   1.9325399057e+18   4.0665804922e+61   2.2245872600e-24   5.1871390088e-14  -1.4309338754e-06   2.0000000000e-02 
  1.2969321886e+21   1.9325399057e+18   4.0787358138e+61   2.2245872600e-24   5.1871390088e-14  -2.2682887105e-06   2.0000000000e-02 
  1.2988647285e+21   1.9325399057e+18   4.0909092748e+61   2.2245872600e-24   5.1871390088e-14  -2.7768139691e-06   2.0000000000e-02 
  1.3007972684e+21   1.9325399057e+18   4.1031008753e+61   2.2245872600e-24   5.1871390088e-14  -3.1570906583e-06   2.0000000000e-02 
  1.3027298083e+21   1.9325399057e+18   4.1153106154e+61   2.2245872600e-24   5.1871390088e-14  -3.5837918593e-06   2.0000000000e-02 
  1.3046623482e+21   1.9325399057e+18   4.1275384949e+61   2.2245872600e-24   5.1871390088e-14  -4.1440034273e-06   2.0000000000e-02 
  1.3065948881e+21   1.9325399057e+18   4.1397845139e+61   2.2245872600e-24   5.1871390088e-14  -4.5486122048e-06   2.0000000000e-02 
  1.3085274280e+21   1.9325399057e+18   4.1520486724e+61   2.2245872600e-24   5.1871390088e-14  -4.2685569491e-06   2.0000000000e-02 
  1.3104599679e+21   1.9325399057e+18   4.1643309705e+61   2.2245872600e-24   5.1871390088e-14  -3.3632670996e-06   2.0000000000e-02 
  1.3123925079e+21   1.9325399057e+18   4.1766314080e+61   2.2245872600e-24   5.1871390088e-14  -1.8211615098e-06   2.0000000000e-02 
  1.3143250478e+21   1.9325399057e+18   4.1889499850e+61   2.2245872600e-24   5.1871390088e-14  -5.3053189801e-07   2.0000000000e-02 
  1.3162575877e+21   1.9325399057e+18   4.2012867015e+61   2.2245872600e-24   5.1871390088e-14  -7.9201737845e-08   2.0000000000e-02 
  1.3181901276e+21   1.9325399057e+18   4.2136415576e+61   2.2245872600e-24   5.1871390088e-14   6.9304308086e-08   2.0000000000e-02 
  1.3201226675e+21   1.9325399057e+18   4.2260145531e+61   2.2245872600e-24   5.1871390088e-14   1.2782856304e-07   2.0000000000e-02 
  1.3220552074e+21   1.9325399057e+18   4.2384056881e+61   2.2245872600e-24   5.1871390088e-14   1.4269260713e-07   2.0000000000e-02 
  1.3239877473e+21   1.9325399057e+18   4.2508149626e+61   2.2245872600e-24   5.1871390088e-14   1.5841461171e-07   2.0000000000e-02 
  1.3259202872e+21   1.9325399057e+18   4.2632423766e+61   2.2245872600e-24   5.1871390088e-14   2.1037265579e-07   2.0000000000e-02 
  1.3278528271e+21   1.9325399057e+18   4.2756879301e+61   2.2245872600e-24   5.1871390088e-14   2.9902463262e-07   2.0000000000e-02 
  1.3297853670e+21   1.9325399057e+18   4.2881516231e+61   2.2245872600e-24   5.1871390088e-14   4.4169808484e-07   2.0000000000e-02 
  1.3317179069e+21   1.9325399057e+18   4.3006334556e+61   2.2245872600e-24   5.1871390088e-14   5.4738198646e-07   2.0000000000e-02 
  1.3336504468e+21   1.9325399057e+18   4.3131334276e+61   2.2245872600e-24   5.1871390088e-14   5.4765701426e-07   2.0000000000e-02 
  1.3355829867e+21   1.9325399057e+18   4.3256515391e+61   2.2245872600e-24   5.1871390088e-14   4.8295948217e-07   2.0000000000e-02 
  1.3375155266e+21   1.9325399057e+18   4.3381877901e+61   2.2245872600e-24   5.1871390088e-14   3.8849340215e-07   2.0000000000e-02 
  1.3394480665e+21   1.9325399057e+18   4.3507421806e+61   2.2245872600e-24   5.1871390088e-14   3.2577534992e-07   2.0000000000e-02 
  1.3413806064e+21   1.9325399057e+18   4.3633147106e+61   2.2245872600e-24   5.1871390088e-14   3.0422055665e-07   2.0000000000e-02 
  1.3433131463e+21   1.9325399057e+18   4.3759053801e+61   2.2245872600e-24   5.1871390088e-14   3.6053829954e-07   2.0000000000e-02 
  1.3452456863e+21   1.9325399057e+18   4.3885141891e+61   2.2245872600e-24   5.1871390088e-14   5.4585961167e-07   2.0000000000e-02 
  1.3471782262e+21   1.9325399057e+18   4.4011411376e+61   2.2245872600e-24   5.1871390088e-14   7.8344429401e-07   2.0000000000e-02 
  1.3491107661e+21   1.9325399057e+18   4.4137862256e+61   2.2245872600e-24   5.1871390088e-14   9.7169035331e-07   2.0000000000e-02 
  1.3510433060e+21   1.9325399057e+18   4.4264494531e+61   2.2245872600e-24   5.1871390088e-14   1.0660916346e-06   2.0000000000e-02 
  1.3529758459e+21   1.9325399057e+18   4.4391308201e+61   2.2245872600e-24   5.1871390088e-14   1.1170369697e-06   2.0000000000e-02 
  1.3549083858e+21   1.9325399057e+18   4.4518303266e+61   2.2245872600e-24   5.1871390088e-14   1.0993011538e-06   2.0000000000e-02 
  1.3568409257e+21   1.9325399057e+18   4.4645479726e+61   2.2245872600e-24   5.1871390088e-14   1.0817968052e-06   2.0000000000e-02 
  1.3587734656e+21   1.9325399057e+18   4.4772837581e+61   2.2245872600e-24   5.1871390088e-14   1.1096480641e-06   2.0000000000e-02 
  1.3607060055e+21   1.9325399057e+18   4.4900376830e+61   2.2245872600e-24   5.1871390088e-14   9.9786965372e-07   2.0000000000e-02 
  1.3626385454e+21   1.9325399057e+18   4.5028097475e+61   2.2245872600e-24   5.1871390088e-14   7.1886438824e-07   2.0000000000e-02 
  1.3645710853e+21   1.9325399057e+18   4.5155999515e+61   2.2245872600e-24   5.1871390088e-14   3.4597029150e-07   2.0000000000e-02 
  1.3665036252e+21   1.9325399057e+18   4.5284082950e+61   2.2245872600e-24   5.1871390088e-14   3.1847523223e-08   2.0000000000e-02 
  1.3684361651e+21   1.9325399057e+18   4.5412347779e+61   2.2245872600e-24   5.1871390088e-14  -1.2365428124e-07   2.0000000000e-02 
  1.3703687050e+21   1.9325399057e+18   4.5540794004e+61   2.2245872600e-24   5.1871390088e-14  -1.9891053683e-07   2.0000000000e-02 
  1.3723012449e+21   1.9325399057e+18   4.5669421624e+61   2.2245872600e-24   5.1871390088e-14  -2.5034971226e-07   2.0000000000e-02 
  1.3742337848e+21   1.9325399057e+18   4.5798230639e+61   2.2245872600e-24   5.1871390088e-14  -2.7537282560e-07   2.0000000000e-02 
  1.3761663247e+21   1.9325399057e+18   4.5927221048e+61   2.2245872600e-24   5.1871390088e-14  -2.5901561658e-07   2.0000000000e-02 
  1.3780988646e+21   1.9325399057e+18   4.6056392853e+61   2.2245872600e-24   5.1871390088e-14  -1.8084521180e-07   2.0000000000e-02 
  1.3800314046e+21   1.9325399057e+18   4.6185746053e+61   2.2245872600e-24   5.1871390088e-14  -8.8284598572e-08   2.0000000000e-02 
  1.3819639445e+21   1.9325399057e+18   4.6315280647e+61   2.2245872600e-24   5.1871390088e-14   3.5799657461e-08   2.0000000000e-02 
  1.3838964844e+21   1.9325399057e+18   4.6444996637e+61   2.2245872600e-24   5.1871390088e-14   2.3933476746e-07   2.0000000000e-02 
  1.3858290243e+21   1.9325399057e+18   4.6574894021e+61   2.2245872600e-24   5.1871390088e-14   5.5515844209e-07   2.0000000000e-02 
  1.3877615642e+21   1.9325399057e+18   4.6704972801e+61   2.2245872600e-24   5.1871390088e-14   8.8927511506e-07   2.0000000000e-02 
  1.3896941041e+21   1.9325399057e+18   4.6835232976e+61   2.2245872600e-24   5.1871390088e-14   1.0831531772e-06   2.0000000000e-02 
  1.3916266440e+21   1.9325399057e+18   4.6965674545e+61   2.2245872600e-24   5.1871390088e-14   1.1364963647e-06   2.0000000000e-02 
  1.3935591839e+21   1.9325399057e+18   4.7096297510e+61   2.2245872600e-24   5.1871390088e-14   1.0347142803e-06   2.0000000000e-02 
  1.3954917238e+21   1.9325399057e+18   4.7227101869e+61   2.2245872600e-24   5.1871390088e-14   9.1513880625e-07   2.0000000000e-02 
  1.3974242637e+21   1.9325399057e+18   4.7358087624e+61   2.2245872600e-24   5.1871390088e-14   8.7972440970e-07   2.0000000000e-02 
  1.3993568036e+21   1.9325399057e+18   4.7489254773e+61   2.2245872600e-24   5.1871390088e-14   9.8870885228e-07   2.0000000000e-02 
  1.4012893435e+21   1.9325399057e+18   4.7620603318e+61   2.2245872600e-24   5.1871390088e-14   1.1182156158e-06   2.0000000000e-02 
  1.4032218834e+21   1.9325399057e+18   4.7752133257e+61   2.2245872600e-24   5.1871390088e-14   1.0715032796e-06   2.0000000000e-02 
  1.4051544233e+21   1.9325399057e+18   4.7883844591e+61   2.2245872600e-24   5.1871390088e-14   1.0823466615e-06   2.0000000000e-02 
  1.4070869632e+21   1.9325399057e+18   4.8015737321e+61   2.2245872600e-24   5.1871390088e-14   1.1288319236e-06   2.0000000000e-02 
  1.4090195031e+21   1.9325399057e+18   4.8147811445e+61   2.2245872600e-24   5.1871390088e-14   1.0542637579e-06   2.0000000000e-02 
  1.4109520430e+21   1.9325399057e+18   4.8280066965e+61   2.2245872600e-24   5.1871390088e-14   9.8094408675e-07   2.0000000000e-02 
  1.4128845830e+21   1.9325399057e+18   4.8412503879e+61   2.2245872600e-24   5.1871390088e-14   9.6149913953e-07   2.0000000000e-02 
  1.4148171229e+21   1.9325399057e+18   4.8545122188e+61   2.2245872600e-24   5.1871390088e-14   9.7563324370e-07   2.0000000000e-02 
  1.4167496628e+21   1.9325399057e+18   4.8677921893e+61   2.2245872600e-24   5.1871390088e-14   9.7254593732e-07   2.0000000000e-02 
  1.4186822027e+21   1.9325399057e+18   4.8810902992e+61   2.2245872600e-24   5.1871390088e-14   9.4320530628e-07   2.0000000000e-02 
  1.4206147426e+21   1.9325399057e+18   4.8944065486e+61   2.2245872600e-24   5.1871390088e-14   7.6178595175e-07   2.0000000000e-02 
  1.4225472825e+21   1.9325399057e+18   4.9077409376e+61   2.2245872600e-24   5.1871390088e-14   4.1726821390e-07   2.0000000000e-02 
  1.4244798224e+21   1.9325399057e+18   4.9210934660e+61   2.2245872600e-24   5.1871390088e-14   1.6767894109e-07   2.0000000000e-02 
  1.4264123623e+21   1.9325399057e+18   4.9344641339e+61   2.2245872600e-24   5.1871390088e-14   5.0731226539e-08   2.0000000000e-02 
  1.4283449022e+21   1.9325399057e+18   4.9478529413e+61   2.2245872600e-24   5.1871390088e-14  -9.7360885465e-09   2.0000000000e-02 
  1.4302774421e+21   1.9325399057e+18   4.9612598883e+61   2.2245872600e-24   5.1871390088e-14  -5.2031775959e-08   2.0000000000e-02 
  1.4322099820e+21   1.9325399057e+18   4.9746849747e+61   2.2245872600e-24   5.1871390088e-14  -9.5168948408e-08   2.0000000000e-02 
  1.4341425219e+21   1.9325399057e+18   4.9881282006e+61   2.2245872600e-24   5.1871390088e-14  -1.6038755617e-07   2.0000000000e-02 
  1.4360750618e+21   1.9325399057e+18   5.0015895660e+61   2.2245872600e-24   5.1871390088e-14  -2.5965374200e-07   2.0000000000e-02 
  1.4380076017e+21   1.9325399057e+18   5.0150690709e+61   2.2245872600e-24   5.1871390088e-14  -3.4520787312e-07   2.0000000000e-02 
  1.4399401416e+21   1.9325399057e+18   5.0285667153e+61   2.2245872600e-24   5.1871390088e-14  -3.7854359834e-07   2.0000000000e-02 
  1.4418726815e+21   1.9325399057e+18   5.0420824992e+61   2.2245872600e-24   5.1871390088e-14  -3.8610878160e-07   2.0000000000e-02 
  1.4438052214e+21   1.9325399057e+18   5.0556164226e+61   2.2245872600e-24   5.1871390088e-14  -3.9451410437e-07   2.0000000000e-02 
  1.4457377613e+21   1.9325399057e+18   5.0691684856e+61   2.2245872600e-24   5.1871390088e-14  -3.9181801363e-07   2.0000000000e-02 
  1.4476703013e+21   1.9325399057e+18   5.0827386880e+61   2.2245872600e-24   5.1871390088e-14  -3.6827269300e-07   2.0000000000e-02 
  1.4496028412e+21   1.9325399057e+18   5.0963270299e+61   2.2245872600e-24   5.1871390088e-14  -3.3563521130e-07   2.0000000000e-02 
  1.4515353811e+21   1.9325399057e+18   5.1099335113e+61   2.2245872600e-24   5.1871390088e-14  -2.7802476509e-07   2.0000000000e-02 
  1.4534679210e+21   1.9325399057e+18   5.1235581322e+61   2.2245872600e-24   5.1871390088e-14  -1.4355953139e-07   2.0000000000e-02 
  1.4554004609e+21   1.9325399057e+18   5.1372008926e+61   2.2245872600e-24   5.1871390088e-14   1.7944284150e-07   2.0000000000e-02 
  1.4573330008e+21   1.9325399057e+18   5.1508617925e+61   2.2245872600e-24   5.1871390088e-14   1.0834900862e-06   2.0000000000e-02 
  1.4592655407e+21   1.9325399057e+18   5.1645408319e+61   2.2245872600e-24   5.1871390088e-14   2.4221777500e-06   2.0000000000e-02 
  1.4611980806e+21   1.9325399057e+18   5.1782380108e+61   2.2245872600e-24   5.1871390088e-14   3.3172249417e-06   2.0000000000e-02 
  1.4631306205e+21   1.9325399057e+18   5.1919533291e+61   2.2245872600e-24   5.1871390088e-14   3.6732294048e-06   2.0000000000e-02 
  1.4650631604e+21   1.9325399057e+18   5.2056867870e+61   2.2245872600e-24   5.1871390088e-14   3.6254872007e-06   2.0000000000e-02 
  1.4669957003e+21   1.9325399057e+18   5.2194383844e+61   2.2245872600e-24   5.1871390088e-14   3.4338305807e-06   2.0000000000e-02 
  1.4689282402e+21   1.9325399057e+18   5.2332081213e+61   2.2245872600e-24   5.1871390088e-14   3.0874320218e-06   2.0000000000e-02 
  1.4708607801e+21   1.9325399057e+18   5.2469959977e+61   2.2245872600e-24   5.1871390088e-14   2.6349569304e-06   2.0000000000e-02 
  1.4727933200e+21   1.9325399057e+18   5.2608020136e+61   2.2245872600e-24   5.1871390088e-14   1.9701023651e-06   2.0000000000e-02 
  1.4747258599e+21   1.9325399057e+18   5.2746261690e+61   2.2245872600e-24   5.1871390088e-14   2.2185729477e-08   2.0000000000e-02 
  1.4766583998e+21   1.9325399057e+18   5.2884684638e+61   2.2245872600e-24   5.1871390089e-14  -3.5783352390e-06   2.0000000000e-02 
  1.4785909397e+21   1.9325399057e+18   5.3023288982e+61   2.2245872600e-24   5.1871390089e-14  -5.9523900554e-06   2.0000000000e-02 
  1.4805234797e+21   1.9325399057e+18   5.3162074721e+61   2.2245872600e-24   5.1871390089e-14  -6.6242182759e-06   2.0000000000e-02 
  1.4824560196e+21   1.9325399057e+18   5.3301041855e+61   2.2245872600e-24   5.1871390090e-14  -6.7112785179e-06   2.0000000000e-02 
  1.4843885595e+21   1.9325399057e+18   5.3440190383e+61   2.2245872600e-24   5.1871390090e-14  -6.9112440335e-06   2.0000000000e-02 
  1.4863210994e+21   1.9325399057e+18   5.3579520307e+61   2.2245872600e-24   5.1871390090e-14  -7.1731512985e-06   2.0000000000e-02 
  1.4882536393e+21   1.9325399057e+18   5.3719031626e+61   2.2245872600e-24   5.1871390090e-14  -7.3670048313e-06   2.0000000000e-02 
  1.4901861792e+21   1.9325399057e+18   5.3858724340e+61   2.2245872600e-24   5.1871390090e-14  -7.4678024459e-06   2.0000000000e-02 
  1.4921187191e+21   1.9325399057e+18   5.3998598448e+61   2.2245872600e-24   5.1871390090e-14  -7.7484993104e-06   2.0000000000e-02 
  1.4940512590e+21   1.9325399057e+18   5.4138653952e+61   2.2245872600e-24   5.1871390090e-14  -8.2452991343e-06   2.0000000000e-02 
  1.4959837989e+21   1.9325399057e+18   5.4278890850e+61   2.2245872600e-24   5.1871390090e-14  -8.9343463282e-06   2.0000000000e-02 
  1.4979163388e+21   1.9325399057e+18   5.4419309144e+61   2.2245872600e-24   5.1871390090e-14  -9.4653378961e-06   2.0000000000e-02 
  1.4998488787e+21   1.9325399057e+18   5.4559908833e+61   2.2245872600e-24   5.1871390090e-14  -9.5819192096e-06   2.0000000000e-02 
  1.5017814186e+21   1.9325399057e+18   5.4700689916e+61   2.2245872600e-24   5.1871390090e-14  -9.5482309760e-06   2.0000000000e-02 
  1.5037139585e+21   1.9325399057e+18   5.4841652395e+61   2.2245872600e-24   5.1871390090e-14  -9.5200915438e-06   2.0000000000e-02 
  1.5056464984e+21   1.9325399057e+18   5.4982796268e+61   2.2245872600e-24   5.1871390090e-14  -9.4870390184e-06   2.0000000000e-02 
  1.5075790383e+21   1.9325399057e+18   5.5124121537e+61   2.2245872600e-24   5.1871390090e-14  -9.4686346029e-06   2.0000000000e-02 
  1.5095115782e+21   1.9325399057e+18   5.5265628200e+61   2.2245872600e-24   5.1871390090e-14  -9.5086190228e-06   2.0000000000e-02 
  1.5114441181e+21   1.9325399057e+18   5.5407316259e+61   2.2245872600e-24   5.1871390090e-14  -9.8749992982e-06   2.0000000000e-02 
  1.5133766580e+21   1.9325399057e+18   5.5549185712e+61   2.2245872600e-24   5.1871390090e-14  -1.0777065413e-05   2.0000000000e-02 
  1.5153091980e+21   1.9325399057e+18   5.5691236561e+61   2.2245872600e-24   5.1871390091e-14  -1.1753197676e-05   2.0000000000e-02 
  1.5172417379e+21   1.9325399057e+18   5.5833468804e+61   2.2245872600e-24   5.1871390091e-14  -1.2473546054e-05   2.0000000000e-02 
  1.5191742778e+21   1.9325399057e+18   5.5975882443e+61   2.2245872600e-24   5.1871390091e-14  -1.2571697370e-05   2.0000000000e-02 
  1.5211068177e+21   1.9325399057e+18   5.6118477476e+61   2.2245872600e-24   5.1871390091e-14  -1.2108759612e-05   2.0000000000e-02 
  1.5230393576e+21   1.9325399057e+18   5.6261253905e+61   2.2245872600e-24   5.1871390091e-14  -1.0039766792e-05   2.0000000000e-02 
  1.5249718975e+21   1.9325399057e+18   5.6404211728e+61   2.2245872600e-24   5.1871390090e-14  -7.7751872049e-06   2.0000000000e-02 
  1.5269044374e+21   1.9325399057e+18   5.6547350946e+61   2.2245872600e-24   5.1871390090e-14  -6.5671526483e-06   2.0000000000e-02 
  1.5288369773e+21   1.9325399057e+18   5.6690671560e+61   2.2245872600e-24   5.1871390090e-14  -5.6528729749e-06   2.0000000000e-02 
  1.5307695172e+21   1.9325399057e+18   5.6834173568e+61   2.2245872600e-24   5.1871390090e-14  -5.2932693374e-06   2.0000000000e-02 
  1.5327020571e+21   1.9325399057e+18   5.6977856971e+61   2.2245872600e-24   5.1871390090e-14  -5.3296963976e-06   2.0000000000e-02 
  1.5346345970e+21   1.9325399057e+18   5.7121721770e+61   2.2245872600e-24   5.1871390090e-14  -5.3724730331e-06   2.0000000000e-02 
  1.5365671369e+21   1.9325399057e+18   5.7265767963e+61   2.2245872600e-24   5.1871390089e-14  -5.2830925789e-06   2.0000000000e-02 
  1.5384996768e+21   1.9325399057e+18   5.7409995551e+61   2.2245872600e-24   5.1871390089e-14  -5.3963852976e-06   2.0000000000e-02 
  1.5404322167e+21   1.9325399057e+18   5.7554404534e+61   2.2245872600e-24   5.1871390089e-14  -5.8393821417e-06   2.0000000000e-02 
  1.5423647566e+21   1.9325399057e+18   5.7698994913e+61   2.2245872600e-24   5.1871390089e-14  -6.1285203347e-06   2.0000000000e-02 
  1.5442972965e+21   1.9325399057e+18   5.7843766686e+61   2.2245872600e-24   5.1871390089e-14  -6.3886597152e-06   2.0000000000e-02 
  1.5462298364e+21   1.9325399057e+18   5.7988719854e+61   2.2245872600e-24   5.1871390089e-14  -6.7653511830e-06   2.0000000000e-02 
  1.5481623764e+21   1.9325399057e+18   5.8133854417e+61   2.2245872600e-24   5.1871390089e-14  -7.3972534250e-06   2.0000000000e-02 
  1.5500949163e+21   1.9325399057e+18   5.8279170375e+61   2.2245872600e-24   5.1871390089e-14  -8.6683443204e-06   2.0000000000e-02 
  1.5520274562e+21   1.9325399057e+18   5.8424667728e+61   2.2245872600e-24   5.1871390088e-14  -1.0371020029e-05   2.0000000000e-02 
  1.5539599961e+21   1.9325399057e+18   5.8570346477e+61   2.2245872600e-24   5.1871390088e-14  -1.2182282065e-05   2.0000000000e-02 
  1.5558925360e+21   1.9325399057e+18   5.8716206620e+61   2.2245872600e-24   5.1871390088e-14  -1.2854444585e-05   2.0000000000e-02 
  1.5578250759e+21   1.9325399057e+18   5.8862248158e+61   2.2245872600e-24   5.1871390088e-14  -1.2939159489e-05   2.0000000000e-02 
  1.5597576158e+21   1.9325399057e+18   5.9008471091e+61   2.2245872600e-24   5.1871390088e-14  -1.2828453513e-05   2.0000000000e-02 
  1.5616901557e+21   1.9325399057e+18   5.9154875419e+61   2.2245872600e-24   5.1871390088e-14  -1.2431610665e-05   2.0000000000e-02 
  1.5636226956e+21   1.9325399057e+18   5.9301461142e+61   2.2245872600e-24   5.1871390088e-14  -1.1344492163e-05   2.0000000000e-02 
  1.5655552355e+21   1.9325399057e+18   5.9448228260e+61   2.2245872600e-24   5.1871390088e-14  -9.8578656943e-06   2.0000000000e-02 
  1.5674877754e+21   1.9325399057e+18   5.9595176773e+61   2.2245872600e-24   5.1871390089e-14  -8.5529947271e-06   2.0000000000e-02 
  1.5694203153e+21   1.9325399057e+18   5.9742306681e+61   2.2245872600e-24   5.1871390089e-14  -7.7562662016e-06   2.0000000000e-02 
  1.5713528552e+21   1.9325399057e+18   5.9889617984e+61   2.2245872600e-24   5.1871390089e-14  -7.2335615354e-06   2.0000000000e-02 
  1.5732853951e+21   1.9325399057e+18   6.0037110682e+61   2.2245872600e-24   5.1871390089e-14  -6.8501713799e-06   2.0000000000e-02 
  1.5752179350e+21   1.9325399057e+18   6.0184784775e+61   2.2245872600e-24   5.1871390089e-14  -6.6047741926e-06   2.0000000000e-02 
  1.5771504749e+21   1.9325399057e+18   6.0332640263e+61   2.2245872600e-24   5.1871390089e-14  -6.4300815539e-06   2.0000000000e-02 
  1.5790830148e+21   1.9325399057e+18   6.0480677146e+61   2.2245872600e-24   5.1871390089e-14  -6.2585916961e-06   2.0000000000e-02 
  1.5810155547e+21   1.9325399057e+18   6.0628895424e+61   2.2245872600e-24   5.1871390089e-14  -6.1128031271e-06   2.0000000000e-02 
  1.5829480947e+21   1.9325399057e+18   6.0777295096e+61   2.2245872600e-24   5.1871390089e-14  -6.0915503281e-06   2.0000000000e-02 
  1.5848806346e+21   1.9325399057e+18   6.0925876164e+61   2.2245872600e-24   5.1871390089e-14  -6.1217321839e-06   2.0000000000e-02 
  1.5868131745e+21   1.9325399057e+18   6.1074638627e+61   2.2245872600e-24   5.1871390089e-14  -6.2767178982e-06   2.0000000000e-02 
  1.5887457144e+21   1.9325399057e+18   6.1223582485e+61   2.2245872600e-24   5.1871390089e-14  -6.4777726848e-06   2.0000000000e-02 
  1.5906782543e+21   1.9325399057e+18   6.1372707738e+61   2.2245872600e-24   5.1871390089e-14  -6.5592984683e-06   2.0000000000e-02 
  1.5926107942e+21   1.9325399057e+18   6.1522014386e+61   2.2245872600e-24   5.1871390089e-14  -6.4272491521e-06   2.0000000000e-02 
  1.5945433341e+21   1.9325399057e+18   6.1671502428e+61   2.2245872600e-24   5.1871390089e-14  -6.1132189461e-06   2.0000000000e-02 
  1.5964758740e+21   1.9325399057e+18   6.1821171866e+61   2.2245872600e-24   5.1871390089e-14  -5.7441720522e-06   2.0000000000e-02 
  1.5984084139e+21   1.9325399057e+18   6.1971022699e+61   2.2245872600e-24   5.1871390089e-14  -5.4314298243e-06   2.0000000000e-02 
  1.6003409538e+21   1.9325399057e+18   6.2121054927e+61   2.2245872600e-24   5.1871390090e-14  -4.6949624362e-06   2.0000000000e-02 
  1.6022734937e+21   1.9325399057e+18   6.2271268549e+61   2.2245872600e-24   5.1871390090e-14  -2.7562249353e-06   2.0000000000e-02 
  1.6042060336e+21   1.9325399057e+18   6.2421663567e+61   2.2245872600e-24   5.1871390091e-14  -3.2939386223e-07   2.0000000000e-02 
  1.6061385735e+21   1.9325399057e+18   6.2572239980e+61   2.2245872600e-24   5.1871390091e-14   4.6371638963e-07   2.0000000000e-02 
  1.6080711134e+21   1.9325399057e+18   6.2722997787e+61   2.2245872600e-24   5.1871390091e-14   7.0652091983e-07   2.0000000000e-02 
  1.6100036533e+21   1.9325399057e+18   6.2873936990e+61   2.2245872600e-24   5.1871390091e-14   1.2567375626e-06   2.0000000000e-02 
  1.6119361932e+21   1.9325399057e+18   6.3025057587e+61   2.2245872600e-24   5.1871390091e-14   1.8840675127e-06   2.0000000000e-02 
  1.6138687331e+21   1.9325399057e+18   6.3176359580e+61   2.2245872600e-24   5.1871390091e-14   2.3443652910e-06   2.0000000000e-02 
  1.6158012731e+21   1.9325399057e+18   6.3327842968e+61   2.2245872600e-24   5.1871390091e-14   2.6915218022e-06   2.0000000000e-02 
  1.6177338130e+21   1.9325399057e+18   6.3479507750e+61   2.2245872600e-24   5.1871390091e-14   3.0073603621e-06   2.0000000000e-02 
  1.6196663529e+21   1.9325399057e+18   6.3631353928e+61   2.2245872600e-24   5.1871390091e-14   3.2914463069e-06   2.0000000000e-02 
  1.6215988928e+21   1.9325399057e+18   6.3783381500e+61   2.2245872600e-24   5.1871390091e-14   3.5348319452e-06   2.0000000000e-02 
  1.6235314327e+21   1.9325399057e+18   6.3935590468e+61   2.2245872600e-24   5.1871390091e-14   3.6502703499e-06   2.0000000000e-02 
  1.6254639726e+21   1.9325399057e+18   6.4087980830e+61   2.2245872600e-24   5.1871390091e-14   3.3860929756e-06   2.0000000000e-02 
  1.6273965125e+21   1.9325399057e+18   6.4240552588e+61   2.2245872600e-24   5.1871390091e-14   2.8433933218e-06   2.0000000000e-02 
  1.6293290524e+21   1.9325399057e+18   6.4393305740e+61   2.2245872600e-24   5.1871390091e-14   1.9800404145e-06   2.0000000000e-02 
  1.6312615923e+21   1.9325399057e+18   6.4546240288e+61   2.2245872600e-24   5.1871390091e-14   1.3455213880e-06   2.0000000000e-02 
  1.6331941322e+21   1.9325399057e+18   6.4699356230e+61   2.2245872600e-24   5.1871390091e-14   1.2446358479e-06   2.0000000000e-02 
  1.6351266721e+21   1.9325399057e+18   6.4852653568e+61   2.2245872600e-24   5.1871390091e-14   1.3380944176e-06   2.0000000000e-02 
  1.6370592120e+21   1.9325399057e+18   6.5006132300e+61   2.2245872600e-24   5.1871390091e-14   1.4881954004e-06   2.0000000000e-02 
  1.6389917519e+21   1.9325399057e+18   6.5159792427e+61   2.2245872600e-24   5.1871390091e-14   1.5872950278e-06   2.0000000000e-02 
  1.6409242918e+21   1.9325399057e+18   6.5313633950e+61   2.2245872600e-24   5.1871390091e-14   1.6355706651e-06   2.0000000000e-02 
  1.6428568317e+21   1.9325399057e+18   6.5467656867e+61   2.2245872600e-24   5.1871390091e-14   1.6088416721e-06   2.0000000000e-02 
  1.6447893716e+21   1.9325399057e+18   6.5621861179e+61   2.2245872600e-24   5.1871390091e-14   1.5214414467e-06   2.0000000000e-02 
  1.6467219115e+21   1.9325399057e+18   6.5776246887e+61   2.2245872600e-24   5.1871390090e-14   1.4021162674e-06   2.0000000000e-02 
  1.6486544514e+21   1.9325399057e+18   6.5930813989e+61   2.2245872600e-24   5.1871390090e-14   1.2806183149e-06   2.0000000000e-02 
  1.6505869914e+21   1.9325399057e+18   6.6085562486e+61   2.2245872600e-24   5.1871390090e-14   1.1819855528e-06   2.0000000000e-02 
  1.6525195313e+21   1.9325399057e+18   6.6240492379e+61   2.2245872600e-24   5.1871390090e-14   1.1278794930e-06   2.0000000000e-02 
  1.6544520712e+21   1.9325399057e+18   6.6395603666e+61   2.2245872600e-24   5.1871390090e-14   1.1270852383e-06   2.0000000000e-02 
  1.6563846111e+21   1.9325399057e+18   6.6550896348e+61   2.2245872600e-24   5.1871390090e-14   1.1783128614e-06   2.0000000000e-02 
  1.6583171510e+21   1.9325399057e+18   6.6706370425e+61   2.2245872600e-24   5.1871390090e-14   1.2532645275e-06   2.0000000000e-02 
  1.6602496909e+21   1.9325399057e+18   6.6862025897e+61   2.2245872600e-24   5.1871390090e-14   1.2936667953e-06   2.0000000000e-02 
  1.6621822308e+21   1.9325399057e+18   6.7017862765e+61   2.2245872600e-24   5.1871390090e-14   1.3042199587e-06   2.0000000000e-02 
  1.6641147707e+21   1.9325399057e+18   6.7173881027e+61   2.2245872600e-24   5.1871390090e-14   1.3060569468e-06   2.0000000000e-02 
  1.6660473106e+21   1.9325399057e+18   6.7330080684e+61   2.2245872600e-24   5.1871390090e-14   1.3018454681e-06   2.0000000000e-02 
  1.6679798505e+21   1.9325399057e+18   6.7486461736e+61   2.2245872600e-24   5.1871390090e-14   1.3058133772e-06   2.0000000000e-02 
  1.6699123904e+21   1.9325399057e+18   6.7643024183e+61   2.2245872600e-24   5.1871390090e-14   1.3365412460e-06   2.0000000000e-02 
  1.6718449303e+21   1.9325399057e+18   6.7799768025e+61   2.2245872600e-24   5.1871390090e-14   1.4287043946e-06   2.0000000000e-02 
  1.6737774702e+21   1.9325399057e+18   6.7956693262e+61   2.2245872600e-24   5.1871390090e-14   1.5295739932e-06   2.0000000000e-02 
  1.6757100101e+21   1.9325399057e+18   6.8113799894e+61   2.2245872600e-24   5.1871390090e-14   1.5779387052e-06   2.0000000000e-02 
  1.6776425500e+21   1.9325399057e+18   6.8271087921e+61   2.2245872600e-24   5.1871390090e-14   1.5089510185e-06   2.0000000000e-02 
  1.6795750899e+21   1.9325399057e+18   6.8428557343e+61   2.2245872600e-24   5.1871390090e-14   1.2056711145e-06   2.0000000000e-02 
  1.6815076298e+21   1.9325399057e+18   6.8586208160e+61   2.2245872600e-24   5.1871390090e-14   3.4851882400e-07   2.0000000000e-02 
  1.6834401697e+21   1.9325399057e+18   6.8744040372e+61   2.2245872600e-24   5.1871390090e-14  -8.9810344806e-07   2.0000000000e-02 
  1.6853727097e+21   1.9325399057e+18   6.8902053979e+61   2.2245872600e-24   5.1871390091e-14  -1.5616659548e-06   2.0000000000e-02 
  1.6873052496e+21   1.9325399057e+18   6.9060248981e+61   2.2245872600e-24   5.1871390091e-14  -9.1462664350e-07   2.0000000000e-02 
  1.6892377895e+21   1.9325399057e+18   6.9218625378e+61   2.2245872600e-24   5.1871390090e-14   1.8136972628e-06   2.0000000000e-02 
  1.6911703294e+21   1.9325399057e+18   6.9377183170e+61   2.2245872600e-24   5.1871390089e-14   4.5372942877e-06   2.0000000000e-02 
  1.6931028693e+21   1.9325399057e+18   6.9535922357e+61   2.2245872600e-24   5.1871390089e-14   5.5958313148e-06   2.0000000000e-02 
  1.6950354092e+21   1.9325399057e+18   6.9694842939e+61   2.2245872600e-24   5.1871390089e-14   6.1576771939e-06   2.0000000000e-02 
  1.6969679491e+21   1.9325399057e+18   6.9853944916e+61   2.2245872600e-24   5.1871390089e-14   6.5275437266e-06   2.0000000000e-02 
  1.6989004890e+21   1.9325399057e+18   7.0013228288e+61   2.2245872600e-24   5.1871390089e-14   6.6587793050e-06   2.0000000000e-02 
  1.7008330289e+21   1.9325399057e+18   7.0172693055e+61   2.2245872600e-24   5.1871390089e-14   6.5752407392e-06   2.0000000000e-02 
  1.7027655688e+21   1.9325399057e+18   7.0332339216e+61   2.2245872600e-24   5.1871390089e-14   6.4373989296e-06   2.0000000000e-02 
  1.7046981087e+21   1.9325399057e+18   7.0492166773e+61   2.2245872600e-24   5.1871390089e-14   6.2883181293e-06   2.0000000000e-02 
  1.7066306486e+21   1.9325399057e+18   7.0652175725e+61   2.2245872600e-24   5.1871390089e-14   6.1131042810e-06   2.0000000000e-02 
  1.7085631885e+21   1.9325399057e+18   7.0812366072e+61   2.2245872600e-24   5.1871390089e-14   5.9404470762e-06   2.0000000000e-02 
  1.7104957284e+21   1.9325399057e+18   7.0972737814e+61   2.2245872600e-24   5.1871390089e-14   5.7344133582e-06   2.0000000000e-02 
  1.7124282683e+21   1.9325399057e+18   7.1133290950e+61   2.2245872600e-24   5.1871390089e-14   5.4755643145e-06   2.0000000000e-02 
  1.7143608082e+21   1.9325399057e+18   7.1294025482e+61   2.2245872600e-24   5.1871390089e-14   5.2630288247e-06   2.0000000000e-02 
  1.7162933481e+21   1.9325399057e+18   7.1454941409e+61   2.2245872600e-24   5.1871390089e-14   5.1825223058e-06   2.0000000000e-02 
  1.7182258881e+21   1.9325399057e+18   7.1616038730e+61   2.2245872600e-24   5.1871390089e-14   5.1833723583e-06   2.0000000000e-02 
  1.7201584280e+21   1.9325399057e+18   7.1777317447e+61   2.2245872600e-24   5.1871390089e-14   5.1542268635e-06   2.0000000000e-02 
  1.7220909679e+21   1.9325399057e+18   7.1938777559e+61   2.2245872600e-24   5.1871390089e-14   5.1941550318e-06   2.0000000000e-02 
  1.7240235078e+21   1.9325399057e+18   7.2100419065e+61   2.2245872600e-24   5.1871390089e-14   5.3070764391e-06   2.0000000000e-02 
  1.7259560477e+21   1.9325399057e+18   7.2262241967e+61   2.2245872600e-24   5.1871390089e-14   5.5286725865e-06   2.0000000000e-02 
  1.7278885876e+21   1.9325399057e+18   7.2424246264e+61   2.2245872600e-24   5.1871390089e-14   5.9322401290e-06   2.0000000000e-02 
  1.7298211275e+21   1.9325399057e+18   7.2586431955e+61   2.2245872600e-24   5.1871390089e-14   6.6911495623e-06   2.0000000000e-02 
  1.7317536674e+21   1.9325399057e+18   7.2748799042e+61   2.2245872600e-24   5.1871390089e-14   7.9835172399e-06   2.0000000000e-02 
  1.7336862073e+21   1.9325399057e+18   7.2911347523e+61   2.2245872600e-24   5.1871390088e-14   9.6175689788e-06   2.0000000000e-02 
  1.7356187472e+21   1.9325399057e+18   7.3074077400e+61   2.2245872600e-24   5.1871390088e-14   1.0585128584e-05   2.0000000000e-02 
  1.7375512871e+21   1.9325399057e+18   7.3236988671e+61   2.2245872600e-24   5.1871390088e-14   1.1085244375e-05   2.0000000000e-02 
  1.7394838270e+21   1.9325399057e+18   7.3400081338e+61   2.2245872600e-24   5.1871390088e-14   1.1277912450e-05   2.0000000000e-02 
  1.7414163669e+21   1.9325399057e+18   7.3563355399e+61   2.2245872600e-24   5.1871390088e-14   1.1148403088e-05   2.0000000000e-02 
  1.7433489068e+21   1.9325399057e+18   7.3726810856e+61   2.2245872600e-24   5.1871390088e-14   1.0719981418e-05   2.0000000000e-02 
  1.7452814467e+21   1.9325399057e+18   7.3890447707e+61   2.2245872600e-24   5.1871390088e-14   1.0141351941e-05   2.0000000000e-02 
  1.7472139866e+21   1.9325399057e+18   7.4054265954e+61   2.2245872600e-24   5.1871390088e-14   9.2880442348e-06   2.0000000000e-02 
  1.7491465265e+21   1.9325399057e+18   7.4218265595e+61   2.2245872600e-24   5.1871390088e-14   8.3130369790e-06   2.0000000000e-02 
  1.7510790664e+21   1.9325399057e+18   7.4382446632e+61   2.2245872600e-24   5.1871390089e-14   7.5647524075e-06   2.0000000000e-02 
  1.7530116064e+21   1.9325399057e+18   7.4546809063e+61   2.2245872600e-24   5.1871390089e-14   6.9704532890e-06   2.0000000000e-02 
  1.7549441463e+21   1.9325399057e+18   7.4711352889e+61   2.2245872600e-24   5.1871390089e-14   6.4842985879e-06   2.0000000000e-02 
  1.7568766862e+21   1.9325399057e+18   7.4876078111e+61   2.2245872600e-24   5.1871390089e-14   6.0300674689e-06   2.0000000000e-02 
  1.7588092261e+21   1.9325399057e+18   7.5040984727e+61   2.2245872600e-24   5.1871390089e-14   5.5884014588e-06   2.0000000000e-02 
  1.7607417660e+21   1.9325399057e+18   7.5206072738e+61   2.2245872600e-24   5.1871390089e-14   5.1611916850e-06   2.0000000000e-02 
  1.7626743059e+21   1.9325399057e+18   7.5371342145e+61   2.2245872600e-24   5.1871390089e-14   4.4812285129e-06   2.0000000000e-02 
  1.7646068458e+21   1.9325399057e+18   7.5536792946e+61   2.2245872600e-24   5.1871390089e-14   4.0574172055e-06   2.0000000000e-02 
  1.7665393857e+21   1.9325399057e+18   7.5702425142e+61   2.2245872600e-24   5.1871390089e-14   4.9024605660e-06   2.0000000000e-02 
  1.7684719256e+21   1.9325399057e+18   7.5868238733e+61   2.2245872600e-24   5.1871390089e-14   6.1508600550e-06   2.0000000000e-02 
  1.7704044655e+21   1.9325399057e+18   7.6034233720e+61   2.2245872600e-24   5.1871390089e-14   6.9250894613e-06   2.0000000000e-02 
  1.7723370054e+21   1.9325399057e+18   7.6200410101e+61   2.2245872600e-24   5.1871390089e-14   7.4688424326e-06   2.0000000000e-02 
  1.7742695453e+21   1.9325399057e+18   7.6366767877e+61   2.2245872600e-24   5.1871390089e-14   8.0518612878e-06   2.0000000000e-02 
  1.7762020852e+21   1.9325399057e+18   7.6533307048e+61   2.2245872600e-24   5.1871390089e-14   8.7572722145e-06   2.0000000000e-02 
  1.7781346251e+21   1.9325399057e+18   7.6700027614e+61   2.2245872600e-24   5.1871390090e-14   9.6245977236e-06   2.0000000000e-02 
  1.7800671650e+21   1.9325399057e+18   7.6866929575e+61   2.2245872600e-24   5.1871390090e-14   1.0185662871e-05   2.0000000000e-02 
  1.7819997049e+21   1.9325399057e+18   7.7034012932e+61   2.2245872600e-24   5.1871390089e-14   1.0360697665e-05   2.0000000000e-02 
  1.7839322448e+21   1.9325399057e+18   7.7201277683e+61   2.2245872600e-24   5.1871390089e-14   1.0091563190e-05   2.0000000000e-02 
  1.7858647848e+21   1.9325399057e+18   7.7368723829e+61   2.2245872600e-24   5.1871390089e-14   9.3150998021e-06   2.0000000000e-02 
  1.7877973247e+21   1.9325399057e+18   7.7536351370e+61   2.2245872600e-24   5.1871390089e-14   8.3971491845e-06   2.0000000000e-02 
  1.7897298646e+21   1.9325399057e+18   7.7704160306e+61   2.2245872600e-24   5.1871390089e-14   7.7011280939e-06   2.0000000000e-02 
  1.7916624045e+21   1.9325399057e+18   7.7872150637e+61   2.2245872600e-24   5.1871390089e-14   7.2481399966e-06   2.0000000000e-02 
  1.7935949444e+21   1.9325399057e+18   7.8040322363e+61   2.2245872600e-24   5.1871390089e-14   6.9926575799e-06   2.0000000000e-02 
  1.7955274843e+21   1.9325399057e+18   7.8208675484e+61   2.2245872600e-24   5.1871390089e-14   6.9144101357e-06   2.0000000000e-02 
  1.7974600242e+21   1.9325399057e+18   7.8377210000e+61   2.2245872600e-24   5.1871390089e-14   6.9220237199e-06   2.0000000000e-02 
  1.7993925641e+21   1.9325399057e+18   7.8545925911e+61   2.2245872600e-24   5.1871390089e-14   6.9734920103e-06   2.0000000000e-02 
  1.8013251040e+21   1.9325399057e+18   7.8714823217e+61   2.2245872600e-24   5.1871390089e-14   6.9615666485e-06   2.0000000000e-02 
  1.8032576439e+21   1.9325399057e+18   7.8883901918e+61   2.2245872600e-24   5.1871390089e-14   6.7614014270e-06   2.0000000000e-02 
  1.8051901838e+21   1.9325399057e+18   7.9053162014e+61   2.2245872600e-24   5.1871390089e-14   6.2603898769e-06   2.0000000000e-02 
  1.8071227237e+21   1.9325399057e+18   7.9222603505e+61   2.2245872600e-24   5.1871390089e-14   5.1368610618e-06   2.0000000000e-02 
  1.8090552636e+21   1.9325399057e+18   7.9392226391e+61   2.2245872600e-24   5.1871390088e-14   1.2766155064e-06   2.0000000000e-02 
  1.8109878035e+21   1.9325399057e+18   7.9562030672e+61   2.2245872600e-24   5.1871390088e-14  -1.6937529343e-06   2.0000000000e-02 
  1.8129203434e+21   1.9325399057e+18   7.9732016347e+61   2.2245872600e-24   5.1871390088e-14  -2.5368533137e-06   2.0000000000e-02 
  1.8148528833e+21   1.9325399057e+18   7.9902183418e+61   2.2245872600e-24   5.1871390088e-14  -2.9635123371e-06   2.0000000000e-02 
  1.8167854232e+21   1.9325399057e+18   8.0072531884e+61   2.2245872600e-24   5.1871390088e-14  -3.2836305902e-06   2.0000000000e-02 
  1.8187179631e+21   1.9325399057e+18   8.0243061745e+61   2.2245872600e-24   5.1871390088e-14  -3.6609955213e-06   2.0000000000e-02 
  1.8206505031e+21   1.9325399057e+18   8.0413773001e+61   2.2245872600e-24   5.1871390088e-14  -4.1175358546e-06   2.0000000000e-02 
  1.8225830430e+21   1.9325399057e+18   8.0584665651e+61   2.2245872600e-24   5.1871390088e-14  -4.3355098530e-06   2.0000000000e-02 
  1.8245155829e+21   1.9325399057e+18   8.0755739697e+61   2.2245872600e-24   5.1871390088e-14  -3.9729683808e-06   2.0000000000e-02 
  1.8264481228e+21   1.9325399057e+18   8.0926995138e+61   2.2245872600e-24   5.1871390088e-14  -2.8778309432e-06   2.0000000000e-02 
  1.8283806627e+21   1.9325399057e+18   8.1098431974e+61   2.2245872600e-24   5.1871390088e-14  -1.3312604620e-06   2.0000000000e-02 
  1.8303132026e+21   1.9325399057e+18   8.1270050204e+61   2.2245872600e-24   5.1871390088e-14  -4.8128155463e-07   2.0000000000e-02 
  1.8322457425e+21   1.9325399057e+18   8.1441849830e+61   2.2245872600e-24   5.1871390088e-14  -1.6600600519e-07   2.0000000000e-02 
  1.8341782824e+21   1.9325399057e+18   8.1613830851e+61   2.2245872600e-24   5.1871390088e-14  -5.7062675908e-08   2.0000000000e-02 
  1.8361108223e+21   1.9325399057e+18   8.1785993266e+61   2.2245872600e-24   5.1871390088e-14   6.2887803794e-09   2.0000000000e-02 
  1.8380433622e+21   1.9325399057e+18   8.1958337077e+61   2.2245872600e-24   5.1871390088e-14   4.2266477582e-08   2.0000000000e-02 
  1.8399759021e+21   1.9325399057e+18   8.2130862283e+61   2.2245872600e-24   5.1871390088e-14   1.2592231833e-08   2.0000000000e-02 
  1.8419084420e+21   1.9325399057e+18   8.2303568883e+61   2.2245872600e-24   5.1871390088e-14  -5.6712903841e-08   2.0000000000e-02 
  1.8438409819e+21   1.9325399057e+18   8.2476456879e+61   2.2245872600e-24   5.1871390088e-14  -1.4865110622e-07   2.0000000000e-02 
  1.8457735218e+21   1.9325399057e+18   8.2649526269e+61   2.2245872600e-24   5.1871390088e-14  -2.2965795507e-07   2.0000000000e-02 
  1.8477060617e+21   1.9325399057e+18   8.2822777055e+61   2.2245872600e-24   5.1871390088e-14  -2.6601260492e-07   2.0000000000e-02 
  1.8496386016e+21   1.9325399057e+18   8.2996209236e+61   2.2245872600e-24   5.1871390088e-14  -2.6230002996e-07   2.0000000000e-02 
  1.8515711415e+21   1.9325399057e+18   8.3169822811e+61   2.2245872600e-24   5.1871390088e-14  -1.7845378645e-07   2.0000000000e-02 
  1.8535036815e+21   1.9325399057e+18   8.3343617782e+61   2.2245872600e-24   5.1871390088e-14  -9.9278958892e-08   2.0000000000e-02 
  1.8554362214e+21   1.9325399057e+18   8.3517594147e+61   2.2245872600e-24   5.1871390088e-14  -5.6678334238e-08   2.0000000000e-02 
  1.8573687613e+21   1.9325399057e+18   8.3691751907e+61   2.2245872600e-24   5.1871390088e-14  -1.3633041468e-08   2.0000000000e-02 
  1.8593013012e+21   1.9325399057e+18   8.3866091063e+61   2.2245872600e-24   5.1871390088e-14   3.4742389113e-08   2.0000000000e-02 
  1.8612338411e+21   1.9325399057e+18   8.4040611613e+61   2.2245872600e-24   5.1871390088e-14   8.0161642522e-08   2.0000000000e-02 
  1.8631663810e+21   1.9325399057e+18   8.4215313559e+61   2.2245872600e-24   5.1871390088e-14   1.0853418522e-07   2.0000000000e-02 
  1.8650989209e+21   1.9325399057e+18   8.4390196899e+61   2.2245872600e-24   5.1871390088e-14   1.1807378959e-07   2.0000000000e-02 
  1.8670314608e+21   1.9325399057e+18   8.4565261635e+61   2.2245872600e-24   5.1871390088e-14   8.6674030651e-08   2.0000000000e-02 
  1.8689640007e+21   1.9325399057e+18   8.4740507765e+61   2.2245872600e-24   5.1871390088e-14   6.1372170923e-08   2.0000000000e-02 
  1.8708965406e+21   1.9325399057e+18   8.4915935290e+61   2.2245872600e-24   5.1871390088e-14   5.5778973541e-08   2.0000000000e-02 
  1.8728290805e+21   1.9325399057e+18   8.5091544211e+61   2.2245872600e-24   5.1871390088e-14   8.6808302267e-08   2.0000000000e-02 
  1.8747616204e+21   1.9325399057e+18   8.5267334526e+61   2.2245872600e-24   5.1871390088e-14   1.6487363637e-07   2.0000000000e-02 
  1.8766941603e+21   1.9325399057e+18   8.5443306236e+61   2.2245872600e-24   5.1871390088e-14   2.6696962805e-07   2.0000000000e-02 
  1.8786267002e+21   1.9325399057e+18   8.5619459342e+61   2.2245872600e-24   5.1871390088e-14   4.1343614750e-07   2.0000000000e-02 
  1.8805592401e+21   1.9325399057e+18   8.5795793842e+61   2.2245872600e-24   5.1871390088e-14   5.5694482039e-07   2.0000000000e-02 
  1.8824917800e+21   1.9325399057e+18   8.5972309737e+61   2.2245872600e-24   5.1871390088e-14   6.2757902496e-07   2.0000000000e-02 
  1.8844243199e+21   1.9325399057e+18   8.6149007027e+61   2.2245872600e-24   5.1871390088e-14   6.2032005572e-07   2.0000000000e-02 
  1.8863568598e+21   1.9325399057e+18   8.6325885712e+61   2.2245872600e-24   5.1871390088e-14   5.6068616188e-07   2.0000000000e-02 
  1.8882893998e+21   1.9325399057e+18   8.6502945793e+61   2.2245872600e-24   5.1871390088e-14   4.2825442479e-07   2.0000000000e-02 
  1.8902219397e+21   1.9325399057e+18   8.6680187268e+61   2.2245872600e-24   5.1871390088e-14   2.1000135750e-07   2.0000000000e-02 
  1.8921544796e+21   1.9325399057e+18   8.6857610138e+61   2.2245872600e-24   5.1871390088e-14   1.0359075266e-08   2.0000000000e-02 
  1.8940870195e+21   1.9325399057e+18   8.7035214403e+61   2.2245872600e-24   5.1871390088e-14  -8.8165770649e-08   2.0000000000e-02 
  1.8960195594e+21   1.9325399057e+18   8.7213000063e+61   2.2245872600e-24   5.1871390088e-14  -1.0993288352e-07   2.0000000000e-02 
  1.8979520993e+21   1.9325399057e+18   8.7390967118e+61   2.2245872600e-24   5.1871390088e-14  -1.0436681668e-07   2.0000000000e-02 
  1.8998846392e+21   1.9325399057e+18   8.7569115569e+61   2.2245872600e-24   5.1871390088e-14  -6.3026856111e-08   2.0000000000e-02 
  1.9018171791e+21   1.9325399057e+18   8.7747445414e+61   2.2245872600e-24   5.1871390088e-14   3.4420121109e-08   2.0000000000e-02 
  1.9037497190e+21   1.9325399057e+18   8.7925956654e+61   2.2245872600e-24   5.1871390088e-14   2.2867713490e-07   2.0000000000e-02 
  1.9056822589e+21   1.9325399057e+18   8.8104649289e+61   2.2245872600e-24   5.1871390088e-14   5.6196995689e-07   2.0000000000e-02 
  1.9076147988e+21   1.9325399057e+18   8.8283523319e+61   2.2245872600e-24   5.1871390088e-14   8.7344748390e-07   2.0000000000e-02 
  1.9095473387e+21   1.9325399057e+18   8.8462578744e+61   2.2245872600e-24   5.1871390088e-14   9.9659322750e-07   2.0000000000e-02 
  1.9114798786e+21   1.9325399057e+18   8.8641815564e+61   2.2245872600e-24   5.1871390088e-14   9.7833819138e-07   2.0000000000e-02 
  1.9134124185e+21   1.9325399057e+18   8.8821233779e+61   2.2245872600e-24   5.1871390088e-14   9.3432184774e-07   2.0000000000e-02 
  1.9153449584e+21   1.9325399057e+18   8.9000833389e+61   2.2245872600e-24   5.1871390088e-14   8.9706051291e-07   2.0000000000e-02 
  1.9172774983e+21   1.9325399057e+18   8.9180614394e+61   2.2245872600e-24   5.1871390088e-14   8.1006941798e-07   2.0000000000e-02 
  1.9192100382e+21   1.9325399057e+18   8.9360576794e+61   2.2245872600e-24   5.1871390088e-14   7.8729302979e-07   2.0000000000e-02 
  1.9211425782e+21   1.9325399057e+18   8.9540720589e+61   2.2245872600e-24   5.1871390088e-14   8.5756709556e-07   2.0000000000e-02 
  1.9230751181e+21   1.9325399057e+18   8.9721045778e+61   2.2245872600e-24   5.1871390088e-14   8.5953906078e-07   2.0000000000e-02 
  1.9250076580e+21   1.9325399057e+18   8.9901552363e+61   2.2245872600e-24   5.1871390088e-14   8.0637911454e-07   2.0000000000e-02 
  1.9269401979e+21   1.9325399057e+18   9.0082240343e+61   2.2245872600e-24   5.1871390088e-14   7.0286712646e-07   2.0000000000e-02 
  1.9288727378e+21   1.9325399057e+18   9.0263109718e+61   2.2245872600e-24   5.1871390088e-14   4.9906374412e-07   2.0000000000e-02 
  1.9308052777e+21   1.9325399057e+18   9.0444160488e+61   2.2245872600e-24   5.1871390088e-14   1.9823600374e-07   2.0000000000e-02 
  1.9327378176e+21   1.9325399057e+18   9.0625392653e+61   2.2245872600e-24   5.1871390088e-14  -7.8649290708e-08   2.0000000000e-02 
  1.9346703575e+21   1.9325399057e+18   9.0806806212e+61   2.2245872600e-24   5.1871390088e-14  -2.2729304092e-07   2.0000000000e-02 
  1.9366028974e+21   1.9325399057e+18   9.0988401167e+61   2.2245872600e-24   5.1871390088e-14  -2.5141165965e-07   2.0000000000e-02 
  1.9385354373e+21   1.9325399057e+18   9.1170177517e+61   2.2245872600e-24   5.1871390088e-14  -2.4455681701e-07   2.0000000000e-02 
  1.9404679772e+21   1.9325399057e+18   9.1352135262e+61   2.2245872600e-24   5.1871390088e-14  -2.4530470434e-07   2.0000000000e-02 
  1.9424005171e+21   1.9325399057e+18   9.1534274401e+61   2.2245872600e-24   5.1871390088e-14  -2.4686965185e-07   2.0000000000e-02 
  1.9443330570e+21   1.9325399057e+18   9.1716594936e+61   2.2245872600e-24   5.1871390088e-14  -2.2920322523e-07   2.0000000000e-02 
  1.9462655969e+21   1.9325399057e+18   9.1899096866e+61   2.2245872600e-24   5.1871390088e-14  -1.9478060759e-07   2.0000000000e-02 
  1.9481981368e+21   1.9325399057e+18   9.2081780190e+61   2.2245872600e-24   5.1871390088e-14  -1.5306809872e-07   2.0000000000e-02 
  1.9501306767e+21   1.9325399057e+18   9.2264644910e+61   2.2245872600e-24   5.1871390088e-14  -8.7827718262e-08   2.0000000000e-02 
  1.9520632166e+21   1.9325399057e+18   9.2447691025e+61   2.2245872600e-24   5.1871390088e-14  -4.0860189036e-08   2.0000000000e-02 
  1.9539957565e+21   1.9325399057e+18   9.2630918534e+61   2.2245872600e-24   5.1871390088e-14  -4.6658670402e-08   2.0000000000e-02 
  1.9559282965e+21   1.9325399057e+18   9.2814327439e+61   2.2245872600e-24   5.1871390088e-14  -6.6390300149e-08   2.0000000000e-02 
  1.9578608364e+21   1.9325399057e+18   9.2997917739e+61   2.2245872600e-24   5.1871390088e-14  -8.7557291972e-08   2.0000000000e-02 
  1.9597933763e+21   1.9325399057e+18   9.3181689433e+61   2.2245872600e-24   5.1871390088e-14  -1.2916760559e-07   2.0000000000e-02 
  1.9617259162e+21   1.9325399057e+18   9.3365642523e+61   2.2245872600e-24   5.1871390088e-14  -1.7038578524e-07   2.0000000000e-02 
  1.9636584561e+21   1.9325399057e+18   9.3549777007e+61   2.2245872600e-24   5.1871390088e-14  -1.7345992022e-07   2.0000000000e-02 
  1.9655909960e+21   1.9325399057e+18   9.3734092887e+61   2.2245872600e-24   5.1871390088e-14  -1.6552694340e-07   2.0000000000e-02 
  1.9675235359e+21   1.9325399057e+18   9.3918590161e+61   2.2245872600e-24   5.1871390088e-14  -2.0019904329e-07   2.0000000000e-02 
  1.9694560758e+21   1.9325399057e+18   9.4103268831e+61   2.2245872600e-24   5.1871390088e-14  -2.3092869377e-07   2.0000000000e-02 
  1.9713886157e+21   1.9325399057e+18   9.4288128895e+61   2.2245872600e-24   5.1871390088e-14  -2.1898151001e-07   2.0000000000e-02 
  1.9733211556e+21   1.9325399057e+18   9.4473170355e+61   2.2245872600e-24   5.1871390088e-14  -1.9102592141e-07   2.0000000000e-02 
  1.9752536955e+21   1.9325399057e+18   9.4658393209e+61   2.2245872600e-24   5.1871390088e-14  -1.4059758959e-07   2.0000000000e-02 
  1.9771862354e+21   1.9325399057e+18   9.4843797459e+61   2.2245872600e-24   5.1871390088e-14  -5.9648656454e-08   2.0000000000e-02 
  1.9791187753e+21   1.9325399057e+18   9.5029383103e+61   2.2245872600e-24   5.1871390088e-14   0.0000000000e+00   2.0000000000e-02 
