# time = 3.248210e+15 [s] 
# r                  dr                 dV                 Density            Pressure           Velocity           Z
  2.1304517832e+18   2.1304517832e+18   4.0504543150e+55   4.0416795952e-31   4.1645557972e-14   0.0000000000e+00   9.9248591688e-02 
  2.6151434604e+18   4.8469167723e+17   3.4411557404e+55   4.0416795952e-31   4.1645557972e-14  -3.3002180468e+03   9.9248591688e-02 
  3.4868675301e+18   8.7172406966e+17   1.0266426857e+56   4.0419320255e-31   4.1645454945e-14  -6.4361492383e+03   9.9248591688e-02 
  4.4172515947e+18   9.3038406459e+17   1.8345106615e+56   4.0427363867e-31   4.1645444863e-14  -1.0797009708e+04   9.9248591688e-02 
  4.8768119468e+18   4.5956035213e+17   1.2481233344e+56   4.0438513611e-31   4.1645424608e-14  -1.3592274971e+04   9.9248591688e-02 
  5.2817745876e+18   4.0496264078e+17   1.3135947157e+56   4.0452550625e-31   4.1645404698e-14  -1.5212406518e+04   9.9248591688e-02 
  5.9815984169e+18   6.9982382931e+17   2.7927626899e+56   4.0481866676e-31   4.1645376401e-14  -1.7225308953e+04   9.9248591688e-02 
  6.6204390710e+18   6.3884065412e+17   3.1900376869e+56   4.0526650475e-31   4.1645341735e-14  -1.9616315441e+04   9.9248591688e-02 
  7.4790677998e+18   8.5862872879e+17   5.3690774616e+56   4.0589524797e-31   4.1645301957e-14  -2.2248332618e+04   9.9248591688e-02 
  8.3146487773e+18   8.3558097746e+17   6.5540856196e+56   4.0673021074e-31   4.1645257751e-14  -2.5208309791e+04   9.9248591688e-02 
  9.3607660565e+18   1.0461172793e+18   1.0279601345e+57   4.0781660847e-31   4.1645208560e-14  -2.8492409892e+04   9.9248591688e-02 
  1.0445629760e+19   1.0848637035e+18   1.3383510847e+57   4.0921051836e-31   4.1645147249e-14  -3.2211836221e+04   9.9248591688e-02 
  1.1727816157e+19   1.2821863967e+18   1.9826735355e+57   4.1095638436e-31   4.1645065139e-14  -3.6302136141e+04   9.9248591688e-02 
  1.3103872020e+19   1.3760558629e+18   2.6683497559e+57   4.1313001806e-31   4.1644953966e-14  -4.0848156832e+04   9.9248591688e-02 
  1.4677317307e+19   1.5734452877e+18   3.8191552207e+57   4.1579013949e-31   4.1644805932e-14  -4.5835940748e+04   9.9248591688e-02 
  1.6447865641e+19   1.7705483337e+18   5.3944810733e+57   4.1908602756e-31   4.1644621812e-14  -5.1444271161e+04   9.9248591688e-02 
  1.8421638821e+19   1.9737731801e+18   7.5474849792e+57   4.2309292755e-31   4.1644363542e-14  -5.7747351662e+04   9.9248591688e-02 
  2.0648445722e+19   2.2268069014e+18   1.0690330708e+58   4.2795052925e-31   4.1644100474e-14  -6.5062203635e+04   9.9248591688e-02 
  2.3062270943e+19   2.4138252208e+18   1.4503499054e+58   4.3371930008e-31   4.1643776318e-14  -7.3220087946e+04   9.9248591688e-02 
  2.5805270745e+19   2.7429998017e+18   2.0600250813e+58   4.4060055985e-31   4.1643354227e-14  -8.2213154674e+04   9.9248591688e-02 
  2.8752030568e+19   2.9467598227e+18   2.7581792810e+58   4.4871174693e-31   4.1642831610e-14  -9.2247727657e+04   9.9248591688e-02 
  3.2171179867e+19   3.4191492994e+18   3.9910689224e+58   4.5840178628e-31   4.1642172046e-14  -1.0356278675e+05   9.9248591688e-02 
  3.5797602935e+19   3.6264230675e+18   5.2681633113e+58   4.6979585540e-31   4.1641377874e-14  -1.1636827016e+05   9.9248591688e-02 
  3.9907686541e+19   4.1100836068e+18   7.4076330018e+58   4.8309634188e-31   4.1640268105e-14  -1.3031219001e+05   9.9248591688e-02 
  4.4269968616e+19   4.3622820744e+18   9.7195434352e+58   4.9853611890e-31   4.1638882322e-14  -1.4587635674e+05   9.9248591688e-02 
  4.9258552900e+19   4.9885842841e+18   1.3722301935e+59   5.1661888304e-31   4.1637076598e-14  -1.6280446791e+05   9.9248591688e-02 
  5.4143091722e+19   4.8845388220e+18   1.6419171920e+59   5.3682095188e-31   4.1634912875e-14  -1.8012439499e+05   9.9248591688e-02 
  6.1497743121e+19   7.3546513993e+18   3.0939946513e+59   5.6346400003e-31   4.1631828134e-14  -2.0042284960e+05   9.9248591688e-02 
  7.2530328724e+19   1.1032585603e+19   6.2402000871e+59   6.0540966316e-31   4.1626543297e-14  -2.2881076945e+05   9.9248591688e-02 
  7.6612904301e+19   4.0825755765e+18   2.8536432092e+59   6.4120340655e-31   4.1621844211e-14  -2.4980918077e+05   9.9248591688e-02 
  8.0347630083e+19   3.7347257821e+18   2.8911557051e+59   6.6171653421e-31   4.1619130667e-14  -2.5958767776e+05   9.9248591688e-02 
  8.4252920149e+19   3.9052900664e+18   3.3246598416e+59   6.8408185798e-31   4.1616287913e-14  -2.6897323642e+05   9.9248591688e-02 
  8.8417409542e+19   4.1644893923e+18   3.9014969233e+59   7.1025619679e-31   4.1613084330e-14  -2.7848628354e+05   9.9248591688e-02 
  9.2264421013e+19   3.8470114718e+18   3.9460986642e+59   7.3885758708e-31   4.1609696532e-14  -2.8742987028e+05   9.9248591688e-02 
  9.7190196842e+19   4.9257758287e+18   5.5556228451e+59   7.7357842264e-31   4.1605710942e-14  -2.9655592145e+05   9.9248591688e-02 
  1.0200226427e+20   4.8120674314e+18   5.9994556780e+59   8.1542958692e-31   4.1600999246e-14  -3.0592644762e+05   9.9248591688e-02 
  1.0663887324e+20   4.6366089676e+18   6.3419339471e+59   8.5970813710e-31   4.1596148918e-14  -3.1419298007e+05   9.9248591688e-02 
  1.1107533353e+20   4.4364602882e+18   6.6072405455e+59   9.0628124432e-31   4.1591271661e-14  -3.2163901854e+05   9.9248591688e-02 
  1.1654422520e+20   5.4688916750e+18   8.9033184739e+59   9.6221818745e-31   4.1585724036e-14  -3.2958616294e+05   9.9248591688e-02 
  1.2204884905e+20   5.5046238484e+18   9.8462358572e+59   1.0293325145e-30   4.1579376237e-14  -3.3844321491e+05   9.9248591688e-02 
  1.2733441270e+20   5.2855636491e+18   1.0328584484e+60   1.1009870549e-30   4.1573110126e-14  -3.4790162548e+05   9.9248591688e-02 
  1.3260250004e+20   5.2680873372e+18   1.1184027058e+60   1.1775404553e-30   4.1567145480e-14  -3.5811911328e+05   9.9248591688e-02 
  1.3884580340e+20   6.2433033615e+18   1.4454901860e+60   1.2689694271e-30   4.1560407470e-14  -3.6951872203e+05   9.9248591688e-02 
  1.4511257945e+20   6.2667760503e+18   1.5877200858e+60   1.3766108709e-30   4.1551820651e-14  -3.7914513167e+05   9.9248591688e-02 
  1.5110084810e+20   5.9882686507e+18   1.6508962888e+60   1.4911760875e-30   4.1543732570e-14  -3.8044637997e+05   9.9248591688e-02 
  1.5753909713e+20   6.4382490257e+18   1.9270141278e+60   1.6182685016e-30   4.1526257871e-14  -3.6257503013e+05   9.9248591688e-02 
  1.6487778026e+20   7.3386831332e+18   2.3970579751e+60   1.7722366119e-30   4.1507643681e-14  -3.5532850126e+05   9.9248591688e-02 
  1.7204138738e+20   7.1636071235e+18   2.5550447470e+60   1.9482180028e-30   4.1494484968e-14  -3.6204368512e+05   9.9248591688e-02 
  1.7830349310e+20   6.2621057136e+18   2.4149495719e+60   2.1260692584e-30   4.1480140964e-14  -3.5983576764e+05   9.9248591688e-02 
  1.8656522158e+20   8.2617284799e+18   3.4559564382e+60   2.3395223734e-30   4.1456950218e-14  -3.4145248226e+05   9.9248591688e-02 
  1.9658373471e+20   1.0018513130e+19   4.6215473168e+60   2.6316961343e-30   4.1428102569e-14  -3.2984010105e+05   9.9248591688e-02 
  2.0672774006e+20   1.0144005357e+19   5.1848007336e+60   2.9801759390e-30   4.1397011963e-14  -3.2102950902e+05   9.9248591688e-02 
  2.1601589794e+20   9.2881578750e+18   5.2155906631e+60   3.3454410718e-30   4.1362502995e-14  -3.2088140499e+05   9.9248591688e-02 
  2.2756772925e+20   1.1551831312e+19   7.1424941533e+60   3.7763406897e-30   4.1331663020e-14  -3.2189364129e+05   9.9248591688e-02 
  2.3756190015e+20   9.9941708985e+18   6.7937801048e+60   4.2569367891e-30   4.1281954486e-14  -3.0934280589e+05   9.9248591688e-02 
  2.5245037541e+20   1.4888475257e+19   1.1234341969e+61   4.8679077295e-30   4.1222196607e-14  -3.1513722039e+05   9.9248591688e-02 
  2.6299960088e+20   1.0549225472e+19   8.8065159751e+60   5.5322744668e-30   4.1165552381e-14  -3.3556883315e+05   9.9248591688e-02 
  2.7247268737e+20   9.4730864903e+18   8.5341580346e+60   6.1029923112e-30   4.1111540886e-14  -3.5271870781e+05   9.9248591688e-02 
  2.8245202503e+20   9.9793376576e+18   9.6553169651e+60   6.6554313357e-30   4.1053466316e-14  -3.7854161962e+05   9.9248591688e-02 
  2.9154795621e+20   9.0959311787e+18   9.4157982793e+60   7.1422359937e-30   4.0983243464e-14  -3.9960900750e+05   9.9248591688e-02 
  3.0540204630e+20   1.3854090093e+19   1.5512498865e+61   7.6517136375e-30   4.0879740856e-14  -4.2180667026e+05   9.9248591688e-02 
  3.1981128293e+20   1.4409236635e+19   1.7697999951e+61   8.2150597051e-30   4.0734897285e-14  -4.3947897400e+05   9.9248591688e-02 
  3.2927643527e+20   9.4651523326e+18   1.2528960667e+61   8.6387704506e-30   4.0605978136e-14  -4.3990566242e+05   9.9248591688e-02 
  3.3814430998e+20   8.8678747156e+18   1.2410645785e+61   8.9081029442e-30   4.0493110040e-14  -4.2955127751e+05   9.9248591688e-02 
  3.5268271524e+20   1.4538405262e+19   2.1800647422e+61   9.1751178468e-30   4.0343897048e-14  -4.2707344704e+05   9.9248591688e-02 
  3.6882332990e+20   1.6140614655e+19   2.6401118819e+61   9.4633458995e-30   4.0145096729e-14  -4.3235727520e+05   9.9248591688e-02 
  3.8615901985e+20   1.7335689955e+19   3.1048521210e+61   9.7213401332e-30   3.9927933757e-14  -4.6444206196e+05   9.9248591688e-02 
  3.9587904564e+20   9.7200257880e+18   1.8676497686e+61   9.8922233133e-30   3.9752920350e-14  -5.0524938934e+05   9.9248591688e-02 
  4.0523222699e+20   9.3531813492e+18   1.8858825675e+61   9.9742650993e-30   3.9618399163e-14  -5.3369350817e+05   9.9248591688e-02 
  4.2152561346e+20   1.6293386468e+19   3.4992429571e+61   1.0033654984e-29   3.9424002406e-14  -5.6198702563e+05   9.9248591688e-02 
  4.3985186027e+20   1.8326246809e+19   4.2724397458e+61   1.0080448589e-29   3.9159507797e-14  -5.8178429293e+05   9.9248591688e-02 
  4.5598476326e+20   1.6132902997e+19   4.0678690937e+61   1.0103062572e-29   3.8887271513e-14  -5.6426991464e+05   9.9248591688e-02 
  4.6460685087e+20   8.6220876083e+18   2.2956677405e+61   1.0102033463e-29   3.8660483041e-14  -5.0907966187e+05   9.9248591688e-02 
  4.7321988252e+20   8.6130316495e+18   2.3799253934e+61   1.0091771466e-29   3.8509206421e-14  -4.7560170284e+05   9.9248591688e-02 
  4.9060296091e+20   1.7383078391e+19   5.0736216579e+61   1.0061861414e-29   3.8294713752e-14  -4.4086820577e+05   9.9248591688e-02 
  5.0520081236e+20   1.4597851450e+19   4.5479685845e+61   1.0013761939e-29   3.8044859728e-14  -4.1346914100e+05   9.9248591688e-02 
  5.1473007322e+20   9.5292608593e+18   3.1143198347e+61   9.9696180816e-30   3.7865141394e-14  -4.1507979218e+05   9.9248591688e-02 
  5.2263498524e+20   7.9049120208e+18   2.6725051488e+61   9.9316736188e-30   3.7743406243e-14  -4.2250997034e+05   9.9248591687e-02 
  5.2940577923e+20   6.7707939857e+18   2.3542935077e+61   9.8934103177e-30   3.7641449450e-14  -4.3252284472e+05   9.9248591685e-02 
  5.4637841969e+20   1.6972640468e+19   6.1714276071e+61   9.8180914063e-30   3.7473079793e-14  -4.5114685202e+05   9.9248591675e-02 
  5.5729103644e+20   1.0912616745e+19   4.1761008262e+61   9.7234186040e-30   3.7267577314e-14  -4.6894321063e+05   9.9248591643e-02 
  5.6006123815e+20   2.7702017107e+18   1.0865316723e+61   9.6731524048e-30   3.7163444109e-14  -4.7128042966e+05   9.9248591574e-02 
  5.6234659668e+20   2.2853585336e+18   9.0449505137e+60   9.6497078643e-30   3.7123135220e-14  -4.7099387548e+05   9.9248590851e-02 
  5.7052549325e+20   8.1788965634e+18   3.2977208400e+61   9.5899364489e-30   3.7036624047e-14  -4.7118267602e+05   9.9248588585e-02 
  5.7815389934e+20   7.6284060968e+18   3.1621882568e+61   9.4958166436e-30   3.6904546060e-14  -4.7014053645e+05   9.9248578827e-02 
  5.8638830521e+20   8.2344058641e+18   3.5083252147e+61   9.3981641143e-30   3.6765925919e-14  -4.5835470421e+05   9.9248539763e-02 
  6.0346694470e+20   1.7078639490e+19   7.5966344773e+61   9.2395952791e-30   3.6551248077e-14  -4.3532664247e+05   9.9248428795e-02 
  6.1767778379e+20   1.4210839087e+19   6.6576885867e+61   9.0441236448e-30   3.6304155447e-14  -4.1117111410e+05   9.9248193327e-02 
  6.3117726059e+20   1.3499476809e+19   6.6146640111e+61   8.8685576600e-30   3.6108232148e-14  -4.0615175710e+05   9.9247902190e-02 
  6.4865631849e+20   1.7479057898e+19   8.9950150794e+61   8.6647561759e-30   3.5917392373e-14  -4.0065567326e+05   9.9247067974e-02 
  6.6475531172e+20   1.6098993232e+19   8.7251329883e+61   8.4307772747e-30   3.5722523351e-14  -4.0405667811e+05   9.9244869827e-02 
  6.8029567653e+20   1.5540364807e+19   8.8329933226e+61   8.1939552273e-30   3.5553552359e-14  -4.0141891724e+05   9.9239052283e-02 
  6.9535230381e+20   1.5056627282e+19   8.9517829635e+61   7.9413688971e-30   3.5397486731e-14  -3.9219886611e+05   9.9221594214e-02 
  7.1224601462e+20   1.6893710804e+19   1.0516064924e+62   7.6466716688e-30   3.5230483160e-14  -3.8135877596e+05   9.9149056935e-02 
  7.2638515244e+20   1.4139137825e+19   9.1936023063e+61   7.3355057658e-30   3.5067021716e-14  -3.6618511365e+05   9.8883273155e-02 
  7.3448555108e+20   8.1003986342e+18   5.4310559258e+61   7.0872989719e-30   3.4949454634e-14  -3.5235335677e+05   9.8443396435e-02 
  7.4143533516e+20   6.9497840800e+18   4.7560953377e+61   6.8943466989e-30   3.4875185239e-14  -3.4442629020e+05   9.7581357386e-02 
  7.5067324730e+20   9.2379121394e+18   6.4614517523e+61   6.6518782230e-30   3.4801008394e-14  -3.3621162754e+05   9.6978748618e-02 
  7.5440968132e+20   3.7364340252e+18   2.6590649331e+61   6.4408814949e-30   3.4742942192e-14  -3.3220757755e+05   9.6707112905e-02 
  7.5614085696e+20   1.7311756389e+18   1.2409712349e+61   6.3396175313e-30   3.4718150757e-14  -3.3198787245e+05   9.6618587942e-02 
  7.5883239091e+20   2.6915339476e+18   1.9407076567e+61   6.2685836379e-30   3.4697077202e-14  -3.3772471765e+05   9.6588949402e-02 
  7.6552883371e+20   6.6964428017e+18   4.8884661924e+61   6.1574747067e-30   3.4658922625e-14  -3.3959843768e+05   9.6583975230e-02 
  7.7092023741e+20   5.3914037002e+18   3.9984332104e+61   6.0311569117e-30   3.4611911850e-14  -3.3795633680e+05   9.6581958834e-02 
  7.7479154192e+20   3.8713045098e+18   2.9057961722e+61   5.9489845089e-30   3.4575133498e-14  -3.4011908276e+05   9.6581709276e-02 
  7.7836335153e+20   3.5718096098e+18   2.7068767282e+61   5.9000083705e-30   3.4547099304e-14  -3.4108126487e+05   9.6581673606e-02 
  7.8221957697e+20   3.8562254458e+18   2.9504406044e+61   5.8672165581e-30   3.4520750990e-14  -3.4024656245e+05   9.6581671524e-02 
  7.8579465563e+20   3.5750786604e+18   2.7614439192e+61   5.8461732902e-30   3.4492617847e-14  -3.4179433844e+05   9.6581671426e-02 
  7.9898469228e+20   1.3190036649e+19   1.0407430251e+62   5.8258585813e-30   3.4431435857e-14  -3.4369029393e+05   9.6581671421e-02 
  8.1168118734e+20   1.2696495061e+19   1.0347933603e+62   5.8045389959e-30   3.4338543421e-14  -3.3611246441e+05   9.6581671417e-02 
  8.1638087570e+20   4.6996883577e+18   3.9134703910e+61   5.7936168498e-30   3.4274842675e-14  -3.2549870834e+05   9.6581671415e-02 
  8.1952976234e+20   3.1488866350e+18   2.6474428132e+61   5.7914032908e-30   3.4245423507e-14  -3.1810795524e+05   9.6581671414e-02 
  8.2253963745e+20   3.0098751134e+18   2.5496575376e+61   5.7914907513e-30   3.4222941483e-14  -3.1198020009e+05   9.6581671409e-02 
  8.2573523172e+20   3.1955942650e+18   2.7274784262e+61   5.7948288808e-30   3.4200896346e-14  -3.0606706696e+05   9.6581671366e-02 
  8.3702180004e+20   1.1286568326e+19   9.8033846693e+61   5.8102578031e-30   3.4152345771e-14  -2.9324363665e+05   9.6581671216e-02 
  8.4445419334e+20   7.4323933016e+18   6.6018055246e+61   5.8356890523e-30   3.4091342314e-14  -2.7858723264e+05   9.6581670538e-02 
  8.4759216691e+20   3.1379735675e+18   2.8224364215e+61   5.8554708051e-30   3.4058837809e-14  -2.7337596027e+05   9.6581668773e-02 
  8.5157719596e+20   3.9850290523e+18   3.6145605023e+61   5.8704632633e-30   3.4037380179e-14  -2.7230631901e+05   9.6581650425e-02 
  8.5861033315e+20   7.0331371852e+18   6.4623262574e+61   5.8896809738e-30   3.4005394180e-14  -2.7226642377e+05   9.6581591987e-02 
  8.6576873565e+20   7.1584025030e+18   6.6870407058e+61   5.9074842353e-30   3.3967187536e-14  -2.7247908065e+05   9.6581106242e-02 
  8.7540352133e+20   9.6347856794e+18   9.1765585765e+61   5.9203818176e-30   3.3925813742e-14  -2.7203172907e+05   9.6579755031e-02 
  8.8581176355e+20   1.0408242224e+19   1.0142784796e+62   5.9297864573e-30   3.3880329652e-14  -2.6931597749e+05   9.6577213181e-02 
  8.9608107256e+20   1.0269309007e+19   1.0243752257e+62   5.9335260812e-30   3.3836395505e-14  -2.6508972867e+05   9.6576258175e-02 
  9.1218226141e+20   1.6101188853e+19   1.6540271982e+62   5.9326917189e-30   3.3779736979e-14  -2.6061757966e+05   9.6571022301e-02 
  9.2669651641e+20   1.4514254998e+19   1.5419128991e+62   5.9258362596e-30   3.3711885773e-14  -2.5145758656e+05   9.6557441931e-02 
  9.3982170411e+20   1.3125187698e+19   1.4365707558e+62   5.9148977838e-30   3.3643776260e-14  -2.2975168962e+05   9.6528334885e-02 
  9.5272569700e+20   1.2903992889e+19   1.4520255195e+62   5.8977857130e-30   3.3564553778e-14  -1.8313707359e+05   9.6455097302e-02 
  9.6936111208e+20   1.6635415077e+19   1.9308136237e+62   5.8717541293e-30   3.3465360187e-14  -1.1677885036e+05   9.6168359366e-02 
  9.8178436891e+20   1.2423256835e+19   1.4858347462e+62   5.8388214100e-30   3.3378573074e-14  -7.8312318832e+04   9.5178830792e-02 
  9.9147109077e+20   9.6867218534e+18   1.1849412463e+62   5.8088599305e-30   3.3327137786e-14  -7.1401406726e+04   9.1827621156e-02 
  9.9668998255e+20   5.2188917878e+18   6.4808548526e+61   5.7797648900e-30   3.3297673188e-14  -7.9461100955e+04   8.7980107390e-02 
  1.0037994786e+21   7.1094960658e+18   8.9384672841e+61   5.7452163201e-30   3.3277457482e-14  -9.2971625417e+04   8.1601389310e-02 
  1.0066968509e+21   2.8973722360e+18   3.6792647248e+61   5.7094801160e-30   3.3262055048e-14  -1.0491830178e+05   7.6414104982e-02 
  1.0097489822e+21   3.0521313512e+18   3.8987603866e+61   5.6774767315e-30   3.3253700180e-14  -1.1246080141e+05   7.3801289178e-02 
  1.0154724354e+21   5.7234531652e+18   7.3748668789e+61   5.6157804013e-30   3.3241821324e-14  -1.2320467364e+05   7.3511187678e-02 
  1.0196074842e+21   4.1350488006e+18   5.3801458342e+61   5.5461716639e-30   3.3228629657e-14  -1.3584684409e+05   7.3364693033e-02 
  1.0233107232e+21   3.7032389954e+18   4.8555009950e+61   5.5009723090e-30   3.3217928330e-14  -1.4635783251e+05   7.3319026501e-02 
  1.0282666476e+21   4.9559244766e+18   6.5531664202e+61   5.4616750385e-30   3.3205952377e-14  -1.5718364252e+05   7.3314062894e-02 
  1.0336781209e+21   5.4114732480e+18   7.2280382430e+61   5.4243434960e-30   3.3192059641e-14  -1.6820236669e+05   7.3313092163e-02 
  1.0388276282e+21   5.1495072604e+18   6.9487698729e+61   5.3951556069e-30   3.3177693331e-14  -1.7754781995e+05   7.3313015977e-02 
  1.0497913188e+21   1.0963690672e+19   1.5025504481e+62   5.3627060919e-30   3.3154865830e-14  -1.8705469536e+05   7.3313012645e-02 
  1.0585797079e+21   8.7883890427e+18   1.2273141488e+62   5.3301172392e-30   3.3126370506e-14  -1.9400329813e+05   7.3313011854e-02 
  1.0644772367e+21   5.8975288219e+18   8.3511127588e+61   5.3117124215e-30   3.3104767174e-14  -1.9381879270e+05   7.3313011756e-02 
  1.0782043182e+21   1.3727081511e+19   1.9799275049e+62   5.2969064679e-30   3.3073540683e-14  -1.8567511150e+05   7.3313011682e-02 
  1.0895675259e+21   1.1363207667e+19   1.6775749653e+62   5.2818044000e-30   3.3025181403e-14  -1.5631262541e+05   7.3313011409e-02 
  1.1038911986e+21   1.4323672744e+19   2.1650571706e+62   5.2718334968e-30   3.2982150316e-14  -1.3327983591e+05   7.3313009980e-02 
  1.1140704803e+21   1.0179281704e+19   1.5731789686e+62   5.2653074052e-30   3.2951102003e-14  -1.2021238825e+05   7.3313003374e-02 
  1.1238211839e+21   9.7507035823e+18   1.5341460012e+62   5.2626531302e-30   3.2931964617e-14  -1.2231388372e+05   7.3312946608e-02 
  1.1417637434e+21   1.7942559462e+19   2.8933704377e+62   5.2623787116e-30   3.2917478028e-14  -1.4000824232e+05   7.3312820485e-02 
  1.1539680472e+21   1.2204303883e+19   2.0207345790e+62   5.2648678109e-30   3.2909634020e-14  -1.6458039023e+05   7.3312588925e-02 
  1.1656510079e+21   1.1682960705e+19   1.9748758380e+62   5.2691365067e-30   3.2900307723e-14  -1.8036270565e+05   7.3311806705e-02 
  1.1756244000e+21   9.9733920548e+18   1.7175144437e+62   5.2753643915e-30   3.2887132867e-14  -1.7627786579e+05   7.3307180471e-02 
  1.1839359603e+21   8.3115603143e+18   1.4537723778e+62   5.2822537244e-30   3.2861529679e-14  -1.4763772361e+05   7.3287459931e-02 
  1.2017796423e+21   1.7843681967e+19   3.1906545557e+62   5.2955977195e-30   3.2798426547e-14  -5.8672505510e+04   7.3239960509e-02 
  1.2136711863e+21   1.1891544012e+19   2.1796563691e+62   5.3128528635e-30   3.2714736038e-14   6.4288061178e+04   7.3139127485e-02 
  1.2192096419e+21   5.5384556466e+18   1.0298666084e+62   5.3275584962e-30   3.2690690531e-14   8.7860356545e+04   7.3002098875e-02 
  1.2255447347e+21   6.3350927922e+18   1.1895269609e+62   5.3420433590e-30   3.2687696122e-14   8.0912716393e+04   7.2232531289e-02 
  1.2299612899e+21   4.4165551559e+18   8.3659643103e+61   5.3581307333e-30   3.2690867548e-14   6.7462772421e+04   7.1117611881e-02 
  1.2348298235e+21   4.8685336390e+18   9.2919925217e+61   5.3750487422e-30   3.2700100222e-14   4.2437943074e+04   6.9579321089e-02 
  1.2384797482e+21   3.6499246439e+18   7.0144083081e+61   5.3923306749e-30   3.2707915759e-14   1.9484159457e+04   6.8843653021e-02 
  1.2461885297e+21   7.7087815071e+18   1.4951123651e+62   5.4183367424e-30   3.2713071008e-14   1.1011000533e+03   6.8635036666e-02 
  1.2518892552e+21   5.7007255387e+18   1.1176161620e+62   5.4506342049e-30   3.2714868311e-14  -1.3619223279e+04   6.8504122220e-02 
  1.2609834260e+21   9.0941707495e+18   1.8040802107e+62   5.4891075204e-30   3.2710248054e-14  -1.5380972284e+04   6.8465489272e-02 
  1.2659901471e+21   5.0067210922e+18   1.0043966145e+62   5.5281261167e-30   3.2696928545e-14   1.5529128149e+03   6.8451239261e-02 
  1.2697540284e+21   3.7638813366e+18   7.6032100355e+61   5.5569018539e-30   3.2687769696e-14   1.3566873200e+04   6.8446328154e-02 
  1.2738405902e+21   4.0865617902e+18   8.3062330359e+61   5.5907107491e-30   3.2683644369e-14   1.5789033375e+04   6.8445196780e-02 
  1.2766837357e+21   2.8431455545e+18   5.8104274989e+61   5.6288495868e-30   3.2682393532e-14   1.2897347098e+04   6.8445112806e-02 
  1.2831019249e+21   6.4181891665e+18   1.3212058858e+62   5.6996624109e-30   3.2683368665e-14   5.9357091004e+03   6.8445111528e-02 
  1.2878906016e+21   4.7886767290e+18   9.9441467171e+61   5.8038790085e-30   3.2690970444e-14  -1.2690253540e+04   6.8445190803e-02 
  1.2922374702e+21   4.3468685304e+18   9.0909509952e+61   5.9164936365e-30   3.2707495359e-14  -4.5971878893e+04   6.8445921390e-02 
  1.2960817108e+21   3.8442405837e+18   8.0908921605e+61   6.0550088186e-30   3.2723532684e-14  -7.8633796088e+04   6.8448277675e-02 
  1.3122469995e+21   1.6165288735e+19   3.4551232393e+62   6.5417078675e-30   3.2748883123e-14  -1.3320595002e+05   6.8455873582e-02 
  1.3239692385e+21   1.1722239006e+19   2.5593245853e+62   7.3822316202e-30   3.2779241799e-14  -1.7680987315e+05   6.8476999875e-02 
  1.3306532200e+21   6.6839814939e+18   1.4797609343e+62   8.2031432269e-30   3.2752823104e-14  -1.3288850101e+05   6.8516047385e-02 
  1.3425807843e+21   1.1927564285e+19   2.6778020780e+62   9.8336864251e-30   3.2658144608e-14   1.8042239824e+03   6.8683359423e-02 
  1.3478480268e+21   5.2672425013e+18   1.1977791562e+62   1.2314343328e-29   3.2502404046e-14   1.8921693676e+05   6.9256192805e-02 
  1.3510698770e+21   3.2218502029e+18   7.3728393674e+61   1.5527875125e-29   3.2429664163e-14   1.6260245353e+05   7.0845315182e-02 
  1.3543841290e+21   3.3142520440e+18   7.6210696896e+61   2.1871279691e-29   3.2521452064e-14   7.1243622042e+04   7.6394115816e-02 
  1.3558655159e+21   1.4813868525e+18   3.4185110987e+61   3.1965612847e-29   3.2557602351e-14   4.3562304940e+04   8.0073769015e-02 
  1.3589613335e+21   3.0958175887e+18   7.1681930928e+61   6.3483144284e-29   3.2571724120e-14   1.8216661095e+04   7.1215605990e-02 
  1.3602960826e+21   1.3347491391e+18   3.1006318244e+61   1.4028180232e-28   3.2595216654e-14  -2.1483248308e+04   5.0600751719e-02 
  1.3624091955e+21   2.1131128536e+18   4.9212328930e+61   5.0746101789e-28   3.2753963919e-14  -3.8352520432e+04   3.3416337695e-02 
  1.3641979327e+21   1.7887372414e+18   4.1777419935e+61   5.6769427842e-27   3.3237581376e-14  -4.3935776195e+04   2.2412357154e-02 
  1.3646576776e+21   4.5974492293e+17   1.0755433820e+61   2.1713740094e-26   3.2757511914e-14  -3.6235822594e+04   2.0922335699e-02 
  1.3657615262e+21   1.1038485482e+18   2.5853422689e+61   5.1965826086e-26   3.2768331863e-14  -3.5047255203e+04   2.0445252167e-02 
  1.3662496761e+21   4.8814989523e+17   1.1446376565e+61   6.5070094058e-26   3.2865698102e-14  -3.3097428544e+04   2.0073010210e-02 
  1.3771576580e+21   1.0907981944e+19   2.5791533343e+62   7.2896343121e-26   3.3960878156e-14  -1.7935494546e+04   2.0050371907e-02 
  1.3848255269e+21   7.6678688909e+18   1.8376708543e+62   9.6398300934e-25   3.4428518674e-14  -1.3941363079e+04   2.0035510150e-02 
  1.3932126278e+21   8.3871008619e+18   2.0334779637e+62   1.0032978026e-24   3.4921033039e-14  -9.4310442764e+03   2.0032277623e-02 
  1.4115645595e+21   1.8351931710e+19   4.5355983397e+62   1.1003117974e-24   3.6300232566e-14  -1.6433833059e+03   2.0028760021e-02 
  1.4245856918e+21   1.3021132365e+19   3.2904867584e+62   1.2194251183e-24   3.8031055160e-14   7.0270830584e+03   2.0022757446e-02 
  1.4372967098e+21   1.2711018011e+19   3.2706692715e+62   1.3201193495e-24   3.9497039689e-14   1.5091052547e+04   2.0022550850e-02 
  1.4537302600e+21   1.6433550138e+19   4.3150937006e+62   1.4580667737e-24   4.1443537593e-14   2.5055457315e+04   2.0014615898e-02 
  1.4645918926e+21   1.0861632574e+19   2.9061193698e+62   1.6019825289e-24   4.3533389647e-14   3.4437174629e+04   2.0005163185e-02 
  1.4729667549e+21   8.3748623709e+18   2.2703970820e+62   1.7162429684e-24   4.5148162776e-14   4.0957905793e+04   2.0001207981e-02 
  1.4812024794e+21   8.2357244883e+18   2.2579979813e+62   1.8180806730e-24   4.6545269761e-14   4.6836072532e+04   2.0000450635e-02 
  1.4896299431e+21   8.4274636660e+18   2.3367068753e+62   1.9371423989e-24   4.8139678528e-14   5.2678077932e+04   2.0000174364e-02 
  1.4978707254e+21   8.2407823527e+18   2.3106567774e+62   2.0746548580e-24   5.0064609407e-14   5.9287671737e+04   2.0000059719e-02 
  1.5056465566e+21   7.7758311967e+18   2.2037277345e+62   2.2254653423e-24   5.1864292916e-14   6.5986588834e+04   2.0000019214e-02 
  1.5128522521e+21   7.2056954949e+18   2.0625696387e+62   2.3663567268e-24   5.3701759067e-14   7.1682524063e+04   2.0000006001e-02 
  1.5195095417e+21   6.6572895253e+18   1.9231362205e+62   2.4949253727e-24   5.5344066371e-14   7.6545170363e+04   2.0000001761e-02 
  1.5258038754e+21   6.2943337769e+18   1.8338518680e+62   2.6105180965e-24   5.6803673095e-14   8.0621715600e+04   2.0000000502e-02 
  1.5317279332e+21   5.9240578202e+18   1.7398494594e+62   2.7207971906e-24   5.8250104330e-14   8.4266411055e+04   2.0000000134e-02 
  1.5373587400e+21   5.6308067353e+18   1.6662466459e+62   2.8312166090e-24   5.9677850279e-14   8.7739524422e+04   2.0000000035e-02 
  1.5425522945e+21   5.1935545347e+18   1.5477161848e+62   2.9404430176e-24   6.1071450256e-14   9.1011503133e+04   2.0000000008e-02 
  1.5472948849e+21   4.7425904274e+18   1.4224592526e+62   3.0459245066e-24   6.2400293009e-14   9.4009927099e+04   2.0000000002e-02 
  1.5518041635e+21   4.5092785922e+18   1.3605927744e+62   3.1484185521e-24   6.3676232443e-14   9.6789263847e+04   2.0000000000e-02 
  1.5561338987e+21   4.3297351131e+18   1.3138814821e+62   3.2501037517e-24   6.4928079199e-14   9.9434063006e+04   2.0000000000e-02 
  1.5601522518e+21   4.0183531366e+18   1.2259503242e+62   3.3496442858e-24   6.6141054584e-14   1.0190945080e+05   2.0000000000e-02 
  1.5639742194e+21   3.8219676212e+18   1.1719101245e+62   3.4442951671e-24   6.7283714122e-14   1.0417227675e+05   2.0000000000e-02 
  1.5676557259e+21   3.6815064946e+18   1.1342701893e+62   3.5335902658e-24   6.8353026040e-14   1.0618500388e+05   2.0000000000e-02 
  1.5712082362e+21   3.5525103037e+18   1.0995890138e+62   3.6184094078e-24   6.9387331956e-14   1.0804156420e+05   2.0000000000e-02 
  1.5750465809e+21   3.8383447203e+18   1.1936633267e+62   3.7071195509e-24   7.0489881361e-14   1.0996540686e+05   2.0000000000e-02 
  1.5790379234e+21   3.9913424992e+18   1.2474287538e+62   3.8089575893e-24   7.1745516622e-14   1.1204965748e+05   2.0000000000e-02 
  1.5828305091e+21   3.7925857107e+18   1.1911681562e+62   3.9150461501e-24   7.3042766322e-14   1.1424638324e+05   2.0000000000e-02 
  1.5865094220e+21   3.6789128535e+18   1.1609331512e+62   4.0256230014e-24   7.4384591800e-14   1.1641824176e+05   2.0000000000e-02 
  1.5901537147e+21   3.6442926798e+18   1.1553289037e+62   4.1396759534e-24   7.5755877862e-14   1.1867155488e+05   2.0000000000e-02 
  1.5937562161e+21   3.6025014608e+18   1.1472967694e+62   4.2608438360e-24   7.7200369455e-14   1.2097580567e+05   2.0000000000e-02 
  1.5972414872e+21   3.4852710615e+18   1.1149094304e+62   4.3862734881e-24   7.8682681072e-14   1.2332208452e+05   2.0000000000e-02 
  1.6004344032e+21   3.1929160458e+18   1.0256670442e+62   4.5119032918e-24   8.0154669706e-14   1.2559882025e+05   2.0000000000e-02 
  1.6034780568e+21   3.0436535410e+18   9.8153660663e+61   4.6357949449e-24   8.1593634315e-14   1.2779447852e+05   2.0000000000e-02 
  1.6063748913e+21   2.8968344897e+18   9.3765688411e+61   4.7604918836e-24   8.3030038591e-14   1.2993858214e+05   2.0000000000e-02 
  1.6089691714e+21   2.5942801622e+18   8.4260056463e+61   4.8799035922e-24   8.4395792473e-14   1.3193745614e+05   2.0000000000e-02 
  1.6114414832e+21   2.4723118100e+18   8.0551885610e+61   4.9873130367e-24   8.5614981723e-14   1.3366947816e+05   2.0000000000e-02 
  1.6138729838e+21   2.4315005757e+18   7.9463641088e+61   5.0872897284e-24   8.6741619507e-14   1.3519998855e+05   2.0000000000e-02 
  1.6162679660e+21   2.3949821860e+18   7.8504614771e+61   5.1831793095e-24   8.7839889812e-14   1.3664277396e+05   2.0000000000e-02 
  1.6185638840e+21   2.2959180076e+18   7.5476150362e+61   5.2780616605e-24   8.8940590806e-14   1.3804028971e+05   2.0000000000e-02 
  1.6205728694e+21   2.0089854005e+18   6.6219405418e+61   5.3676732640e-24   8.9974948957e-14   1.3934064737e+05   2.0000000000e-02 
  1.6224831190e+21   1.9102496178e+18   6.3117376254e+61   5.4515871361e-24   9.0939145456e-14   1.4054017927e+05   2.0000000000e-02 
  1.6243684381e+21   1.8853190418e+18   6.2439532475e+61   5.5349574173e-24   9.1892975335e-14   1.4171425819e+05   2.0000000000e-02 
  1.6262419473e+21   1.8735092054e+18   6.2192152641e+61   5.6194364274e-24   9.2855508296e-14   1.4288631624e+05   2.0000000000e-02 
  1.6281050849e+21   1.8631375976e+18   6.1990134040e+61   5.7052711588e-24   9.3829564844e-14   1.4405662793e+05   2.0000000000e-02 
  1.6299582901e+21   1.8532052573e+18   6.1800572574e+61   5.7921426381e-24   9.4811167058e-14   1.4521968658e+05   2.0000000000e-02 
  1.6318015224e+21   1.8432322517e+18   6.1607549532e+61   5.8795179040e-24   9.5794350860e-14   1.4636733158e+05   2.0000000000e-02 
  1.6336345454e+21   1.8330229961e+18   6.1404500435e+61   5.9671447333e-24   9.6776268614e-14   1.4749503217e+05   2.0000000000e-02 
  1.6354485606e+21   1.8140152029e+18   6.0903571648e+61   6.0547069200e-24   9.7753426285e-14   1.4859903054e+05   2.0000000000e-02 
  1.6371842966e+21   1.7357360402e+18   5.8402060153e+61   6.1405116411e-24   9.8707124884e-14   1.4965973450e+05   2.0000000000e-02 
  1.6386322390e+21   1.4479423359e+18   4.8813540545e+61   6.2179815624e-24   9.9564970823e-14   1.5060004070e+05   2.0000000000e-02 
  1.6399945613e+21   1.3623223342e+18   4.6005922494e+61   6.2868397934e-24   1.0032493970e-13   1.5142165000e+05   2.0000000000e-02 
  1.6413416976e+21   1.3471363228e+18   4.5568309598e+61   6.3537013217e-24   1.0106063421e-13   1.5220735711e+05   2.0000000000e-02 
  1.6426759883e+21   1.3342906994e+18   4.5207587345e+61   6.4203959845e-24   1.0179231773e-13   1.5297976378e+05   2.0000000000e-02 
  1.6439461563e+21   1.2701679664e+18   4.3103308244e+61   6.4857527863e-24   1.0250723714e-13   1.5372659359e+05   2.0000000000e-02 
  1.6449878964e+21   1.0417400931e+18   3.5401331517e+61   6.5442863679e-24   1.0314579517e-13   1.5438810090e+05   2.0000000000e-02 
  1.6461731361e+21   1.1852396862e+18   4.0332425559e+61   6.6012376164e-24   1.0376555088e-13   1.5502531300e+05   2.0000000000e-02 
  1.6471966967e+21   1.0235605972e+18   3.4877428075e+61   6.6582822707e-24   1.0438485337e-13   1.5565730689e+05   2.0000000000e-02 
  1.6483777557e+21   1.1810590162e+18   4.0298023488e+61   6.7159456756e-24   1.0500989850e-13   1.5628969065e+05   2.0000000000e-02 
  1.6493937117e+21   1.0159560703e+18   3.4710904305e+61   6.7740968577e-24   1.0563869942e-13   1.5692483560e+05   2.0000000000e-02 
  1.6505639639e+21   1.1702521760e+18   4.0035576610e+61   6.8333312530e-24   1.0627760663e-13   1.5756354076e+05   2.0000000000e-02 
  1.6515709124e+21   1.0069484980e+18   3.4494254308e+61   6.8937963958e-24   1.0692804972e-13   1.5821410833e+05   2.0000000000e-02 
  1.6527310890e+21   1.1601766243e+18   3.9795454426e+61   6.9565589378e-24   1.0760127874e-13   1.5889018188e+05   2.0000000000e-02 
  1.6536647389e+21   9.3364988955e+17   3.2065913963e+61   7.0200526194e-24   1.0826156891e-13   1.5956824100e+05   2.0000000000e-02 
  1.6545239497e+21   8.5921080966e+17   2.9541337846e+61   7.0756817137e-24   1.0883821687e-13   1.6015660871e+05   2.0000000000e-02 
  1.6553877807e+21   8.6383099101e+17   2.9731134904e+61   7.1298845166e-24   1.0939879119e-13   1.6072575971e+05   2.0000000000e-02 
  1.6562342359e+21   8.4645520265e+17   2.9163213907e+61   7.1841925722e-24   1.0995923167e-13   1.6129084515e+05   2.0000000000e-02 
  1.6570265759e+21   7.9233995376e+17   2.7325787357e+61   7.2365736372e-24   1.1049879066e-13   1.6183015964e+05   2.0000000000e-02 
  1.6575233893e+21   4.9681340842e+17   1.7147164914e+61   7.2777050123e-24   1.1092248565e-13   1.6225086496e+05   2.0000000000e-02 
  1.6579507771e+21   4.2738781854e+17   1.4759216773e+61   7.3071217407e-24   1.1122511665e-13   1.6254841659e+05   2.0000000000e-02 
  1.6583678015e+21   4.1702435774e+17   1.4408666354e+61   7.3338173501e-24   1.1149946764e-13   1.6281597590e+05   2.0000000000e-02 
  1.6587886033e+21   4.2080178532e+17   1.4546527989e+61   7.3600994719e-24   1.1176927220e-13   1.6307697479e+05   2.0000000000e-02 
  1.6592110353e+21   4.2243203229e+17   1.4610308504e+61   7.3863523078e-24   1.1203851166e-13   1.6333524048e+05   2.0000000000e-02 
  1.6596333954e+21   4.2236009886e+17   1.4615260110e+61   7.4123371874e-24   1.1230481513e-13   1.6358818320e+05   2.0000000000e-02 
  1.6600549570e+21   4.2156159271e+17   1.4595048450e+61   7.4377574656e-24   1.1256516703e-13   1.6383236905e+05   2.0000000000e-02 
  1.6604759270e+21   4.2097005051e+17   1.4581967380e+61   7.4624541642e-24   1.1281787418e-13   1.6406584862e+05   2.0000000000e-02 
  1.6608963934e+21   4.2046637325e+17   1.4571902876e+61   7.4865074442e-24   1.1306367446e-13   1.6428954138e+05   2.0000000000e-02 
  1.6613164700e+21   4.2007656545e+17   1.4565763039e+61   7.5101491079e-24   1.1330493009e-13   1.6450616121e+05   2.0000000000e-02 
  1.6617361910e+21   4.1972103363e+17   1.4560793945e+61   7.5334824701e-24   1.1354360211e-13   1.6471772387e+05   2.0000000000e-02 
  1.6621555742e+21   4.1938315870e+17   1.4556421025e+61   7.5562857473e-24   1.1377708020e-13   1.6492121341e+05   2.0000000000e-02 
  1.6625746648e+21   4.1909062651e+17   1.4553607200e+61   7.5780760602e-24   1.1400022178e-13   1.6511105365e+05   2.0000000000e-02 
  1.6629935369e+21   4.1887207156e+17   1.4553350782e+61   7.5985217794e-24   1.1420953910e-13   1.6528313252e+05   2.0000000000e-02 
  1.6634122609e+21   4.1872406828e+17   1.4555537844e+61   7.6178377077e-24   1.1440688165e-13   1.6543868068e+05   2.0000000000e-02 
  1.6638308732e+21   4.1861229283e+17   1.4558979269e+61   7.6365215008e-24   1.1460120532e-13   1.6558827090e+05   2.0000000000e-02 
  1.6642493723e+21   4.1849906574e+17   1.4562366144e+61   7.6552577796e-24   1.1479932036e-13   1.6573882406e+05   2.0000000000e-02 
  1.6646677463e+21   4.1837402619e+17   1.4565337572e+61   7.6743329702e-24   1.1500080699e-13   1.6589366574e+05   2.0000000000e-02 
  1.6650859765e+21   4.1823022043e+17   1.4567650452e+61   7.6938165465e-24   1.1520646146e-13   1.6605313512e+05   2.0000000000e-02 
  1.6655040400e+21   4.1806342557e+17   1.4569156270e+61   7.7136707894e-24   1.1541589850e-13   1.6621736235e+05   2.0000000000e-02 
  1.6659219247e+21   4.1788478059e+17   1.4570241891e+61   7.7339015255e-24   1.1562917945e-13   1.6638540831e+05   2.0000000000e-02 
  1.6663396136e+21   4.1768890066e+17   1.4570718593e+61   7.7543942908e-24   1.1584510107e-13   1.6655690193e+05   2.0000000000e-02 
  1.6667570970e+21   4.1748333216e+17   1.4570848617e+61   7.7751557251e-24   1.1606371842e-13   1.6673043598e+05   2.0000000000e-02 
  1.6671743718e+21   4.1727485172e+17   1.4570867977e+61   7.7960592049e-24   1.1628368839e-13   1.6690597223e+05   2.0000000000e-02 
  1.6675914281e+21   4.1705629226e+17   1.4570526015e+61   7.8171622008e-24   1.1650559619e-13   1.6708234657e+05   2.0000000000e-02 
  1.6680082642e+21   4.1683609817e+17   1.4570117266e+61   7.8383547890e-24   1.1672827744e-13   1.6726018993e+05   2.0000000000e-02 
  1.6684248716e+21   4.1660738774e+17   1.4569400891e+61   7.8597409707e-24   1.1695281433e-13   1.6743861124e+05   2.0000000000e-02 
  1.6688412475e+21   4.1637587922e+17   1.4568576422e+61   7.8812155647e-24   1.1717810074e-13   1.6761858809e+05   2.0000000000e-02 
  1.6692573838e+21   4.1613635222e+17   1.4567460871e+61   7.9028933472e-24   1.1740533997e-13   1.6779921017e+05   2.0000000000e-02 
  1.6696732803e+21   4.1589642992e+17   1.4566320740e+61   7.9246624869e-24   1.1763335844e-13   1.6798139684e+05   2.0000000000e-02 
  1.6700889250e+21   4.1564471980e+17   1.4564756692e+61   7.9466244701e-24   1.1786322112e-13   1.6816415474e+05   2.0000000000e-02 
  1.6705043185e+21   4.1539351128e+17   1.4563198866e+61   7.9686710234e-24   1.1809378899e-13   1.6834822734e+05   2.0000000000e-02 
  1.6709194543e+21   4.1513580965e+17   1.4561401889e+61   7.9908852808e-24   1.1832593347e-13   1.6853270903e+05   2.0000000000e-02 
  1.6713343307e+21   4.1487644191e+17   1.4559534750e+61   8.0131787520e-24   1.1855872127e-13   1.6871818744e+05   2.0000000000e-02 
  1.6717489466e+21   4.1461582715e+17   1.4557612053e+61   8.0356149807e-24   1.1879281833e-13   1.6890397553e+05   2.0000000000e-02 
  1.6721632964e+21   4.1434981553e+17   1.4555487897e+61   8.0581305623e-24   1.1902755530e-13   1.6909050638e+05   2.0000000000e-02 
  1.6725773775e+21   4.1408109679e+17   1.4553256467e+61   8.0807712466e-24   1.1926341047e-13   1.6927730952e+05   2.0000000000e-02 
  1.6729911884e+21   4.1381086983e+17   1.4550959744e+61   8.1034918931e-24   1.1949990878e-13   1.6946470575e+05   2.0000000000e-02 
  1.6734047265e+21   4.1353813225e+17   1.4548562350e+61   8.1263313599e-24   1.1973745289e-13   1.6965235058e+05   2.0000000000e-02 
  1.6738179895e+21   4.1326303362e+17   1.4546069381e+61   8.1492489250e-24   1.1997561794e-13   1.6984056128e+05   2.0000000000e-02 
  1.6742309779e+21   4.1298837220e+17   1.4543579239e+61   8.1722900002e-24   1.2021487147e-13   1.7002899454e+05   2.0000000000e-02 
  1.6746436867e+21   4.1270882551e+17   1.4540904386e+61   8.1954063452e-24   1.2045471321e-13   1.7021805639e+05   2.0000000000e-02 
  1.6750561121e+21   4.1242541737e+17   1.4538080584e+61   8.2186562093e-24   1.2069574256e-13   1.7040732397e+05   2.0000000000e-02 
  1.6754682527e+21   4.1214053156e+17   1.4535191658e+61   8.2419802575e-24   1.2093732715e-13   1.7059730356e+05   2.0000000000e-02 
  1.6758800910e+21   4.1183833577e+17   1.4531678730e+61   8.2654423730e-24   1.2118012334e-13   1.7078743518e+05   2.0000000000e-02 
  1.6762916262e+21   4.1153524081e+17   1.4528120083e+61   8.2889700410e-24   1.2142340195e-13   1.7097822442e+05   2.0000000000e-02 
  1.6767028557e+21   4.1122949856e+17   1.4524453900e+61   8.3126303966e-24   1.2166785532e-13   1.7116908489e+05   2.0000000000e-02 
  1.6771137835e+21   4.1092771143e+17   1.4520913368e+61   8.3363527433e-24   1.2191275074e-13   1.7136053302e+05   2.0000000000e-02 
  1.6775244045e+21   4.1062105238e+17   1.4517186615e+61   8.3602014492e-24   1.2215875221e-13   1.7155200152e+05   2.0000000000e-02 
  1.6779347176e+21   4.1031313265e+17   1.4513401074e+61   8.3841099262e-24   1.2240517000e-13   1.7174396600e+05   2.0000000000e-02 
  1.6783447416e+21   4.1002399702e+17   1.4510266197e+61   8.4081377895e-24   1.2265261832e-13   1.7193590842e+05   2.0000000000e-02 
  1.6787545075e+21   4.0976589864e+17   1.4508217229e+61   8.4322256398e-24   1.2290048261e-13   1.7212827296e+05   2.0000000000e-02 
  1.6791640161e+21   4.0950856729e+17   1.4506183782e+61   8.4564285866e-24   1.2314932945e-13   1.7232059411e+05   2.0000000000e-02 
  1.6795732478e+21   4.0923171586e+17   1.4503446748e+61   8.4806899552e-24   1.2339857368e-13   1.7251326699e+05   2.0000000000e-02 
  1.6799821769e+21   4.0892907660e+17   1.4499782485e+61   8.5050593487e-24   1.2364872410e-13   1.7270584744e+05   2.0000000000e-02 
  1.6803907826e+21   4.0860569315e+17   1.4495368183e+61   8.5294827433e-24   1.2389922422e-13   1.7289870419e+05   2.0000000000e-02 
  1.6807990550e+21   4.0827245320e+17   1.4490588939e+61   8.5540085953e-24   1.2415057003e-13   1.7309142473e+05   2.0000000000e-02 
  1.6812069931e+21   4.0793802362e+17   1.4485751913e+61   8.5785862291e-24   1.2440224063e-13   1.7328437764e+05   2.0000000000e-02 
  1.6816145927e+21   4.0759960910e+17   1.4480757694e+61   8.6032644910e-24   1.2465473499e-13   1.7347717618e+05   2.0000000000e-02 
  1.6820218567e+21   4.0726400177e+17   1.4475847494e+61   8.6279941288e-24   1.2490754794e-13   1.7367019170e+05   2.0000000000e-02 
  1.6824287837e+21   4.0692702165e+17   1.4470872830e+61   8.6528250472e-24   1.2516118806e-13   1.7386304870e+05   2.0000000000e-02 
  1.6828353720e+21   4.0658831331e+17   1.4465820963e+61   8.6777069116e-24   1.2541514047e-13   1.7405613375e+05   2.0000000000e-02 
  1.6832416210e+21   4.0624899434e+17   1.4460731574e+61   8.7026930976e-24   1.2566994775e-13   1.7424905960e+05   2.0000000000e-02 
  1.6836475293e+21   4.0590831498e+17   1.4455577918e+61   8.7277291635e-24   1.2592505411e-13   1.7444224692e+05   2.0000000000e-02 
  1.6840530926e+21   4.0556329975e+17   1.4450253865e+61   8.7528748424e-24   1.2618106802e-13   1.7463527069e+05   2.0000000000e-02 
  1.6844583130e+21   4.0522032961e+17   1.4444986644e+61   8.7780693069e-24   1.2643736598e-13   1.7482860449e+05   2.0000000000e-02 
  1.6848631857e+21   4.0487277023e+17   1.4439539735e+61   8.8033799659e-24   1.2669463601e-13   1.7502177139e+05   2.0000000000e-02 
  1.6852677100e+21   4.0452426214e+17   1.4434042759e+61   8.8287383629e-24   1.2695217740e-13   1.7521530250e+05   2.0000000000e-02 
  1.6856718848e+21   4.0417479491e+17   1.4428495288e+61   8.8542204668e-24   1.2721076394e-13   1.7540866382e+05   2.0000000000e-02 
  1.6860757083e+21   4.0382355322e+17   1.4422868136e+61   8.8797492400e-24   1.2746960877e-13   1.7560245003e+05   2.0000000000e-02 
  1.6864791785e+21   4.0347016980e+17   1.4417148060e+61   8.9054097134e-24   1.2772957644e-13   1.7579606553e+05   2.0000000000e-02 
  1.6868822970e+21   4.0311854707e+17   1.4411474466e+61   8.9311154844e-24   1.2798978628e-13   1.7599017137e+05   2.0000000000e-02 
  1.6872850586e+21   4.0276153339e+17   1.4405591628e+61   8.9569616473e-24   1.2825120331e-13   1.7618410495e+05   2.0000000000e-02 
  1.6876874648e+21   4.0240617163e+17   1.4399751269e+61   8.9828514958e-24   1.2851284380e-13   1.7637859852e+05   2.0000000000e-02 
  1.6880895126e+21   4.0204786196e+17   1.4393788789e+61   9.0088909006e-24   1.2877578030e-13   1.7657291900e+05   2.0000000000e-02 
  1.6884912007e+21   4.0168808345e+17   1.4387756985e+61   9.0349724057e-24   1.2903892195e-13   1.7676787130e+05   2.0000000000e-02 
  1.6888925271e+21   4.0132635775e+17   1.4381638619e+61   9.0612130703e-24   1.2930345233e-13   1.7696264628e+05   2.0000000000e-02 
  1.6892934915e+21   4.0096441864e+17   1.4375495741e+61   9.0874941432e-24   1.2956816901e-13   1.7715812934e+05   2.0000000000e-02 
  1.6896940889e+21   4.0059746209e+17   1.4369155986e+61   9.1139443938e-24   1.2983436835e-13   1.7735343553e+05   2.0000000000e-02 
  1.6900943215e+21   4.0023258381e+17   1.4362873720e+61   9.1404332975e-24   1.3010073585e-13   1.7754952289e+05   2.0000000000e-02 
  1.6904941838e+21   3.9986227616e+17   1.4356379479e+61   9.1671018816e-24   1.3036868866e-13   1.7774542653e+05   2.0000000000e-02 
  1.6908936758e+21   3.9949195658e+17   1.4349867546e+61   9.1938079741e-24   1.3063679241e-13   1.7794218744e+05   2.0000000000e-02 
  1.6912927945e+21   3.9911877515e+17   1.4343235485e+61   9.2207039426e-24   1.3090657999e-13   1.7813876384e+05   2.0000000000e-02 
  1.6916915386e+21   3.9874408216e+17   1.4336531671e+61   9.2476357321e-24   1.3117649888e-13   1.7833627214e+05   2.0000000000e-02 
  1.6920899037e+21   3.9836509407e+17   1.4329655860e+61   9.2747678771e-24   1.3144820135e-13   1.7853359045e+05   2.0000000000e-02 
  1.6924878912e+21   3.9798749563e+17   1.4322812401e+61   9.3019342972e-24   1.3172001740e-13   1.7873191562e+05   2.0000000000e-02 
  1.6928854942e+21   3.9760295972e+17   1.4315701508e+61   9.3293105915e-24   1.3199370390e-13   1.7893005488e+05   2.0000000000e-02 
  1.6932827141e+21   3.9721996573e+17   1.4308628239e+61   9.3567189289e-24   1.3226748107e-13   1.7912926783e+05   2.0000000000e-02 
  1.6936795462e+21   3.9683206233e+17   1.4301360153e+61   9.3843461424e-24   1.3254321550e-13   1.7932828660e+05   2.0000000000e-02 
  1.6940759892e+21   3.9644304679e+17   1.4294033875e+61   9.4120075490e-24   1.3281905560e-13   1.7952841997e+05   2.0000000000e-02 
  1.6944720394e+21   3.9605014602e+17   1.4286549283e+61   9.4398891770e-24   1.3309686004e-13   1.7972839538e+05   2.0000000000e-02 
  1.6948676964e+21   3.9565699100e+17   1.4279037196e+61   9.4678142273e-24   1.3337486063e-13   1.7992946531e+05   2.0000000000e-02 
  1.6952629540e+21   3.9525761744e+17   1.4271282209e+61   9.4959538790e-24   1.3365476362e-13   1.8013045536e+05   2.0000000000e-02 
  1.6956578137e+21   3.9485968414e+17   1.4263560638e+61   9.5241508299e-24   1.3393499650e-13   1.8033247987e+05   2.0000000000e-02 
  1.6960522697e+21   3.9445602306e+17   1.4255613478e+61   9.5525521596e-24   1.3421702479e-13   1.8053452911e+05   2.0000000000e-02 
  1.6964463211e+21   3.9405138374e+17   1.4247612124e+61   9.5810280459e-24   1.3449954991e-13   1.8073752617e+05   2.0000000000e-02 
  1.6968399653e+21   3.9364418551e+17   1.4239499328e+61   9.6096943802e-24   1.3478372673e-13   1.8094067341e+05   2.0000000000e-02 
  1.6972331991e+21   3.9323380771e+17   1.4231252464e+61   9.6384550866e-24   1.3506859239e-13   1.8114466250e+05   2.0000000000e-02 
  1.6976260196e+21   3.9282052108e+17   1.4222881135e+61   9.6673903701e-24   1.3535494699e-13   1.8134893653e+05   2.0000000000e-02 
  1.6980184259e+21   3.9240627522e+17   1.4214455797e+61   9.6964415436e-24   1.3564219888e-13   1.8155393323e+05   2.0000000000e-02 
  1.6984104129e+21   3.9198700391e+17   1.4205829001e+61   9.7256517973e-24   1.3593078039e-13   1.8175935055e+05   2.0000000000e-02 
  1.6988019792e+21   3.9156635998e+17   1.4197132897e+61   9.7549986719e-24   1.3622045921e-13   1.8196538327e+05   2.0000000000e-02 
  1.6991931227e+21   3.9114342277e+17   1.4188334001e+61   9.7844913071e-24   1.3651132966e-13   1.8217197155e+05   2.0000000000e-02 
  1.6995838385e+21   3.9071579312e+17   1.4179345087e+61   9.8141398770e-24   1.3680348290e-13   1.8237910052e+05   2.0000000000e-02 
  1.6999741256e+21   3.9028710541e+17   1.4170297839e+61   9.8439268005e-24   1.3709674783e-13   1.8258691208e+05   2.0000000000e-02 
  1.7003639799e+21   3.8985436567e+17   1.4161083422e+61   9.8738888815e-24   1.3739147868e-13   1.8279524355e+05   2.0000000000e-02 
  1.7007533983e+21   3.8941839320e+17   1.4151731362e+61   9.9039909422e-24   1.3768730479e-13   1.8300439130e+05   2.0000000000e-02 
  1.7011423784e+21   3.8898009208e+17   1.4142274335e+61   9.9342789632e-24   1.3798461397e-13   1.8321400638e+05   2.0000000000e-02 
  1.7015309172e+21   3.8853880899e+17   1.4132688431e+61   9.9646890431e-24   1.3828286891e-13   1.8342433776e+05   2.0000000000e-02 
  1.7019190115e+21   3.8809424999e+17   1.4122962768e+61   9.9952745492e-24   1.3858258714e-13   1.8363497287e+05   2.0000000000e-02 
  1.7023066617e+21   3.8765021320e+17   1.4113235454e+61   1.0025972464e-23   1.3888314898e-13   1.8384626550e+05   2.0000000000e-02 
  1.7026938633e+21   3.8720164145e+17   1.4103322295e+61   1.0056843436e-23   1.3918514451e-13   1.8405779572e+05   2.0000000000e-02 
  1.7030806166e+21   3.8675324041e+17   1.4093394522e+61   1.0087821691e-23   1.3948792859e-13   1.8426995491e+05   2.0000000000e-02 
  1.7034669186e+21   3.8630203729e+17   1.4083343759e+61   1.0118974063e-23   1.3979215066e-13   1.8448230529e+05   2.0000000000e-02 
  1.7038527676e+21   3.8584899475e+17   1.4073204955e+61   1.0150229829e-23   1.4009711906e-13   1.8469527468e+05   2.0000000000e-02 
  1.7042381614e+21   3.8539376054e+17   1.4062965149e+61   1.0181663674e-23   1.4040355814e-13   1.8490838590e+05   2.0000000000e-02 
  1.7046230991e+21   3.8493772341e+17   1.4052674922e+61   1.0213196254e-23   1.4071069365e-13   1.8512212297e+05   2.0000000000e-02 
  1.7050075772e+21   3.8447809761e+17   1.4042232470e+61   1.0244910657e-23   1.4101933065e-13   1.8533595955e+05   2.0000000000e-02 
  1.7053915964e+21   3.8401920725e+17   1.4031795611e+61   1.0276719015e-23   1.4132861282e-13   1.8555043425e+05   2.0000000000e-02 
  1.7057751528e+21   3.8355640125e+17   1.4021194346e+61   1.0308709946e-23   1.4163939922e-13   1.8576498208e+05   2.0000000000e-02 
  1.7061582463e+21   3.8309351863e+17   1.4010568869e+61   1.0340794384e-23   1.4195082177e-13   1.8598014779e+05   2.0000000000e-02 
  1.7065408750e+21   3.8262865411e+17   1.3999849466e+61   1.0373058734e-23   1.4226371850e-13   1.8619537292e+05   2.0000000000e-02 
  1.7069230371e+21   3.8216215844e+17   1.3989048864e+61   1.0405421726e-23   1.4257729578e-13   1.8641115730e+05   2.0000000000e-02 
  1.7073047312e+21   3.8169412719e+17   1.3978170476e+61   1.0437955250e-23   1.4289225146e-13   1.8662702983e+05   2.0000000000e-02 
  1.7076859569e+21   3.8122568805e+17   1.3967255544e+61   1.0470594701e-23   1.4320795343e-13   1.8684338964e+05   2.0000000000e-02 
  1.7080667111e+21   3.8075415263e+17   1.3956205497e+61   1.0503391715e-23   1.4352490404e-13   1.8705988663e+05   2.0000000000e-02 
  1.7084469940e+21   3.8028288731e+17   1.3945143624e+61   1.0536305580e-23   1.4384270258e-13   1.8727676865e+05   2.0000000000e-02 
  1.7088268033e+21   3.7980930772e+17   1.3933975130e+61   1.0569365063e-23   1.4416162897e-13   1.8749383133e+05   2.0000000000e-02 
  1.7092061380e+21   3.7933472902e+17   1.3922748161e+61   1.0602550387e-23   1.4448148559e-13   1.8771119696e+05   2.0000000000e-02 
  1.7095849979e+21   3.7885993166e+17   1.3911491336e+61   1.0635869727e-23   1.4480235282e-13   1.8792879780e+05   2.0000000000e-02 
  1.7099633804e+21   3.7838248447e+17   1.3900115329e+61   1.0669322381e-23   1.4512421880e-13   1.8814664275e+05   2.0000000000e-02 
  1.7103412848e+21   3.7790433855e+17   1.3888691709e+61   1.0702904759e-23   1.4544704862e-13   1.8836475190e+05   2.0000000000e-02 
  1.7107187100e+21   3.7742523656e+17   1.3877210985e+61   1.0736628207e-23   1.4577094672e-13   1.8858308338e+05   2.0000000000e-02 
  1.7110956539e+21   3.7694394429e+17   1.3865627706e+61   1.0770482544e-23   1.4609581314e-13   1.8880173770e+05   2.0000000000e-02 
  1.7114721163e+21   3.7646232207e+17   1.3854010225e+61   1.0804486351e-23   1.4642182248e-13   1.8902067562e+05   2.0000000000e-02 
  1.7118480948e+21   3.7597856137e+17   1.3842291942e+61   1.0838633143e-23   1.4674886491e-13   1.8924002250e+05   2.0000000000e-02 
  1.7122235879e+21   3.7549306223e+17   1.3830487475e+61   1.0872931455e-23   1.4707696078e-13   1.8945962218e+05   2.0000000000e-02 
  1.7125985952e+21   3.7500727254e+17   1.3818650098e+61   1.0907354635e-23   1.4740596843e-13   1.8967944736e+05   2.0000000000e-02 
  1.7129731156e+21   3.7452040747e+17   1.3806750872e+61   1.0941909355e-23   1.4773594709e-13   1.8989940749e+05   2.0000000000e-02 
  1.7133471480e+21   3.7403242071e+17   1.3794788040e+61   1.0976586835e-23   1.4806680881e-13   1.9011956583e+05   2.0000000000e-02 
  1.7137206924e+21   3.7354440893e+17   1.3782802024e+61   1.1011401288e-23   1.4839868618e-13   1.9033991059e+05   2.0000000000e-02 
  1.7140937459e+21   3.7305354918e+17   1.3770688615e+61   1.1046359478e-23   1.4873163715e-13   1.9056056125e+05   2.0000000000e-02 
  1.7144663077e+21   3.7256171828e+17   1.3758516975e+61   1.1081481446e-23   1.4906584667e-13   1.9078166350e+05   2.0000000000e-02 
  1.7148383743e+21   3.7206659180e+17   1.3746201168e+61   1.1116792994e-23   1.4940155212e-13   1.9100347361e+05   2.0000000000e-02 
  1.7152099412e+21   3.7156690232e+17   1.3733694146e+61   1.1152338756e-23   1.4973916803e-13   1.9122632826e+05   2.0000000000e-02 
  1.7155810020e+21   3.7106083601e+17   1.3720928555e+61   1.1188185553e-23   1.5007931214e-13   1.9145072539e+05   2.0000000000e-02 
  1.7159515463e+21   3.7054430543e+17   1.3707752766e+61   1.1224420488e-23   1.5042278863e-13   1.9167745265e+05   2.0000000000e-02 
  1.7163215602e+21   3.7001387959e+17   1.3694039127e+61   1.1261175218e-23   1.5077081905e-13   1.9190757530e+05   2.0000000000e-02 
  1.7166910262e+21   3.6946604498e+17   1.3679656660e+61   1.1298647767e-23   1.5112520866e-13   1.9214258123e+05   2.0000000000e-02 
  1.7170599358e+21   3.6890957568e+17   1.3664929355e+61   1.1336880613e-23   1.5148672516e-13   1.9238204005e+05   2.0000000000e-02 
  1.7174283265e+21   3.6839068684e+17   1.3651569666e+61   1.1373846363e-23   1.5183679448e-13   1.9261111896e+05   2.0000000000e-02 
  1.7177962762e+21   3.6794974538e+17   1.3641076863e+61   1.1408339623e-23   1.5216343582e-13   1.9281842700e+05   2.0000000000e-02 
  1.7181638734e+21   3.6759715666e+17   1.3633841923e+61   1.1440148921e-23   1.5246447796e-13   1.9300235518e+05   2.0000000000e-02 
  1.7185311981e+21   3.6732471441e+17   1.3629565910e+61   1.1469535676e-23   1.5274223778e-13   1.9316568411e+05   2.0000000000e-02 
  1.7188983021e+21   3.6710403327e+17   1.3627200001e+61   1.1497299570e-23   1.5300410774e-13   1.9331463766e+05   2.0000000000e-02 
  1.7192652077e+21   3.6690552007e+17   1.3625648257e+61   1.1524406006e-23   1.5326467203e-13   1.9345993500e+05   2.0000000000e-02 
  1.7196319064e+21   3.6669879219e+17   1.3623783051e+61   1.1551759275e-23   1.5353023714e-13   1.9360539892e+05   2.0000000000e-02 
  1.7199983774e+21   3.6647090458e+17   1.3621122618e+61   1.1580153398e-23   1.5380533014e-13   1.9375102275e+05   2.0000000000e-02 
  1.7203646256e+21   3.6624820233e+17   1.3618645446e+61   1.1607877384e-23   1.5407315986e-13   1.9391330925e+05   2.0000000000e-02 
  1.7207306323e+21   3.6600670426e+17   1.3615459577e+61   1.1636024301e-23   1.5434741054e-13   1.9407858319e+05   2.0000000000e-02 
  1.7210960807e+21   3.6544840443e+17   1.3600470922e+61   1.1671142352e-23   1.5468713100e-13   1.9421972910e+05   2.0000000000e-02 
  1.7214610316e+21   3.6495089476e+17   1.3587720818e+61   1.1713068304e-23   1.5508947743e-13   1.9445415495e+05   2.0000000000e-02 
  1.7218297101e+21   3.6867851762e+17   1.3732357360e+61   1.1702835679e-23   1.5499682282e-13   1.9452546174e+05   2.0000000000e-02 
  1.7222429937e+21   4.1328357525e+17   1.5400777345e+61   1.1292511073e-23   1.5132277056e-13   1.9287442948e+05   2.0000000000e-02 
  1.7229419457e+21   6.9895203072e+17   2.6062875516e+61   8.7353450529e-24   1.2723563914e-13   1.6458071672e+05   2.0000000000e-02 
  1.7242308999e+21   1.2889542570e+18   4.8118659281e+61   3.6789605184e-24   7.2094253427e-14   7.2934729015e+04   2.0000000000e-02 
  1.7259890879e+21   1.7581880036e+18   6.5751974098e+61   2.4292137323e-24   5.4980002262e-14   1.4166947911e+04   2.0000000000e-02 
  1.7278930655e+21   1.9039775163e+18   7.1355386515e+61   2.2527659699e-24   5.2303975298e-14   1.9914635181e+03   2.0000000000e-02 
  1.7298217172e+21   1.9286517046e+18   7.2440602956e+61   2.2283204636e-24   5.1928786036e-14   2.6414966782e+02   2.0000000000e-02 
  1.7317537446e+21   1.9320274558e+18   7.2729536327e+61   2.2250773596e-24   5.1878928499e-14   3.4692161765e+01   2.0000000000e-02 
  1.7336862174e+21   1.9324727697e+18   7.2908818274e+61   2.2246514221e-24   5.1872377270e-14   4.5431808653e+00   2.0000000000e-02 
  1.7356187485e+21   1.9325311253e+18   7.3073745871e+61   2.2245956449e-24   5.1871519128e-14   5.9389313159e-01   2.0000000000e-02 
  1.7375512873e+21   1.9325387548e+18   7.3236945117e+61   2.2245883542e-24   5.1871406931e-14   7.7523410272e-02   2.0000000000e-02 
  1.7394838270e+21   1.9325397510e+18   7.3400075468e+61   2.2245874025e-24   5.1871392283e-14   1.0096231387e-02   2.0000000000e-02 
  1.7414163669e+21   1.9325398798e+18   7.3563354412e+61   2.2245872793e-24   5.1871390383e-14   1.3222803124e-03   2.0000000000e-02 
  1.7433489068e+21   1.9325398995e+18   7.3726810618e+61   2.2245872602e-24   5.1871390098e-14   1.4730538048e-04   2.0000000000e-02 
  1.7452814467e+21   1.9325399000e+18   7.3890447486e+61   2.2245872599e-24   5.1871390087e-14   1.2896131421e-05   2.0000000000e-02 
  1.7472139866e+21   1.9325399000e+18   7.4054265732e+61   2.2245872600e-24   5.1871390088e-14   5.1407763149e-06   2.0000000000e-02 
  1.7491465265e+21   1.9325399000e+18   7.4218265372e+61   2.2245872600e-24   5.1871390089e-14   5.0846570875e-06   2.0000000000e-02 
  1.7510790664e+21   1.9325399000e+18   7.4382446408e+61   2.2245872600e-24   5.1871390089e-14   5.1270594781e-06   2.0000000000e-02 
  1.7530116064e+21   1.9325400000e+18   7.4546812700e+61   2.2245872600e-24   5.1871390089e-14   5.1553782441e-06   2.0000000000e-02 
  1.7549441463e+21   1.9325399000e+18   7.4711352672e+61   2.2245872600e-24   5.1871390089e-14   5.1792463417e-06   2.0000000000e-02 
  1.7568766862e+21   1.9325399000e+18   7.4876077892e+61   2.2245872600e-24   5.1871390088e-14   5.2163490846e-06   2.0000000000e-02 
  1.7588092261e+21   1.9325399000e+18   7.5040984508e+61   2.2245872600e-24   5.1871390088e-14   5.2898470128e-06   2.0000000000e-02 
  1.7607417660e+21   1.9325399000e+18   7.5206072518e+61   2.2245872600e-24   5.1871390088e-14   5.2151288267e-06   2.0000000000e-02 
  1.7626743059e+21   1.9325399000e+18   7.5371341924e+61   2.2245872600e-24   5.1871390088e-14   4.9623190645e-06   2.0000000000e-02 
  1.7646068458e+21   1.9325399000e+18   7.5536792724e+61   2.2245872600e-24   5.1871390088e-14   4.7764512055e-06   2.0000000000e-02 
  1.7665393857e+21   1.9325399000e+18   7.5702424919e+61   2.2245872600e-24   5.1871390088e-14   4.6797053689e-06   2.0000000000e-02 
  1.7684719256e+21   1.9325399000e+18   7.5868238509e+61   2.2245872600e-24   5.1871390088e-14   4.6488553907e-06   2.0000000000e-02 
  1.7704044655e+21   1.9325399000e+18   7.6034233495e+61   2.2245872600e-24   5.1871390088e-14   4.6140227262e-06   2.0000000000e-02 
  1.7723370054e+21   1.9325399000e+18   7.6200409875e+61   2.2245872600e-24   5.1871390088e-14   4.5671610792e-06   2.0000000000e-02 
  1.7742695453e+21   1.9325399000e+18   7.6366767650e+61   2.2245872600e-24   5.1871390088e-14   4.5958760187e-06   2.0000000000e-02 
  1.7762020852e+21   1.9325399000e+18   7.6533306820e+61   2.2245872600e-24   5.1871390088e-14   4.6604617889e-06   2.0000000000e-02 
  1.7781346251e+21   1.9325399000e+18   7.6700027385e+61   2.2245872600e-24   5.1871390088e-14   4.7100716905e-06   2.0000000000e-02 
  1.7800671650e+21   1.9325399000e+18   7.6866929346e+61   2.2245872600e-24   5.1871390088e-14   4.7226373471e-06   2.0000000000e-02 
  1.7819997049e+21   1.9325399000e+18   7.7034012701e+61   2.2245872600e-24   5.1871390088e-14   4.6646038996e-06   2.0000000000e-02 
  1.7839322448e+21   1.9325399000e+18   7.7201277451e+61   2.2245872600e-24   5.1871390088e-14   4.5694857934e-06   2.0000000000e-02 
  1.7858647848e+21   1.9325400000e+18   7.7368727604e+61   2.2245872600e-24   5.1871390088e-14   4.4679686185e-06   2.0000000000e-02 
  1.7877973247e+21   1.9325399000e+18   7.7536351145e+61   2.2245872600e-24   5.1871390088e-14   4.2610584790e-06   2.0000000000e-02 
  1.7897298646e+21   1.9325399000e+18   7.7704160080e+61   2.2245872600e-24   5.1871390088e-14   3.9574382869e-06   2.0000000000e-02 
  1.7916624045e+21   1.9325399000e+18   7.7872150410e+61   2.2245872600e-24   5.1871390088e-14   3.5075708629e-06   2.0000000000e-02 
  1.7935949444e+21   1.9325399000e+18   7.8040322135e+61   2.2245872600e-24   5.1871390087e-14   3.1786194813e-06   2.0000000000e-02 
  1.7955274843e+21   1.9325399000e+18   7.8208675255e+61   2.2245872600e-24   5.1871390088e-14   3.2148197907e-06   2.0000000000e-02 
  1.7974600242e+21   1.9325399000e+18   7.8377209770e+61   2.2245872600e-24   5.1871390088e-14   3.2256197492e-06   2.0000000000e-02 
  1.7993925641e+21   1.9325399000e+18   7.8545925680e+61   2.2245872600e-24   5.1871390088e-14   2.9766376842e-06   2.0000000000e-02 
  1.8013251040e+21   1.9325399000e+18   7.8714822985e+61   2.2245872600e-24   5.1871390087e-14   2.8092360932e-06   2.0000000000e-02 
  1.8032576439e+21   1.9325399000e+18   7.8883901685e+61   2.2245872600e-24   5.1871390087e-14   2.4162831658e-06   2.0000000000e-02 
  1.8051901838e+21   1.9325399000e+18   7.9053161780e+61   2.2245872600e-24   5.1871390087e-14   1.7985698759e-06   2.0000000000e-02 
  1.8071227237e+21   1.9325399000e+18   7.9222603270e+61   2.2245872600e-24   5.1871390087e-14   1.4830560958e-06   2.0000000000e-02 
  1.8090552636e+21   1.9325399000e+18   7.9392226155e+61   2.2245872600e-24   5.1871390087e-14   1.3683045300e-06   2.0000000000e-02 
  1.8109878035e+21   1.9325399000e+18   7.9562030434e+61   2.2245872600e-24   5.1871390087e-14   1.2736942915e-06   2.0000000000e-02 
  1.8129203434e+21   1.9325399000e+18   7.9732016109e+61   2.2245872600e-24   5.1871390087e-14   1.1420477507e-06   2.0000000000e-02 
  1.8148528833e+21   1.9325399000e+18   7.9902183179e+61   2.2245872600e-24   5.1871390087e-14   1.1336100011e-06   2.0000000000e-02 
  1.8167854232e+21   1.9325399000e+18   8.0072531644e+61   2.2245872600e-24   5.1871390087e-14   1.2061779645e-06   2.0000000000e-02 
  1.8187179631e+21   1.9325399000e+18   8.0243061504e+61   2.2245872600e-24   5.1871390087e-14   1.2528159416e-06   2.0000000000e-02 
  1.8206505031e+21   1.9325400000e+18   8.0413776924e+61   2.2245872600e-24   5.1871390087e-14   1.2302396907e-06   2.0000000000e-02 
  1.8225830430e+21   1.9325399000e+18   8.0584665417e+61   2.2245872600e-24   5.1871390087e-14   1.2101819120e-06   2.0000000000e-02 
  1.8245155829e+21   1.9325399000e+18   8.0755739462e+61   2.2245872600e-24   5.1871390087e-14   1.2708904457e-06   2.0000000000e-02 
  1.8264481228e+21   1.9325399000e+18   8.0926994902e+61   2.2245872600e-24   5.1871390087e-14   1.3416268847e-06   2.0000000000e-02 
  1.8283806627e+21   1.9325399000e+18   8.1098431736e+61   2.2245872600e-24   5.1871390087e-14   1.3738095189e-06   2.0000000000e-02 
  1.8303132026e+21   1.9325399000e+18   8.1270049966e+61   2.2245872600e-24   5.1871390087e-14   1.3942597041e-06   2.0000000000e-02 
  1.8322457425e+21   1.9325399000e+18   8.1441849591e+61   2.2245872600e-24   5.1871390087e-14   1.5188715016e-06   2.0000000000e-02 
  1.8341782824e+21   1.9325399000e+18   8.1613830610e+61   2.2245872600e-24   5.1871390087e-14   1.7805898074e-06   2.0000000000e-02 
  1.8361108223e+21   1.9325399000e+18   8.1785993025e+61   2.2245872600e-24   5.1871390087e-14   1.9090630159e-06   2.0000000000e-02 
  1.8380433622e+21   1.9325399000e+18   8.1958336835e+61   2.2245872600e-24   5.1871390087e-14   1.9919918390e-06   2.0000000000e-02 
  1.8399759021e+21   1.9325399000e+18   8.2130862039e+61   2.2245872600e-24   5.1871390087e-14   2.0034507904e-06   2.0000000000e-02 
  1.8419084420e+21   1.9325399000e+18   8.2303568639e+61   2.2245872600e-24   5.1871390087e-14   1.7805017139e-06   2.0000000000e-02 
  1.8438409819e+21   1.9325399000e+18   8.2476456633e+61   2.2245872600e-24   5.1871390087e-14   1.5799855420e-06   2.0000000000e-02 
  1.8457735218e+21   1.9325399000e+18   8.2649526023e+61   2.2245872600e-24   5.1871390087e-14   1.6144298497e-06   2.0000000000e-02 
  1.8477060617e+21   1.9325399000e+18   8.2822776807e+61   2.2245872600e-24   5.1871390087e-14   1.7065674878e-06   2.0000000000e-02 
  1.8496386016e+21   1.9325399000e+18   8.2996208987e+61   2.2245872600e-24   5.1871390087e-14   1.7314503508e-06   2.0000000000e-02 
  1.8515711415e+21   1.9325399000e+18   8.3169822561e+61   2.2245872600e-24   5.1871390088e-14   1.7650162421e-06   2.0000000000e-02 
  1.8535036815e+21   1.9325400000e+18   8.3343621848e+61   2.2245872600e-24   5.1871390088e-14   1.8091279611e-06   2.0000000000e-02 
  1.8554362214e+21   1.9325399000e+18   8.3517593904e+61   2.2245872600e-24   5.1871390088e-14   1.9273693353e-06   2.0000000000e-02 
  1.8573687613e+21   1.9325399000e+18   8.3691751664e+61   2.2245872600e-24   5.1871390088e-14   2.1630495438e-06   2.0000000000e-02 
  1.8593013012e+21   1.9325399000e+18   8.3866090818e+61   2.2245872600e-24   5.1871390088e-14   2.2152870679e-06   2.0000000000e-02 
  1.8612338411e+21   1.9325399000e+18   8.4040611368e+61   2.2245872600e-24   5.1871390088e-14   2.4349511127e-06   2.0000000000e-02 
  1.8631663810e+21   1.9325399000e+18   8.4215313312e+61   2.2245872600e-24   5.1871390088e-14   2.9532336473e-06   2.0000000000e-02 
  1.8650989209e+21   1.9325399000e+18   8.4390196651e+61   2.2245872600e-24   5.1871390088e-14   3.3954152294e-06   2.0000000000e-02 
  1.8670314608e+21   1.9325399000e+18   8.4565261386e+61   2.2245872600e-24   5.1871390088e-14   3.6128671596e-06   2.0000000000e-02 
  1.8689640007e+21   1.9325399000e+18   8.4740507515e+61   2.2245872600e-24   5.1871390088e-14   3.6345117619e-06   2.0000000000e-02 
  1.8708965406e+21   1.9325399000e+18   8.4915935039e+61   2.2245872600e-24   5.1871390088e-14   3.6201763948e-06   2.0000000000e-02 
  1.8728290805e+21   1.9325399000e+18   8.5091543959e+61   2.2245872600e-24   5.1871390088e-14   3.5668820520e-06   2.0000000000e-02 
  1.8747616204e+21   1.9325399000e+18   8.5267334273e+61   2.2245872600e-24   5.1871390088e-14   3.4712423968e-06   2.0000000000e-02 
  1.8766941603e+21   1.9325399000e+18   8.5443305982e+61   2.2245872600e-24   5.1871390089e-14   3.4300677143e-06   2.0000000000e-02 
  1.8786267002e+21   1.9325399000e+18   8.5619459086e+61   2.2245872600e-24   5.1871390089e-14   3.3373523418e-06   2.0000000000e-02 
  1.8805592401e+21   1.9325399000e+18   8.5795793586e+61   2.2245872600e-24   5.1871390089e-14   3.0273149569e-06   2.0000000000e-02 
  1.8824917800e+21   1.9325399000e+18   8.5972309480e+61   2.2245872600e-24   5.1871390089e-14   2.7387751938e-06   2.0000000000e-02 
  1.8844243199e+21   1.9325399000e+18   8.6149006769e+61   2.2245872600e-24   5.1871390089e-14   2.6508341312e-06   2.0000000000e-02 
  1.8863568598e+21   1.9325399000e+18   8.6325885453e+61   2.2245872600e-24   5.1871390089e-14   2.6611221391e-06   2.0000000000e-02 
  1.8882893998e+21   1.9325400000e+18   8.6502950013e+61   2.2245872600e-24   5.1871390089e-14   2.6020898274e-06   2.0000000000e-02 
  1.8902219397e+21   1.9325399000e+18   8.6680187016e+61   2.2245872600e-24   5.1871390089e-14   2.5195437867e-06   2.0000000000e-02 
  1.8921544796e+21   1.9325399000e+18   8.6857609885e+61   2.2245872600e-24   5.1871390089e-14   2.4910727074e-06   2.0000000000e-02 
  1.8940870195e+21   1.9325399000e+18   8.7035214149e+61   2.2245872600e-24   5.1871390089e-14   2.4960904232e-06   2.0000000000e-02 
  1.8960195594e+21   1.9325399000e+18   8.7212999808e+61   2.2245872600e-24   5.1871390089e-14   2.4879855885e-06   2.0000000000e-02 
  1.8979520993e+21   1.9325399000e+18   8.7390966862e+61   2.2245872600e-24   5.1871390089e-14   2.4751663695e-06   2.0000000000e-02 
  1.8998846392e+21   1.9325399000e+18   8.7569115311e+61   2.2245872600e-24   5.1871390089e-14   2.4669694949e-06   2.0000000000e-02 
  1.9018171791e+21   1.9325399000e+18   8.7747445155e+61   2.2245872600e-24   5.1871390089e-14   2.4602430171e-06   2.0000000000e-02 
  1.9037497190e+21   1.9325399000e+18   8.7925956394e+61   2.2245872600e-24   5.1871390089e-14   2.4527330276e-06   2.0000000000e-02 
  1.9056822589e+21   1.9325399000e+18   8.8104649028e+61   2.2245872600e-24   5.1871390089e-14   2.4414824357e-06   2.0000000000e-02 
  1.9076147988e+21   1.9325399000e+18   8.8283523057e+61   2.2245872600e-24   5.1871390089e-14   2.4313796430e-06   2.0000000000e-02 
  1.9095473387e+21   1.9325399000e+18   8.8462578481e+61   2.2245872600e-24   5.1871390089e-14   2.4059239978e-06   2.0000000000e-02 
  1.9114798786e+21   1.9325399000e+18   8.8641815300e+61   2.2245872600e-24   5.1871390089e-14   2.3742529022e-06   2.0000000000e-02 
  1.9134124185e+21   1.9325399000e+18   8.8821233514e+61   2.2245872600e-24   5.1871390089e-14   2.3555146728e-06   2.0000000000e-02 
  1.9153449584e+21   1.9325399000e+18   8.9000833123e+61   2.2245872600e-24   5.1871390089e-14   2.3405683588e-06   2.0000000000e-02 
  1.9172774983e+21   1.9325399000e+18   8.9180614127e+61   2.2245872600e-24   5.1871390089e-14   2.3180484971e-06   2.0000000000e-02 
  1.9192100382e+21   1.9325399000e+18   8.9360576526e+61   2.2245872600e-24   5.1871390089e-14   2.2742088725e-06   2.0000000000e-02 
  1.9211425782e+21   1.9325400000e+18   8.9540724957e+61   2.2245872600e-24   5.1871390089e-14   2.1108303513e-06   2.0000000000e-02 
  1.9230751181e+21   1.9325399000e+18   8.9721045518e+61   2.2245872600e-24   5.1871390089e-14   1.6935576133e-06   2.0000000000e-02 
  1.9250076580e+21   1.9325399000e+18   8.9901552101e+61   2.2245872600e-24   5.1871390089e-14   1.2686196665e-06   2.0000000000e-02 
  1.9269401979e+21   1.9325399000e+18   9.0082240080e+61   2.2245872600e-24   5.1871390089e-14   1.1841039357e-06   2.0000000000e-02 
  1.9288727378e+21   1.9325399000e+18   9.0263109454e+61   2.2245872600e-24   5.1871390089e-14   1.1700117723e-06   2.0000000000e-02 
  1.9308052777e+21   1.9325399000e+18   9.0444160223e+61   2.2245872600e-24   5.1871390089e-14   1.1453038570e-06   2.0000000000e-02 
  1.9327378176e+21   1.9325399000e+18   9.0625392386e+61   2.2245872600e-24   5.1871390089e-14   1.0893359393e-06   2.0000000000e-02 
  1.9346703575e+21   1.9325399000e+18   9.0806805945e+61   2.2245872600e-24   5.1871390089e-14   8.6547190882e-07   2.0000000000e-02 
  1.9366028974e+21   1.9325399000e+18   9.0988400899e+61   2.2245872600e-24   5.1871390089e-14   2.8344569560e-07   2.0000000000e-02 
  1.9385354373e+21   1.9325399000e+18   9.1170177248e+61   2.2245872600e-24   5.1871390089e-14  -5.8291257729e-07   2.0000000000e-02 
  1.9404679772e+21   1.9325399000e+18   9.1352134991e+61   2.2245872600e-24   5.1871390089e-14  -1.0864730722e-06   2.0000000000e-02 
  1.9424005171e+21   1.9325399000e+18   9.1534274130e+61   2.2245872600e-24   5.1871390089e-14  -1.1198615593e-06   2.0000000000e-02 
  1.9443330570e+21   1.9325399000e+18   9.1716594664e+61   2.2245872600e-24   5.1871390089e-14  -1.1174115522e-06   2.0000000000e-02 
  1.9462655969e+21   1.9325399000e+18   9.1899096592e+61   2.2245872600e-24   5.1871390089e-14  -1.1253598743e-06   2.0000000000e-02 
  1.9481981368e+21   1.9325399000e+18   9.2081779916e+61   2.2245872600e-24   5.1871390089e-14  -1.1404975745e-06   2.0000000000e-02 
  1.9501306767e+21   1.9325399000e+18   9.2264644634e+61   2.2245872600e-24   5.1871390089e-14  -1.1596778125e-06   2.0000000000e-02 
  1.9520632166e+21   1.9325399000e+18   9.2447690748e+61   2.2245872600e-24   5.1871390089e-14  -1.1667044438e-06   2.0000000000e-02 
  1.9539957565e+21   1.9325399000e+18   9.2630918256e+61   2.2245872600e-24   5.1871390089e-14  -1.1736003384e-06   2.0000000000e-02 
  1.9559282965e+21   1.9325400000e+18   9.2814331967e+61   2.2245872600e-24   5.1871390089e-14  -1.1878275546e-06   2.0000000000e-02 
  1.9578608364e+21   1.9325399000e+18   9.2997917468e+61   2.2245872600e-24   5.1871390089e-14  -1.1464946618e-06   2.0000000000e-02 
  1.9597933763e+21   1.9325399000e+18   9.3181689161e+61   2.2245872600e-24   5.1871390089e-14  -1.0359815141e-06   2.0000000000e-02 
  1.9617259162e+21   1.9325399000e+18   9.3365642250e+61   2.2245872600e-24   5.1871390089e-14  -7.8437329735e-07   2.0000000000e-02 
  1.9636584561e+21   1.9325399000e+18   9.3549776733e+61   2.2245872600e-24   5.1871390089e-14  -1.0277334963e-08   2.0000000000e-02 
  1.9655909960e+21   1.9325399000e+18   9.3734092612e+61   2.2245872600e-24   5.1871390089e-14   5.5632575826e-07   2.0000000000e-02 
  1.9675235359e+21   1.9325399000e+18   9.3918589885e+61   2.2245872600e-24   5.1871390089e-14   7.6770442040e-07   2.0000000000e-02 
  1.9694560758e+21   1.9325399000e+18   9.4103268554e+61   2.2245872600e-24   5.1871390089e-14   8.4451285101e-07   2.0000000000e-02 
  1.9713886157e+21   1.9325399000e+18   9.4288128617e+61   2.2245872600e-24   5.1871390089e-14   8.0340588479e-07   2.0000000000e-02 
  1.9733211556e+21   1.9325399000e+18   9.4473170075e+61   2.2245872600e-24   5.1871390089e-14   6.8126545271e-07   2.0000000000e-02 
  1.9752536955e+21   1.9325399000e+18   9.4658392929e+61   2.2245872600e-24   5.1871390089e-14   4.5755374294e-07   2.0000000000e-02 
  1.9771862354e+21   1.9325399000e+18   9.4843797177e+61   2.2245872600e-24   5.1871390089e-14   1.7855670335e-07   2.0000000000e-02 
  1.9791187753e+21   1.9325399000e+18   9.5029382820e+61   2.2245872600e-24   5.1871390089e-14   0.0000000000e+00   2.0000000000e-02 
