# time = 3.431946e+15 [s] 
# r                  dr                 dV                 Density            Pressure           Velocity           Z
  2.1304517832e+18   2.1304517832e+18   4.0504543150e+55   3.4680643297e-31   2.9724153752e-14   0.0000000000e+00   9.9248591688e-02 
  2.6868434467e+18   5.5639166347e+17   4.0744021271e+55   3.4680643297e-31   2.9724153752e-14  -6.3530050026e+03   9.9248591688e-02 
  3.6222644051e+18   9.3542095845e+17   1.1783208736e+56   3.4682721577e-31   2.9724046625e-14  -1.2229465601e+04   9.9248591688e-02 
  4.6199911183e+18   9.9772671313e+17   2.1397829299e+56   3.4689438388e-31   2.9724098296e-14  -2.0237369857e+04   9.9248591688e-02 
  5.1126991453e+18   4.9270802704e+17   1.4674934084e+56   3.4698748267e-31   2.9724131634e-14  -2.5379218617e+04   9.9248591688e-02 
  5.5453851629e+18   4.3268601763e+17   1.5449682537e+56   3.4710443095e-31   2.9724143510e-14  -2.8389102366e+04   9.9248591688e-02 
  6.2807014879e+18   7.3531632494e+17   3.2349345660e+56   3.4734608590e-31   2.9724159458e-14  -3.2042439787e+04   9.9248591688e-02 
  6.9596996719e+18   6.7899818399e+17   3.7428404912e+56   3.4771624733e-31   2.9724180846e-14  -3.6359423575e+04   9.9248591688e-02 
  7.8624642696e+18   9.0276459770e+17   6.2385592439e+56   3.4823546858e-31   2.9724206606e-14  -4.1065664995e+04   9.9248591688e-02 
  8.7468817175e+18   8.8441744789e+17   7.6722457652e+56   3.4892415180e-31   2.9724238399e-14  -4.6306257849e+04   9.9248591688e-02 
  9.8469843179e+18   1.1001026004e+18   1.1962691677e+57   3.4981854178e-31   2.9724275208e-14  -5.2066398207e+04   9.9248591688e-02 
  1.0992046747e+19   1.1450624289e+18   1.5637630519e+57   3.5096483712e-31   2.9724317186e-14  -5.8560717875e+04   9.9248591688e-02 
  1.2341173570e+19   1.3491268237e+18   2.3101262487e+57   3.5240104459e-31   2.9724365056e-14  -6.5767653688e+04   9.9248591688e-02 
  1.3791946774e+19   1.4507732036e+18   3.1158594157e+57   3.5419092079e-31   2.9724422922e-14  -7.3849258246e+04   9.9248591688e-02 
  1.5449384059e+19   1.6574372847e+18   4.4570354998e+57   3.5638700243e-31   2.9724497822e-14  -8.2788848746e+04   9.9248591688e-02 
  1.7315655617e+19   1.8662715583e+18   6.3010876557e+57   3.5911310702e-31   2.9724601470e-14  -9.2856472380e+04   9.9248591688e-02 
  1.9397241360e+19   2.0815857429e+18   8.8236165474e+57   3.6243455958e-31   2.9724742914e-14  -1.0404894041e+05   9.9248591688e-02 
  2.1744396059e+19   2.3471546996e+18   1.2494694818e+58   3.6646343852e-31   2.9724933366e-14  -1.1651124346e+05   9.9248591688e-02 
  2.4291875212e+19   2.5474791524e+18   1.6978677226e+58   3.7125049887e-31   2.9725157117e-14  -1.3021913204e+05   9.9248591688e-02 
  2.7183912087e+19   2.8920368751e+18   2.4099964332e+58   3.7695633065e-31   2.9725458747e-14  -1.4552391901e+05   9.9248591688e-02 
  3.0296028494e+19   3.1121164074e+18   3.2334227321e+58   3.8367860034e-31   2.9725838324e-14  -1.6250903527e+05   9.9248591688e-02 
  3.3899029374e+19   3.6030008793e+18   4.6695304939e+58   3.9169929117e-31   2.9726312550e-14  -1.8141511729e+05   9.9248591688e-02 
  3.7730494493e+19   3.8314651193e+18   6.1817705159e+58   4.0113276293e-31   2.9726905649e-14  -2.0229735285e+05   9.9248591688e-02 
  4.2065278335e+19   4.3347838418e+18   8.6796874318e+58   4.1214992703e-31   2.9727642737e-14  -2.2508189061e+05   9.9248591688e-02 
  4.6678292700e+19   4.6130143654e+18   1.1423507446e+59   4.2494711358e-31   2.9728567996e-14  -2.4977558112e+05   9.9248591688e-02 
  5.1939137409e+19   5.2608447095e+18   1.6088831111e+59   4.3992974852e-31   2.9729724908e-14  -2.7677577439e+05   9.9248591688e-02 
  5.7134541577e+19   5.1954041674e+18   1.9432892805e+59   4.5670856808e-31   2.9731122563e-14  -3.0554801938e+05   9.9248591688e-02 
  6.4936599978e+19   7.8020584010e+18   3.6574301768e+59   4.7887275056e-31   2.9733107984e-14  -3.4070015175e+05   9.9248591688e-02 
  7.6475191840e+19   1.1538591862e+19   7.2650179299e+59   5.1341616718e-31   2.9736487715e-14  -3.9266038804e+05   9.9248591688e-02 
  8.0907132348e+19   4.4319405084e+18   3.4496138909e+59   5.4303664724e-31   2.9739595564e-14  -4.3629393849e+05   9.9248591688e-02 
  8.4867915803e+19   3.9607834553e+18   3.4202033566e+59   5.6022805044e-31   2.9741342810e-14  -4.5913507211e+05   9.9248591688e-02 
  8.9001649251e+19   4.1337334474e+18   3.9266419053e+59   5.7871142662e-31   2.9743087184e-14  -4.8117972576e+05   9.9248591688e-02 
  9.3406202970e+19   4.4045537196e+18   4.6049322221e+59   6.0033105008e-31   2.9745030393e-14  -5.0481047641e+05   9.9248591688e-02 
  9.7504230070e+19   4.0980271001e+18   4.6930018277e+59   6.2406991578e-31   2.9747011245e-14  -5.2843097348e+05   9.9248591688e-02 
  1.0270916917e+20   5.2049390954e+18   6.5561613046e+59   6.5289591515e-31   2.9749277903e-14  -5.5466244164e+05   9.9248591688e-02 
  1.0781632097e+20   5.1071518066e+18   7.1125150800e+59   6.8759732329e-31   2.9751830216e-14  -5.8399848856e+05   9.9248591688e-02 
  1.1274041899e+20   4.9240980140e+18   7.5264361196e+59   7.2432846840e-31   2.9754390414e-14  -6.1327585929e+05   9.9248591688e-02 
  1.1747146572e+20   4.7310467337e+18   7.8781405886e+59   7.6294448069e-31   2.9756907207e-14  -6.4221227671e+05   9.9248591688e-02 
  1.2326664509e+20   5.7951793677e+18   1.0553349779e+60   8.0915236078e-31   2.9759722629e-14  -6.7470121023e+05   9.9248591688e-02 
  1.2911593385e+20   5.8492887620e+18   1.1707102858e+60   8.6449892656e-31   2.9762928185e-14  -7.1151259090e+05   9.9248591688e-02 
  1.3474620954e+20   5.6302756857e+18   1.2316848873e+60   9.2372071514e-31   2.9766227538e-14  -7.4872654333e+05   9.9248591688e-02 
  1.4037339277e+20   5.6271832393e+18   1.3382725137e+60   9.8708177093e-31   2.9769622216e-14  -7.8608801959e+05   9.9248591688e-02 
  1.4700908005e+20   6.6356872769e+18   1.7220014507e+60   1.0625267404e-30   2.9773588939e-14  -8.2790464186e+05   9.9248591688e-02 
  1.5368636336e+20   6.6772833040e+18   1.8970324034e+60   1.1511633500e-30   2.9778271669e-14  -8.7452796175e+05   9.9248591688e-02 
  1.6009029657e+20   6.4039332186e+18   1.9810627595e+60   1.2456673865e-30   2.9783310956e-14  -9.2165870800e+05   9.9248591688e-02 
  1.6697244540e+20   6.8821488215e+18   2.3131307025e+60   1.3504389131e-30   2.9788916288e-14  -9.7106359861e+05   9.9248591688e-02 
  1.7479542993e+20   7.8229845388e+18   2.8711816077e+60   1.4768144986e-30   2.9795781071e-14  -1.0279530463e+06   9.9248591688e-02 
  1.8244125167e+20   7.6458217372e+18   3.0658608663e+60   1.6212471337e-30   2.9803843992e-14  -1.0906139267e+06   9.9248591688e-02 
  1.8918566480e+20   6.7444131266e+18   2.9265506096e+60   1.7683861995e-30   2.9812211866e-14  -1.1520692297e+06   9.9248591688e-02 
  1.9801207279e+20   8.8264079942e+18   4.1579064363e+60   1.9453135060e-30   2.9822068773e-14  -1.2227099625e+06   9.9248591688e-02 
  2.0870511960e+20   1.0693046808e+19   5.5582292536e+60   2.1869601646e-30   2.9835189874e-14  -1.3184981754e+06   9.9248591688e-02 
  2.1955897827e+20   1.0853858669e+19   6.2553317227e+60   2.4746267590e-30   2.9849899507e-14  -1.4348322132e+06   9.9248591688e-02 
  2.2956560575e+20   1.0006627482e+19   6.3422465102e+60   2.7758499771e-30   2.9863535812e-14  -1.5590192622e+06   9.9248591688e-02 
  2.4187990196e+20   1.2314296209e+19   8.6004510761e+60   3.1274455545e-30   2.9876253171e-14  -1.7059793852e+06   9.9248591688e-02 
  2.5268263013e+20   1.0802728173e+19   8.3022308971e+60   3.5238087946e-30   2.9887818522e-14  -1.8654824405e+06   9.9248591688e-02 
  2.6845412450e+20   1.5771494369e+19   1.3460422573e+61   4.0213141851e-30   2.9898954914e-14  -2.0475859815e+06   9.9248591688e-02 
  2.7980866416e+20   1.1354539660e+19   1.0724054976e+61   4.5621224410e-30   2.9913319472e-14  -2.2286618851e+06   9.9248591688e-02 
  2.8996366221e+20   1.0154998042e+19   1.0358059549e+61   5.0329899078e-30   2.9929517518e-14  -2.3627827086e+06   9.9248591688e-02 
  3.0063350813e+20   1.0669845920e+19   1.1693324212e+61   5.4965863946e-30   2.9952618786e-14  -2.4841353575e+06   9.9248591688e-02 
  3.1047158657e+20   9.8380784432e+18   1.1543286636e+61   5.9142762820e-30   2.9983379408e-14  -2.5976855002e+06   9.9248591688e-02 
  3.2516845501e+20   1.4696868445e+19   1.8658406831e+61   6.3563296433e-30   3.0033017193e-14  -2.7234561203e+06   9.9248591688e-02 
  3.4033340460e+20   1.5164949587e+19   2.1103989114e+61   6.8490354494e-30   3.0106737278e-14  -2.8610025092e+06   9.9248591688e-02 
  3.5033025938e+20   9.9968547806e+18   1.4982241748e+61   7.2244040865e-30   3.0171171909e-14  -2.9537191120e+06   9.9248591688e-02 
  3.5973669711e+20   9.4064377321e+18   1.4900439122e+61   7.4657669749e-30   3.0217680387e-14  -3.0025360683e+06   9.9248591688e-02 
  3.7502833496e+20   1.5291637843e+19   2.5939615399e+61   7.7099952142e-30   3.0274219682e-14  -3.0384215845e+06   9.9248591688e-02 
  3.9205124794e+20   1.7022912985e+19   3.1472836557e+61   7.9843751238e-30   3.0346758848e-14  -3.0588558795e+06   9.9248591688e-02 
  4.1008673334e+20   1.8035485398e+19   3.6462718772e+61   8.2384317422e-30   3.0406335195e-14  -3.0841841428e+06   9.9248591688e-02 
  4.2022885524e+20   1.0142121896e+19   2.1967805779e+61   8.4110175365e-30   3.0446011427e-14  -3.1090780889e+06   9.9248591688e-02 
  4.2999749263e+20   9.7686373982e+18   2.2185646576e+61   8.4995863630e-30   3.0474289187e-14  -3.1286510700e+06   9.9248591688e-02 
  4.4691057017e+20   1.6913077539e+19   4.0863398941e+61   8.5825448472e-30   3.0520632651e-14  -3.1623061687e+06   9.9248591688e-02 
  4.6589884448e+20   1.8988274305e+19   4.9711655894e+61   8.6728579305e-30   3.0605476082e-14  -3.2193588079e+06   9.9248591688e-02 
  4.8248001451e+20   1.6581170034e+19   4.6856842889e+61   8.7510081057e-30   3.0731335764e-14  -3.3091971956e+06   9.9248591688e-02 
  4.9134115505e+20   8.8611405334e+18   2.6400363444e+61   8.8021382858e-30   3.0851526359e-14  -3.4057839653e+06   9.9248591688e-02 
  5.0015724168e+20   8.8160866322e+18   2.7228342173e+61   8.8282338222e-30   3.0934033770e-14  -3.4544895653e+06   9.9248591688e-02 
  5.1782414635e+20   1.7666904674e+19   5.7521951760e+61   8.8524978408e-30   3.1044892322e-14  -3.5049588803e+06   9.9248591688e-02 
  5.3265603577e+20   1.4831889414e+19   5.1422233566e+61   8.8698279609e-30   3.1163567664e-14  -3.5458589367e+06   9.9248591688e-02 
  5.4230294638e+20   9.6469106141e+18   3.5021405522e+61   8.8699646375e-30   3.1228806876e-14  -3.5574149435e+06   9.9248591688e-02 
  5.5028526456e+20   7.9823181832e+18   2.9936405652e+61   8.8618473774e-30   3.1264088559e-14  -3.5493620947e+06   9.9248591687e-02 
  5.5713215766e+20   6.8468930926e+18   2.6379809605e+61   8.8483708976e-30   3.1285989549e-14  -3.5360049256e+06   9.9248591685e-02 
  5.7419497426e+20   1.7062816603e+19   6.8613556235e+61   8.8150877157e-30   3.1321407508e-14  -3.5032518166e+06   9.9248591674e-02 
  5.8516238079e+20   1.0967406528e+19   4.6312839858e+61   8.7723617071e-30   3.1372625655e-14  -3.4695305171e+06   9.9248591642e-02 
  5.8794221898e+20   2.7798381968e+18   1.2018317666e+61   8.7487847764e-30   3.1402148724e-14  -3.4651848296e+06   9.9248591571e-02 
  5.9023164078e+20   2.2894217979e+18   9.9837799066e+60   8.7357048033e-30   3.1415577933e-14  -3.4660324317e+06   9.9248590841e-02 
  5.9842211857e+20   8.1904777921e+18   3.6356052309e+61   8.6980356603e-30   3.1447658689e-14  -3.4670563389e+06   9.9248588512e-02 
  6.0605060707e+20   7.6284884951e+18   3.4768673004e+61   8.6384563724e-30   3.1498984766e-14  -3.4689169419e+06   9.9248578488e-02 
  6.1425160552e+20   8.2009984527e+18   3.8367008498e+61   8.5757545251e-30   3.1556990155e-14  -3.4773245335e+06   9.9248539203e-02 
  6.3127338961e+20   1.7021784090e+19   8.2963464891e+61   8.4701628670e-30   3.1656864204e-14  -3.4885515603e+06   9.9248427416e-02 
  6.4539100655e+20   1.4117616933e+19   7.2290705324e+61   8.3352094496e-30   3.1782347049e-14  -3.4956414319e+06   9.9248193408e-02 
  6.5876617896e+20   1.3375172413e+19   7.1470095944e+61   8.2080859341e-30   3.1883046219e-14  -3.4819695655e+06   9.9247892939e-02 
  6.7607748081e+20   1.7311301847e+19   9.6909143441e+61   8.0510562070e-30   3.1965378684e-14  -3.4421484585e+06   9.9247045741e-02 
  6.9198141060e+20   1.5903929797e+19   9.3515472507e+61   7.8641901561e-30   3.2026467223e-14  -3.3794293202e+06   9.9244807429e-02 
  7.0732627475e+20   1.5344864145e+19   9.4396690290e+61   7.6691649218e-30   3.2073253657e-14  -3.3159270673e+06   9.9238842602e-02 
  7.2216481968e+20   1.4838544934e+19   9.5262000022e+61   7.4605463123e-30   3.2131474838e-14  -3.2724552023e+06   9.9220536385e-02 
  7.3880112521e+20   1.6636305524e+19   1.1155928356e+62   7.2179414427e-30   3.2206995585e-14  -3.2535522291e+06   9.9145362380e-02 
  7.5266892106e+20   1.3867795858e+19   9.6916762782e+61   6.9587403396e-30   3.2288765731e-14  -3.2465550085e+06   9.8879981947e-02 
  7.6055714581e+20   7.8882247464e+18   5.6746712930e+61   6.7531094306e-30   3.2347258444e-14  -3.2409252590e+06   9.8439471757e-02 
  7.6731969232e+20   6.7625465045e+18   4.9595202502e+61   6.5883082022e-30   3.2384587538e-14  -3.2293139576e+06   9.7589997995e-02 
  7.7636629280e+20   9.0466004823e+18   6.7726429182e+61   6.3781097068e-30   3.2416357201e-14  -3.2029946908e+06   9.6982073452e-02 
  7.7997217897e+20   3.6058861729e+18   2.7439157289e+61   6.1966413681e-30   3.2435439435e-14  -3.1740632391e+06   9.6707606884e-02 
  7.8163146037e+20   1.6592814022e+18   1.2711936259e+61   6.1081284297e-30   3.2440675648e-14  -3.1590875068e+06   9.6619216145e-02 
  7.8422625942e+20   2.5947990481e+18   1.9987505472e+61   6.0442247596e-30   3.2444977636e-14  -3.1448374822e+06   9.6589333082e-02 
  7.9076521268e+20   6.5389532632e+18   5.0958544442e+61   5.9456013376e-30   3.2453417156e-14  -3.1095775076e+06   9.6584092569e-02 
  7.9599188821e+20   5.2266755288e+18   4.1342609409e+61   5.8322934766e-30   3.2462362082e-14  -3.0598619303e+06   9.6581979463e-02 
  7.9973203695e+20   3.7401487348e+18   2.9919549796e+61   5.7619273827e-30   3.2466407888e-14  -3.0199888509e+06   9.6581712348e-02 
  8.0318823774e+20   3.4562007886e+18   2.7898018311e+61   5.7172222212e-30   3.2468693729e-14  -2.9878107633e+06   9.6581673888e-02 
  8.0692974707e+20   3.7415093341e+18   3.0472837062e+61   5.6888409457e-30   3.2470555090e-14  -2.9561334668e+06   9.6581671541e-02 
  8.1033618988e+20   3.4064428134e+18   2.7990747489e+61   5.6715517142e-30   3.2472906187e-14  -2.9251727648e+06   9.6581671427e-02 
  8.2320547613e+20   1.2869286246e+19   1.0788815118e+62   5.6583341012e-30   3.2481391378e-14  -2.8581810980e+06   9.6581671421e-02 
  8.3554853076e+20   1.2343054630e+19   1.0669510852e+62   5.6480719046e-30   3.2496977088e-14  -2.7603568305e+06   9.6581671417e-02 
  8.4004189726e+20   4.4933664970e+18   3.9633141522e+61   5.6449346682e-30   3.2510453572e-14  -2.7079922170e+06   9.6581671415e-02 
  8.4308246554e+20   3.0405682867e+18   2.7060606077e+61   5.6449396766e-30   3.2518444815e-14  -2.6890732247e+06   9.6581671414e-02 
  8.4599959936e+20   2.9171338187e+18   2.6146174637e+61   5.6471109896e-30   3.2525809690e-14  -2.6746540770e+06   9.6581671408e-02 
  8.4904658421e+20   3.0469848501e+18   2.7503230368e+61   5.6510385664e-30   3.2534074359e-14  -2.6610928798e+06   9.6581671364e-02 
  8.6009042821e+20   1.1043843999e+19   1.0135144355e+62   5.6670185234e-30   3.2555109872e-14  -2.6340472722e+06   9.6581671204e-02 
  8.6730421281e+20   7.2137845983e+18   6.7623664838e+61   5.6914705355e-30   3.2583336088e-14  -2.6036237008e+06   9.6581670493e-02 
  8.7031709715e+20   3.0128843416e+18   2.8578737302e+61   5.7090819453e-30   3.2599978204e-14  -2.5917773255e+06   9.6581668648e-02 
  8.7418462886e+20   3.8675317035e+18   3.6976625402e+61   5.7244316445e-30   3.2612010105e-14  -2.5852356813e+06   9.6581649854e-02 
  8.8105287189e+20   6.8682430296e+18   6.6476710583e+61   5.7446704843e-30   3.2631644513e-14  -2.5763532682e+06   9.6581588015e-02 
  8.8800644259e+20   6.9535707020e+18   6.8366724525e+61   5.7648072111e-30   3.2657929572e-14  -2.5673508309e+06   9.6581096779e-02 
  8.9739613839e+20   9.3896958002e+18   9.4032442210e+61   5.7819775447e-30   3.2690478565e-14  -2.5601015066e+06   9.6579731354e-02 
  9.0753743074e+20   1.0141292348e+19   1.0379350786e+62   5.7971315969e-30   3.2731312553e-14  -2.5516565014e+06   9.6577243583e-02 
  9.1749490657e+20   9.9574758362e+18   1.0419444635e+62   5.8079261863e-30   3.2769863873e-14  -2.5321381018e+06   9.6576160734e-02 
  9.3321924451e+20   1.5724337939e+19   1.6920429516e+62   5.8151780761e-30   3.2806729166e-14  -2.4827488445e+06   9.6570942983e-02 
  9.4734971261e+20   1.4130468103e+19   1.5699763877e+62   5.8177848027e-30   3.2831766415e-14  -2.3943678136e+06   9.6557245750e-02 
  9.6012897000e+20   1.2779257390e+19   1.4607684286e+62   5.8140467955e-30   3.2836356816e-14  -2.2888854579e+06   9.6527784893e-02 
  9.7267099903e+20   1.2542029022e+19   1.4719653598e+62   5.8066727625e-30   3.2841278282e-14  -2.1797923414e+06   9.6451380987e-02 
  9.8890831142e+20   1.6237312397e+19   1.9628435381e+62   5.7939718434e-30   3.2866399107e-14  -2.0809670385e+06   9.6152396739e-02 
  1.0009715142e+21   1.2063202789e+19   1.5006227266e+62   5.7770175512e-30   3.2905707786e-14  -2.0113318422e+06   9.5139049800e-02 
  1.0103888659e+21   9.4173517180e+18   1.1969103409e+62   5.7567893569e-30   3.2939636479e-14  -1.9703842466e+06   9.1841984116e-02 
  1.0154124043e+21   5.0235383900e+18   6.4767057502e+61   5.7371629205e-30   3.2961178391e-14  -1.9388520796e+06   8.8019929422e-02 
  1.0223562571e+21   6.9438528225e+18   9.0586153499e+61   5.7069454567e-30   3.2977407308e-14  -1.9101551200e+06   8.1632895877e-02 
  1.0251338014e+21   2.7775443024e+18   3.6580929577e+61   5.6774889564e-30   3.2990231339e-14  -1.8855786808e+06   7.6416631541e-02 
  1.0280768512e+21   2.9430497306e+18   3.8977572544e+61   5.6490375984e-30   3.2997580395e-14  -1.8717339834e+06   7.3819181974e-02 
  1.0336547344e+21   5.5778832266e+18   7.4487705914e+61   5.5923254239e-30   3.3006933929e-14  -1.8532838969e+06   7.3515633342e-02 
  1.0376472501e+21   3.9925157131e+18   5.3812589008e+61   5.5285134858e-30   3.3018924460e-14  -1.8313379329e+06   7.3366113015e-02 
  1.0412210566e+21   3.5738064629e+18   4.8521619402e+61   5.4869014996e-30   3.3027341682e-14  -1.8143235138e+06   7.3319449355e-02 
  1.0460262505e+21   4.8051939185e+18   6.5767203800e+61   5.4497411465e-30   3.3038200449e-14  -1.7942689453e+06   7.3314131309e-02 
  1.0512685371e+21   5.2422865905e+18   7.2442009992e+61   5.4162638887e-30   3.3048932560e-14  -1.7712963119e+06   7.3313101318e-02 
  1.0562080342e+21   4.9394970736e+18   6.8922164973e+61   5.3904519362e-30   3.3059524946e-14  -1.7459225951e+06   7.3313016805e-02 
  1.0668798710e+21   1.0671836810e+19   1.5112233607e+62   5.3618981102e-30   3.3070637566e-14  -1.6998061414e+06   7.3313012755e-02 
  1.0753834529e+21   8.5035819108e+18   1.2260262204e+62   5.3341494433e-30   3.3079598401e-14  -1.6348294897e+06   7.3313011867e-02 
  1.0810132809e+21   5.6298279850e+18   8.2243827899e+61   5.3187559060e-30   3.3080658051e-14  -1.5812987212e+06   7.3313011757e-02 
  1.0943859090e+21   1.3372628136e+19   1.9881540671e+62   5.3065204381e-30   3.3079662852e-14  -1.5030899944e+06   7.3313011678e-02 
  1.1053369987e+21   1.0951089720e+19   1.6647412955e+62   5.2955766131e-30   3.3074986899e-14  -1.3979503945e+06   7.3313011388e-02 
  1.1192634280e+21   1.3926429290e+19   2.1652066725e+62   5.2886460882e-30   3.3069247857e-14  -1.2907361033e+06   7.3313009827e-02 
  1.1291042971e+21   9.8408691338e+18   1.5628625602e+62   5.2845228002e-30   3.3066788612e-14  -1.1963309512e+06   7.3313002370e-02 
  1.1385015109e+21   9.3972137998e+18   1.5180517891e+62   5.2831828976e-30   3.3069517375e-14  -1.1260491868e+06   7.3312946665e-02 
  1.1560096727e+21   1.7508161773e+19   2.8958709868e+62   5.2845377464e-30   3.3081131832e-14  -1.0436777640e+06   7.3312818070e-02 
  1.1678194073e+21   1.1809734613e+19   2.0035588991e+62   5.2890659333e-30   3.3105663351e-14  -9.7646975601e+05   7.3312574871e-02 
  1.1791932039e+21   1.1373796526e+19   1.9682922088e+62   5.2966699702e-30   3.3141491085e-14  -9.6050226025e+05   7.3311696760e-02 
  1.1888955585e+21   9.7023546673e+18   1.7093279840e+62   5.3068870247e-30   3.3182362709e-14  -9.6371547098e+05   7.3306754245e-02 
  1.1968963327e+21   8.0007742146e+18   1.4307001797e+62   5.3182771673e-30   3.3216267353e-14  -9.5478966965e+05   7.3287473747e-02 
  1.2143306229e+21   1.7434290181e+19   3.1844753481e+62   5.3376682280e-30   3.3238054882e-14  -8.9861132028e+05   7.3238134297e-02 
  1.2258833036e+21   1.1552680644e+19   2.1611837240e+62   5.3607636176e-30   3.3238630802e-14  -8.0424511467e+05   7.3135861488e-02 
  1.2312335793e+21   5.3502757645e+18   1.0147950919e+62   5.3734435820e-30   3.3199043503e-14  -6.7694905332e+05   7.2993436976e-02 
  1.2374227211e+21   6.1891417488e+18   1.1849566720e+62   5.3856144073e-30   3.3169160679e-14  -5.8665375375e+05   7.2231584279e-02 
  1.2417064497e+21   4.2837286519e+18   8.2712389814e+61   5.4002612157e-30   3.3149114249e-14  -5.2128414104e+05   7.1107080844e-02 
  1.2464562705e+21   4.7498208017e+18   9.2381536892e+61   5.4168089343e-30   3.3138820061e-14  -4.7559127921e+05   6.9590406971e-02 
  1.2499738910e+21   3.5176204422e+18   6.8871252095e+61   5.4351465371e-30   3.3134271863e-14  -4.3960787835e+05   6.8858628441e-02 
  1.2575185862e+21   7.5446951783e+18   1.4902947064e+62   5.4655357867e-30   3.3134263597e-14  -4.0185410829e+05   6.8635941973e-02 
  1.2630263331e+21   5.5077469209e+18   1.0992929008e+62   5.5058961822e-30   3.3141639917e-14  -3.7009279772e+05   6.8507227371e-02 
  1.2719039898e+21   8.8776567559e+18   1.7921817506e+62   5.5593890367e-30   3.3161444450e-14  -3.6432346345e+05   6.8466101344e-02 
  1.2767223318e+21   4.8183419391e+18   9.8324180464e+61   5.6190861099e-30   3.3191836885e-14  -3.8281154870e+05   6.8451499237e-02 
  1.2803375891e+21   3.6152572969e+18   7.4262776739e+61   5.6678877333e-30   3.3221149144e-14  -4.1181490314e+05   6.8446478015e-02 
  1.2842789727e+21   3.9413836379e+18   8.1441133396e+61   5.7269405290e-30   3.3239361386e-14  -4.2244174054e+05   6.8445220273e-02 
  1.2869365140e+21   2.6575413109e+18   5.5195923246e+61   5.7954983960e-30   3.3251243871e-14  -4.1627229074e+05   6.8445117355e-02 
  1.2930763592e+21   6.1398451715e+18   1.2839610760e+62   5.9266024346e-30   3.3254882366e-14  -3.9530190951e+05   6.8445116219e-02 
  1.2975272211e+21   4.4508618784e+18   9.3841802277e+61   6.1200203167e-30   3.3253423521e-14  -3.6373025321e+05   6.8445213648e-02 
  1.3015401389e+21   4.0129178125e+18   8.5161941427e+61   6.3310163026e-30   3.3242037217e-14  -3.1885252038e+05   6.8445982680e-02 
  1.3046411599e+21   3.1010210355e+18   6.6170442374e+61   6.5852019254e-30   3.3226287705e-14  -2.7040948683e+05   6.8448204104e-02 
  1.3190230041e+21   1.4381844207e+19   3.1101783167e+62   7.5180925103e-30   3.3196453812e-14  -1.7213802004e+05   6.8456823854e-02 
  1.3285647844e+21   9.5417803000e+18   2.1012702138e+62   9.1127404072e-30   3.3168782175e-14  -6.3905594593e+04   6.8481707287e-02 
  1.3329186590e+21   4.3538745624e+18   9.6888829751e+61   1.0601637586e-29   3.3232254465e-14  -1.4417816900e+05   6.8523362566e-02 
  1.3422821485e+21   9.3634895549e+18   2.1052426037e+62   1.3770426777e-29   3.3340159874e-14  -2.5292388630e+05   6.8838397372e-02 
  1.3456754000e+21   3.3932514424e+18   7.7021319910e+61   1.8436346887e-29   3.3418003312e-14  -2.0534558433e+05   6.9783246602e-02 
  1.3477487429e+21   2.0733429681e+18   4.7253132492e+61   2.3542494691e-29   3.3358294312e-14  -1.4239468539e+05   7.1984755622e-02 
  1.3501843753e+21   2.4356323716e+18   5.5696010379e+61   3.4097698478e-29   3.3287179720e-14  -1.1262718718e+05   7.5806393764e-02 
  1.3511709319e+21   9.8655654445e+17   2.2617015444e+61   5.0538588835e-29   3.3288824353e-14  -1.0763963169e+05   7.5387717687e-02 
  1.3539352349e+21   2.7643030013e+18   6.3548352812e+61   1.1143660098e-28   3.3313395449e-14  -7.9052507748e+04   5.7755851802e-02 
  1.3553493751e+21   1.4141402396e+18   3.2610064104e+61   2.7618860607e-28   3.3195201604e-14  -1.8253544690e+04   3.6463592494e-02 
  1.3577155520e+21   2.3661768618e+18   5.4716405599e+61   1.0978703672e-27   3.3009617145e-14  -6.2278830634e+03   2.6053472935e-02 
  1.3593123483e+21   1.5967963433e+18   3.7032893673e+61   1.0034386308e-26   3.2919957212e-14  -1.4995598535e+04   2.1696769211e-02 
  1.3595895602e+21   2.7721185320e+17   6.4379670483e+60   2.6336169104e-26   3.3409532208e-14  -2.6368577793e+04   2.0748420884e-02 
  1.3606027081e+21   1.0131479769e+18   2.3551684675e+61   5.3987870613e-26   3.3417910633e-14  -2.2280162521e+04   2.0414877782e-02 
  1.3612411641e+21   6.3845594806e+17   1.4859604073e+61   6.5366214826e-26   3.3620444890e-14  -2.0400989532e+04   2.0074364443e-02 
  1.3728263794e+21   1.1585215286e+19   2.7206649348e+62   6.9016932385e-26   3.3153778452e-14  -2.8541178233e+04   2.0050367727e-02 
  1.3813208801e+21   8.4945007614e+18   2.0242466277e+62   8.8586334794e-25   3.3272924008e-14  -2.8086126358e+04   2.0035487527e-02 
  1.3906838341e+21   9.3629539180e+18   2.2602284606e+62   9.2446401964e-25   3.3778898597e-14  -2.4406729991e+04   2.0032196879e-02 
  1.4007005393e+21   1.0016705212e+19   2.4519743089e+62   9.9421582483e-25   3.4796931785e-14  -1.8665805808e+04   2.0028743852e-02 
  1.4105902994e+21   9.8897601651e+18   2.4555511136e+62   1.0166298771e-24   3.5130701510e-14  -1.4192128209e+04   2.0028663662e-02 
  1.4251228425e+21   1.4532543069e+19   3.6713000931e+62   1.0911282644e-24   3.6190881564e-14  -9.6410419769e+03   2.0022771440e-02 
  1.4394688079e+21   1.4345965422e+19   3.6983561109e+62   1.1787997168e-24   3.7423260468e-14  -1.0089073961e+03   2.0022508649e-02 
  1.4576047253e+21   1.8135917426e+19   4.7820500000e+62   1.2947906511e-24   3.9152573094e-14   8.4970383167e+03   2.0014612461e-02 
  1.4699001056e+21   1.2295380302e+19   3.3104698229e+62   1.4145708745e-24   4.0870586576e-14   1.7433293749e+04   2.0005223602e-02 
  1.4794139509e+21   9.5138452375e+18   2.5998572500e+62   1.5083791701e-24   4.2194839901e-14   2.3824703863e+04   2.0001216182e-02 
  1.4887245503e+21   9.3105994158e+18   2.5768982092e+62   1.5958831294e-24   4.3459368006e-14   2.9487767664e+04   2.0000449838e-02 
  1.4982571207e+21   9.5325704303e+18   2.6719386683e+62   1.6939113541e-24   4.4841764964e-14   3.5377157311e+04   2.0000173973e-02 
  1.5076402010e+21   9.3830802972e+18   2.6634527646e+62   1.7996925191e-24   4.6298253030e-14   4.1463325223e+04   2.0000059588e-02 
  1.5165405013e+21   8.9003002260e+18   2.5572386440e+62   1.9136060550e-24   4.7829374812e-14   4.7253922629e+04   2.0000019194e-02 
  1.5247868132e+21   8.2463119071e+18   2.3962769995e+62   2.0303297360e-24   4.9451623045e-14   5.3089872898e+04   2.0000006015e-02 
  1.5323582717e+21   7.5714585194e+18   2.2231174501e+62   2.1597336346e-24   5.0986386684e-14   5.8763104597e+04   2.0000001769e-02 
  1.5394483855e+21   7.0901138046e+18   2.1018010497e+62   2.2765855497e-24   5.2538067509e-14   6.3599869996e+04   2.0000000504e-02 
  1.5460703394e+21   6.6219538824e+18   1.9805830772e+62   2.3934557888e-24   5.4052517183e-14   6.8163890267e+04   2.0000000135e-02 
  1.5523248057e+21   6.2544663786e+18   1.8863154932e+62   2.5014658119e-24   5.5428542097e-14   7.2118791295e+04   2.0000000035e-02 
  1.5580880197e+21   5.7632139562e+18   1.7516655168e+62   2.5986201447e-24   5.6647859558e-14   7.5450354085e+04   2.0000000008e-02 
  1.5633590227e+21   5.2710029956e+18   1.6134499241e+62   2.6878801744e-24   5.7822036888e-14   7.8347051490e+04   2.0000000002e-02 
  1.5683690328e+21   5.0100100938e+18   1.5436787647e+62   2.7751217810e-24   5.8956448694e-14   8.1083334220e+04   2.0000000000e-02 
  1.5731744735e+21   4.8054406800e+18   1.4899427764e+62   2.8630548346e-24   6.0087347859e-14   8.3717747483e+04   2.0000000000e-02 
  1.5776389834e+21   4.4645099568e+18   1.3924170819e+62   2.9502229630e-24   6.1196726130e-14   8.6224742959e+04   2.0000000000e-02 
  1.5818786751e+21   4.2396916232e+18   1.3296152155e+62   3.0357916643e-24   6.2274645025e-14   8.8587894287e+04   2.0000000000e-02 
  1.5859522977e+21   4.0736226617e+18   1.2842657823e+62   3.1205224076e-24   6.3331648788e-14   9.0852786986e+04   2.0000000000e-02 
  1.5898813148e+21   3.9290171164e+18   1.2449430838e+62   3.2047928128e-24   6.4373086010e-14   9.3039073557e+04   2.0000000000e-02 
  1.5940972013e+21   4.2158864772e+18   1.3427009364e+62   3.2943680772e-24   6.5470105413e-14   9.5262064273e+04   2.0000000000e-02 
  1.5984671333e+21   4.3699319638e+18   1.3992784144e+62   3.3911671256e-24   6.6644811575e-14   9.7584321659e+04   2.0000000000e-02 
  1.6026290690e+21   4.1619357060e+18   1.3398091414e+62   3.4848501880e-24   6.7771705683e-14   9.9738936071e+04   2.0000000000e-02 
  1.6066760683e+21   4.0469993148e+18   1.3094992571e+62   3.5722763107e-24   6.8815476654e-14   1.0167228409e+05   2.0000000000e-02 
  1.6106974765e+21   4.0214082098e+18   1.3077695829e+62   3.6579297960e-24   6.9880688950e-14   1.0350964610e+05   2.0000000000e-02 
  1.6146871350e+21   3.9896584916e+18   1.3039136619e+62   3.7473809996e-24   7.0988644410e-14   1.0537924106e+05   2.0000000000e-02 
  1.6185603689e+21   3.8732338910e+18   1.2720427459e+62   3.8386677772e-24   7.2111068152e-14   1.0731025257e+05   2.0000000000e-02 
  1.6221311199e+21   3.5707509734e+18   1.1781076843e+62   3.9315680848e-24   7.3244989296e-14   1.0918762056e+05   2.0000000000e-02 
  1.6255440057e+21   3.4128858234e+18   1.1308811104e+62   4.0226015593e-24   7.4349293534e-14   1.1104392530e+05   2.0000000000e-02 
  1.6287975413e+21   3.2535355967e+18   1.0825098118e+62   4.1153483974e-24   7.5465615331e-14   1.1286617045e+05   2.0000000000e-02 
  1.6317290670e+21   2.9315257019e+18   9.7908228632e+61   4.2050163531e-24   7.6537675299e-14   1.1462269472e+05   2.0000000000e-02 
  1.6345228984e+21   2.7938313971e+18   9.3637441850e+61   4.2923784531e-24   7.7575595757e-14   1.1628722568e+05   2.0000000000e-02 
  1.6372663784e+21   2.7434800558e+18   9.2261907901e+61   4.3802337584e-24   7.8612977564e-14   1.1794371995e+05   2.0000000000e-02 
  1.6399615391e+21   2.6951607141e+18   9.0938530022e+61   4.4703764908e-24   7.9670910455e-14   1.1960471231e+05   2.0000000000e-02 
  1.6425356464e+21   2.5741072509e+18   8.7133533146e+61   4.5611543963e-24   8.0729711733e-14   1.2125059992e+05   2.0000000000e-02 
  1.6447940432e+21   2.2583967738e+18   7.6671985507e+61   4.6476855786e-24   8.1732621720e-14   1.2278731272e+05   2.0000000000e-02 
  1.6469336354e+21   2.1395922175e+18   7.2833091056e+61   4.7293117370e-24   8.2673527481e-14   1.2421250698e+05   2.0000000000e-02 
  1.6490388438e+21   2.1052084058e+18   7.1847585964e+61   4.8111195040e-24   8.3611536070e-14   1.2561441466e+05   2.0000000000e-02 
  1.6511261865e+21   2.0873426679e+18   7.1419202674e+61   4.8944529658e-24   8.4562602636e-14   1.2701275176e+05   2.0000000000e-02 
  1.6531990743e+21   2.0728878787e+18   7.1103556260e+61   4.9749818887e-24   8.5476653977e-14   1.2832521280e+05   2.0000000000e-02 
  1.6552602330e+21   2.0611586262e+18   7.0878242440e+61   5.0508149794e-24   8.6333253245e-14   1.2951775897e+05   2.0000000000e-02 
  1.6573112026e+21   2.0509695828e+18   7.0703294862e+61   5.1231918762e-24   8.7145201596e-14   1.3061844934e+05   2.0000000000e-02 
  1.6593518904e+21   2.0406878250e+18   7.0522746429e+61   5.1944217974e-24   8.7971961032e-14   1.3168067142e+05   2.0000000000e-02 
  1.6613708325e+21   2.0189421040e+18   6.9942156595e+61   5.2667744427e-24   8.8811194425e-14   1.3275512113e+05   2.0000000000e-02 
  1.6632985887e+21   1.9277561743e+18   6.6942042946e+61   5.3392968071e-24   8.9649127617e-14   1.3382040366e+05   2.0000000000e-02 
  1.6649174925e+21   1.6189038941e+18   5.6337037277e+61   5.4062388013e-24   9.0419735399e-14   1.3479547699e+05   2.0000000000e-02 
  1.6664368912e+21   1.5193986537e+18   5.2974066130e+61   5.4669437995e-24   9.1116248093e-14   1.3567181224e+05   2.0000000000e-02 
  1.6679367281e+21   1.4998369085e+18   5.2386871219e+61   5.5266347413e-24   9.1799029274e-14   1.3652413401e+05   2.0000000000e-02 
  1.6694199053e+21   1.4831771400e+18   5.1897705946e+61   5.5867198342e-24   9.2484242855e-14   1.3737278937e+05   2.0000000000e-02 
  1.6708278922e+21   1.4079869206e+18   4.9352128893e+61   5.6459317054e-24   9.3157727981e-14   1.3819940866e+05   2.0000000000e-02 
  1.6719962304e+21   1.1683382416e+18   4.1015266467e+61   5.6994509231e-24   9.3764744990e-14   1.3893861910e+05   2.0000000000e-02 
  1.6733044444e+21   1.3082140156e+18   4.5993769963e+61   5.7515831168e-24   9.4354420916e-14   1.3965167287e+05   2.0000000000e-02 
  1.6744496735e+21   1.1452290971e+18   4.0322678137e+61   5.8038123004e-24   9.4943718891e-14   1.4035845274e+05   2.0000000000e-02 
  1.6757514570e+21   1.3017834437e+18   4.5901872261e+61   5.8563670313e-24   9.5535225257e-14   1.4106154134e+05   2.0000000000e-02 
  1.6768871148e+21   1.1356578178e+18   4.0102445626e+61   5.9090430819e-24   9.6126618348e-14   1.4175842155e+05   2.0000000000e-02 
  1.6781761929e+21   1.2890781195e+18   4.5585903808e+61   5.9617405265e-24   9.6716779418e-14   1.4244664599e+05   2.0000000000e-02 
  1.6793013527e+21   1.1251598029e+18   3.9846513826e+61   6.0144593261e-24   9.7305717668e-14   1.4312717106e+05   2.0000000000e-02 
  1.6805776341e+21   1.2762813436e+18   4.5263026097e+61   6.0671501078e-24   9.7892896218e-14   1.4379868829e+05   2.0000000000e-02 
  1.6816177646e+21   1.0401305094e+18   3.6938871284e+61   6.1181903413e-24   9.8460316946e-14   1.4444205038e+05   2.0000000000e-02 
  1.6825739995e+21   9.5623493412e+17   3.3999769806e+61   6.1623770690e-24   9.8950473287e-14   1.4499260050e+05   2.0000000000e-02 
  1.6835331161e+21   9.5911664227e+17   3.4141073696e+61   6.2049463821e-24   9.9421754984e-14   1.4551773515e+05   2.0000000000e-02 
  1.6844729989e+21   9.3988278417e+17   3.3494177798e+61   6.2473182328e-24   9.9889949175e-14   1.4603560745e+05   2.0000000000e-02 
  1.6853474527e+21   8.7445377291e+17   3.1196096980e+61   6.2879563695e-24   1.0033814842e-13   1.4652792270e+05   2.0000000000e-02 
  1.6859067871e+21   5.5933440161e+17   1.9971211878e+61   6.3201810463e-24   1.0069297717e-13   1.4691533451e+05   2.0000000000e-02 
  1.6863843943e+21   4.7760715339e+17   1.7063606686e+61   6.3435633099e-24   1.0095012272e-13   1.4719455951e+05   2.0000000000e-02 
  1.6868492403e+21   4.6484605993e+17   1.6616971450e+61   6.3648718347e-24   1.0118422994e-13   1.4744780024e+05   2.0000000000e-02 
  1.6873179118e+21   4.6867150529e+17   1.6762994850e+61   6.3860305838e-24   1.0141647361e-13   1.4769816256e+05   2.0000000000e-02 
  1.6877884906e+21   4.7057882315e+17   1.6840585724e+61   6.4073730697e-24   1.0165051516e-13   1.4794959606e+05   2.0000000000e-02 
  1.6882590750e+21   4.7058438706e+17   1.6850178402e+61   6.4288159379e-24   1.0188543662e-13   1.4820109167e+05   2.0000000000e-02 
  1.6887288153e+21   4.6974022793e+17   1.6829322630e+61   6.4502990806e-24   1.0212057736e-13   1.4845195762e+05   2.0000000000e-02 
  1.6891978652e+21   4.6904993779e+17   1.6813936221e+61   6.4718084101e-24   1.0235578312e-13   1.4870207470e+05   2.0000000000e-02 
  1.6896662844e+21   4.6841921888e+17   1.6800648389e+61   6.4933514786e-24   1.0259113755e-13   1.4895155731e+05   2.0000000000e-02 
  1.6901341672e+21   4.6788280866e+17   1.6790710861e+61   6.5149361965e-24   1.0282672728e-13   1.4920047689e+05   2.0000000000e-02 
  1.6906015298e+21   4.6736254430e+17   1.6781323828e+61   6.5365695959e-24   1.0306262735e-13   1.4944889433e+05   2.0000000000e-02 
  1.6910683567e+21   4.6682694640e+17   1.6771357342e+61   6.5582539158e-24   1.0329886058e-13   1.4969687682e+05   2.0000000000e-02 
  1.6915346358e+21   4.6627908310e+17   1.6760920522e+61   6.5799884390e-24   1.0353542068e-13   1.4994448704e+05   2.0000000000e-02 
  1.6920003683e+21   4.6573251881e+17   1.6750500407e+61   6.6017719223e-24   1.0377229808e-13   1.5019171184e+05   2.0000000000e-02 
  1.6924655619e+21   4.6519358383e+17   1.6740324983e+61   6.6236027583e-24   1.0400947692e-13   1.5043844490e+05   2.0000000000e-02 
  1.6929302221e+21   4.6466017149e+17   1.6730319000e+61   6.6454750055e-24   1.0424688949e-13   1.5068458814e+05   2.0000000000e-02 
  1.6933943484e+21   4.6412630426e+17   1.6720267514e+61   6.6673912801e-24   1.0448466197e-13   1.5093021275e+05   2.0000000000e-02 
  1.6938579456e+21   4.6359727159e+17   1.6710361219e+61   6.6893537575e-24   1.0472282358e-13   1.5117585755e+05   2.0000000000e-02 
  1.6943210118e+21   4.6306619071e+17   1.6700352220e+61   6.7114232105e-24   1.0496192056e-13   1.5142131300e+05   2.0000000000e-02 
  1.6947835410e+21   4.6252912736e+17   1.6690098371e+61   6.7335669129e-24   1.0520159208e-13   1.5166721585e+05   2.0000000000e-02 
  1.6952455361e+21   4.6199513761e+17   1.6679926272e+61   6.7558160563e-24   1.0544218782e-13   1.5191343161e+05   2.0000000000e-02 
  1.6957069886e+21   4.6145249045e+17   1.6669412298e+61   6.7781939360e-24   1.0568393877e-13   1.5216010552e+05   2.0000000000e-02 
  1.6961678976e+21   4.6090904930e+17   1.6658840077e+61   6.8006773805e-24   1.0592660256e-13   1.5240782701e+05   2.0000000000e-02 
  1.6966282594e+21   4.6036174101e+17   1.6648098404e+61   6.8233516463e-24   1.0617108237e-13   1.5265637709e+05   2.0000000000e-02 
  1.6970880648e+21   4.5980540367e+17   1.6637000171e+61   6.8461869814e-24   1.0641704528e-13   1.5290698537e+05   2.0000000000e-02 
  1.6975473012e+21   4.5923643070e+17   1.6625414091e+61   6.8693114460e-24   1.0666585230e-13   1.5315985227e+05   2.0000000000e-02 
  1.6980059487e+21   4.5864752060e+17   1.6613074651e+61   6.8927673035e-24   1.0691791789e-13   1.5341697447e+05   2.0000000000e-02 
  1.6984639757e+21   4.5802693693e+17   1.6599554855e+61   6.9167594475e-24   1.0717539749e-13   1.5368015307e+05   2.0000000000e-02 
  1.6989213343e+21   4.5735859821e+17   1.6584268967e+61   6.9415139708e-24   1.0744061472e-13   1.5395344720e+05   2.0000000000e-02 
  1.6993779663e+21   4.5663201249e+17   1.6566832536e+61   6.9674457777e-24   1.0771529826e-13   1.5424078218e+05   2.0000000000e-02 
  1.6998338220e+21   4.5585574136e+17   1.6547551930e+61   6.9943255515e-24   1.0799450793e-13   1.5453794404e+05   2.0000000000e-02 
  1.7002888962e+21   4.5507421726e+17   1.6528037521e+61   7.0214572824e-24   1.0827646198e-13   1.5483661398e+05   2.0000000000e-02 
  1.7007432070e+21   4.5431079656e+17   1.6509137925e+61   7.0482163379e-24   1.0855432597e-13   1.5512869115e+05   2.0000000000e-02 
  1.7011967799e+21   4.5357288195e+17   1.6491123822e+61   7.0746876180e-24   1.0882878109e-13   1.5541481046e+05   2.0000000000e-02 
  1.7016496361e+21   4.5285619217e+17   1.6473841453e+61   7.1009886923e-24   1.0910111296e-13   1.5569682383e+05   2.0000000000e-02 
  1.7021017868e+21   4.5215063877e+17   1.6456925222e+61   7.1271663040e-24   1.0937184202e-13   1.5597552874e+05   2.0000000000e-02 
  1.7025532460e+21   4.5145922661e+17   1.6440485486e+61   7.1532337232e-24   1.0964112295e-13   1.5625120765e+05   2.0000000000e-02 
  1.7030040266e+21   4.5078062515e+17   1.6424474888e+61   7.1792034959e-24   1.0990908740e-13   1.5652405418e+05   2.0000000000e-02 
  1.7034541396e+21   4.5011302149e+17   1.6408828349e+61   7.2051039586e-24   1.1017601428e-13   1.5679449329e+05   2.0000000000e-02 
  1.7039035919e+21   4.4945223580e+17   1.6393394257e+61   7.2309702153e-24   1.1044233978e-13   1.5706335472e+05   2.0000000000e-02 
  1.7043523902e+21   4.4879836535e+17   1.6378176724e+61   7.2568854265e-24   1.1070933739e-13   1.5733128484e+05   2.0000000000e-02 
  1.7048005310e+21   4.4814081036e+17   1.6362789189e+61   7.2829140968e-24   1.1097717358e-13   1.5759946412e+05   2.0000000000e-02 
  1.7052480142e+21   4.4748320310e+17   1.6347364134e+61   7.3090949389e-24   1.1124632616e-13   1.5786788053e+05   2.0000000000e-02 
  1.7056948505e+21   4.4683630545e+17   1.6332295051e+61   7.3351717655e-24   1.1151429745e-13   1.5813405534e+05   2.0000000000e-02 
  1.7061410490e+21   4.4619850205e+17   1.6317523704e+61   7.3609276436e-24   1.1177872911e-13   1.5839462099e+05   2.0000000000e-02 
  1.7065866356e+21   4.4558653215e+17   1.6303663461e+61   7.3863408830e-24   1.1203934916e-13   1.5864927249e+05   2.0000000000e-02 
  1.7070316320e+21   4.4499645349e+17   1.6290571968e+61   7.4114923871e-24   1.1229695766e-13   1.5889903714e+05   2.0000000000e-02 
  1.7074760571e+21   4.4442507690e+17   1.6278134084e+61   7.4365081015e-24   1.1255284970e-13   1.5914553361e+05   2.0000000000e-02 
  1.7079199177e+21   4.4386054523e+17   1.6265916626e+61   7.4614744673e-24   1.1280795734e-13   1.5938991383e+05   2.0000000000e-02 
  1.7083632244e+21   4.4330673684e+17   1.6254062380e+61   7.4863526532e-24   1.1306197070e-13   1.5963174934e+05   2.0000000000e-02 
  1.7088060221e+21   4.4279773998e+17   1.6243823020e+61   7.5109584300e-24   1.1331310378e-13   1.5986850321e+05   2.0000000000e-02 
  1.7092483874e+21   4.4236523902e+17   1.6236365203e+61   7.5349028455e-24   1.1355831071e-13   1.6009591032e+05   2.0000000000e-02 
  1.7096903963e+21   4.4200893239e+17   1.6231683679e+61   7.5576629172e-24   1.1379167172e-13   1.6030698512e+05   2.0000000000e-02 
  1.7101321275e+21   4.4173121862e+17   1.6229872393e+61   7.5787485079e-24   1.1400790808e-13   1.6049569023e+05   2.0000000000e-02 
  1.7105736616e+21   4.4153409294e+17   1.6231010680e+61   7.5980224008e-24   1.1420545996e-13   1.6065991302e+05   2.0000000000e-02 
  1.7110150629e+21   4.4140128464e+17   1.6234506076e+61   7.6158436782e-24   1.1438766297e-13   1.6080362469e+05   2.0000000000e-02 
  1.7114563674e+21   4.4130452656e+17   1.6239323006e+61   7.6328681257e-24   1.1456358506e-13   1.6093887194e+05   2.0000000000e-02 
  1.7118975801e+21   4.4121266026e+17   1.6244316736e+61   7.6498331867e-24   1.1474305058e-13   1.6107327871e+05   2.0000000000e-02 
  1.7123386855e+21   4.4110540673e+17   1.6248740437e+61   7.6670650293e-24   1.1492513460e-13   1.6121104898e+05   2.0000000000e-02 
  1.7127796692e+21   4.4098369119e+17   1.6252627048e+61   7.6846325984e-24   1.1511062517e-13   1.6135319535e+05   2.0000000000e-02 
  1.7132205098e+21   4.4084066182e+17   1.6255722747e+61   7.7026178966e-24   1.1530039000e-13   1.6149993897e+05   2.0000000000e-02 
  1.7136611848e+21   4.4067500311e+17   1.6257977368e+61   7.7209946994e-24   1.1549415542e-13   1.6165193914e+05   2.0000000000e-02 
  1.7141016718e+21   4.4048693821e+17   1.6259397432e+61   7.7398270624e-24   1.1569259200e-13   1.6180874477e+05   2.0000000000e-02 
  1.7145419491e+21   4.4027735121e+17   1.6260013896e+61   7.7590383536e-24   1.1589489366e-13   1.6197075503e+05   2.0000000000e-02 
  1.7149819926e+21   4.4004344847e+17   1.6259721873e+61   7.7786819025e-24   1.1610161613e-13   1.6213700174e+05   2.0000000000e-02 
  1.7154217877e+21   4.3979512760e+17   1.6258885521e+61   7.7986429534e-24   1.1631155007e-13   1.6230770963e+05   2.0000000000e-02 
  1.7158613143e+21   4.3952659135e+17   1.6257289262e+61   7.8189681971e-24   1.1652518081e-13   1.6248156581e+05   2.0000000000e-02 
  1.7163005601e+21   4.3924576598e+17   1.6255224967e+61   7.8395212631e-24   1.1674107038e-13   1.6265870718e+05   2.0000000000e-02 
  1.7167395140e+21   4.3895395483e+17   1.6252739978e+61   7.8603468573e-24   1.1695968281e-13   1.6283770476e+05   2.0000000000e-02 
  1.7171781682e+21   4.3865418361e+17   1.6249945581e+61   7.8813096871e-24   1.1717958984e-13   1.6301872508e+05   2.0000000000e-02 
  1.7176165155e+21   4.3834733692e+17   1.6246873970e+61   7.9024581339e-24   1.1740129386e-13   1.6320049372e+05   2.0000000000e-02 
  1.7180545553e+21   4.3803975933e+17   1.6243759948e+61   7.9236801650e-24   1.1762360997e-13   1.6338330641e+05   2.0000000000e-02 
  1.7184922805e+21   4.3772516108e+17   1.6240370043e+61   7.9450306231e-24   1.1784710876e-13   1.6356624404e+05   2.0000000000e-02 
  1.7189296916e+21   4.3741114139e+17   1.6236985887e+61   7.9664317785e-24   1.1807096654e-13   1.6374974755e+05   2.0000000000e-02 
  1.7193667855e+21   4.3709394085e+17   1.6233467870e+61   7.9879421058e-24   1.1829579297e-13   1.6393327894e+05   2.0000000000e-02 
  1.7198035594e+21   4.3677383941e+17   1.6229826160e+61   8.0095127069e-24   1.1852107035e-13   1.6411734867e+05   2.0000000000e-02 
  1.7202400110e+21   4.3645160786e+17   1.6226089205e+61   8.0311993405e-24   1.1874738076e-13   1.6430164906e+05   2.0000000000e-02 
  1.7206761379e+21   4.3612691753e+17   1.6222244620e+61   8.0529651158e-24   1.1897433696e-13   1.6448665202e+05   2.0000000000e-02 
  1.7211119347e+21   4.3579676931e+17   1.6218180584e+61   8.0748589118e-24   1.1920244874e-13   1.6467207332e+05   2.0000000000e-02 
  1.7215474008e+21   4.3546615518e+17   1.6214082607e+61   8.0968396519e-24   1.1943128847e-13   1.6485829226e+05   2.0000000000e-02 
  1.7219825308e+21   4.3512996116e+17   1.6209760103e+61   8.1189510311e-24   1.1966131007e-13   1.6504492465e+05   2.0000000000e-02 
  1.7224173224e+21   4.3479157326e+17   1.6205338888e+61   8.1411416640e-24   1.1989197928e-13   1.6523229277e+05   2.0000000000e-02 
  1.7228517733e+21   4.3445094222e+17   1.6200816966e+61   8.1634560511e-24   1.2012375606e-13   1.6541991920e+05   2.0000000000e-02 
  1.7232858806e+21   4.3410725242e+17   1.6196163735e+61   8.1858362298e-24   1.2035603717e-13   1.6560815292e+05   2.0000000000e-02 
  1.7237196411e+21   4.3376055869e+17   1.6191381018e+61   8.2083327923e-24   1.2058934435e-13   1.6579650108e+05   2.0000000000e-02 
  1.7241530553e+21   4.3341413937e+17   1.6186591061e+61   8.2308883639e-24   1.2082307988e-13   1.6598538872e+05   2.0000000000e-02 
  1.7245861177e+21   4.3306247314e+17   1.6181587532e+61   8.2535584180e-24   1.2105778023e-13   1.6617434430e+05   2.0000000000e-02 
  1.7250188292e+21   4.3271144635e+17   1.6176590155e+61   8.2762834265e-24   1.2129286379e-13   1.6636378199e+05   2.0000000000e-02 
  1.7254511869e+21   4.3235768840e+17   1.6171472882e+61   8.2991185912e-24   1.2152890130e-13   1.6655325469e+05   2.0000000000e-02 
  1.7258831888e+21   4.3200195668e+17   1.6166263864e+61   8.3220100436e-24   1.2176533391e-13   1.6674320279e+05   2.0000000000e-02 
  1.7263148334e+21   4.3164459556e+17   1.6160975856e+61   8.3450113069e-24   1.2200271399e-13   1.6693320647e+05   2.0000000000e-02 
  1.7267461198e+21   4.3128636058e+17   1.6155637052e+61   8.3680710569e-24   1.2224051011e-13   1.6712367235e+05   2.0000000000e-02 
  1.7271770439e+21   4.3092406914e+17   1.6150128086e+61   8.3912382742e-24   1.2247922708e-13   1.6731419326e+05   2.0000000000e-02 
  1.7276076070e+21   4.3056311546e+17   1.6144650977e+61   8.4144631701e-24   1.2271835019e-13   1.6750513269e+05   2.0000000000e-02 
  1.7280378055e+21   4.3019852382e+17   1.6139019119e+61   8.4377907370e-24   1.2295834223e-13   1.6769609548e+05   2.0000000000e-02 
  1.7284676390e+21   4.2983346782e+17   1.6133351396e+61   8.4611731703e-24   1.2319870972e-13   1.6788741082e+05   2.0000000000e-02 
  1.7288971068e+21   4.2946782857e+17   1.6127643313e+61   8.4846530873e-24   1.2343988996e-13   1.6807870018e+05   2.0000000000e-02 
  1.7293262070e+21   4.2910020025e+17   1.6121842004e+61   8.5081845586e-24   1.2368140969e-13   1.6827027733e+05   2.0000000000e-02 
  1.7297549384e+21   4.2873137640e+17   1.6115977163e+61   8.5318093226e-24   1.2392369626e-13   1.6846177952e+05   2.0000000000e-02 
  1.7301833019e+21   4.2836356177e+17   1.6110131647e+61   8.5554826296e-24   1.2416628946e-13   1.6865351939e+05   2.0000000000e-02 
  1.7306112940e+21   4.2799208978e+17   1.6104129906e+61   8.5792463979e-24   1.2440961779e-13   1.6884514633e+05   2.0000000000e-02 
  1.7310389159e+21   4.2762186478e+17   1.6098156347e+61   8.6030566443e-24   1.2465322985e-13   1.6903697420e+05   2.0000000000e-02 
  1.7314661663e+21   4.2725044746e+17   1.6092119174e+61   8.6269562860e-24   1.2489756347e-13   1.6922866052e+05   2.0000000000e-02 
  1.7318930438e+21   4.2687747785e+17   1.6086004738e+61   8.6509011028e-24   1.2514216577e-13   1.6942052931e+05   2.0000000000e-02 
  1.7323195482e+21   4.2650437172e+17   1.6079866320e+61   8.6749358787e-24   1.2538749261e-13   1.6961223935e+05   2.0000000000e-02 
  1.7327456792e+21   4.2613102192e+17   1.6073699877e+61   8.6990145589e-24   1.2563307298e-13   1.6980413787e+05   2.0000000000e-02 
  1.7331714344e+21   4.2575519203e+17   1.6067420978e+61   8.7231854612e-24   1.2587940015e-13   1.6999586752e+05   2.0000000000e-02 
  1.7335968155e+21   4.2538106511e+17   1.6061187426e+61   8.7473995256e-24   1.2612596990e-13   1.7018780706e+05   2.0000000000e-02 
  1.7340218194e+21   4.2500394139e+17   1.6054821775e+61   8.7717095693e-24   1.2637332264e-13   1.7037957627e+05   2.0000000000e-02 
  1.7344464466e+21   4.2462718657e+17   1.6048451047e+61   8.7960619820e-24   1.2662090848e-13   1.7057159029e+05   2.0000000000e-02 
  1.7348706970e+21   4.2425038350e+17   1.6042059499e+61   8.8205157455e-24   1.2686932930e-13   1.7076343147e+05   2.0000000000e-02 
  1.7352945695e+21   4.2387249400e+17   1.6035607851e+61   8.8450114350e-24   1.2711797718e-13   1.7095556054e+05   2.0000000000e-02 
  1.7357180631e+21   4.2349368139e+17   1.6029102215e+61   8.8696148070e-24   1.2736752158e-13   1.7114751411e+05   2.0000000000e-02 
  1.7361411786e+21   4.2311548063e+17   1.6022600671e+61   8.8942593921e-24   1.2761728401e-13   1.7133980640e+05   2.0000000000e-02 
  1.7365639125e+21   4.2273386948e+17   1.6015950846e+61   8.9190186484e-24   1.2786801101e-13   1.7153192354e+05   2.0000000000e-02 
  1.7369862660e+21   4.2235351970e+17   1.6009329624e+61   8.9438177355e-24   1.2811894077e-13   1.7172443747e+05   2.0000000000e-02 
  1.7374082364e+21   4.2197041447e+17   1.6002584738e+61   8.9687388487e-24   1.2837090460e-13   1.7191677850e+05   2.0000000000e-02 
  1.7378298236e+21   4.2158717744e+17   1.5995815565e+61   8.9936978945e-24   1.2862305224e-13   1.7210957842e+05   2.0000000000e-02 
  1.7382510259e+21   4.2120233900e+17   1.5988966301e+61   9.0187866702e-24   1.2887630793e-13   1.7230220556e+05   2.0000000000e-02 
  1.7386718429e+21   4.2081695036e+17   1.5982076774e+61   9.0439122346e-24   1.2912973364e-13   1.7249535020e+05   2.0000000000e-02 
  1.7390922717e+21   4.2042882497e+17   1.5975063848e+61   9.0691755990e-24   1.2938434751e-13   1.7268831420e+05   2.0000000000e-02 
  1.7395123137e+21   4.2004195321e+17   1.5968079064e+61   9.0944746505e-24   1.2963911651e-13   1.7288185776e+05   2.0000000000e-02 
  1.7399319643e+21   4.1965064444e+17   1.5960906035e+61   9.1199192183e-24   1.2989514621e-13   1.7307522629e+05   2.0000000000e-02 
  1.7403512251e+21   4.1926074632e+17   1.5953767015e+61   9.1453967398e-24   1.3015130360e-13   1.7326924558e+05   2.0000000000e-02 
  1.7407700927e+21   4.1886761503e+17   1.5946485281e+61   9.1710267329e-24   1.3040878668e-13   1.7346310502e+05   2.0000000000e-02 
  1.7411885666e+21   4.1847395638e+17   1.5939163692e+61   9.1966860704e-24   1.3066635933e-13   1.7365770105e+05   2.0000000000e-02 
  1.7416066444e+21   4.1807779102e+17   1.5931726774e+61   9.2225052268e-24   1.3092532830e-13   1.7385214488e+05   2.0000000000e-02 
  1.7420243259e+21   4.1768146242e+17   1.5924263722e+61   9.2483535584e-24   1.3118438412e-13   1.7404737218e+05   2.0000000000e-02 
  1.7424416070e+21   4.1728115714e+17   1.5916629039e+61   9.2743732058e-24   1.3144494694e-13   1.7424241611e+05   2.0000000000e-02 
  1.7428584895e+21   4.1688247919e+17   1.5909036356e+61   9.3004204225e-24   1.3170557667e-13   1.7443831109e+05   2.0000000000e-02 
  1.7432749677e+21   4.1647821412e+17   1.5901210289e+61   9.3266425603e-24   1.3196774490e-13   1.7463406009e+05   2.0000000000e-02 
  1.7436910428e+21   4.1607505520e+17   1.5893406173e+61   9.3528901384e-24   1.3222995500e-13   1.7483074433e+05   2.0000000000e-02 
  1.7441067112e+21   4.1566843256e+17   1.5885449412e+61   9.3793083380e-24   1.3249365848e-13   1.7502737303e+05   2.0000000000e-02 
  1.7445219724e+21   4.1526119982e+17   1.5877448901e+61   9.4057597060e-24   1.3275747987e-13   1.7522492939e+05   2.0000000000e-02 
  1.7449368238e+21   4.1485139393e+17   1.5869329494e+61   9.4323807728e-24   1.3302278314e-13   1.7542246670e+05   2.0000000000e-02 
  1.7453512645e+21   4.1444068888e+17   1.5861155096e+61   9.4590519249e-24   1.3328836865e-13   1.7562084560e+05   2.0000000000e-02 
  1.7457652908e+21   4.1402623879e+17   1.5852816662e+61   9.4858828225e-24   1.3355532958e-13   1.7581932393e+05   2.0000000000e-02 
  1.7461789030e+21   4.1361225589e+17   1.5844475329e+61   9.5127678465e-24   1.3382260671e-13   1.7601868907e+05   2.0000000000e-02 
  1.7465920987e+21   4.1319567195e+17   1.5836013523e+61   9.5397856770e-24   1.3409098812e-13   1.7621841683e+05   2.0000000000e-02 
  1.7470048771e+21   4.1277845214e+17   1.5827506437e+61   9.5668645518e-24   1.3435975706e-13   1.7641902895e+05   2.0000000000e-02 
  1.7474172371e+21   4.1235996651e+17   1.5818929866e+61   9.5940706879e-24   1.3462957870e-13   1.7662003574e+05   2.0000000000e-02 
  1.7478291755e+21   4.1193836541e+17   1.5810212724e+61   9.6213758185e-24   1.3490016548e-13   1.7682162098e+05   2.0000000000e-02 
  1.7482406903e+21   4.1151487424e+17   1.5801401862e+61   9.6488206641e-24   1.3517192220e-13   1.7702347138e+05   2.0000000000e-02 
  1.7486517787e+21   4.1108838661e+17   1.5792454642e+61   9.6763937281e-24   1.3544472436e-13   1.7722568946e+05   2.0000000000e-02 
  1.7490624378e+21   4.1065910337e+17   1.5783378584e+61   9.7040973631e-24   1.3571859667e-13   1.7742826112e+05   2.0000000000e-02 
  1.7494726650e+21   4.1022720128e+17   1.5774180295e+61   9.7319388658e-24   1.3599360537e-13   1.7763117224e+05   2.0000000000e-02 
  1.7498824570e+21   4.0979193585e+17   1.5764830954e+61   9.7599044214e-24   1.3626961559e-13   1.7783452037e+05   2.0000000000e-02 
  1.7502918105e+21   4.0935349705e+17   1.5755337646e+61   9.7880215605e-24   1.3654689199e-13   1.7803816617e+05   2.0000000000e-02 
  1.7507007244e+21   4.0891398153e+17   1.5745780909e+61   9.8162565591e-24   1.3682510136e-13   1.7824237254e+05   2.0000000000e-02 
  1.7511091941e+21   4.0846964960e+17   1.5736016578e+61   9.8446477029e-24   1.3710461954e-13   1.7844693458e+05   2.0000000000e-02 
  1.7515172169e+21   4.0802277304e+17   1.5726131900e+61   9.8731678398e-24   1.3738518259e-13   1.7865203961e+05   2.0000000000e-02 
  1.7519247868e+21   4.0756991797e+17   1.5715994267e+61   9.9018868399e-24   1.3766745620e-13   1.7885725143e+05   2.0000000000e-02 
  1.7523319012e+21   4.0711442862e+17   1.5705732308e+61   9.9307587699e-24   1.3795090662e-13   1.7906280734e+05   2.0000000000e-02 
  1.7527385576e+21   4.0665639300e+17   1.5695349249e+61   9.9598054748e-24   1.3823583435e-13   1.7926844620e+05   2.0000000000e-02 
  1.7531447519e+21   4.0619431957e+17   1.5684787315e+61   9.9889502712e-24   1.3852149167e-13   1.7947459256e+05   2.0000000000e-02 
  1.7535504833e+21   4.0573134632e+17   1.5674167490e+61   1.0018263786e-23   1.3880857609e-13   1.7968068349e+05   2.0000000000e-02 
  1.7539557506e+21   4.0526733173e+17   1.5663484253e+61   1.0047712341e-23   1.3909674900e-13   1.7988686986e+05   2.0000000000e-02 
  1.7543605422e+21   4.0479158977e+17   1.5652324249e+61   1.0077341201e-23   1.3938644248e-13   1.8009284723e+05   2.0000000000e-02 
  1.7547648631e+21   4.0432090238e+17   1.5641336025e+61   1.0107080919e-23   1.3967697209e-13   1.8029910433e+05   2.0000000000e-02 
  1.7551687144e+21   4.0385127772e+17   1.5630365427e+61   1.0136972343e-23   1.3996874101e-13   1.8050540646e+05   2.0000000000e-02 
  1.7555720838e+21   4.0336943460e+17   1.5618898168e+61   1.0166974340e-23   1.4026135031e-13   1.8071198526e+05   2.0000000000e-02 
  1.7559749710e+21   4.0288721390e+17   1.5607392204e+61   1.0197147295e-23   1.4055538340e-13   1.8091843468e+05   2.0000000000e-02 
  1.7563773799e+21   4.0240883141e+17   1.5596010954e+61   1.0227436702e-23   1.4085030015e-13   1.8112512987e+05   2.0000000000e-02 
  1.7567793025e+21   4.0192263941e+17   1.5584302974e+61   1.0257874059e-23   1.4114640731e-13   1.8133189667e+05   2.0000000000e-02 
  1.7571807445e+21   4.0144204519e+17   1.5572787944e+61   1.0288415439e-23   1.4144327876e-13   1.8153901040e+05   2.0000000000e-02 
  1.7575816971e+21   4.0095251584e+17   1.5560902132e+61   1.0319107215e-23   1.4174136372e-13   1.8174616897e+05   2.0000000000e-02 
  1.7579821602e+21   4.0046318330e+17   1.5548999576e+61   1.0349907139e-23   1.4204024715e-13   1.8195363576e+05   2.0000000000e-02 
  1.7583821458e+21   3.9998554872e+17   1.5537527176e+61   1.0380849177e-23   1.4234025933e-13   1.8216118893e+05   2.0000000000e-02 
  1.7587816462e+21   3.9950045269e+17   1.5525741019e+61   1.0411905020e-23   1.4264111977e-13   1.8236901412e+05   2.0000000000e-02 
  1.7591806624e+21   3.9901618525e+17   1.5513962992e+61   1.0443089246e-23   1.4294296928e-13   1.8257701949e+05   2.0000000000e-02 
  1.7595791840e+21   3.9852156951e+17   1.5501758312e+61   1.0474380576e-23   1.4324560109e-13   1.8278532788e+05   2.0000000000e-02 
  1.7599772080e+21   3.9802401051e+17   1.5489414511e+61   1.0505797582e-23   1.4354919627e-13   1.8299378720e+05   2.0000000000e-02 
  1.7603747421e+21   3.9753411364e+17   1.5477344397e+61   1.0537335755e-23   1.4385370449e-13   1.8320242621e+05   2.0000000000e-02 
  1.7607717956e+21   3.9705350074e+17   1.5465611718e+61   1.0568992491e-23   1.4415909965e-13   1.8341126537e+05   2.0000000000e-02 
  1.7611683829e+21   3.9658725687e+17   1.5454415345e+61   1.0600769713e-23   1.4446539697e-13   1.8362031218e+05   2.0000000000e-02 
  1.7615645119e+21   3.9612901209e+17   1.5443507913e+61   1.0632659875e-23   1.4477252042e-13   1.8382965054e+05   2.0000000000e-02 
  1.7619601850e+21   3.9567315871e+17   1.5432671230e+61   1.0664662945e-23   1.4508048108e-13   1.8403933126e+05   2.0000000000e-02 
  1.7623553918e+21   3.9520674926e+17   1.5421400144e+61   1.0696858138e-23   1.4539004646e-13   1.8424876870e+05   2.0000000000e-02 
  1.7627501193e+21   3.9472747853e+17   1.5409603919e+61   1.0729222063e-23   1.4570085129e-13   1.8445864654e+05   2.0000000000e-02 
  1.7631443596e+21   3.9424030112e+17   1.5397475226e+61   1.0761448336e-23   1.4601011504e-13   1.8467149551e+05   2.0000000000e-02 
  1.7635380982e+21   3.9373859369e+17   1.5384754678e+61   1.0794187470e-23   1.4632441363e-13   1.8488202014e+05   2.0000000000e-02 
  1.7639312976e+21   3.9319944342e+17   1.5370545396e+61   1.0827534186e-23   1.4664377912e-13   1.8508692096e+05   2.0000000000e-02 
  1.7643238787e+21   3.9258108224e+17   1.5353210952e+61   1.0861752389e-23   1.4696830135e-13   1.8531459275e+05   2.0000000000e-02 
  1.7647155538e+21   3.9167514171e+17   1.5324591475e+61   1.0902891356e-23   1.4736265240e-13   1.8563343558e+05   2.0000000000e-02 
  1.7651076307e+21   3.9207691159e+17   1.5347125539e+61   1.0930557740e-23   1.4764219214e-13   1.8579010636e+05   2.0000000000e-02 
  1.7655106120e+21   4.0298122093e+17   1.5781061222e+61   1.0881613374e-23   1.4723234455e-13   1.8497462783e+05   2.0000000000e-02 
  1.7660382965e+21   5.2768456024e+17   2.0675437752e+61   9.9150846167e-24   1.3816627406e-13   1.7833271246e+05   2.0000000000e-02 
  1.7670143230e+21   9.7602647533e+17   3.8274691013e+61   5.7620595943e-24   9.6306881574e-14   1.2242146306e+05   2.0000000000e-02 
  1.7685660496e+21   1.5517266457e+18   6.0937768544e+61   2.7961400117e-24   6.0192755487e-14   3.4943982373e+04   2.0000000000e-02 
  1.7704185819e+21   1.8525322768e+18   7.2890855786e+61   2.3086386411e-24   5.3147001698e-14   5.8526680551e+03   2.0000000000e-02 
  1.7723389684e+21   1.9203864766e+18   7.5721885373e+61   2.2364110618e-24   5.2051870938e-14   8.2923672565e+02   2.0000000000e-02 
  1.7742698148e+21   1.9308463851e+18   7.6299942303e+61   2.2262160017e-24   5.1896276071e-14   1.1432729113e+02   2.0000000000e-02 
  1.7762021221e+21   1.9323072881e+18   7.6524108024e+61   2.2248105819e-24   5.1874803368e-14   1.5681527457e+01   2.0000000000e-02 
  1.7781346301e+21   1.9325080594e+18   7.6698765483e+61   2.2246178173e-24   5.1871857245e-14   2.1463931122e+00   2.0000000000e-02 
  1.7800671657e+21   1.9325355503e+18   7.6866756583e+61   2.2245914337e-24   5.1871453911e-14   2.9326390913e-01   2.0000000000e-02 
  1.7819997050e+21   1.9325393065e+18   7.7033989077e+61   2.2245878293e-24   5.1871398796e-14   4.0012119886e-02   2.0000000000e-02 
  1.7839322448e+21   1.9325398193e+18   7.7201274231e+61   2.2245873375e-24   5.1871391274e-14   5.4553449008e-03   2.0000000000e-02 
  1.7858647848e+21   1.9325399891e+18   7.7368727168e+61   2.2245872704e-24   5.1871390250e-14   7.2802375706e-04   2.0000000000e-02 
  1.7877973247e+21   1.9325399000e+18   7.7536351145e+61   2.2245872597e-24   5.1871390087e-14   7.8554061425e-05   2.0000000000e-02 
  1.7897298646e+21   1.9325399000e+18   7.7704160080e+61   2.2245872599e-24   5.1871390088e-14   7.1741323708e-06   2.0000000000e-02 
  1.7916624045e+21   1.9325399000e+18   7.7872150410e+61   2.2245872600e-24   5.1871390088e-14   3.5938939774e-06   2.0000000000e-02 
  1.7935949444e+21   1.9325399000e+18   7.8040322135e+61   2.2245872600e-24   5.1871390088e-14   3.2111944955e-06   2.0000000000e-02 
  1.7955274843e+21   1.9325399000e+18   7.8208675255e+61   2.2245872600e-24   5.1871390089e-14   3.1457188230e-06   2.0000000000e-02 
  1.7974600242e+21   1.9325399000e+18   7.8377209770e+61   2.2245872600e-24   5.1871390089e-14   3.0789321336e-06   2.0000000000e-02 
  1.7993925641e+21   1.9325399000e+18   7.8545925680e+61   2.2245872600e-24   5.1871390089e-14   3.0112960956e-06   2.0000000000e-02 
  1.8013251040e+21   1.9325399000e+18   7.8714822985e+61   2.2245872600e-24   5.1871390089e-14   2.9845460871e-06   2.0000000000e-02 
  1.8032576439e+21   1.9325399000e+18   7.8883901685e+61   2.2245872600e-24   5.1871390089e-14   2.9766012608e-06   2.0000000000e-02 
  1.8051901838e+21   1.9325399000e+18   7.9053161780e+61   2.2245872600e-24   5.1871390089e-14   2.9456709746e-06   2.0000000000e-02 
  1.8071227237e+21   1.9325399000e+18   7.9222603270e+61   2.2245872600e-24   5.1871390089e-14   2.9018736456e-06   2.0000000000e-02 
  1.8090552636e+21   1.9325399000e+18   7.9392226155e+61   2.2245872600e-24   5.1871390089e-14   2.8770024732e-06   2.0000000000e-02 
  1.8109878035e+21   1.9325399000e+18   7.9562030434e+61   2.2245872600e-24   5.1871390089e-14   2.8613134634e-06   2.0000000000e-02 
  1.8129203434e+21   1.9325399000e+18   7.9732016109e+61   2.2245872600e-24   5.1871390089e-14   2.8330585931e-06   2.0000000000e-02 
  1.8148528833e+21   1.9325399000e+18   7.9902183179e+61   2.2245872600e-24   5.1871390089e-14   2.8054252065e-06   2.0000000000e-02 
  1.8167854232e+21   1.9325399000e+18   8.0072531644e+61   2.2245872600e-24   5.1871390089e-14   2.7907022960e-06   2.0000000000e-02 
  1.8187179631e+21   1.9325399000e+18   8.0243061504e+61   2.2245872600e-24   5.1871390089e-14   2.7732709426e-06   2.0000000000e-02 
  1.8206505031e+21   1.9325400000e+18   8.0413776924e+61   2.2245872600e-24   5.1871390089e-14   2.7632547593e-06   2.0000000000e-02 
  1.8225830430e+21   1.9325399000e+18   8.0584665417e+61   2.2245872600e-24   5.1871390089e-14   2.7542877514e-06   2.0000000000e-02 
  1.8245155829e+21   1.9325399000e+18   8.0755739462e+61   2.2245872600e-24   5.1871390089e-14   2.7664930753e-06   2.0000000000e-02 
  1.8264481228e+21   1.9325399000e+18   8.0926994902e+61   2.2245872600e-24   5.1871390089e-14   2.7668475884e-06   2.0000000000e-02 
  1.8283806627e+21   1.9325399000e+18   8.1098431736e+61   2.2245872600e-24   5.1871390089e-14   2.6268214678e-06   2.0000000000e-02 
  1.8303132026e+21   1.9325399000e+18   8.1270049966e+61   2.2245872600e-24   5.1871390089e-14   2.1507733871e-06   2.0000000000e-02 
  1.8322457425e+21   1.9325399000e+18   8.1441849591e+61   2.2245872600e-24   5.1871390088e-14   1.0706217767e-06   2.0000000000e-02 
  1.8341782824e+21   1.9325399000e+18   8.1613830610e+61   2.2245872600e-24   5.1871390088e-14  -5.1901857719e-07   2.0000000000e-02 
  1.8361108223e+21   1.9325399000e+18   8.1785993025e+61   2.2245872600e-24   5.1871390088e-14  -1.1708994090e-06   2.0000000000e-02 
  1.8380433622e+21   1.9325399000e+18   8.1958336835e+61   2.2245872600e-24   5.1871390088e-14  -1.2901650340e-06   2.0000000000e-02 
  1.8399759021e+21   1.9325399000e+18   8.2130862039e+61   2.2245872600e-24   5.1871390088e-14  -1.2784811453e-06   2.0000000000e-02 
  1.8419084420e+21   1.9325399000e+18   8.2303568639e+61   2.2245872600e-24   5.1871390088e-14  -1.1287724916e-06   2.0000000000e-02 
  1.8438409819e+21   1.9325399000e+18   8.2476456633e+61   2.2245872600e-24   5.1871390088e-14  -8.2422176158e-07   2.0000000000e-02 
  1.8457735218e+21   1.9325399000e+18   8.2649526023e+61   2.2245872600e-24   5.1871390089e-14  -4.5145708207e-07   2.0000000000e-02 
  1.8477060617e+21   1.9325399000e+18   8.2822776807e+61   2.2245872600e-24   5.1871390089e-14  -3.7676593644e-07   2.0000000000e-02 
  1.8496386016e+21   1.9325399000e+18   8.2996208987e+61   2.2245872600e-24   5.1871390089e-14  -2.8598671852e-07   2.0000000000e-02 
  1.8515711415e+21   1.9325399000e+18   8.3169822561e+61   2.2245872600e-24   5.1871390089e-14  -2.6372074279e-07   2.0000000000e-02 
  1.8535036815e+21   1.9325400000e+18   8.3343621848e+61   2.2245872600e-24   5.1871390089e-14  -3.1530487112e-07   2.0000000000e-02 
  1.8554362214e+21   1.9325399000e+18   8.3517593904e+61   2.2245872600e-24   5.1871390089e-14  -1.9799211621e-07   2.0000000000e-02 
  1.8573687613e+21   1.9325399000e+18   8.3691751664e+61   2.2245872600e-24   5.1871390089e-14  -1.9762473174e-07   2.0000000000e-02 
  1.8593013012e+21   1.9325399000e+18   8.3866090818e+61   2.2245872600e-24   5.1871390089e-14  -5.9818064853e-07   2.0000000000e-02 
  1.8612338411e+21   1.9325399000e+18   8.4040611368e+61   2.2245872600e-24   5.1871390089e-14  -1.0978579543e-06   2.0000000000e-02 
  1.8631663810e+21   1.9325399000e+18   8.4215313312e+61   2.2245872600e-24   5.1871390089e-14  -1.3952810524e-06   2.0000000000e-02 
  1.8650989209e+21   1.9325399000e+18   8.4390196651e+61   2.2245872600e-24   5.1871390089e-14  -1.7430937429e-06   2.0000000000e-02 
  1.8670314608e+21   1.9325399000e+18   8.4565261386e+61   2.2245872600e-24   5.1871390089e-14  -2.1049125508e-06   2.0000000000e-02 
  1.8689640007e+21   1.9325399000e+18   8.4740507515e+61   2.2245872600e-24   5.1871390089e-14  -2.1925088587e-06   2.0000000000e-02 
  1.8708965406e+21   1.9325399000e+18   8.4915935039e+61   2.2245872600e-24   5.1871390090e-14  -1.8130355032e-06   2.0000000000e-02 
  1.8728290805e+21   1.9325399000e+18   8.5091543959e+61   2.2245872600e-24   5.1871390090e-14  -1.3249112167e-06   2.0000000000e-02 
  1.8747616204e+21   1.9325399000e+18   8.5267334273e+61   2.2245872600e-24   5.1871390090e-14  -8.3606964793e-07   2.0000000000e-02 
  1.8766941603e+21   1.9325399000e+18   8.5443305982e+61   2.2245872600e-24   5.1871390090e-14   1.1093418012e-07   2.0000000000e-02 
  1.8786267002e+21   1.9325399000e+18   8.5619459086e+61   2.2245872600e-24   5.1871390090e-14   8.6449537274e-07   2.0000000000e-02 
  1.8805592401e+21   1.9325399000e+18   8.5795793586e+61   2.2245872600e-24   5.1871390090e-14   1.1142416080e-06   2.0000000000e-02 
  1.8824917800e+21   1.9325399000e+18   8.5972309480e+61   2.2245872600e-24   5.1871390090e-14   1.1411472478e-06   2.0000000000e-02 
  1.8844243199e+21   1.9325399000e+18   8.6149006769e+61   2.2245872600e-24   5.1871390090e-14   1.1575487136e-06   2.0000000000e-02 
  1.8863568598e+21   1.9325399000e+18   8.6325885453e+61   2.2245872600e-24   5.1871390090e-14   1.2044843068e-06   2.0000000000e-02 
  1.8882893998e+21   1.9325400000e+18   8.6502950013e+61   2.2245872600e-24   5.1871390090e-14   1.1919198036e-06   2.0000000000e-02 
  1.8902219397e+21   1.9325399000e+18   8.6680187016e+61   2.2245872600e-24   5.1871390090e-14   1.2039657537e-06   2.0000000000e-02 
  1.8921544796e+21   1.9325399000e+18   8.6857609885e+61   2.2245872600e-24   5.1871390090e-14   1.3923244451e-06   2.0000000000e-02 
  1.8940870195e+21   1.9325399000e+18   8.7035214149e+61   2.2245872600e-24   5.1871390090e-14   1.6296346890e-06   2.0000000000e-02 
  1.8960195594e+21   1.9325399000e+18   8.7212999808e+61   2.2245872600e-24   5.1871390090e-14   1.7527975254e-06   2.0000000000e-02 
  1.8979520993e+21   1.9325399000e+18   8.7390966862e+61   2.2245872600e-24   5.1871390090e-14   1.7637572196e-06   2.0000000000e-02 
  1.8998846392e+21   1.9325399000e+18   8.7569115311e+61   2.2245872600e-24   5.1871390090e-14   1.7356799761e-06   2.0000000000e-02 
  1.9018171791e+21   1.9325399000e+18   8.7747445155e+61   2.2245872600e-24   5.1871390090e-14   1.7901469924e-06   2.0000000000e-02 
  1.9037497190e+21   1.9325399000e+18   8.7925956394e+61   2.2245872600e-24   5.1871390090e-14   1.8785640148e-06   2.0000000000e-02 
  1.9056822589e+21   1.9325399000e+18   8.8104649028e+61   2.2245872600e-24   5.1871390091e-14   1.9785866609e-06   2.0000000000e-02 
  1.9076147988e+21   1.9325399000e+18   8.8283523057e+61   2.2245872600e-24   5.1871390091e-14   1.9643845560e-06   2.0000000000e-02 
  1.9095473387e+21   1.9325399000e+18   8.8462578481e+61   2.2245872600e-24   5.1871390091e-14   1.9017335393e-06   2.0000000000e-02 
  1.9114798786e+21   1.9325399000e+18   8.8641815300e+61   2.2245872600e-24   5.1871390091e-14   1.8999502288e-06   2.0000000000e-02 
  1.9134124185e+21   1.9325399000e+18   8.8821233514e+61   2.2245872600e-24   5.1871390091e-14   1.7035959226e-06   2.0000000000e-02 
  1.9153449584e+21   1.9325399000e+18   8.9000833123e+61   2.2245872600e-24   5.1871390091e-14   1.4216566102e-06   2.0000000000e-02 
  1.9172774983e+21   1.9325399000e+18   8.9180614127e+61   2.2245872600e-24   5.1871390091e-14   1.3909688239e-06   2.0000000000e-02 
  1.9192100382e+21   1.9325399000e+18   8.9360576526e+61   2.2245872600e-24   5.1871390091e-14   1.3574577815e-06   2.0000000000e-02 
  1.9211425782e+21   1.9325400000e+18   8.9540724957e+61   2.2245872600e-24   5.1871390091e-14   1.3159700605e-06   2.0000000000e-02 
  1.9230751181e+21   1.9325399000e+18   8.9721045518e+61   2.2245872600e-24   5.1871390091e-14   1.2855312853e-06   2.0000000000e-02 
  1.9250076580e+21   1.9325399000e+18   8.9901552101e+61   2.2245872600e-24   5.1871390091e-14   1.2397068076e-06   2.0000000000e-02 
  1.9269401979e+21   1.9325399000e+18   9.0082240080e+61   2.2245872600e-24   5.1871390091e-14   1.2018753925e-06   2.0000000000e-02 
  1.9288727378e+21   1.9325399000e+18   9.0263109454e+61   2.2245872600e-24   5.1871390091e-14   1.1492440416e-06   2.0000000000e-02 
  1.9308052777e+21   1.9325399000e+18   9.0444160223e+61   2.2245872600e-24   5.1871390091e-14   1.0160509410e-06   2.0000000000e-02 
  1.9327378176e+21   1.9325399000e+18   9.0625392386e+61   2.2245872600e-24   5.1871390091e-14   3.9278664304e-07   2.0000000000e-02 
  1.9346703575e+21   1.9325399000e+18   9.0806805945e+61   2.2245872600e-24   5.1871390091e-14  -5.6783430270e-07   2.0000000000e-02 
  1.9366028974e+21   1.9325399000e+18   9.0988400899e+61   2.2245872600e-24   5.1871390091e-14  -1.0299296288e-06   2.0000000000e-02 
  1.9385354373e+21   1.9325399000e+18   9.1170177248e+61   2.2245872600e-24   5.1871390091e-14  -1.1269997556e-06   2.0000000000e-02 
  1.9404679772e+21   1.9325399000e+18   9.1352134991e+61   2.2245872600e-24   5.1871390091e-14  -1.1545778673e-06   2.0000000000e-02 
  1.9424005171e+21   1.9325399000e+18   9.1534274130e+61   2.2245872600e-24   5.1871390091e-14  -1.1693823604e-06   2.0000000000e-02 
  1.9443330570e+21   1.9325399000e+18   9.1716594664e+61   2.2245872600e-24   5.1871390091e-14  -1.1879645525e-06   2.0000000000e-02 
  1.9462655969e+21   1.9325399000e+18   9.1899096592e+61   2.2245872600e-24   5.1871390091e-14  -1.1993116410e-06   2.0000000000e-02 
  1.9481981368e+21   1.9325399000e+18   9.2081779916e+61   2.2245872600e-24   5.1871390091e-14  -1.2053131867e-06   2.0000000000e-02 
  1.9501306767e+21   1.9325399000e+18   9.2264644634e+61   2.2245872600e-24   5.1871390091e-14  -1.2086061228e-06   2.0000000000e-02 
  1.9520632166e+21   1.9325399000e+18   9.2447690748e+61   2.2245872600e-24   5.1871390091e-14  -1.1900033900e-06   2.0000000000e-02 
  1.9539957565e+21   1.9325399000e+18   9.2630918256e+61   2.2245872600e-24   5.1871390091e-14  -1.1566909279e-06   2.0000000000e-02 
  1.9559282965e+21   1.9325400000e+18   9.2814331967e+61   2.2245872600e-24   5.1871390091e-14  -1.1413144402e-06   2.0000000000e-02 
  1.9578608364e+21   1.9325399000e+18   9.2997917468e+61   2.2245872600e-24   5.1871390091e-14  -1.1456456002e-06   2.0000000000e-02 
  1.9597933763e+21   1.9325399000e+18   9.3181689161e+61   2.2245872600e-24   5.1871390091e-14  -1.1545062061e-06   2.0000000000e-02 
  1.9617259162e+21   1.9325399000e+18   9.3365642250e+61   2.2245872600e-24   5.1871390091e-14  -1.1672761846e-06   2.0000000000e-02 
  1.9636584561e+21   1.9325399000e+18   9.3549776733e+61   2.2245872600e-24   5.1871390091e-14  -1.1860262795e-06   2.0000000000e-02 
  1.9655909960e+21   1.9325399000e+18   9.3734092612e+61   2.2245872600e-24   5.1871390091e-14  -1.2054455708e-06   2.0000000000e-02 
  1.9675235359e+21   1.9325399000e+18   9.3918589885e+61   2.2245872600e-24   5.1871390091e-14  -1.2214229944e-06   2.0000000000e-02 
  1.9694560758e+21   1.9325399000e+18   9.4103268554e+61   2.2245872600e-24   5.1871390091e-14  -1.2093238288e-06   2.0000000000e-02 
  1.9713886157e+21   1.9325399000e+18   9.4288128617e+61   2.2245872600e-24   5.1871390091e-14  -1.1135240020e-06   2.0000000000e-02 
  1.9733211556e+21   1.9325399000e+18   9.4473170075e+61   2.2245872600e-24   5.1871390091e-14  -6.3902247318e-07   2.0000000000e-02 
  1.9752536955e+21   1.9325399000e+18   9.4658392929e+61   2.2245872600e-24   5.1871390091e-14  -1.1313360902e-07   2.0000000000e-02 
  1.9771862354e+21   1.9325399000e+18   9.4843797177e+61   2.2245872600e-24   5.1871390091e-14   1.9964639885e-08   2.0000000000e-02 
  1.9791187753e+21   1.9325399000e+18   9.5029382820e+61   2.2245872600e-24   5.1871390091e-14   0.0000000000e+00   2.0000000000e-02 
